gene,x,y
3,53.01883641899784,85.0123212586282
3,53.00819565010001,85.02394983239547
3,53.009291024071665,85.01876316045336
3,52.99882694051214,85.00940829973983
3,53.01107688341327,85.00927305055093
3,53.013672267904674,85.01524316855749
3,53.00556959081277,85.02336411711893
3,53.012741481970195,85.02632606624334
3,53.010459656552996,85.03270861341532
3,53.0009960182659,85.02912565631186
3,52.99733692181082,85.00775717326107
3,53.005950526819774,85.01421817780424
3,53.018540506821786,85.00868460944112
3,52.99466226630424,85.00983921997064
3,53.00353983776046,85.0158795874131
3,53.01713414641169,85.01005016463573
3,53.01406011941554,85.03052402486918
3,53.009631913036735,85.00221315729097
3,53.00080141349541,85.0137037472525
3,53.00183267794317,85.02089977090934
3,53.01695409982864,85.02848761279942
3,53.01772929909878,85.02557819758701
3,53.00894419366971,85.00918896482878
3,53.00827682231806,85.03089997484639
3,53.007936348217854,85.00480916851302
3,53.019396329822364,85.01243150757925
3,53.0048160486053,85.01365734314705
3,53.00578454540415,85.01716964586429
3,53.00005383579477,85.02539081224597
3,53.02005487717618,85.0209770149811
3,53.00213825782791,85.02578764112593
3,53.00816746521009,85.01181529248645
3,53.01154131807277,85.01599875854785
3,53.01603915135465,85.00883243669527
3,52.994752372300006,85.01304510113734
3,53.00465652385929,85.01751815622653
3,52.99707696003686,85.0168086547184
3,53.01009717187429,85.0076797248204
3,52.99720699741886,85.02149027384765
3,53.00831484572276,85.01755582088654
3,53.02163577107935,85.01663664894869
3,53.00629276267673,85.00806651870737
3,53.015789509400186,85.0239301882144
3,53.0045584329794,85.02617284995966
3,53.01243279266517,85.02913266580691
3,53.02085643434762,85.01302231553431
3,52.99467004156926,85.0120793019524
3,53.01345829467075,85.02442930175833
3,53.01047109172756,85.00172634263734
3,53.01379772706097,85.01373712334663
3,53.011514959401914,85.02409335192164
3,53.00687299068637,85.02880960537078
3,53.00199558498832,85.01179208025674
3,53.01145273122668,85.032576001895
3,53.00460438134597,85.00405798527153
3,53.0012042495889,85.01589362232497
3,53.00268542350546,85.03204771745092
3,53.007853309848606,85.02289060075174
3,53.01246700538789,85.00984465736335
3,53.00108093979002,85.00836571685791
3,53.01223707223006,85.01560666045067
3,53.01736578683004,85.02587818015148
3,53.00315219592686,85.00449223086072
3,53.008124973547545,85.02110115632767
3,53.014118253983284,85.03062346940696
3,53.0234377339647,85.01426498198495
3,52.997730504036866,85.01025436081241
3,53.00414129070984,85.02021490889356
3,53.00007575769343,85.01468677587103
3,53.00102212038262,85.00527959782701
3,53.01361564293258,85.00853820992604
3,53.007885302997096,85.01163710829036
3,53.00324014867056,85.0213968705194
3,53.002231028153076,85.02832186178
3,53.006013658140866,85.01579387711854
3,53.01255043117709,85.01811084563747
3,53.008290972390625,85.01117451522406
3,52.99753636366043,85.00671475398686
3,53.019463750535245,85.01959946177938
3,52.99752784442182,85.02865927100085
3,53.00830886214654,85.01190204869688
3,52.99267589965586,85.02016628809102
3,53.018878066974445,85.02262406650009
3,52.99434501811793,85.01498504993815
3,53.00293048453835,85.01432843583237
3,53.01107688341327,85.00927305055093
4,53.01380440590992,85.02468771885934
4,52.99737868022596,85.02364537535678
4,53.00075943345787,85.01272693463578
4,53.00089392713963,85.01907670141185
4,53.0109346330023,85.02560662772176
4,53.00569655124755,85.03160522199006
4,53.00438187872494,85.00588129158699
4,53.010619272464226,85.02998060364973
4,53.01021722234383,85.01487461900066
4,53.0192515941899,85.01757410917467
4,53.015835806661634,85.0286783994515
4,52.99582590192059,85.01968043455187
4,52.99483385089223,85.01314539727545
4,53.002182631746784,85.00931735659195
4,53.0002863374927,85.0150563632241
4,53.00128918627523,85.00818850551282
4,53.01467741808457,85.03165555374531
4,53.00912789380287,85.01187844330079
4,53.01708347828903,85.00696687995833
4,53.005228680484926,85.03139743876447
4,53.00726997705906,85.00820116377965
4,53.012737749151235,85.00362847493867
4,53.00584178588823,85.00545093489337
4,53.020132052079475,85.02128568587803
4,53.00316836967497,85.02524717068256
4,53.008026803294605,85.02018696236463
4,53.001683162852046,85.02648102158449
4,53.004385292315575,85.02760145728236
4,53.01750826352769,85.01825801080933
4,52.992889155165216,85.01987613479896
4,53.01056653650001,85.02739495943229
4,53.00477548262508,85.02389988351791
4,53.02195734976975,85.01432986376916
4,52.9926054073057,85.01627522936224
4,53.01150418606188,85.00236725011648
4,53.02003893712707,85.01197970298581
4,53.01402174338648,85.01794803833822
4,53.004882127508004,85.03165897351647
4,53.02153619010646,85.02210546508286
4,53.02213947516129,85.00993381406266
4,52.99583801150299,85.02564982254535
4,52.996618718214876,85.02144036775148
4,53.01181189730131,85.02124430689186
4,53.00354399353893,85.00648624688908
4,53.01746248556546,85.02710586575397
4,53.00888620600011,85.01016640182758
4,52.998293256510145,85.02825599052348
4,53.0076363552566,85.01035688601287
4,52.9961787450257,85.01333292173246
4,53.01956302064891,85.01629830598351
4,52.996948318712334,85.0084807572971
4,53.02289314193859,85.0213680287513
4,53.02052564817631,85.02509687894148
4,53.01267760949681,85.01073228813489
4,53.003934121920494,85.00490173130528
4,53.007449109958685,85.0170013741166
4,53.0034206269301,85.01699592911314
4,53.0067966005397,85.0278853906745
4,53.00365706987178,85.00571900873709
4,53.008134615512716,85.0193398611502
4,53.00769767737707,85.00789118918898
4,53.01894607318981,85.01148168786364
4,53.010091001770284,85.02502114001776
4,53.00573535621191,85.02746410637279
4,53.00428811859306,85.03088068959629
4,53.01196339762346,85.01675614288912
4,53.00880152505108,85.00206882902738
4,53.013919496765496,85.0093661144395
4,53.02246330660162,85.01327715314847
4,52.99815103237007,85.0077063642472
4,53.017212791428285,85.0179935901078
4,52.998719904018856,85.01514705911131
4,53.0103307077066,85.02677956292625
4,53.01741007416466,85.0175987910531
4,53.011232745853505,85.0207204157896
4,53.01055132095448,85.00729886331095
4,53.01929410390776,85.02405045824109
4,52.99922563081107,85.02113500498083
4,53.006907868215166,85.01280170883875
4,53.01227985150705,85.01632104954551
4,53.00491136051251,85.01262322966475
4,53.018675531136644,85.01504163733355
4,53.011432027458866,85.0142897824705
4,53.012643134694805,85.01531147344676
4,53.004882127508004,85.03165897351647
4,53.00458638503993,85.02815397086466
4,53.00284232396359,85.01524946545847
5,53.01483869862276,84.99232716325443
5,53.02494979480211,84.9990006478961
5,53.01568779725602,85.0118052407149
5,53.02902350861643,84.99862496806492
5,53.016638655954374,84.98538303074112
5,53.00869926402482,84.99264687819199
5,53.02577415480513,84.99059217935485
5,53.01191352958659,84.98574016403985
5,53.01637783362181,84.99066913720817
5,53.01302922144704,85.00026265511221
5,53.01561924904665,84.98599883830865
5,53.017050689715376,84.9857406217113
5,53.02084736519932,84.99540660027668
5,53.01407777619873,85.0065341456926
5,53.01925720877085,85.00502369449237
5,53.02430096776294,84.98898550241586
5,53.02071062242416,85.01433830257353
5,53.01017342060008,84.98831014038362
5,53.01530292233912,84.9961893640656
5,53.02080339742383,85.01460636581037
5,53.02578152651799,84.99995176292059
5,53.008030176083345,84.99374979898805
5,53.00830886214654,85.01190204869688
5,53.01864588739121,85.00252589354474
5,53.014581168013486,84.99601847709062
5,53.02494022563392,85.00384453622627
5,53.00832051139439,85.00736764016563
5,53.00102212038262,85.00527959782701
5,53.00390822226438,84.99085033320037
5,53.00493325761204,85.00173193118395
5,53.016384185334346,84.98937295799776
5,53.028078668188385,85.00091575033076
5,53.011715613834845,85.01082020464676
5,53.0164397995377,85.0161529486029
5,53.00956634072066,84.99610614236953
5,53.024409002934,85.00470924190948
5,53.01513128936199,84.98577611242668
5,53.0155287011536,85.01075128453552
5,53.01568189495564,85.00674593561622
5,53.00202545405796,84.99680159344962
5,53.02632014554689,84.99786207556699
5,53.022475380485034,85.00802781208817
5,53.02601730056344,85.00926298036762
5,53.01636152487487,84.99325358443932
5,53.02685968964323,84.99103922353348
5,53.00489337447325,84.99996654162324
5,53.02265774342893,84.99133843923632
5,53.02106764594076,84.99829194709356
5,53.02038736875793,85.00384971248772
5,53.02278189411708,84.98701314992921
5,53.0248730044018,84.996645847518
5,53.02914950830705,84.99907746816633
5,53.00776923365894,85.00317892474087
5,53.02166343597189,84.98782974236073
5,53.009037467433075,85.00684858129013
5,53.02202409342165,85.01073654477615
5,53.011581354311055,85.01130139312383
5,53.02427821388759,85.00133942757259
5,53.01252454836068,84.98827907885757
5,53.02882726970417,85.00036203151157
5,53.00092385029894,84.99412480337303
5,53.009231656959194,84.98787638369576
5,53.02710321576077,85.0065008943264
5,53.01422698801213,84.99074743869433
5,53.015368934687345,85.01329636471002
5,53.007610581806205,84.98790750899546
5,53.00606219748918,85.0047035030093
5,53.02505229276418,85.00620696280352
5,53.01518425341952,84.9969584527572
5,53.01004426916871,85.00037689745068
5,53.028862211969575,85.00813469607648
5,53.01789201459787,85.01443923273814
5,53.007832152096626,84.99047766901744
5,53.01302922144704,85.00026265511221
5,53.0183926847262,84.98967311131273
5,53.02093621482121,85.00512655675671
5,53.02306807753352,84.99741284157197
5,53.023665727624014,84.99121470111855
5,53.01265650612343,85.0075370765338
5,53.01452971885994,85.00847235349305
5,53.02093621482121,85.00512655675671
5,53.01665044100526,85.01562621276636
5,53.01089228452084,84.99461335528628
5,53.013948507999594,84.99200025890062
5,53.00350047114192,85.01014194607642
5,53.017356295847996,85.00137230218822
5,53.01565657830774,85.00311199290326
5,53.010715032124885,84.99399009538072
5,53.01429085113776,84.99165427990218
5,53.023439347771294,85.00293661148649
5,53.02356860529119,84.99600015912768
5,53.012706387897346,84.99939724570993
5,53.02691028128725,85.009060407978
5,52.999536131364096,85.00248475759369
5,53.01884336508122,84.98697081167394
5,53.01206970487352,84.99498917451615
5,53.021390088640935,85.01103147688981
5,53.01265650612343,85.0075370765338
5,53.01228074770269,84.99914872862283
5,53.008030176083345,84.99374979898805
5,53.003291646270725,84.99928079326749
5,53.01734201029368,85.00072457174844
5,53.01089627549961,85.0107912305131
5,53.01654625541733,85.0149393728482
7,53.018274298348665,85.0084227204111
7,53.01014432196338,85.0007264803057
7,53.02011581601864,85.00071542938431
7,53.012001589629506,85.01605127393078
7,53.02032998320201,84.99560841607303
7,53.00626406213425,85.00829993400792
7,53.01421143729168,85.0057117068134
7,53.00816096496408,84.99281439135677
7,53.01936206594823,85.00046994750343
7,53.005007990691304,85.00534236138418
7,53.02182382607211,84.99748735486521
7,53.01296843040046,84.98772561828468
7,53.006082058754586,84.99893823169297
7,53.020159525162306,85.01465100539141
7,53.01150418606188,85.00236725011648
7,53.02508254293004,85.00530446292147
7,53.006082058754586,84.99893823169297
7,53.01848535506723,85.00645633861254
7,53.004682445353644,84.99391529385282
7,53.02432491519081,85.01289235002086
7,53.00919898114039,85.00126568879148
7,53.02321143845912,85.00933208153478
7,53.01885106207934,85.01332740741984
7,53.01254110053708,84.9937125257484
7,53.01560698180585,84.99478143341113
7,53.011299858179356,85.01254839530324
7,53.02654956747443,85.00236415831316
7,53.00022743345849,84.99853593610135
7,53.01469603657799,85.01209984549946
7,53.01870930274429,84.99945897540563
7,53.00847782552641,85.0012473205635
7,53.019910230944,85.0047594681344
7,53.01962770069831,85.01028189383267
7,53.00228338846589,84.99970023886038
7,53.00728265269103,85.00880325893911
7,53.02300721960266,85.00627451135509
9,53.017477066079735,84.99558435825664
9,53.02423774820689,85.0106252032557
9,53.01063662798501,84.98956357180548
9,53.01633827809937,84.99992980459356
9,53.003408347529195,85.00043648953051
9,53.009196171452004,84.99678384235324
9,53.00635337144725,84.99271727726635
9,53.00953715314384,84.9892604769955
9,53.00324783932422,85.00902281237067
9,53.011857196287565,84.9893352651083
9,53.01283936100508,84.99899304842913
9,53.02269811799468,85.01435191685437
9,53.00776712773444,84.9938908121288
9,53.0212017033965,84.99213054426684
9,53.00025375538217,84.99645072620021
9,53.005838751954194,85.00059964248916
9,53.01472103575496,85.00961507395179
12,53.00789450456965,85.00652777681857
12,53.001478480060804,85.00703082306661
12,53.015669311088665,85.00754871390367
12,53.0177414328267,85.0181634446804
12,53.01334613956397,85.02214917571709
12,53.00689254738835,85.02744684033154
12,53.0074581781639,85.02955299898852
12,53.00201990098178,85.02418830721128
12,53.008031738759556,85.00163889343503
12,53.00783607033485,85.02925618291279
12,53.01484710395362,85.02497081312669
12,53.00690164414984,85.01001534135973
12,52.99946134398582,85.01553868884959
12,53.020310116958434,85.02389751333979
12,52.99423167757603,85.0122179984375
12,53.014924036021526,85.01556513506864
12,53.01763402158373,85.01793224098503
12,53.01242772100233,85.017566198329
12,53.00579586327883,85.00637423083901
12,53.01971468995967,85.01266148147727
12,53.01027046258603,85.01793272591611
12,53.01956950177603,85.02067479396018
12,53.00726997705906,85.00820116377965
12,53.00636956421058,85.0226735309977
12,52.999378993978524,85.01458593861233
12,53.000309657146495,85.00895527008747
12,52.99700638953234,85.01119963647864
12,52.998887826250204,85.01991483455491
12,53.008283746970136,85.02455156134461
12,53.01098666132963,85.02829916315638
12,53.01565963938819,85.02947269000737
12,53.011523294731326,85.00671716715868
12,52.99325925825883,85.02039275782816
12,53.015083361351714,85.00867976937886
12,53.00089392713963,85.01907670141185
12,53.00251684120334,85.03154065038315
12,53.00155156113289,85.0098069500837
12,52.99591453339207,85.02756401433635
12,53.007983238708114,85.00374044176452
12,52.994802042914145,85.02119572844289
12,53.019026306903285,85.02470642710549
12,53.015368934687345,85.01329636471002
12,52.99951226081424,85.01516200002557
12,53.0161025309166,85.01682224814178
12,53.012578704042944,85.0179515912547
12,53.00198746811958,85.01678127919337
12,52.99901968886389,85.00813790265057
12,52.99588040911815,85.02325067170334
12,53.00259715227639,85.02781986577031
12,53.008297902689634,85.00230217444853
12,53.00259715227639,85.02781986577031
12,53.01923280456959,85.00913196864276
12,53.01918901484594,85.01420641925391
12,53.01713459626634,85.0255371358933
12,53.00927440272065,85.0228565077757
12,53.01064875995765,85.02162613705487
12,53.01113827339457,85.01424088836646
12,53.00276588158301,85.0241999014386
12,53.01222354362175,85.00895740821656
12,53.01986815017558,85.00964348391888
12,53.022222575420756,85.02203198693991
12,53.01660223035415,85.02842057299065
12,53.01289358250192,85.02430636132452
12,53.017204727331,85.01278003785612
12,53.00957848846241,85.01612287952818
12,53.01713414641169,85.01005016463573
12,53.01455754055405,85.01698388435426
12,53.01542977277298,85.01203101649035
12,53.0058670527129,85.02712335470041
12,53.000382788879904,85.01871761950235
12,53.01658985046821,85.00967536546415
12,53.002756662103806,85.02324331126898
12,53.01694028905776,85.02273711090557
12,52.995536916173904,85.02109701366312
12,53.006357540993086,85.01178554267584
12,53.016129760632204,85.02485465267308
12,52.994676254799785,85.01543176930463
12,53.0124031199649,85.03181798087311
12,53.00491141436027,85.030832342774
12,53.01707040949111,85.02810245870755
12,53.01064875995765,85.02162613705487
12,53.00520051549333,85.01655141582847
12,53.00444952358058,85.01689572340966
12,52.99317778508981,85.02218590050286
12,52.99984610734499,85.01327991419267
12,52.9967783219939,85.02526829366526
12,53.022239723529836,85.01741482672631
12,53.01373893322519,85.02274227014837
12,53.0048508151889,85.02313035248199
12,52.99839324545743,85.02271424338078
12,52.99562751184044,85.0079934659567
12,53.0164397995377,85.0161529486029
12,53.00476348852318,85.01281551851267
12,53.00861485360518,85.00719914430366
14,53.01321015331524,84.99457684666469
14,53.021747419699835,85.0113328774143
14,53.01644726201573,84.98988815866639
14,53.0207412038862,85.00892960332257
14,53.012646413771506,85.0030553519417
14,53.002385367138366,84.99679370906992
14,53.01923508221764,84.99312339015641
14,53.02633949013933,85.0044194148527
14,53.02549052701534,85.00796149747725
14,53.01242366713503,85.00589935814723
14,53.01356016441487,85.00108845428177
14,53.01823849200792,85.00960729267406
14,53.02180884223152,84.99085157745105
14,53.0175470462644,84.99351378039131
14,53.01954727643354,85.00142578700378
14,53.00230596866288,85.0041167987733
14,53.01581336804349,85.00102122802701
14,53.01388891856345,84.99021340439403
14,53.02286039742959,84.99827765612166
14,53.00605762571483,85.00748814526085
14,53.01365245662089,84.99890554067267
14,53.010340118592914,84.9894787752518
14,53.02572107472581,85.00835817760625
14,53.01610072467966,85.00398278386226
14,53.02536697180994,84.99189981587242
14,53.003276898056306,84.99666287432917
14,53.015221641357,85.01103307782917
14,53.00670797876928,85.00300968297535
14,53.02007058844538,85.00767306637916
14,53.005838751954194,85.00059964248916
14,53.02456643484723,84.99808300643927
14,53.01945766530319,85.01288071261845
14,53.009765202456755,84.9889128523156
14,53.02618526945552,84.99497751698792
14,53.016548141120175,85.01380098772027
14,53.009009374488166,84.99411591031674
14,53.01170401384232,85.0070172105745
14,53.02198431573911,84.99660939531724
14,53.02208754231465,85.00262916786947
14,53.019188647055216,85.01408859526686
14,53.00641979631813,85.0108738429432
14,53.01712647209108,84.99160664641593
14,53.011684319460734,84.9983830983022
14,53.01337728031626,85.00323425046759
14,53.01222354362175,85.00895740821656
14,53.02166343597189,84.98782974236073
14,53.01168190494799,85.00677550493343
14,53.012322808222486,84.99244354980205
14,53.01576254478584,85.00829357862355
14,53.012737749151235,85.00362847493867
14,53.018387332817525,85.00360700153266
14,53.01402873578348,85.00612944355103
14,53.01084985188573,84.99091915326241
14,53.011363016614176,84.99385808994614
14,53.00476323665964,85.00291679668464
14,53.00507401397346,84.99848091382974
14,53.00491136051251,85.01262322966475
14,53.02346312043149,84.98972652961567
14,53.02019694893757,84.99844667946938
14,53.02329656130134,85.01283463302097
14,53.00459821913822,84.99453585952175
14,53.01388891856345,84.99021340439403
14,53.000568322397896,84.99892975325638
14,53.02236492712378,84.98991343650786
14,53.0193159990459,84.996853845866
14,53.01160060437154,85.01439381062525
14,53.00556904802131,85.00476403660707
14,53.016302719750385,84.98595833716122
14,53.01043643517873,85.01248980819344
14,53.02358016029104,84.99832063565952
14,53.02856918395222,84.99620066716855
14,53.018845503110064,84.98542451570219
14,53.00048552757593,85.00615426196731
14,53.01456139091901,85.00286957441669
14,53.026005514139115,84.98991873750178
14,53.006625180275556,85.00588765722634
14,53.0097434178814,85.01055433160553
14,53.02136214516051,85.00637616764452
14,53.017233108379614,85.01074812355441
14,53.01337021952933,85.00739097170067
14,53.01239739403049,85.00698221412888
14,53.014492267949365,84.99920923768344
14,53.02430096776294,84.98898550241586
14,53.01978258937034,84.99835439764634
14,53.018335109872744,85.01431308179366
14,53.0161911293122,85.00589658406003
14,53.01878032732105,85.00938267795475
16,53.01892637521184,84.9916892761564
16,53.00645478059538,84.99046368607549
16,53.00603210329092,85.00050007640425
16,53.00282876532176,84.99705035877051
16,53.010054153216544,85.01207664704815
16,53.0148328671189,85.00544278754803
16,53.01347762460827,84.99356265454773
16,53.02615438125951,85.00111268152833
16,53.02525664956489,85.00111358477959
16,53.01958090154782,85.00966415278477
16,53.00217071430572,85.00750552699841
16,53.020814592203216,85.00326339059554
16,53.01275065224777,84.99633021811873
16,53.01874246531576,84.99847572481957
16,53.01224997656009,84.99702692219002
16,53.02633206529935,84.99225188942414
16,53.00800545596881,84.98719203525401
16,53.011167115634954,85.00654876069063
16,53.003243615254135,85.00241930587205
16,53.02003466036836,84.99337979841135
16,53.00489143731076,85.00007969185876
16,53.00819061854821,85.00609102789137
16,53.01963982785391,84.98563580170087
16,53.01191985697985,85.01226856387778
16,53.01924505747369,84.98814722102095
16,53.012633602204914,85.00760414458672
16,53.00468456035566,84.98962061107902
16,53.001509852416376,84.9948973691778
16,53.00484211658393,85.00444689773074
16,53.011117466605334,85.01339771482229
16,53.01890822790453,84.99952620788797
16,53.01540155973867,84.98710130143418
16,53.01024575232593,85.00719233872712
16,53.02019694893757,84.99844667946938
16,53.01801770330248,84.99613736451454
16,53.02633206529935,84.99225188942414
16,53.00237918617151,85.0016283187002
16,53.023995639795494,84.99338677580434
16,53.00373902228967,85.00728013555916
16,53.01825283306163,84.99852026413662
16,53.00784478059358,84.99059216730559
16,53.01711780969593,85.01278865635729
16,53.01541452099172,85.01078167230501
16,53.00843096700785,85.00256326529403
16,53.00344355498591,84.99693961299711
16,53.01839498686966,84.9984415616771
16,53.002705060876416,84.99457564348349
16,53.02492707155116,85.00417759561945
16,53.01902525603342,85.00443432372123
16,53.018110210766594,85.00079211220226
16,53.01114331930458,84.99028348153598
16,53.01725675911188,85.00291859698594
16,53.01692934385548,84.99873362853255
16,53.028657305458864,84.99935049078348
16,53.017331114022554,84.991177942717
16,53.02588988914711,85.00960792747185
16,53.016456608071884,84.98959139369364
16,53.017302936106965,84.98916255106587
16,53.01962770069831,85.01028189383267
16,53.02162043641581,85.00399293851903
16,53.019514872310204,84.990662925525
16,53.02548065007285,84.9937833255371
16,53.01531953169212,84.99179499367736
16,53.008593772486904,84.99830960551327
16,53.00796255804652,84.99324406376662
16,53.02166343597189,84.98782974236073
16,53.02268070187161,85.0018950117007
16,53.007851186772925,84.99986758292322
16,53.017477555151764,85.0033751009507
16,53.0021743041145,84.99459152337663
16,53.02609414304799,85.00620423607316
16,53.01170673298114,85.01174731917266
16,53.022070584059335,85.00441004608561
16,53.004956985261515,85.00624429540065
20,53.00293048453835,85.01432843583237
20,53.01325417688341,85.02011479588073
20,53.01870653229567,85.02924904351924
20,53.01150418606188,85.00236725011648
20,53.0114259426232,85.0212161682869
20,53.00380560014674,85.01263777841889
20,53.000944131799756,85.01964681474188
20,53.010603135031424,85.03305685628392
20,53.00876257878558,85.01389777129958
20,53.01302464546228,85.02070007586492
20,53.014302400813584,85.01585446606443
20,53.00159729640307,85.02062473383957
20,53.002312562034035,85.0240526753583
20,53.00360769622885,85.02618656321275
20,52.99799563634784,85.0185821487163
20,53.021390088640935,85.01103147688981
20,53.00282734952247,85.0163453617419
20,53.00240719803639,85.02696826912775
20,53.00876257878558,85.01389777129958
20,53.00712313850424,85.01821811859897
20,53.00454272919739,85.01160057304024
20,53.01217130786268,85.0251555317875
22,53.01411461253473,85.02586161749062
22,53.000751455542584,85.02232523488796
22,53.01432762548937,85.00627833270129
22,53.0058424343349,85.00385026285265
22,53.01514195161884,85.0258878238615
22,53.00844131014778,85.00506778211268
22,52.99966024073202,85.02728163023599
22,52.99958328708543,85.01982924134899
22,52.993469099500075,85.01464561379434
22,53.011209979459096,85.00979148283768
22,53.01078614644801,85.00343567979914
22,53.013175804607876,85.00317547962504
22,53.000326653871426,85.01291898872911
22,53.00064733711303,85.02922258180547
22,53.00381813416514,85.0103657739019
22,53.009903367298946,85.00291487789033
22,53.008660074368315,85.00418568234106
22,53.00622574752284,85.01774527838063
22,53.000432356694795,85.02251797095751
22,53.01298053619127,85.029268643643
22,53.006800770883174,85.01263709495687
22,53.00376272042941,85.0232058066688
22,53.01035486036421,85.00786468185946
22,53.01065514491176,85.01266278513131
22,53.00424434421632,85.017593751492
22,53.001591088453026,85.02634755466194
22,53.014323560715376,85.00597531501943
22,53.00940406726553,85.00464334241627
22,53.00165186913265,85.01628093496474
22,53.01627052716826,85.02354020757171
22,53.01145273122668,85.032576001895
22,53.00865007910921,85.00401975993347
22,53.0026143776454,85.0173729891573
22,53.02016407733775,85.00948296899999
22,53.00328148601031,85.0039103561539
22,53.009704387917594,85.01997815298161
22,53.01748892452115,85.02767571488211
22,52.99557940849934,85.01523325266102
22,53.00900058615164,85.0115027496443
22,53.00520832971554,85.02722599594894
22,52.99531508066403,85.02394442458927
22,53.014407309882934,85.01855405956127
22,53.00140508059305,85.0229197372342
22,53.00827447536086,85.02687828782226
22,53.00017512798806,85.01887209971515
22,53.014090403508604,85.01544481191797
22,53.00342771478288,85.03066624701827
22,52.99966052766564,85.02176334322976
22,53.00234210547706,85.01229474708205
22,53.01538340904077,85.00502720048935
22,52.998887826250204,85.01991483455491
22,53.009230988425585,85.02345103153739
22,53.00154492967748,85.02443159066499
22,53.0045414084608,85.00239790720967
22,53.01450349872225,85.02055590851555
22,53.000840157247595,85.01067030205559
22,53.001213961853615,85.01394770806185
22,53.02105635822944,85.02460882233991
22,52.9977321238406,85.02456552122354
22,53.01393208069338,85.02489680475684
22,53.02085643434762,85.01302231553431
22,53.02218626526041,85.0137662593388
22,53.01332585479651,85.02052795401926
22,52.994276665574084,85.01668187173426
22,53.001569609505275,85.01015750623633
22,53.011559452019384,85.0212317117462
22,53.012033040379364,85.02874940259049
22,53.00038628124099,85.0176282456604
22,53.000948166522726,85.00756404500315
22,53.00524748423284,85.01588657918514
22,53.01980030805959,85.02505709412411
22,53.022350729587316,85.01885589501555
22,53.01373317776615,85.00260524255589
22,53.00573926655818,85.01289751916153
22,53.014417472318776,85.02272847160656
22,53.00561391229226,85.01513737900794
22,53.01248260464169,85.02951828900885
22,53.01623722159112,85.02214523315857
22,53.01889520495591,85.02748469065847
22,53.01610328857672,85.01395323100384
22,53.01105248630818,85.01854266749497
22,53.01339769555744,85.01937057708327
22,52.999147438205036,85.02293989783952
22,53.0124031199649,85.03181798087311
22,53.0161025309166,85.01682224814178
22,53.0064584235796,85.03165704655679
22,52.99777675276795,85.0141174665208
22,53.01471345242364,85.02796922843966
22,53.00285061541304,85.01772134404409
22,53.00913071665627,85.02546216400577
22,53.012967994162196,85.02002582431705
22,53.00818082217531,85.02776643969807
22,53.0108434388082,85.01142782009846
22,53.01286513218428,85.0097839764782
22,53.00717323781271,85.01276033155787
22,53.000077092957284,85.02886069564423
22,52.99825370207935,85.0258213659902
22,53.01452971885994,85.00847235349305
22,53.000403013668326,85.01258026214907
22,53.019538396177154,85.02266828174348
22,53.02219735541886,85.01093012076674
23,53.01133421246743,84.99019936345644
23,53.00619895289259,84.96985012922036
23,53.00938447261453,84.96898983653188
23,53.00502194863056,84.97690807158119
23,53.000428697417156,84.98217365910777
23,53.0141947045799,84.97919353016985
23,53.00898009405844,84.9743640133645
23,52.99138756177938,84.978936507359
23,53.00750548914471,84.98713887293482
23,53.00041059873261,84.97466788135289
23,52.996970169199564,84.97745539154066
23,53.01113157673557,84.98019120999201
23,53.00563088573847,84.96881451188581
23,52.994508254209435,84.97043742748329
23,52.9981285659015,84.97666887202634
23,53.0185288602016,84.97923161187776
23,52.995555855205446,84.97523620233783
23,53.013058997384924,84.97722587862687
23,53.01688482959306,84.9785124534085
23,52.992729340045514,84.98183042004531
23,53.015015315239545,84.97083730815753
23,52.99601970006683,84.97291972718646
23,53.00885106513284,84.99221937820926
23,53.00422804417126,84.9660226207384
23,53.01869389351111,84.97375788797675
23,52.99937416579055,84.97185791903487
23,52.99514437574353,84.9854409554712
23,52.9996517425154,84.99067320443422
23,53.00057575456254,84.97144088679507
23,52.99044432622983,84.98620896259027
23,53.01604543064944,84.97210200287016
23,53.01702389534069,84.98459705290249
23,52.99946157765341,84.96953188772258
23,52.996457242979446,84.99253852269948
23,53.00298393168048,84.98924994445407
23,52.993572665796286,84.9797673510599
23,53.00366798732157,84.97505648159675
23,53.005974189706976,84.97176970006652
23,53.013379619309184,84.98609180242242
23,52.995122550523995,84.97578721215775
23,53.006347159100315,84.99063143924587
23,53.01374998327519,84.98385261114244
23,53.014342455891445,84.99036377367509
23,52.99089964162196,84.9866300527868
23,52.990611829466424,84.98486029947253
23,52.99452468410456,84.9899439482367
23,52.99514311873511,84.99235155297859
23,53.005173011660844,84.99290659664898
23,53.01408713131986,84.99328286837515
23,53.00775183092518,84.98453959911753
23,53.01250880435888,84.97077564852405
23,53.01137853353065,84.98427699561037
23,52.99757664470284,84.98282560061305
23,53.01413434712926,84.97742458263336
23,53.00608133864519,84.97382919596816
23,53.015054186013465,84.98592411040468
23,53.00046348273086,84.98855560675153
23,53.005008147009704,84.99468682164107
23,53.020153113529936,84.98154932318701
23,52.9965187555836,84.99001610008497
23,53.00127184315175,84.96657562555349
23,53.01420005836177,84.9685074040143
23,53.01531953169212,84.99179499367736
23,53.015543466583416,84.98966063311849
23,53.01505993292085,84.98177195812664
23,53.017720532201096,84.98980171681431
23,52.99573120109023,84.97815737068193
23,52.99385104560224,84.98167471301561
23,53.00067497525858,84.98371462912324
23,53.008051143415514,84.98599062046446
23,53.00370625566085,84.97980698531796
23,52.998087216046216,84.99213468099308
23,53.003546530887824,84.99407120211002
23,53.012210881280645,84.97929823439155
23,53.0114455856063,84.9870480782227
23,52.996262880635186,84.97507415108022
23,53.01174703402747,84.99195708006964
23,53.002705060876416,84.99457564348349
23,52.993098426325155,84.99003067385384
23,53.00816096496408,84.99281439135677
23,52.997431256875174,84.97995325438553
23,53.01084985188573,84.99091915326241
23,52.99967793866877,84.96882628798421
23,53.00487145839627,84.99323785174448
23,53.00517139339883,84.97579117001611
23,52.99890333072598,84.98048761754004
23,53.01535010199323,84.97543016155105
23,52.99550896560178,84.9714901587345
23,52.9929355256078,84.98678677928304
24,53.01446198202502,84.9799998549115
24,53.00960848815358,84.96759059760375
24,53.00715818210594,84.99399078957065
24,53.01345921014732,84.97037734354109
24,53.00609494923011,84.97395557645523
24,53.01414632954258,84.98332395119834
24,52.9929355256078,84.98678677928304
24,52.99345757522398,84.97647099819291
24,53.00609494923011,84.97395557645523
24,53.01211726362226,84.98336364735239
24,52.990611829466424,84.98486029947253
24,53.01417108492257,84.98385322534193
24,53.00249349284591,84.9724771536838
24,53.001353503549936,84.97479441445904
24,53.00968486780923,84.99028886833085
24,52.99337157002688,84.98885787491568
24,53.00776712773444,84.9938908121288
24,53.01254248134329,84.97599793852282
24,53.00048990089681,84.98294465342448
24,53.009715546985404,84.9863045331315
24,53.00221798747811,84.97058292862958
24,53.00314061957025,84.98575646287772
24,53.01491230165519,84.992553588171
24,53.00186837858318,84.97682986999789
24,53.00246684198291,84.98427415028871
24,53.00523646778426,84.97822369169437
24,52.99801935266708,84.96970733369301
24,52.99226684125352,84.98582370442523
24,53.000914103488505,84.98405450399834
24,53.01455581730633,84.97246086135424
24,53.01712128653149,84.97641274283254
24,53.00191029310344,84.98039950185235
24,52.99279171450531,84.98375442535675
24,53.00123874024425,84.97822315428655
24,53.00809394894731,84.98977032961557
24,53.00697499923056,84.98698121418845
24,53.003394107489925,84.994661044036
24,52.99770590184106,84.9791613304654
24,52.99556095232601,84.98334604283504
24,52.997157101305014,84.97693427461608
24,53.019932126420656,84.98301616747291
24,53.01671965659508,84.97107907276914
24,52.999284276323316,84.96707529735441
24,53.009576390837,84.98536661776485
24,53.002281345282526,84.99386376716531
24,53.007398259949106,84.98737243685038
24,53.0115409344581,84.97375148492225
24,53.01567211291508,84.98565393409217
24,53.001322845010606,84.98139216228905
24,53.00293847745455,84.99593256476435
24,52.997813038559634,84.973675241138
24,53.007340515030805,84.99381431382581
24,53.01137853353065,84.98427699561037
24,53.0003460423744,84.99151316710137
24,52.99524609027136,84.97581175265532
24,53.00642954804905,84.9811331962593
24,53.0144197044982,84.97651852514056
24,53.01380033906948,84.97698433359962
24,53.008731592289635,84.99517945797857
24,52.997734693518176,84.98428790357556
24,53.00746798307106,84.99066087550469
24,53.00075495764557,84.99618537501908
24,53.01008847002059,84.97548406574055
24,52.99866414730876,84.97916722890243
24,53.01134384559682,84.97676024683113
25,53.006800770883174,85.01263709495687
25,53.00865652782876,85.02534792532013
25,52.99752660735635,85.00569480786871
25,52.999907555617085,85.01651918988976
25,53.00268542350546,85.03204771745092
25,53.00038508586367,85.01356617006205
25,53.00744742087928,85.02040804170478
25,53.00529136734951,85.02146462110677
25,53.00791149625752,85.01081440530628
25,53.01425052075223,85.02000669565308
25,53.01275666605984,85.02834978858331
25,52.996334493347064,85.01738076017398
25,53.01182812047931,85.02094382063082
25,53.0048706113574,85.01840539153099
25,53.02093049548598,85.01693698781403
25,53.0019621917543,85.02787785171195
25,53.01748892452115,85.02767571488211
25,52.99912976192085,85.01631062275368
25,53.01751569324371,85.01436937216444
25,53.00587814562125,85.03319487443149
25,52.999266604146015,85.0190725173254
25,53.000301453944445,85.01859507875945
25,53.00680760001731,85.02789507685033
25,52.99602248227339,85.01434919412713
25,53.020184360340615,85.01285625212218
25,53.00682384124962,85.02965760381397
25,53.01597481270011,85.03093834141708
25,53.01295118638797,85.01870464649929
25,53.00388771357741,85.01124034112954
25,52.99614060481355,85.02036345307269
25,53.0111862795398,85.02192532258074
25,53.01571355408062,85.02032310193121
25,53.011448154260385,85.01152973393656
25,53.00796143816591,85.02468400469145
25,53.01694028905776,85.02273711090557
25,53.00230098717213,85.02999051688525
25,53.0070294822952,85.02768989064526
25,52.993469099500075,85.01464561379434
25,53.00707855260367,85.01025223429156
25,52.997721227167986,85.01598871689754
25,53.01466225453038,85.01960898571362
25,52.99517824512495,85.0202544614654
25,52.99919941526704,85.02591474357754
25,53.00119506500071,85.00451401536125
25,52.99605102067049,85.02347315673958
25,53.017551088609615,85.02063978853496
25,53.001340769122216,85.02739762447753
25,53.00185091058206,85.00911202997152
25,53.0048706113574,85.01840539153099
25,53.01155737951888,85.03060841969011
25,53.00788546976928,85.018850573199
25,53.017195204424,85.02927205964635
25,52.99792395053214,85.01293281564311
25,53.01621878473709,85.01373517793914
25,53.010198171745316,85.02677048218062
25,53.0089860337767,85.01640345326803
25,53.01156420207371,85.02175311447834
25,53.00910822249048,85.0216291887049
25,53.01633877238758,85.02219403810247
25,53.01606985279829,85.02901382228204
25,53.014924036021526,85.01556513506864
25,53.020556190462614,85.01469702791466
25,53.00350367227589,85.02990923483404
25,53.00419639875637,85.01933837101693
25,53.005081470647745,85.02093114895543
25,53.02057300681699,85.01369272053542
25,53.01222617244297,85.01632421195072
25,53.00309721501153,85.0117784019116
25,52.99669091742474,85.0279501082412
25,52.99733692181082,85.00775717326107
25,53.009355818084565,85.00979440469456
25,53.01332953205349,85.00323762323102
25,53.01636867570897,85.00795904687911
25,53.012741481970195,85.02632606624334
25,53.014487906532686,85.00932229135755
25,53.000132376011166,85.01486388892076
25,53.01568189495564,85.00674593561622
25,53.01275283508011,85.01446606042005
26,53.00885253323282,85.00830743952767
26,53.017245095244604,84.99994958565235
26,53.01443655133031,85.01054552231648
26,53.01374310814678,85.01050232904974
26,53.01813785509211,84.99099812245116
26,53.01593527621713,85.01465906697756
26,53.013759384164096,85.0149998421095
26,53.014581168013486,84.99601847709062
26,53.0106436850653,85.012177970599
26,53.01368737186452,84.98757295177978
26,53.01332953205349,85.00323762323102
26,53.0145342159258,84.99587402103687
26,53.01233678766145,85.00335307186494
26,53.00803939610786,84.98722300094066
26,53.013341636651745,84.9921203845254
26,53.02125797467205,84.9940492628053
26,53.01916953541548,84.99770254079752
26,53.0025500985961,84.9986848839063
26,53.01373317776615,85.00260524255589
26,53.01932677810467,85.00794594100824
26,53.00233801078506,85.00407885914527
26,53.024652147421754,85.00009920733133
26,53.00136576602454,84.99429616979073
26,53.01710606335174,84.99269401578132
26,53.00017147149264,85.00351685223877
26,53.01590628422413,85.00309360456042
26,53.012541517791725,85.00699542109182
26,53.01750503178635,85.00864735918852
26,52.99992640499188,84.99928599893242
26,53.02196663504866,84.98690072020429
26,53.02127187320651,85.0108627843059
26,53.014832925258666,84.99843151648018
26,53.00580156369512,84.9897065684688
26,53.02006304933479,85.00424735203597
26,53.0247635526289,85.00007596654098
26,53.029985481439695,85.00158274772498
26,53.00178904629741,84.99540631232554
26,53.01618023379112,84.99852073481053
26,53.02142775182234,85.00666910119688
26,53.015703833716415,85.00162967571735
26,53.01576254478584,85.00829357862355
26,53.014100182522085,84.9994352692168
26,53.01445891101773,85.01146376881184
26,53.02015947101824,84.98660908174233
26,53.02071062242416,85.01433830257353
26,53.02201587825825,85.01308305815967
26,53.00726582903214,85.00341004327991
26,53.01375747322182,85.0061147042438
26,53.01888109925521,84.98867877864633
26,53.025099361656345,85.00286760396011
26,53.00569781608553,85.00612363512191
26,53.01657360214745,85.00181633644533
26,53.02861540848337,84.99657255704587
26,53.01152133849379,84.99832010824382
26,53.01121614709833,85.00491149781026
26,53.00285777626782,84.99125199048193
26,53.02585166179916,85.00601088891626
26,53.0209330423254,84.9874387584957
26,53.01829425227545,85.00977890086139
26,53.00822250263153,85.00294846988064
26,53.02233698911304,84.98665928307726
26,53.027447534669314,85.00288372794228
26,53.020265899616774,85.0075042242649
26,53.007055902423886,85.00868550066471
26,53.020030989235366,85.00950981619522
26,53.02032998320201,84.99560841607303
26,53.01109082883322,84.98890836761703
26,53.016167601578964,84.98777873255158
26,53.02636510589543,85.00784135958702
26,53.02002300240579,85.00853154631399
26,53.02601358839617,85.00138831422629
26,53.0049312287613,85.00025984425953
26,53.01531911941659,84.98837268780743
26,53.02543998457321,85.00225380505024
26,53.013333105341005,85.00256169069675
26,53.00849361944129,84.99334344682778
26,53.01582206810804,84.99809288137094
26,53.010030473045646,84.9899603714059
26,53.00713295736479,84.9989540566318
26,53.01675435366142,84.99423375558266
26,53.01286513218428,85.0097839764782
26,53.02321061273362,85.00916622030769
26,53.01861147195216,85.00092374577773
26,53.022054714921104,84.99962833706032
26,53.013341636651745,84.9921203845254
26,53.011742646897375,85.01041664845488
26,53.02229639872547,84.99447748242376
26,53.01047109172756,85.00172634263734
26,53.00048552757593,85.00615426196731
26,53.0139492364787,84.99131379385973
26,53.01909765766345,85.01092088919802
26,53.02376541588443,85.00943035039295
27,53.01453073472042,85.0126797641777
27,53.0097013479154,85.00135576752521
27,53.01864125756839,84.9929072031608
27,53.01302795664902,84.98712180112895
27,53.018017393613505,84.99519957777146
27,53.013010748992194,84.99939440857905
27,53.00053258014499,85.00011458439837
27,53.00915216242422,85.0062722057493
27,53.02235671087625,85.00814794753845
27,53.024730660854125,84.99867242709098
27,53.006271615245645,84.99818694075798
27,53.016883950068845,85.01108952376038
27,53.02423774820689,85.0106252032557
27,53.02942120782309,84.99810086714633
27,53.00694703623228,84.99457798195151
27,53.02013484030306,85.01386563169258
27,53.011757591088966,85.00760095759742
27,53.02984327482447,84.99870021745232
27,53.00717323781271,85.01276033155787
27,53.014283398809866,84.99218739386833
27,53.00484211658393,85.00444689773074
27,53.0151846201073,85.01221584130136
27,53.02065046592177,84.99891582430345
27,53.02470049331088,85.00727509182231
27,53.01710606335174,84.99269401578132
27,53.0284756973522,85.00689947879486
27,53.012633602204914,85.00760414458672
27,53.00425955129917,85.0099933590501
27,53.01113558897665,84.98737721163167
27,53.00274969466508,84.99203116645218
27,53.02240186259731,85.00104988659648
27,53.01010294829685,84.99670801136376
27,53.01462137590276,85.00726006955072
27,53.0101955877612,84.99784154237734
27,53.01692602367722,85.01333001368806
27,53.01555837768029,84.99568991340557
27,53.00904638711665,85.00808994285508
27,53.008660074368315,85.00418568234106
27,53.00673426686445,85.0043423717174
27,53.004022913490644,85.00761949535638
27,53.011768976983994,84.99849453799438
27,53.01633827809937,84.99992980459356
27,53.01430972403513,84.9908268824208
27,53.01124376233565,85.00251621737196
27,53.01277919373198,85.00161534445579
27,53.020926690245304,84.992197570646
27,53.002548007608056,84.99968707454842
27,53.004041586877364,85.00517295618758
27,53.00606219748918,85.0047035030093
27,53.01089890443886,85.0081693800689
27,53.012706387897346,84.99939724570993
27,53.017204727331,85.01278003785612
27,53.0246778408727,85.01255718741992
27,53.009046721909506,85.00002821118781
27,53.010763235984776,85.00730368537529
27,53.0140102661411,84.99545738271202
27,53.018019641283104,84.9890979682511
27,53.002304360402356,85.00235322922616
27,53.007931527828454,85.00486923912891
27,53.020533883516464,85.00565348387453
27,53.01868162564813,84.99675429821696
27,53.00792343013046,84.99051425272906
27,53.012090365019695,84.99733117598657
27,53.00265711508065,85.0043647057777
27,53.011601569873605,84.9889180184391
27,53.01675358888134,85.01148793262948
27,53.021437865816736,85.00294302484431
27,53.00871845051559,85.00759682700513
27,53.02775749753262,84.99340490372946
27,53.00492443706809,84.99532487965404
27,53.02848210090127,85.0043524486268
27,53.010492663746,85.00639373290217
27,53.01763972040428,85.00055937424513
27,53.02849765421691,85.0008472271322
27,53.01628004472993,85.00349620451311
27,53.004920149309434,84.99302016702086
27,53.016383661771535,84.99446622466183
27,53.01789201459787,85.01443923273814
27,53.02114029844517,85.00351341714772
27,53.02039265535074,85.00141968085994
27,53.01962742529393,85.00544356454762
27,53.007292872301996,84.9918567430418
27,53.02313007385291,84.99486091952122
27,53.01277352503018,85.0134082713546
27,53.01395006305012,85.00278515645009
27,53.02147008488664,85.01308224369609
27,53.022627553048274,85.00482625070522
27,53.017109593588465,84.99718889808922
27,53.00718450734194,84.98773336063569
27,53.019020071364295,84.9871547129828
27,53.018356310613356,85.0082237109715
27,53.02470049331088,85.00727509182231
27,53.02482136478827,84.99028486961826
27,53.02329656130134,85.01283463302097
27,53.00365706987178,85.00571900873709
27,53.026101434762005,85.00134302871365
27,53.026967184862535,85.00183716659886
27,53.01130494416589,84.99795457004609
27,53.00901985035858,84.99226699902601
27,53.02403855605233,84.99617037382221
28,53.01300618502387,84.9738509216984
28,53.00303655598883,84.97936626047229
28,53.00094309884861,84.97678886138526
28,53.00222371584556,84.98680473874872
28,53.005131417010666,84.97924041715565
28,53.00733982845053,84.97022697970145
28,52.992704855240426,84.98352378997406
28,53.00813382027267,84.9700945017504
28,53.01463249840409,84.97309099329775
28,52.994223120611295,84.97772443156585
28,53.01202010087022,84.98750776450696
28,53.00559487377114,84.98120720402983
28,53.01333183637422,84.96781137951784
28,53.01037772976081,84.9745491140667
28,52.99436246332649,84.98367815742574
28,53.00382916965883,84.97463929102636
28,52.99062335656121,84.97882207098556
28,52.99889600285599,84.99444524208369
28,52.99922209360007,84.98644210849662
28,53.00414783295449,84.98291912627225
28,53.00716498417689,84.96990253893321
28,53.01529732471634,84.97274782914745
28,53.00857750203605,84.9716452092306
28,53.01278873977998,84.98051421837657
28,53.01777306600251,84.97913365749261
28,52.996725050500714,84.97631579240873
28,53.01512031708374,84.97757774299517
28,52.99973205902944,84.98133459365701
28,53.012056880694495,84.98209032387953
28,53.00931463490338,84.98063060805465
28,52.99590986415639,84.9725800691566
28,52.999104042770604,84.97436828235239
28,53.0029461147889,84.96610965754832
28,53.00674660493733,84.99176420848183
28,52.99465702689989,84.98217715215425
28,52.994431063027186,84.98874629395237
28,53.00936461813301,84.96832409471101
28,52.99349834091871,84.97019219144872
28,52.99810409603012,84.96891102867318
28,53.01405709275951,84.98686134342732
28,53.017449580245135,84.98300640498687
28,52.99336775768157,84.99154942088182
28,53.002679801627565,84.97988349532262
28,52.99524609027136,84.97581175265532
28,53.01101201020421,84.9743304439951
28,52.9949580477975,84.9908125820837
28,53.01654692029671,84.99118292094536
28,53.008721140651105,84.9899408138596
28,53.01341650992448,84.97249164723152
28,53.00394668819729,84.99118057786708
28,52.989625522613885,84.98476023839522
28,53.013988828688944,84.98247436355123
28,53.00030156452734,84.97290636303651
28,53.00217092434877,84.96912006686355
28,53.01672471593465,84.98645635275363
28,53.011700937304646,84.98092466826036
28,52.997826104115696,84.97540874380111
28,52.99949336628307,84.98537623385374
28,53.02039796702431,84.97991243318255
28,53.0021865432712,84.99115129546963
28,53.01219977333935,84.98110351143119
28,53.00288447610586,84.97636077364768
28,53.006239855437975,84.98727406790432
28,53.01666988894976,84.98238431156875
28,53.01318221300025,84.98400147420469
28,53.01405709275951,84.98686134342732
28,52.998128901370436,84.97399881690315
28,52.996328765038115,84.97844662230682
28,53.001501685241216,84.96997046243811
28,53.00014782587771,84.99052715383957
28,53.009280875898305,84.978634772616
28,53.00451652801005,84.98224911236397
28,53.01084985188573,84.99091915326241
28,53.00291529822371,84.97254115382538
28,53.01807480018516,84.98248822709488
29,53.01402692443688,84.9903541510095
29,53.00583737148685,85.00775995509109
29,53.00177034368444,85.00180125609835
29,53.02636510589543,85.00784135958702
29,53.01254110053708,84.9937125257484
29,53.01660633699445,84.990963157562
29,53.00868838946753,84.99143206289584
29,53.007962185580354,85.00219350270964
29,53.01452971885994,85.00847235349305
29,53.01017342060008,84.98831014038362
29,53.01560698180585,84.99478143341113
29,53.00900058615164,85.0115027496443
29,53.010635791366106,85.00981299112173
29,53.01919315564928,84.98801635206442
29,53.01963982785391,84.98563580170087
29,53.01055854106433,84.99152720037658
29,53.014832925258666,84.99843151648018
29,53.017729978836954,85.01184690969906
29,53.00515590921245,85.0081424080593
29,53.02543448848011,85.01225070102207
29,53.00781857133369,85.00089248739816
29,53.01533412030488,85.00712349533275
29,53.022368354740344,84.99598942670667
29,53.01830128540069,84.99950288627711
29,53.014576322130175,85.00270051024728
29,53.0163494912126,85.00475560017473
29,53.00945183522399,84.98674850570458
29,53.01657572039686,85.00145731110996
29,53.009710990169594,84.9985186602931
29,53.011250487164816,84.9879191992405
29,53.02560182165385,84.99369683771016
29,53.02471634796862,84.99594081209308
29,53.00638009608381,85.00887348544651
29,53.00861659208984,84.98773943829828
29,53.01442416188783,85.0157131806769
29,53.008290972390625,85.01117451522406
29,53.03031467327142,85.00327907048081
29,53.022629039490106,84.99836696330101
29,53.02059883162636,84.99428264254863
29,53.015010854179074,85.0045133959565
29,53.005445093791224,84.99976700411835
29,53.01796462636812,85.00382007421446
29,53.01270325684375,85.0133465241508
29,53.00264604872908,85.002982966474
29,53.02380359906434,85.00003140958353
29,53.01060194112038,85.00572070492497
29,53.024996350908324,85.000135088928
29,53.00633585018602,84.9974803635668
29,53.02447052404024,85.00943431198621
29,53.00489951567533,85.00244206481953
29,53.00846183200241,84.99912246923219
29,53.006065240036676,85.0025072230631
29,53.01993464342165,84.9866413033292
29,53.00651207168667,84.9905066232213
29,53.0199076894601,85.00956230703541
29,53.00592809806813,85.00013153774303
29,53.02213947516129,85.00993381406266
29,53.00717323781271,85.01276033155787
29,53.00631326361769,85.00954530209805
29,53.012603464304505,84.99422996333017
29,53.016388781499046,84.98537150823272
29,53.00987327285835,84.98606025008019
29,53.007962185580354,85.00219350270964
29,53.00713203721635,85.00930255026884
29,53.00254898039726,85.00941963891498
29,53.027759616336326,84.99187495417421
29,53.000731948955384,84.99706465872055
29,53.01208052411088,84.99166482707834
29,53.024153320860556,84.99179297823976
29,53.00507401397346,84.99848091382974
29,53.006466797384334,85.00539104837935
29,53.0120378554147,84.99369622461064
29,53.0163494912126,85.00475560017473
29,53.01966878417072,85.00209819567033
29,53.020533883516464,85.00565348387453
29,53.01739204079651,85.00453036748269
29,53.0079085657241,85.0037897946848
29,53.01118222326662,84.99743114322925
29,53.000830955379904,84.9943825241325
29,53.01827901860915,84.99207821595617
29,53.0252452015887,84.99702697455754
29,53.00319181935634,85.00837617423123
29,53.01119837046097,84.99109543978585
29,53.01383422802209,85.0047996262034
29,53.00634936176042,85.0033502309812
29,53.01193707844158,85.0078439595994
29,53.010055994557014,84.99188174065304
29,53.02595019428029,84.99780279876218
29,53.0097290569576,85.00839815329448
29,53.007936348217854,85.00480916851302
29,53.00520662879033,84.99584919776015
29,53.017807367642575,84.99520446516136
29,53.016155717039645,85.00723641553208
29,53.010751937131396,85.0034687055602
29,53.009824500855316,84.99185159302503
29,53.0250799079509,84.99994743192555
29,53.01673622449341,84.99172323109039
29,53.023887392056025,85.00092663978711
29,53.02718510629829,85.0009600642968
29,53.02723295278741,84.99294644473004
29,53.012827157866,84.98728765976053
29,53.007530480537845,85.00454233812272
29,53.01228640730088,84.99186043546611
29,53.0219915438768,84.9989897265929
29,53.00747207244569,84.99680711566499
29,53.00783033074968,84.99863522320607
29,53.029195330712184,84.99564412225044
29,53.01924253801286,84.99679701628591
29,53.01630433458776,85.0142619443328
29,53.0101955877612,84.99784154237734
29,53.022629039490106,84.99836696330101
29,53.0185315562013,85.01509147901508
30,53.00542119358145,85.00786615621122
30,53.009898842406514,85.01369619574619
30,52.99623210591282,85.01604627602632
30,53.0027604841892,85.02300252718447
30,53.00075943345787,85.01272693463578
30,53.00558850516113,85.02186055737899
30,53.01021610518655,85.01504254079663
30,53.021556102595646,85.01521477752968
30,53.01593527621713,85.01465906697756
30,53.01300147519604,85.00712448737718
30,53.01833892801569,85.02511602875306
30,53.00983003647043,85.02182792614931
30,53.007632332066606,85.0081063344695
30,52.99699325856092,85.01049404136837
30,53.00140508059305,85.0229197372342
30,53.00892518804606,85.02920515608933
30,53.016126854463856,85.02348886015535
30,53.00465652385929,85.01751815622653
30,53.01255043117709,85.01811084563747
30,53.00633782049392,85.02316828852722
30,53.01450962584954,85.01302045097835
30,53.016883950068845,85.01108952376038
30,53.01739794422437,85.01641625602285
30,53.011402710122574,85.02312344076446
30,53.00647595837332,85.00858190294944
30,53.020423760909715,85.01071404849276
30,52.99815103237007,85.0077063642472
30,52.99893730411848,85.02663027965903
30,53.01757291915321,85.02414870814403
30,53.01484710395362,85.02497081312669
30,53.01755533130148,85.02347520158574
30,53.008844590693265,85.00567268195638
30,52.99676949977951,85.01983512055553
30,53.0021793071492,85.02954254959879
30,53.00438666699157,85.02924407283865
30,52.995564831390546,85.02426622146295
30,53.009591105590374,85.01007675762172
30,53.00491141436027,85.030832342774
30,53.00955493932673,85.01598173294268
30,53.00779393893338,85.02694809052431
30,53.00417675224739,85.02002862313554
30,53.02098619194003,85.0142115262558
30,52.99588807962348,85.01806114175594
30,53.01852035638883,85.0274959191774
30,53.012001589629506,85.01605127393078
30,53.00805162742515,85.00757709316555
30,53.014868712847885,85.01453255167743
30,53.00717384066814,85.01913262278268
30,53.01026080741119,85.0114690004138
30,52.99514862135513,85.01938031437588
30,53.01069419531479,85.02435952299038
30,53.010662447829326,85.00545241730896
30,53.013965357322306,85.02128793121996
30,53.02107826146029,85.02509354963928
30,53.02003893712707,85.01197970298581
30,53.00736047638444,85.02739045012692
30,53.00315014819617,85.02368730900213
30,53.00490091076218,85.01180989707034
30,53.018643174162875,85.02387188830888
30,52.999905769535644,85.02699168264655
30,52.99667528838815,85.01947720696575
30,53.011331806293356,85.02237072724215
30,52.999894703192794,85.01858907466394
30,52.99967762901457,85.00651162497958
30,53.00174296278622,85.00653398612639
30,53.01716673121029,85.02111747241635
30,53.01917377419333,85.01832032365303
30,53.019436610722096,85.021645008253
30,53.015673412309006,85.02646406436622
30,53.01111316342388,85.0290272835958
30,53.00343840892198,85.0169158893092
30,53.00084875952707,85.02346171778935
30,53.00721760348644,85.02791157474871
32,53.00558258138267,85.01718813681197
32,52.999199256863946,85.00775743997505
32,53.005482248704,85.01472565305458
32,53.005950526819774,85.01421817780424
32,53.005586972441144,85.01953789960169
32,53.01270312448738,85.03216056167275
32,53.013919496765496,85.0093661144395
32,53.001604131006225,85.02067085453061
32,53.01229325103574,85.03100948122749
32,52.99415317185447,85.01077029005073
32,53.020427699827074,85.00867528707302
32,53.01789201459787,85.01443923273814
32,53.004476360758815,85.010192408348
32,53.01021722234383,85.01487461900066
32,53.00343901136579,85.02414723766104
32,52.995840804722654,85.02343048980221
32,53.013128816081284,85.02212265981073
32,53.017148401223956,85.0090331187771
32,53.005919901762454,85.02709585465536
32,53.00465652385929,85.01751815622653
32,53.015263509391495,85.01566746514493
32,53.00765802443493,85.00455029320986
32,53.00500776088932,85.00513887875286
32,53.017817135176976,85.02202868458652
32,53.01339880205342,85.01954443750337
32,52.997894703878174,85.02888252318417
32,53.010236581994555,85.01561766039326
32,52.999080344363456,85.00776065140487
32,53.018594854939806,85.01631831419441
32,53.0185475942223,85.00910681035755
32,53.01037552178088,85.01959418449404
32,53.0109421535842,85.0179761497969
32,53.0013566053342,85.02322880360882
32,53.002873187553945,85.0187833099512
32,53.01182881517009,85.01736460174592
32,52.997628043200656,85.0160686554081
32,53.00777399681601,85.02356662047342
32,53.006342186639586,85.0226964409327
32,53.008753406497,85.00924169130734
32,52.99637301970505,85.02536810012643
32,53.00179512682858,85.02518189210363
32,53.00613419376341,85.00660646401933
32,53.013866950123735,85.02203008119128
32,53.02006554078999,85.00988787443153
32,53.01683351613017,85.01678554296991
32,53.01233825548621,85.01967621114682
32,53.01811657836553,85.01203738630086
32,53.01033948923495,85.01901320612396
32,53.00892518804606,85.02920515608933
32,53.00654445187266,85.02854772331601
32,53.00686614089845,85.02129757389523
32,53.001213961853615,85.01394770806185
32,53.01244711988361,85.00756266339693
32,53.00920350071256,85.02517897087989
32,52.99571712024168,85.01461629449827
32,53.006692899837496,85.02192040959709
32,52.99421201617539,85.01384705914579
32,53.014646690145895,85.0159475975283
32,53.015495080982696,85.01941133872597
32,53.0011454459278,85.0083791392517
32,53.011299858179356,85.01254839530324
32,53.001587378099515,85.00392032832255
32,53.01657448326579,85.01249987122412
32,53.021772195768236,85.01242800549008
32,53.01641721765765,85.01295097962719
32,53.00889433199583,85.0160420023372
32,53.00987740062107,85.00593891549275
32,53.022222575420756,85.02203198693991
32,53.01889315367399,85.02277333178908
32,53.006113138222624,85.01310826012453
34,53.009903367298946,85.00291487789033
34,53.00428684521309,85.00827501840274
34,52.99905956543674,85.0075262382207
34,53.01244711988361,85.00756266339693
34,53.007652908751886,85.01374873914109
34,53.00561391229226,85.01513737900794
34,53.01241616535666,85.030869091179
34,53.01389396252735,85.01876004691577
34,53.01800338022917,85.02272401359214
34,52.99746550995785,85.01690273537587
34,53.013353107918746,85.0213084006711
34,53.00861485360518,85.00719914430366
34,53.00119785694873,85.00445557646735
34,53.01586142612856,85.0080007949613
34,53.00948848700441,85.01315203606966
34,53.00748509321363,85.01565719117791
34,53.022513977082895,85.02274995208035
34,53.01956302064891,85.01629830598351
34,53.020329916828686,85.01657333468
34,53.002279955237846,85.03180250531642
34,53.00262945652808,85.01332136596777
34,53.0042905977903,85.01335153801891
34,53.01043643517873,85.01248980819344
34,52.9984373317685,85.00528205273712
34,53.000382788879904,85.01871761950235
34,53.00629425372218,85.02088267397113
34,53.02097582295545,85.01564324104643
34,53.018904021275084,85.01510612039111
34,52.99379743691162,85.0216913218353
34,53.012917296138546,85.0144030168386
34,53.004523342066605,85.02380559440174
34,53.010257707111364,85.00929657529176
34,53.0161082915643,85.0144779978861
34,53.020149313349826,85.02641192840373
34,53.02279316277071,85.02195849832957
34,52.99685649844327,85.0251987959779
34,53.0231760476352,85.01613679631322
34,53.004687522300195,85.02277976689557
34,53.004334052241695,85.00346615648118
34,53.01795352056264,85.02841625672642
34,53.009763439598295,85.00591178795814
34,53.0008325690206,85.02644522350701
34,53.01323674945727,85.02236607878523
34,53.00449604497796,85.00325707950317
34,53.018904021275084,85.01510612039111
34,53.005260970712854,85.00238818796805
34,53.01426200410846,85.0085181830608
34,53.01536181804696,85.01540394128257
34,53.00841370033094,85.02177785172047
34,53.01641673303943,85.00694861487752
34,53.01613699210165,85.01698508056613
34,53.0163097567678,85.02370002313796
34,53.01399051746063,85.02124141666512
34,53.010577216081465,85.02637761340576
34,52.99495149370986,85.01500045929915
34,53.00983003647043,85.02182792614931
34,53.01509547226835,85.01487571602364
34,53.00138125774976,85.01804542188108
34,53.012092706369195,85.02709608913393
34,53.02284399674145,85.01447209015072
34,53.00132423575,85.02396057977683
34,53.000323995445775,85.00495570663313
34,53.02383063611726,85.02013617904171
34,53.00328834014078,85.01738385096888
34,53.0097218350614,85.01729733732368
34,53.01474124674936,85.00567028938666
34,53.00936031236092,85.02185580981248
34,53.016497595755084,85.02794254213576
34,53.02017073355418,85.00843308460179
34,53.011454901392156,85.00411170245472
34,53.01934490998628,85.01667014073956
34,53.01130765930574,85.01797046550291
36,53.017622126263305,85.00391869889657
36,53.02238377041235,84.99961416886838
36,53.00877564689097,84.99970679179852
36,53.01890822790453,84.99952620788797
36,53.01915367701963,85.00108432893066
36,53.01862829286331,84.9921460275547
36,53.01463090706709,85.0004611703774
36,53.00470722041693,85.00738379593106
36,53.00823047664569,84.99471069802648
36,53.00923122673249,85.00436323799552
36,53.01666620556788,84.98802787604743
36,53.01971468995967,85.01266148147727
36,53.02343706969079,85.00379712723847
36,53.006929176448956,84.9961804820389
36,53.00261836559749,84.99349394087501
36,53.018845503110064,84.98542451570219
36,53.01360811816505,85.00776945976777
36,53.01177900997258,84.9973735920841
36,53.02211745361256,85.00867777966967
36,53.00806116215988,84.99267170818807
36,53.02211745361256,85.00867777966967
36,53.0271351588755,84.99863929577788
36,53.01399644173319,85.00246666999075
36,53.0154680502743,85.01383242591218
36,53.01830128540069,84.99950288627711
36,53.02114029844517,85.00351341714772
36,53.00843096700785,85.00256326529403
36,53.0130372514964,84.99491191873702
36,53.01569885677633,85.00964568316326
36,53.01133564427999,85.00049138829503
36,53.02162043641581,85.00399293851903
36,53.01078614644801,85.00343567979914
36,53.018800998717886,85.01135870340353
36,53.030075559978705,84.9975528218965
36,53.01507786116099,84.98780751945904
36,53.01567211291508,84.98565393409217
36,53.00023714903519,84.9980860014479
36,53.02224823845464,85.00148448669704
36,53.015050695036834,84.99839551602334
36,53.00671436720233,84.99917647095035
36,53.00700676708447,85.00328618417102
36,53.00423462989929,84.99446204467958
36,53.005564858323666,84.99939073847767
36,53.02351032316471,85.0117896505189
36,53.01664951773073,84.999275158271
36,53.014283398809866,84.99218739386833
36,53.01593509085735,84.9944797976193
36,53.028428357697784,85.00048665652265
36,53.00494969937947,85.0120565601342
36,53.01325220838036,85.00535992309499
36,53.00956776506924,85.01399869576112
36,53.0219513423845,84.99672801917202
36,53.02034599754284,84.99294758244103
36,53.028657305458864,84.99935049078348
36,53.01594448379248,85.00623896800637
36,53.019949826062515,85.00731898503915
36,53.01458748733629,85.00118125582439
36,53.010384884946696,85.00685091376462
36,53.023799925932785,85.00078342422826
36,53.01283989953199,85.00969195553273
36,53.004646575281754,84.99088523688796
36,53.007679962692286,85.00954152076214
36,53.02010260077085,85.00562946931677
36,53.02354205143122,85.00579258214623
36,53.019104138892544,84.98824489407177
36,53.007637327719586,84.99627113525484
36,53.00791149625752,85.01081440530628
36,53.012741848955436,84.99256263427544
36,53.01716882465549,84.99214787324777
36,53.01427999112569,84.99136344067591
36,53.027023195725114,85.00719676503574
36,53.013212586913376,84.99519982110023
36,53.01555837768029,84.99568991340557
36,53.00978879658225,84.9893391245906
36,53.00657740398424,84.99933790449255
36,53.00843096700785,85.00256326529403
36,53.0041946870766,84.99931296263584
36,53.02125479125068,85.00769355396405
36,53.00371225824962,85.00000598920035
36,53.004818371573414,85.00097188013315
36,53.02061385561698,84.99176884228605
36,53.01469603657799,85.01209984549946
36,53.0058424343349,85.00385026285265
36,53.021772195768236,85.01242800549008
36,53.02327849626482,84.99127942701679
36,53.02129638506632,85.00577323597844
36,53.022064516346546,84.99951825983922
36,53.01456139091901,85.00286957441669
36,53.0277005999236,84.9925853972326
36,53.02197197938415,84.9905341451687
36,53.021710184189196,85.00160803115028
36,53.02904765928519,84.99674868623771
36,53.00233801078506,85.00407885914527
36,53.014262878929586,85.01353412922086
36,53.013010748992194,84.99939440857905
36,53.01789335427837,85.01374658161583
36,53.009189216404145,85.0006520125453
36,53.012224380056125,84.98902094093835
36,53.02097069786684,84.99112550617541
36,53.02566162200342,84.99347782421103
36,53.020074121713144,85.01436975192604
36,53.00748623241032,85.01248404639824
36,53.017154124105,84.98721667029325
36,53.01617341952131,84.98933078733586
36,53.01518425341952,84.9969584527572
36,53.010257707111364,85.00929657529176
36,53.00901985035858,84.99226699902601
36,53.02170288872297,84.99237102697026
37,53.00628535475006,85.01086123245003
37,53.01641673303943,85.00694861487752
37,53.000070791912705,85.019506207911
37,52.9926054073057,85.01627522936224
37,53.00302500930006,85.00549413268861
37,53.02030305187836,85.02358401325212
37,53.01886391110217,85.01866553553201
37,53.00378261585356,85.0294398837996
37,53.000248064598644,85.01886104482837
37,53.003366862973834,85.00992419365528
37,53.007500500812,85.02994362732125
37,53.011757591088966,85.00760095759742
37,53.01653532319678,85.0162212839331
37,53.00951529265829,85.01184203486883
37,53.008374176504304,85.01345497507562
37,53.02202409342165,85.01073654477615
37,53.00775320862186,85.01899229180412
37,53.00596170800192,85.02230084765783
37,52.99415317185447,85.01077029005073
37,53.00904638711665,85.00808994285508
37,53.006466797384334,85.00539104837935
37,53.01326923582742,85.01778720375292
37,53.01227985150705,85.01632104954551
37,53.0070294822952,85.02768989064526
37,53.001683162852046,85.02648102158449
37,53.0023022472342,85.01506280538837
37,53.007230734464095,85.029262204244
37,53.000323995445775,85.00495570663313
37,53.017327001608365,85.01510719887202
37,53.01971468995967,85.01266148147727
37,53.00694193372304,85.0244303574125
37,53.0112754512073,85.00600922554898
37,52.99949277030678,85.00588053528948
37,52.999142429266804,85.00974222414324
37,53.01193707844158,85.0078439595994
37,53.01534580188088,85.02245393817522
37,53.01757291915321,85.02414870814403
37,53.02369431652562,85.01846573107638
37,52.993428041735264,85.01615899264569
37,52.99929247112341,85.01867535637764
37,53.002279955237846,85.03180250531642
37,53.01772929909878,85.02557819758701
37,53.00293048453835,85.01432843583237
37,53.00721925398358,85.00251355922049
37,53.00470722041693,85.00738379593106
37,53.0175835001495,85.02649183094884
37,52.99642909568267,85.011289602232
37,53.000392642167654,85.01184992480776
37,53.00945712775408,85.01676120386747
37,53.01236036417837,85.02026767715623
37,53.01808875597679,85.01203939481083
37,53.00395575773082,85.00903046315936
37,53.00818014643633,85.01497587807332
37,53.01179126047564,85.00408587971249
37,53.00242525314222,85.01195891118255
37,52.99861147022852,85.02453360068787
37,53.010236581994555,85.01561766039326
37,53.00223472254529,85.00434311402418
37,53.00956776506924,85.01399869576112
37,53.01411630577183,85.01614920694294
37,53.000403013668326,85.01258026214907
37,53.00720233942312,85.024566659529
37,53.013160977419126,85.0206954377246
37,53.00571635593662,85.01797126399372
37,53.00756772664312,85.00834326837204
37,52.99966052766564,85.02176334322976
37,53.013833897997664,85.02079789729311
37,52.99545470544154,85.01762144128986
37,52.99264564463812,85.01677864210889
37,53.00452867406385,85.0314169690249
37,53.01214775822347,85.01147427736247
37,53.00980239720225,85.02611556827856
37,53.023053730277574,85.01579516322118
37,53.00861485360518,85.00719914430366
37,53.00937395895361,85.02803701712764
37,53.00948848700441,85.01315203606966
37,53.00666573321568,85.01868121574168
37,53.01186602383679,85.0095990243199
37,52.99753142754116,85.00846436738954
37,53.021301418544084,85.02105894661999
37,52.99329179695139,85.01649037471384
37,53.00199558498832,85.01179208025674
37,52.99643136538489,85.01811229852237
37,53.00924265746676,85.02471093635349
37,53.01829425227545,85.00977890086139
37,53.004385292315575,85.02760145728236
37,53.015411357746736,85.03037238852141
37,53.016536248229045,85.01213651596343
37,53.00933954560465,85.0122970754306
37,53.02025212304535,85.01835505531994
37,53.00438666699157,85.02924407283865
37,53.003845204574986,85.01410084928511
37,53.01573306128263,85.02127444280801
37,53.00366293652723,85.0274212461977
37,52.99652496296964,85.00832703602063
37,53.015169649395126,85.01690483051726
37,53.01168790806008,85.00715178431193
38,53.021106949993815,84.99032410541741
38,53.02513022794766,85.01029436555469
38,53.023413517665,84.99164910729813
38,53.01633827809937,84.99992980459356
38,53.00809394894731,84.98977032961557
38,53.016383661771535,84.99446622466183
38,53.0228579038295,85.0113004074585
38,53.02432338030942,84.99123274531111
38,53.02711559426178,85.01077127926526
38,53.024260693515295,84.99263981869261
38,53.01908716298645,84.98821958181894
38,53.008554837619435,85.00515411410873
38,53.011711048605605,85.00224076892981
38,53.003291646270725,84.99928079326749
38,53.011368699888976,85.01352471663053
38,53.01394420312977,85.01616265470068
38,53.02723172828493,85.00465598698284
38,53.02649653212485,85.00870108786727
38,53.029687776458125,85.00234837039126
38,53.02512765393327,84.9892982236911
38,53.00889573916882,84.99114891914239
38,53.01542977277298,85.01203101649035
38,53.01763070214771,84.99342478656804
38,53.02222721361949,84.99366554705806
38,53.007122042703,84.98752082288306
38,53.02022103783341,85.00999080581175
38,53.002861299420736,84.99890955332192
38,53.02015947101824,84.98660908174233
38,53.01115128008446,85.00358727261506
38,53.0209850754321,85.00976082630115
38,53.021862956005506,85.00712446486591
38,53.02513022794766,85.01029436555469
38,53.01696283511788,84.99419905187884
38,53.0266537174282,85.00297373819139
38,53.023995639795494,84.99338677580434
38,52.99982323616051,84.99924712440904
38,53.02455935923178,85.00204684316901
38,53.028862211969575,85.00813469607648
38,53.006065240036676,85.0025072230631
38,53.027325713359275,84.99538402039994
38,53.00565129731025,85.00866491927825
38,53.020556190462614,85.01469702791466
38,53.01712690662227,84.99288830601452
38,53.01516633604352,85.00895186860356
38,53.01325409113357,84.9995367403102
38,53.017477555151764,85.0033751009507
38,53.02126241719195,84.98864708389813
38,53.00628535475006,85.01086123245003
38,53.028078668188385,85.00091575033076
38,53.02853660651793,85.00264095146537
38,53.01210824169667,84.996683895752
38,53.01673152558329,85.00321005341024
38,53.02818540568172,84.9956435389143
38,53.00336191933361,85.00896322653021
38,53.01999182795928,85.00399733972115
38,53.01900333416614,85.00488389466302
38,53.014065832895184,85.00071407636001
38,53.01726366770763,84.99531485890155
38,53.02703862178161,84.99214793066224
38,53.00606212700998,84.99713825346166
38,53.02312792307683,84.99026909572902
38,53.01946329385211,85.00093773859439
38,53.01232429383098,85.01539197873628
38,53.015669311088665,85.00754871390367
38,53.009520950191884,84.99788072898616
38,53.00231705553016,84.99312303179066
38,53.01386606812908,85.00507514623058
38,53.00763839547909,85.00722178755515
38,53.01536181804696,85.01540394128257
38,53.027325713359275,84.99538402039994
38,53.01116030854394,85.00985310655477
38,53.012827157866,84.98728765976053
38,53.005838751954194,85.00059964248916
38,53.00265711508065,85.0043647057777
38,53.01270325684375,85.0133465241508
38,53.01340990436546,85.01305373690946
38,53.007369861294514,84.99798036280487
38,53.02432491519081,85.01289235002086
38,53.01806286466733,84.99292047636912
38,53.016035819472876,85.00879867464771
38,53.00206140790216,84.99390099056863
38,53.01925731591726,84.99656354779952
38,53.00938376510453,84.99933460662699
38,53.017576713961084,84.98777305493469
38,53.007991390546096,84.99771624706962
38,53.00871078023494,84.99643274759697
38,53.00696959175332,85.01115085504597
38,53.011126334129315,85.00732544219218
38,53.02900517588171,84.99905685304054
38,53.0260304407229,84.9944017357949
38,53.01837959063771,85.01266688658033
38,53.02072738436243,84.98875433266069
38,53.023859185157406,84.9905633319877
38,53.012737749151235,85.00362847493867
38,53.01364603451398,84.99674556003467
38,53.00562329132141,84.99146815862508
38,53.023611107058755,85.0019574441636
38,53.016357511955746,84.99435432337933
38,53.003273947607035,85.00378309156183
38,53.02462011386558,85.00095294462618
38,53.01496807024477,85.00453928237567
38,53.028863969446746,84.99862516965665
38,53.02191155539828,84.99652420661154
38,53.02262856193337,84.99675827654494
38,53.02484056958462,84.99412251548667
38,53.021437865816736,85.00294302484431
38,53.01826940004509,85.01517354093353
38,53.01597881453438,85.00551428636739
38,53.00899804745073,84.99836583680006
38,53.00674660493733,84.99176420848183
38,53.00568587288648,84.99268609286487
38,53.01098149999895,85.00756657753645
38,53.006182689851244,84.99379853177133
39,53.00201966455681,85.00709033503988
39,53.02659581998896,84.9960678482237
39,53.01867244603707,85.00064594615044
39,53.014581168013486,84.99601847709062
39,53.015699364623906,85.01257490169316
39,53.007931527828454,85.00486923912891
39,53.022199066491524,85.00288597328661
39,53.02353935342031,85.00601168026468
39,53.02286039742959,84.99827765612166
39,53.0097434178814,85.01055433160553
39,53.00350047114192,85.01014194607642
39,53.00912170226617,85.0121632311514
39,53.01876822766327,85.0085743270751
39,53.01636867570897,85.00795904687911
39,53.00718450734194,84.98773336063569
39,53.026644378869285,84.99974106457807
39,53.010247197017364,85.00690547606118
39,53.00611406720057,85.0115887856342
39,53.007619474348346,84.9964925365735
39,53.005254326625035,85.0024855728678
39,53.01069104480174,84.98938506043719
39,53.01969562716137,84.99822960976157
39,53.011108637716774,85.00609528891414
39,53.007473437165544,85.00539093254923
39,53.028862211969575,85.00813469607648
39,53.00336191933361,85.00896322653021
39,53.01795944823444,85.01133150908224
39,53.019925215977,84.99198818254402
39,53.014776968366945,84.99236215496029
39,53.02117531869903,85.0139356613081
39,53.00865007910921,85.00401975993347
39,53.013672267904674,85.01524316855749
39,53.01127365465346,84.99287460756152
39,53.01741213035939,84.99262659455361
39,53.010751937131396,85.0034687055602
39,53.01010294829685,84.99670801136376
39,53.02633206529935,84.99225188942414
39,53.01399480736178,84.99930612732683
39,53.00752819284569,84.99822441840692
39,53.01894607318981,85.01148168786364
39,53.028271752321274,85.00035243498374
39,53.02072738436243,84.98875433266069
39,53.018110210766594,85.00079211220226
39,53.029193673085764,85.00082142773634
39,53.02142775182234,85.00666910119688
39,53.003529383627644,85.00650818083193
39,53.012760294239285,84.98715895564281
40,53.02009619632612,85.00850378482765
40,53.01089627549961,85.0107912305131
40,52.999675077249,85.01831382909704
40,53.0074952946952,85.02137270490532
40,52.99703387695103,85.02784561579483
40,53.005162236063875,85.02935423326915
40,53.011126334129315,85.00732544219218
40,52.993130210282246,85.01858433078077
40,53.00830886214654,85.01190204869688
40,53.011514959401914,85.02409335192164
40,53.00726582903214,85.00341004327991
40,53.011010908298765,85.0293797565583
40,53.012001589629506,85.01605127393078
40,53.01298684826165,85.01705184565782
40,53.01540689166452,85.0165140214187
40,53.00406153814881,85.0149958733661
40,53.01373317776615,85.00260524255589
40,53.00066340317822,85.02971103397708
40,52.99960743743376,85.02405148447173
40,53.01185737692511,85.02127276975482
40,52.99642909568267,85.011289602232
40,53.01388797895672,85.01856071653971
40,53.00689773151899,85.03164401896093
40,53.00165210090302,85.01489247848899
40,53.01520475826717,85.02492280695269
40,53.013672267904674,85.01524316855749
40,53.00073496462195,85.00537124436724
40,53.00498733575184,85.02081884423161
40,53.00670797876928,85.00300968297535
40,52.99518182908649,85.01946995883837
40,53.008554837619435,85.00515411410873
40,52.995394137658735,85.01453627728313
40,53.00316234391424,85.02762529769413
40,52.99948334151996,85.01603019005897
40,53.012670392397645,85.02261173779554
40,53.00641326641724,85.0266203693072
40,53.00124728917094,85.02110817120969
40,53.020030989235366,85.00950981619522
40,53.000604672791965,85.02487915994314
40,53.00951529265829,85.01184203486883
40,53.01429729243118,85.00780017417472
40,53.01671547587287,85.01461609690924
40,53.006519257416834,85.00981549978869
40,53.00574092259615,85.01931501624748
40,53.00119604298269,85.0058293891139
40,53.00783452474889,85.03219853397508
40,53.00843096700785,85.00256326529403
40,53.00955493932673,85.01598173294268
40,53.00232510040606,85.00930144506215
40,53.00095298520892,85.00947626209069
40,53.00337083391577,85.02822375208386
40,52.9961787450257,85.01333292173246
40,53.00038922751097,85.02914683421719
40,52.9968099034446,85.02249753921143
40,53.004041586877364,85.00517295618758
40,52.99787279321991,85.01254275681922
40,53.010941970375924,85.0288701865679
40,52.998283857131035,85.00714546840084
40,53.015240709082846,85.01674521729358
40,52.99757494765616,85.02114636330583
40,52.99561667813643,85.01895762201089
40,52.99589472729008,85.02666662612354
40,52.995564831390546,85.02426622146295
40,53.00521490217545,85.01659607740604
40,53.00179512682858,85.02518189210363
40,53.01027356587153,85.0048094826923
40,53.00848864646504,85.00245900079352
40,52.99636368312445,85.0187091473505
40,53.011887164203344,85.02082437551445
40,53.00465133679382,85.02907373374795
41,52.99047411404211,84.98233587404334
41,53.001502385263535,84.97054329564169
41,52.992550938238324,84.98110066923937
41,53.01278873977998,84.98051421837657
41,53.01312141984051,84.97316937979365
41,53.007084100027164,84.96811623927584
41,52.999441654147695,84.9878554560913
41,53.00308817687859,84.9822707227012
41,52.99493749937299,84.99291916828439
41,53.00300509256217,84.99013911936095
41,53.01749121095423,84.98256440749383
41,52.995967965213296,84.98747597926223
41,52.99712412621642,84.98850939425103
41,53.01144187890106,84.98915184815809
41,53.00467834667526,84.98119182160133
41,52.99938563682179,84.98724510957437
41,52.99204955607667,84.98460580662505
41,53.015474177540256,84.97327429998833
41,53.00461753012787,84.96665924095464
41,53.00118516769817,84.9861766605411
41,53.015540025010544,84.9883163459479
41,52.99415323991086,84.97508566390609
41,53.0005636187023,84.98128768759248
41,53.00101520276271,84.98093518751243
41,53.01349850767026,84.98806938867682
41,53.00873118402119,84.9874485396712
41,52.98988849375042,84.97702336121797
41,52.99649661462667,84.97745621413299
41,53.00539977708326,84.97929218573336
41,52.99810409603012,84.96891102867318
41,53.000853528665964,84.97639395756498
41,53.01100793014048,84.99286420644336
41,52.99670542364312,84.96797108396214
41,53.0112769965998,84.97729548605805
41,53.01419994444736,84.98015487863329
41,53.01415269408654,84.97832237286923
41,53.00730280998749,84.98162046565955
41,53.01133421246743,84.99019936345644
41,53.015344006053105,84.97997777351196
41,53.01428144904699,84.97963706305349
41,53.01299520451762,84.98202102923209
41,53.00665383706111,84.98991295411376
41,52.9945528518492,84.97528695375667
41,52.999615206423904,84.97974487237678
41,53.00815238570114,84.96917675981265
41,53.0096956534626,84.97646405753915
41,52.99587246316413,84.99217278924004
41,53.01443017016526,84.98932461199814
41,53.00354834975244,84.969445668669
41,53.00972561072558,84.98342344070433
41,52.993039227456144,84.98573512482103
41,53.01916036997571,84.97753057137744
41,53.011632730666456,84.97775199882943
41,53.01019142919231,84.98372582025402
41,53.01290267004035,84.96850729454296
41,53.00363614283868,84.98523803311235
41,53.004794561645824,84.96667968376161
41,52.997157101305014,84.97693427461608
41,53.014283201082925,84.98394291218885
41,52.98941512684248,84.98296576651197
41,53.012176532260256,84.97722317103485
41,53.01006913479605,84.97790506797534
42,53.010568365896965,84.98266184943466
42,53.01483869862276,84.99232716325443
42,53.00945594247706,84.9750030326728
42,52.991897062529205,84.98087138833925
42,52.99712412621642,84.98850939425103
42,53.00389282930255,84.97249457260466
42,53.00564440897753,84.96746555428058
42,53.01566401589971,84.97047796889838
42,52.99542230487355,84.98822600007394
42,53.004802262184235,84.97824085644747
42,53.013948507999594,84.99200025890062
42,53.008797492502495,84.98634849473204
42,53.00877397154886,84.98128080274724
42,52.997431256875174,84.97995325438553
42,53.00066031779102,84.97907390515871
42,53.016607547625014,84.97345566378898
42,53.0052610423389,84.98543707913831
42,53.00089246840142,84.97801627376971
42,53.00850500113494,84.98721830387535
42,53.000913576780825,84.9704068981093
42,53.0181519051279,84.97825255500555
42,53.000830955379904,84.9943825241325
42,53.01180291198794,84.96707128344639
42,53.007939473379885,84.98115392247115
42,53.0193995324658,84.98135945245325
42,53.01296843040046,84.98772561828468
42,53.00646151077508,84.9853333236632
42,53.00895830632371,84.96720434458578
42,52.989625522613885,84.98476023839522
42,53.010073492592376,84.98503875384759
42,53.010073492592376,84.98503875384759
42,52.99922209360007,84.98644210849662
42,53.00977013261692,84.9888186342556
42,53.01732647975599,84.98921001783448
42,53.01698708388744,84.98485987035313
42,53.00014790467116,84.98961592479577
42,53.00608985721617,84.9806581026525
42,53.00972561072558,84.98342344070433
42,53.002715606414235,84.97368639805343
42,53.01376658584832,84.97971935429184
42,52.99153543252674,84.9835839197149
42,52.991779669405176,84.98568573644054
42,53.009641265214185,84.9743484454942
42,53.00123428132606,84.98504888504712
42,52.998480532610344,84.97809052411444
42,52.99984128460987,84.99151343515432
42,53.01749121095423,84.98256440749383
42,53.00860511197471,84.9799514189927
42,52.99088123231905,84.98471242511323
42,53.01504611168309,84.99233912168997
42,52.99087637263897,84.97510976222253
42,53.01586027131616,84.97244910572373
42,53.00110867395877,84.9917714727075
42,52.996743821333794,84.97859488443495
42,53.0010063403805,84.98222834187459
42,53.01809999937684,84.98155006048631
42,53.00980669821764,84.9930117691857
42,53.00130078738632,84.97895415871297
42,53.00746798307106,84.99066087550469
42,53.00992075050946,84.96771407161931
42,53.010030473045646,84.9899603714059
42,52.989836134965934,84.97865689195837
42,53.01731636033265,84.97454316252899
42,53.012056880694495,84.98209032387953
42,53.00332936272139,84.99646536710492
42,53.009789701426165,84.98909189017475
42,52.99483333773989,84.96969303329283
42,53.00326619587192,84.97033898144733
42,53.005621389558435,84.98508245154912
42,53.00907836193401,84.98186869788054
42,52.992229274729816,84.97878444011737
42,53.008787511836594,84.98723339444717
42,52.9904885422202,84.97901004211434
42,52.9998677772685,84.98690024504513
42,53.013290384374535,84.9829993219801
42,53.0165021990717,84.9864302199563
42,52.99587246316413,84.99217278924004
42,53.01392082868543,84.97040911372126
42,53.00140527472283,84.99017714753052
42,53.000378260410635,84.98518229397598
42,53.01217752398242,84.98815817097467
42,53.00975648701822,84.97272441786332
42,53.01201282576366,84.9700486530076
42,52.99666267065537,84.97015981121764
42,52.996913412190715,84.97025622539007
43,53.00853380175434,84.97922749517508
43,53.00668137045426,84.9885261871284
43,53.01834863104303,84.98688443709281
43,53.00676157780775,84.97451834708235
43,52.992679459232676,84.97514228807131
43,53.00248581222544,84.99421716149833
43,53.01804489394052,84.98588982455341
43,53.00313503370585,84.9828526233314
43,53.01034894843306,84.98451962622144
43,53.00489045703036,84.99137131558149
43,52.98961308716915,84.98122493297119
43,53.01244653810813,84.994045521868
43,53.01210730921431,84.97704684242501
43,53.018616138940345,84.97396958664848
43,53.01034894843306,84.98451962622144
43,53.0004535122882,84.99237224669643
43,52.99735239071021,84.9756512932538
43,53.005496174303616,84.9877099076488
43,53.00736967617438,84.98451877645171
43,53.01654692029671,84.99118292094536
43,52.99661391509034,84.97786059624327
43,53.00920543717391,84.96639470461683
43,52.995686261896736,84.98019773034736
43,53.00167022739788,84.96836144170905
43,52.993144326511285,84.98498735358423
43,53.00494785363147,84.99576018353798
43,52.997416494796866,84.97406005575301
43,53.01211726362226,84.98336364735239
43,52.99825920489576,84.9829284674616
43,53.00118516769817,84.9861766605411
43,53.00720179300507,84.97264908087729
43,52.99626602331956,84.98393386588022
43,52.989260086493424,84.98115665342766
43,53.0089281760243,84.98359864331697
43,53.00329815475009,84.97970159927222
43,53.01019047449199,84.98583027222882
43,52.99551849158915,84.99175275296105
43,53.018251578674935,84.98324196676276
43,53.00051220418144,84.99525039538847
43,52.993354737817064,84.99050834149878
43,53.015344006053105,84.97997777351196
43,52.992385820786645,84.98944799443854
43,53.01654692029671,84.99118292094536
43,53.010087367443376,84.97780037257267
43,53.012298067196305,84.9747582406524
43,53.00328694692527,84.97785010954628
43,53.013880483574724,84.9800635127457
43,53.005581002724874,84.96940048372399
43,52.99469975059424,84.98591781752928
43,52.992550938238324,84.98110066923937
43,53.00100763433843,84.96583458040531
43,53.01218526529747,84.97514638535729
43,52.99465702689989,84.98217715215425
43,53.01756924562592,84.98310813658085
43,53.00389282930255,84.97249457260466
43,52.990893718009595,84.98186861913075
43,53.01202619338369,84.9796191839427
43,53.00720826192933,84.97878428878619
43,53.01274075029815,84.98511483737398
44,53.01364603451398,84.99674556003467
44,53.02229639872547,84.99447748242376
44,53.01043643517873,85.01248980819344
44,53.004646575281754,84.99088523688796
44,53.012938157236206,85.0046469709095
44,53.01593596339229,84.99684852947767
44,53.022605245242474,85.00000043657185
44,53.022354145265254,84.99437500378542
44,53.01201946865204,84.99344548488318
44,53.018409136250106,84.99386510167928
44,53.01337231685737,85.01085266408101
44,53.01495593601248,84.99898500731204
44,53.004690337235466,84.99194858639923
44,53.01816210319242,85.01205835979617
44,53.01823666059843,84.98659480922598
44,53.01883303512331,84.98866325006864
44,53.00604818446052,85.01152623891872
44,53.02228934581216,85.00131265449578
44,53.009504512216004,85.00997975247546
44,53.01761142656344,84.98711512611746
44,53.02785686662245,85.00921078418591
44,53.022412400212,85.01213102953925
44,53.00494785363147,84.99576018353798
44,53.02224823845464,85.00148448669704
44,53.00358501989499,85.00097616038245
44,53.01383422802209,85.0047996262034
44,53.009037467433075,85.00684858129013
44,53.01455860260958,85.00193849483951
44,53.02679394049125,85.0031483472639
44,53.00639914334084,85.01153962668113
44,53.02396527789987,85.00826979776183
44,53.02682023622473,85.00209552890124
44,53.01812605408233,84.98911253171423
44,53.02632300372329,84.99119925818499
44,53.008499495154595,85.00589577492454
44,53.02538524844077,85.01097288705428
44,53.00438187872494,85.00588129158699
44,53.000674643235804,85.00400177130325
44,53.02616829019985,84.99725211765447
44,53.011672420009866,85.01009738648466
44,53.012737749151235,85.00362847493867
44,53.02292288798357,85.00177386475963
44,53.02297227926835,85.00449972202978
44,53.01518425341952,84.9969584527572
44,53.01104708646464,84.99134487675336
44,53.02632300372329,84.99119925818499
44,53.01133564427999,85.00049138829503
44,53.016665610874696,85.00145682389598
44,53.02225711795454,85.00014223382252
44,53.02017554941251,84.98644905606952
44,53.01447853730159,85.00301034289073
44,53.02071062242416,85.01433830257353
44,53.01636867570897,85.00795904687911
44,53.014739405843734,85.00509560676227
44,53.004476360758815,85.010192408348
44,53.02312792307683,84.99026909572902
44,53.022016679005155,85.0045836073055
44,53.017245095244604,84.99994958565235
44,53.01795568674326,85.0100450934179
44,53.010028772272165,84.98923711848562
44,53.00748623241032,85.01248404639824
44,53.02518042222225,84.99458638198986
44,53.01945186681912,84.99812242527699
44,53.0092563535155,85.00458432984809
44,53.02739285501453,85.00783688466893
44,53.01808875597679,85.01203939481083
45,53.02056698991166,84.99925393817657
45,53.018752209760315,85.00060318625896
45,53.02282119433484,85.00090411770375
45,53.00606212700998,84.99713825346166
45,53.01030214865764,85.0073247912419
45,53.008593772486904,84.99830960551327
45,53.01508421274951,85.01333040680787
45,53.02586954634827,84.99177410017525
45,53.012390142886034,85.0033960815451
45,53.00869926402482,84.99264687819199
45,53.0132014209765,84.99743359993164
45,53.013175804607876,85.00317547962504
45,53.00844349560791,85.0058584607328
45,53.0255034683995,84.99413711115605
45,53.004074615858464,84.99007545565283
45,53.0301851392181,85.00462116890495
45,53.00692210159695,84.99331085452435
45,53.02202409342165,85.01073654477615
45,53.01740270561506,84.98547848415386
45,53.00677787916489,85.00076175358357
45,53.02122298881045,85.00635035731362
45,53.00599190001418,85.00454104039646
45,53.00975971919873,84.99704711350752
45,53.01224862658188,85.00386907180078
45,53.01186075807881,85.01253025852805
45,53.02396527789987,85.00826979776183
45,53.013686679879235,84.99836305782033
45,53.02061000286924,84.99883014547748
45,53.02258006328,84.99325387878338
45,53.019403547685066,85.00922599224289
45,53.0272097713648,85.00477872137883
45,53.02358016029104,84.99832063565952
45,53.00404507632579,85.00525039881632
45,53.02229165196421,84.9935599855936
45,53.012623913074265,84.99213760550433
45,53.01803927878392,85.00082295997997
45,53.01603915135465,85.00883243669527
45,53.00608339630067,84.99122786444536
45,53.008731592289635,84.99517945797857
45,53.01159008159784,84.99720758067343
45,53.00713203721635,85.00930255026884
45,53.00912170226617,85.0121632311514
45,53.024898782852155,84.9987704630956
45,53.005342735584,84.99470935462737
45,53.01444002539456,85.00792127941077
45,53.0227042902567,85.01311998534871
45,53.001119515944225,84.99982679106567
45,53.01057146412347,84.99825108210406
45,53.01219491223214,84.99695745205642
45,53.00796255804652,84.99324406376662
45,53.01814309577471,85.00969404879949
45,53.004646575281754,84.99088523688796
45,53.02829626857548,85.00356412756454
45,53.011931505356166,85.00387326850361
45,53.008426386029385,85.00926847790004
45,53.023946840125454,85.00611781576569
45,53.00809394894731,84.98977032961557
45,53.00569781608553,85.00612363512191
45,53.02203075122095,85.00083104869871
45,53.015354778298956,85.01277398887714
45,53.02377860097685,85.00350924351154
45,53.02044585777438,84.99749305434955
45,53.000805493522485,84.99624069292646
45,53.00224005522933,84.99296771570236
45,53.018228127743704,84.99976706345362
45,53.01766644054033,84.99955891143009
45,53.01621117335205,85.00153782746277
45,53.020659283905665,85.01521016642889
45,53.00390277313168,84.99887748652559
45,53.01391793725298,84.99715704067323
45,53.006907868215166,85.01280170883875
45,53.01653685573568,85.014286764651
45,53.010596407020635,84.98726850005208
45,53.00845157513232,84.99494862846153
45,53.01021999782581,85.00560800065485
45,53.003366862973834,85.00992419365528
45,53.02114029844517,85.00351341714772
45,53.01848535506723,85.00645633861254
45,53.01862829286331,84.9921460275547
45,53.012164125611456,84.99599398819235
45,53.014979434933835,85.01565075170869
45,53.017792801686674,84.99208271014999
45,53.028657305458864,84.99935049078348
45,53.012224380056125,84.98902094093835
45,53.02476663473172,84.9959583766007
46,52.99408517627221,84.97724841744656
46,53.01606017872844,84.98352236362382
46,53.000730791653424,84.984322428071
46,52.99463320308608,84.98545231255143
46,53.00933214502935,84.96782042428137
46,52.9998677772685,84.98690024504513
46,53.008709143457224,84.97677374819037
46,52.99734070118166,84.9830747951373
46,53.01580795798702,84.98027109365984
46,53.010055994557014,84.99188174065304
46,53.00093161981427,84.96710715327961
46,52.99508475903075,84.9743721452593
46,52.99440169039874,84.96963467265752
46,52.991998925506124,84.97717778426349
46,53.01120555606309,84.97447964376512
46,53.003964658993716,84.98194241255024
46,53.002836451884335,84.98493855847094
46,52.98979710050151,84.9857325907355
46,53.00813009465936,84.99515422852625
46,52.99563896963396,84.97815305634552
46,52.991805614670575,84.9877127266341
46,53.00718849483642,84.96697680259058
46,53.01781630707781,84.98676819667567
46,53.00183557269774,84.98085297992112
46,53.015039743781934,84.9837277229609
46,53.0015948761543,84.97448935232964
46,53.00547672006093,84.98565064034148
46,53.004999323180215,84.97021700804413
46,53.01275753572001,84.98192901398093
46,52.99796275833597,84.98222725648056
46,52.996328765038115,84.97844662230682
46,53.013777384078736,84.97599077567511
46,53.01775183067179,84.97310643382234
46,52.99514311873511,84.99235155297859
46,53.006920142368955,84.97849615121198
46,52.99871673485219,84.99511355981522
46,53.00117518647415,84.98751467043128
46,53.00750117584425,84.98341654668793
46,53.00217641548695,84.99136405347672
46,53.003919702757734,84.96693823168255
46,52.99638200714738,84.97969085220238
46,52.9907090313529,84.97945273982536
46,53.01028524333543,84.97976175677456
46,53.00091803603153,84.99250950652714
46,53.005621389558435,84.98508245154912
46,53.0073880772107,84.97531382781338
46,53.01656198497372,84.98038768489886
46,53.0024159241468,84.98661387952293
46,53.01480276512942,84.98518491454044
46,53.01554250064654,84.974703179372
46,53.01573254411178,84.98308145568164
46,53.00455020040009,84.97442810314112
46,53.00663668039029,84.98353281736836
46,53.005119139412145,84.9697771573432
46,53.00556258788074,84.97716084999655
46,53.00627676828388,84.98244834380684
46,53.00568587288648,84.99268609286487
46,53.00784723361255,84.9949097848337
46,52.993451032457344,84.9806516864959
46,53.00246684198291,84.98427415028871
46,53.00359608367043,84.98477149312913
46,53.00988576460411,84.98063617276497
46,52.996549145922025,84.97196935344944
46,53.00597438621503,84.97262581787382
46,52.99792380687032,84.98239772029669
46,52.99649371821555,84.98285191800385
47,52.994942662197886,85.01224437742447
47,53.00796143816591,85.02468400469145
47,52.999353881623875,85.01007201100025
47,53.00775320862186,85.01899229180412
47,53.02338328585088,85.01868403262382
47,53.016548141120175,85.01380098772027
47,53.00254762599759,85.01792767360034
47,53.00424434421632,85.017593751492
47,53.01044988641269,85.024152805919
47,52.99725454079477,85.02488385949984
47,53.0206719716509,85.02153517033635
47,53.01859374392671,85.02526077563859
47,53.01007988347469,85.0151129650232
47,53.005976607872576,85.01015538691453
47,53.012938945795355,85.02498728574375
47,53.00818082217531,85.02776643969807
47,53.02105540279478,85.01304212421635
47,53.01037552178088,85.01959418449404
47,52.9926054073057,85.01627522936224
47,53.018381761102766,85.01759387941043
47,53.0111862795398,85.02192532258074
47,52.994980227744925,85.0087747243191
47,53.010933050775876,85.01316967027391
47,53.001340769122216,85.02739762447753
47,53.022222575420756,85.02203198693991
47,53.0164397995377,85.0161529486029
47,53.01452718979913,85.0096644970428
47,53.00515954616953,85.01480795484217
47,53.0164397995377,85.0161529486029
47,53.018604829989094,85.02483791776264
47,53.01683646982451,85.02386189948731
47,53.01801862610893,85.02493969379199
47,53.00844492266543,85.02658001463953
47,53.00498733575184,85.02081884423161
47,53.01072413979047,85.01709935824694
47,53.00299761920693,85.01157914038653
47,53.01113957463734,85.01521961656879
47,53.00072053844696,85.02486065401294
47,53.005066809495425,85.03006341219583
47,53.000867432250246,85.01522472584925
47,53.008627286549064,85.0093141272961
47,53.01772929909878,85.02557819758701
47,53.00915022461743,85.00957931566057
47,53.01124443031327,85.00384661637196
47,53.01214985869819,85.01769633061696
47,53.02089503176114,85.02065851621963
47,53.00207916788016,85.02023047272773
47,53.005709793927956,85.00518813540474
47,53.01623614085192,85.00956827746266
47,53.01005945828691,85.02663519563103
47,52.99665765800689,85.02028439945977
47,53.003849112640026,85.02857111237014
47,53.00333086685503,85.02678113102019
47,53.01039269521814,85.0276474128418
47,53.001557851342376,85.02698428903197
47,53.00437818318189,85.0324569674447
47,52.998804590638315,85.02243918428924
47,52.99629356957879,85.0121187758399
47,52.99592286368909,85.02000588247282
47,53.017618467733776,85.02703664752492
47,53.017148401223956,85.0090331187771
47,53.00795390247377,85.01855689630796
47,53.003090525319486,85.02605675725214
47,53.017976006414735,85.01510596967641
47,53.01456783336534,85.02002719509493
47,53.010161274755205,85.00921587789114
47,53.0153858758466,85.01274944723306
47,53.01621428656638,85.02533723735326
47,53.00270631087439,85.0180116433358
47,53.01644557580068,85.01439650475952
47,53.01327253298364,85.0061369594856
47,53.01222354362175,85.00895740821656
47,53.007679962692286,85.00954152076214
47,53.00163240954081,85.01067561538264
47,52.99938162320552,85.0188050311593
47,53.00453715118648,85.01405486640017
47,53.009275936157,85.01308790835114
47,52.99866611054303,85.02883571391192
47,53.02107826146029,85.02509354963928
47,53.01739204079651,85.00453036748269
47,53.00765423519532,85.02638166686016
47,53.00998632935157,85.0162951682056
47,52.999147438205036,85.02293989783952
47,53.015367883134886,85.01131307820968
47,53.00328986443035,85.02211411710259
47,53.00940233309026,85.01537732812456
47,52.994528144680686,85.02553922163683
47,53.01227985150705,85.01632104954551
47,53.007530480537845,85.00454233812272
47,53.0056504925335,85.00974822447078
47,53.01158548098599,85.029421450009
47,53.00023228270946,85.0098333098508
47,53.02198914070408,85.0153637254557
47,53.02283999790207,85.02056552304022
47,53.01763402158373,85.01793224098503
47,53.01683351613017,85.01678554296991
47,53.00045675475054,85.02268512152573
47,53.018822154418274,85.02623464449893
47,53.01920132522665,85.02888042878403
47,52.99684067436044,85.01726589805183
47,53.020030989235366,85.00950981619522
47,53.01246700538789,85.00984465736335
47,53.01227662510037,85.00594505021768
47,52.99283728896736,85.01683379973235
47,52.99722963744897,85.01336785133347
47,52.99870875897748,85.01710127217086
47,53.02024038350227,85.02285562187974
47,53.011564002358604,85.01172625304292
47,53.01351465869058,85.0311920286473
47,53.00389074787952,85.02553813193988
47,52.998935240823144,85.00857345635225
49,53.004727246385464,85.02444738872532
49,53.011448154260385,85.01152973393656
49,52.994023505256024,85.02246971334733
49,53.010435302461694,85.02873289173183
49,53.015169649395126,85.01690483051726
49,53.01055559539629,85.02023706169011
49,53.01688609327579,85.00791818537088
49,52.993130210282246,85.01858433078077
49,53.00140508059305,85.0229197372342
49,53.01711852369582,85.0052993277781
49,53.00591696218454,85.00347361224593
49,53.000248064598644,85.01886104482837
49,53.00288233756054,85.02293927315093
49,53.01061417872308,85.02634324744714
49,52.99742748445133,85.02638089401253
49,53.01766624830577,85.01918154318584
49,53.01451178301652,85.01631669243734
49,52.99940519549979,85.02614074057307
49,53.01171817911151,85.02117361734075
49,52.9956521822354,85.01014601294754
49,53.01894956328998,85.0247690139534
49,52.994402698766855,85.01682357360579
49,53.00745676135543,85.01763314911179
49,53.020915987622615,85.01791325253149
49,53.020940174861515,85.00828468050057
49,53.00689254738835,85.02744684033154
49,52.99901262450828,85.00659857249823
49,53.011974701346816,85.0157395880767
49,53.00007575769343,85.01468677587103
49,53.008572060381404,85.01495687663876
49,53.00758822575096,85.02869715840862
49,52.997943320003536,85.0129646939422
49,53.01885106207934,85.01332740741984
49,53.007616109677286,85.02707074659155
49,52.99955058386345,85.00836657867825
49,52.99592286368909,85.02000588247282
49,53.01423091309399,85.01462721295559
49,53.013129181550106,85.03055982489822
49,53.01467741808457,85.03165555374531
49,53.00754858768923,85.01943599427554
49,53.01181189730131,85.02124430689186
49,53.00188193471973,85.02749577139784
49,52.9956521822354,85.01014601294754
49,53.00709987921628,85.01170048927075
49,53.01894956328998,85.0247690139534
49,52.99864317507943,85.02635934420967
49,53.00312528385361,85.02029819018833
49,53.009504512216004,85.00997975247546
49,53.01873965986466,85.02379792241588
49,53.01795944823444,85.01133150908224
49,52.99901968886389,85.00813790265057
49,53.00947189359231,85.01283823654396
49,53.01187545115604,85.02465487978131
49,53.01467741808457,85.03165555374531
49,53.011834714342136,85.02571377667935
49,53.012001589629506,85.01605127393078
49,53.015699364623906,85.01257490169316
49,53.00067970711365,85.02514561262602
49,53.002491895736334,85.01186793993918
49,53.01671547587287,85.01461609690924
49,53.019679666783006,85.02626555673554
49,52.99609188508476,85.02401808979596
49,53.00568488405737,85.01520749227991
49,53.01763402158373,85.01793224098503
49,53.0097434178814,85.01055433160553
49,53.01054226194408,85.0083646286514
49,53.00482834273829,85.02408658916681
49,53.01631186731379,85.00873517405013
49,53.01804509621137,85.02263699177459
49,53.00546782074607,85.01503100668432
49,53.01688569408558,85.01731355147925
49,53.017565009149806,85.01617122228426
49,53.01344134756229,85.01396957473541
49,53.016360615814335,85.021553506282
49,53.00905838015218,85.02590939334976
49,52.99919783005189,85.0077705418116
49,53.00972413759531,85.03118052124111
49,53.01122179884083,85.0151411292921
49,53.00573535621191,85.02746410637279
49,52.992979769628384,85.02187065951063
49,53.01446595987308,85.00925680722354
49,52.99870210818309,85.02015077711843
49,52.997965038799954,85.01671647217151
49,53.001806003631536,85.01022907277648
49,53.018774676181536,85.02595412737449
49,53.00316836967497,85.02524717068256
50,53.00488275990741,85.00504400459035
50,53.00701894040263,85.0002978269139
50,53.00803616026353,84.9925732214431
50,53.02057466357196,85.00087870054676
50,53.01259396431416,85.00895613013947
50,53.00619211552912,84.9900783300514
50,53.022255375040395,84.99764531671968
50,53.015724070908306,85.01053233077066
50,53.024071374040695,85.0068019382458
50,53.02549298567955,85.0026990133433
50,53.00388527702181,85.00074045319427
50,53.00810422186194,85.00878757662021
50,53.01903090246796,84.99123554502664
50,53.021271510468424,85.0088944979474
50,53.00764930773245,84.99714970296074
50,53.02401131171484,85.0030656831564
50,53.02473644399409,84.99477067690654
50,53.008821726321116,85.0035056997888
50,53.015633728067534,85.01010193638658
50,53.00779352669421,85.00710574660062
50,53.013445832129214,85.01082213470247
50,53.00604953632964,85.00005902041364
50,53.00785861760657,84.9866805726608
50,53.014065832895184,85.00071407636001
50,53.01191985697985,85.01226856387778
50,53.00994929141704,84.99590329643745
50,53.02222724190866,85.00398469342755
50,53.025520566371796,85.00845374780214
50,53.02515575431366,84.99233375177221
50,53.013354126904815,84.99244539975862
50,53.00670797876928,85.00300968297535
50,53.028794645984206,85.00777237674976
50,53.00677542959859,85.01177024729536
50,53.016357511955746,84.99435432337933
50,53.01553290815962,85.00288221595797
50,53.009033679715216,85.01322789895485
50,53.00735674586595,84.99457282416496
50,53.01267665252631,85.0028350839574
50,53.02232755028083,85.0019052715462
50,53.00005348339562,85.00039379898087
50,53.01621878473709,85.01373517793914
50,53.00432512209236,85.00753301839207
50,53.004148527618284,84.99089688702266
50,53.01254930826143,84.9980175438148
50,53.01915700487988,85.00130626914262
50,53.011117466605334,85.01339771482229
50,53.00440363393168,84.99577994169009
50,53.01637950727206,85.00765821160978
50,53.02039265535074,85.00141968085994
50,53.01656980851013,84.99253334102205
50,53.00713295736479,84.9989540566318
50,53.00549642255009,84.99844626782165
50,53.00294947257345,84.99956221529416
50,53.0046726411554,85.00953810928003
50,53.01429085113776,84.99165427990218
50,53.006161133537375,84.98907208396984
50,53.02162043641581,85.00399293851903
50,53.02979698854273,85.00050317349277
50,53.00428684521309,85.00827501840274
50,53.02601484094813,84.99706387217014
50,53.01811657836553,85.01203738630086
50,53.02117531869903,85.0139356613081
50,52.99992640499188,84.99928599893242
50,53.00845157513232,84.99494862846153
50,53.01334100035462,84.99891380702553
50,53.01447853730159,85.00301034289073
50,53.02543998457321,85.00225380505024
50,53.00157090901209,85.00044147265932
50,53.011209979459096,85.00979148283768
50,53.014340138514214,85.00096940516265
50,53.01321515505315,85.00163666295093
50,53.02211745361256,85.00867777966967
50,53.00344355498591,84.99693961299711
50,53.012737749151235,85.00362847493867
50,53.01253991496518,85.00592606703484
52,53.00583980934996,84.99501578821966
52,53.0214235962021,85.00744795155289
52,53.00328156807567,85.00730018881488
52,53.00505094541294,84.99466651829323
52,53.00386315517925,84.99514176062397
52,53.016383661771535,84.99446622466183
52,53.01286513218428,85.0097839764782
52,53.014753311509104,85.01077746408879
52,53.01208052411088,84.99166482707834
52,53.02158386810064,84.99637969594862
52,52.999536131364096,85.00248475759369
52,53.024409002934,85.00470924190948
52,53.00730331213261,85.0000765893535
52,53.026644378869285,84.99974106457807
52,53.00244125578077,85.00684782230576
52,53.01254110053708,84.9937125257484
52,53.011974701346816,85.0157395880767
52,53.012643134694805,85.01531147344676
52,53.019508068598434,85.00078182964896
52,53.017319456181646,85.01181601331712
52,53.02084736519932,84.99540660027668
52,53.01420331808158,85.00092319826138
52,53.017327001608365,85.01510719887202
52,53.01891360879277,84.98975566989651
52,53.01813359039193,85.00368795802532
52,53.016880027073555,85.0048402318867
52,53.01360811816505,85.00776945976777
52,53.01970926144184,85.00636413110419
52,53.02147008488664,85.01308224369609
52,53.0282604008585,84.9993795694814
52,53.01332953205349,85.00323762323102
52,53.02236561286037,85.0145029127308
52,53.00894064066402,84.99011385274136
52,53.01878032732105,85.00938267795475
52,53.012001589629506,85.01605127393078
52,53.02975403103964,85.00333422666816
52,53.009245828533935,84.9867306327144
52,53.02601484094813,84.99706387217014
52,53.00672841379806,85.00357545303949
52,53.017245095244604,84.99994958565235
52,53.01853088685486,84.99697250920298
52,53.013175804607876,85.00317547962504
52,53.020801282006026,85.00307919572762
52,53.02344555596845,85.01185031198736
52,53.02275098816806,84.99393850507018
52,53.01325409113357,84.9995367403102
52,53.01358007536327,84.99249831539008
52,53.00332936272139,84.99646536710492
52,53.01787143031197,84.99645364020864
52,53.00871453966303,85.00383541724509
52,53.01923280456959,85.00913196864276
52,53.01396010013654,84.98826174325244
52,53.01960776234038,85.003549543285
52,53.01697363117945,84.9852168592501
52,53.0058424343349,85.00385026285265
52,53.00871453966303,85.00383541724509
52,53.01583109317487,85.00538524729517
52,53.01636867570897,85.00795904687911
52,53.002257521576524,85.00596655372695
52,53.01078614644801,85.00343567979914
52,53.01179126047564,85.00408587971249
52,53.02745952530359,85.00892743411943
52,53.01022153041617,84.98621529402492
52,53.007661429590186,85.00361057400667
52,53.01671547587287,85.01461609690924
52,53.01692602367722,85.01333001368806
52,53.00473391787448,85.00531093341696
52,53.01128938620675,85.00577684413328
52,53.00822623248034,85.01299232237355
52,53.01571349005585,84.98563102179281
52,53.010176308453,85.00141307264617
52,53.00425955129917,85.0099933590501
52,53.02019107422164,84.99640643685362
52,53.009476411692376,84.99416106365035
52,53.02282119433484,85.00090411770375
52,53.00379725641717,85.00760286559496
52,53.02521781737122,85.00185303987789
52,53.01691245739676,84.98957840267248
52,53.01948323257328,85.00213288491852
52,53.014117199592405,85.01559369401811
52,53.0164397995377,85.0161529486029
52,53.027145543900474,85.00547636319169
52,53.02710969114207,85.00596722278631
52,53.03007055057539,85.00474360219468
52,53.00477633151429,84.98948938367346
52,53.01924505747369,84.98814722102095
52,53.00294401215297,85.0037221331609
52,53.00211043300633,84.99283542701825
52,53.00281180315903,85.00663061027959
52,53.026332001412726,85.00642078011825
52,53.02329656130134,85.01283463302097
52,53.0132014209765,84.99743359993164
53,53.00541533432741,85.01729397790996
53,53.010161274755205,85.00921587789114
53,53.00062879783571,85.00955866087767
53,53.02210551859004,85.01287944686432
53,53.00689254738835,85.02744684033154
53,53.002279955237846,85.03180250531642
53,52.99834535277782,85.0160474618185
53,53.01978571924256,85.02750739634463
53,53.01435997455711,85.01685775765675
53,53.00159729640307,85.02062473383957
53,53.00636956421058,85.0226735309977
53,53.00038628124099,85.0176282456604
53,52.998781500026915,85.01653512758274
53,53.01191985697985,85.01226856387778
53,52.99292533854029,85.01934850872992
53,53.0098043034296,85.02217926822144
53,53.010090592620465,85.03059847212099
53,52.9985188988577,85.01666759800125
53,53.00659812188505,85.01972497538351
53,53.00126598513613,85.02682056263153
53,53.002226522132595,85.01626877953885
53,53.00758454887699,85.01499937399018
53,53.02212107086051,85.02319357655124
53,53.01524274054273,85.01492933116677
53,53.01353597860484,85.00537821271755
53,53.00324789138679,85.0140666944033
53,53.015453549629534,85.00821522668748
53,53.01548963776089,85.01076312469317
53,53.003612408082525,85.00699675589823
53,53.01568779725602,85.0118052407149
53,53.00765802443493,85.00455029320986
53,53.01381611373729,85.01275791539256
53,53.01058281285686,85.01561203589675
53,53.018878066974445,85.02262406650009
53,53.01607084901918,85.02837740268068
53,52.999617369994944,85.02892528156775
53,53.006190878207356,85.0175982614093
53,53.00940897552802,85.01978598958563
53,53.007017903952146,85.02466868315
53,53.010591871800855,85.01238623296189
53,52.999103093739066,85.02592451473167
53,53.00130904927266,85.01402939599437
53,52.996334493347064,85.01738076017398
53,53.0001948849577,85.02311550167101
53,53.01525783198368,85.03155812366151
53,53.01626105891167,85.01982906822968
53,53.016662776054964,85.01892391504707
53,53.00795390247377,85.01855689630796
53,53.0001599763151,85.01502210119584
53,53.00924043711325,85.0275391480656
53,53.00915022461743,85.00957931566057
53,53.014551994494276,85.01282950983551
53,53.00287576209871,85.0306163836586
53,53.012803768382874,85.01870616363423
53,53.020265899616774,85.0075042242649
53,53.0032619315954,85.00585584914504
53,53.001557851342376,85.02698428903197
53,53.01726075921063,85.0227642153409
53,53.00366033069116,85.02164557446731
53,53.003902600732694,85.02996919040737
53,53.015633728067534,85.01010193638658
53,53.00680760001731,85.02789507685033
53,52.999890865318264,85.01033717623073
53,53.01977541485572,85.021665415792
53,53.005386932720896,85.02241852448954
53,53.00655235830778,85.00932100350497
53,52.998804590638315,85.02243918428924
53,53.0197814384448,85.02002008566467
53,53.00939195249443,85.00792449965353
53,53.007519895387766,85.00217002666793
53,53.00925592606032,85.02790648805035
53,53.02052564817631,85.02509687894148
53,53.005119260821715,85.01682323174931
53,53.00685356001066,85.01231740052039
53,53.02102066474187,85.02126599589204
53,53.01950759742909,85.01411861327138
53,53.008119191257585,85.01703493458034
54,53.00858134889417,84.9871274435587
54,53.014793318380406,84.98270147230345
54,53.00665383706111,84.98991295411376
54,53.00042894529189,84.9744279349299
54,52.991356639331755,84.97622170315907
54,53.016302719750385,84.98595833716122
54,53.0054074430184,84.98893301636862
54,53.00500832264605,84.9751497846987
54,52.99786755323041,84.98508897501713
54,53.0099089588662,84.9884412198379
54,53.010055714437705,84.96928972048708
54,52.99523891067026,84.97604998929798
54,52.99398420358749,84.98146201099412
54,52.99996124737343,84.97539087550432
54,53.00627676828388,84.98244834380684
54,52.99666689581427,84.9809304052854
54,53.002899588777744,84.98623875607012
54,52.99812190756403,84.96992279564358
54,53.01126452101308,84.98976999546338
54,53.00566486566451,84.96945387818012
54,53.00937416885341,84.99493742909188
54,53.011390109505975,84.9725317204814
54,52.99561461559633,84.9869448416301
54,52.99911210182166,84.99411297871879
54,53.00769080214694,84.97906589765684
54,53.00495733885086,84.97709911221938
54,53.016634667812156,84.9778074035191
54,52.995686261896736,84.98019773034736
54,52.991635912054086,84.9855207597769
54,52.99874824304363,84.98214745095892
54,53.01366105124539,84.98028441665532
54,53.001132495160036,84.96957360560059
54,53.00076014001648,84.9878477154919
54,53.01345762717703,84.97734603136124
54,53.01252454836068,84.98827907885757
54,53.007503087184226,84.99097090306603
54,53.00215831463558,84.97462180100509
54,52.99888868245913,84.98549168950841
54,53.001815081995645,84.97338621782914
54,53.01691245739676,84.98957840267248
54,53.00204728608245,84.97904828265575
54,52.990169251053906,84.9830515885729
54,53.00678972496695,84.98439057125256
54,53.01290267004035,84.96850729454296
54,52.99495716224792,84.99284927680796
54,52.995509326521905,84.97856636773751
54,53.010715032124885,84.99399009538072
54,52.99531653004609,84.9738691380301
54,52.997224085309874,84.99057805152722
54,52.991454881467945,84.98925835782644
54,52.99828536709895,84.99084094168133
54,52.99597410893599,84.97343348138747
54,52.99142703112445,84.98342090038054
54,53.00201640630434,84.99050288427458
54,52.991439381156496,84.97265329029709
54,53.01176576583898,84.98282062230292
54,53.01535010199323,84.97543016155105
54,53.009824599343844,84.98164907294596
54,52.991998925506124,84.97717778426349
54,53.00736247489549,84.98378159163325
54,53.00063485778404,84.97387515564265
54,52.99836130725409,84.97069980794298
54,53.006182689851244,84.99379853177133
54,53.01516596040128,84.97666690358673
54,53.01381445345933,84.98275388465643
54,52.99090630000623,84.98218392247759
54,53.01210730921431,84.97704684242501
54,53.00053765500271,84.99487084020953
54,53.005914299270756,84.97822121923028
54,52.99888868245913,84.98549168950841
54,53.00646488353809,84.9897242296849
54,53.01413434712926,84.97742458263336
54,53.00608985721617,84.9806581026525
54,53.011893018631696,84.98506629217015
54,53.0070445926133,84.97297635941923
54,52.99984128460987,84.99151343515432
54,53.00685177995913,84.97003961485679
54,53.0117017871819,84.98587636543556
54,53.00461753012787,84.96665924095464
54,53.01874819027469,84.98188692437556
54,53.00130916584282,84.97202261143312
54,53.00156123355636,84.98304586697516
54,53.000395352456344,84.98833701347071
54,53.005131417010666,84.97924041715565
54,52.99844924621198,84.98617177418792
54,52.99245357785306,84.9887468926905
54,53.01049729004683,84.97423644749011
54,53.01347762460827,84.99356265454773
54,52.99986702158591,84.99269701084206
54,53.0077407939,84.96947953901677
54,53.007199811165,84.96850705338068
54,53.00391265397754,84.9691033934399
54,53.01259975984965,84.97363635509082
54,53.00895830632371,84.96720434458578
55,53.01026080741119,85.0114690004138
55,52.99528429297631,85.0254854988136
55,53.00012916292222,85.02924720194632
55,53.00084875952707,85.02346171778935
55,53.02104979406449,85.02016349225627
55,53.01183420297079,85.01664433629362
55,53.0000444716059,85.01098848824557
55,53.008627286549064,85.0093141272961
55,52.99913048412171,85.00887490729757
55,53.00145578576864,85.03013251181515
55,53.00701775129235,85.0168852164401
55,53.003360597201265,85.00638113089516
55,53.01327037203355,85.02477522037097
55,53.00259715227639,85.02781986577031
55,53.01193707844158,85.0078439595994
55,53.01423091309399,85.01462721295559
55,53.0057425081837,85.00468681226253
55,52.9926054073057,85.01627522936224
55,53.00516197710572,85.01603967283694
55,52.996948318712334,85.0084807572971
55,53.01210711602599,85.01725987269722
55,53.01542895877922,85.02511654290886
55,53.02294657407606,85.01168746857952
55,53.01573393055459,85.01905123645254
55,53.00288445429949,85.02652310799206
55,53.01741922226055,85.02803255413673
55,53.01271349065827,85.02882701736613
55,53.02215363160738,85.01143974803756
55,53.01828134830309,85.00956173852997
55,53.009323224228254,85.00849930364534
55,53.01562974586964,85.0101346844884
55,53.01959604494682,85.01362421083827
55,53.00728379050293,85.0271485895002
55,53.0048949898076,85.01622386539307
55,53.01084884633243,85.02051302395941
55,53.013231472681035,85.00729406612854
55,53.01736578683004,85.02587818015148
55,53.01351127873166,85.01680526997781
55,53.01692956703317,85.00805828857463
55,53.00206699973901,85.01693914080086
55,53.00169088416943,85.02188835584369
55,53.02077697150895,85.02110158954197
55,53.01076185858382,85.02855634378237
55,53.00387262086004,85.00450207910836
55,53.01797223697687,85.02741023417215
55,53.008166505973925,85.00517168675437
55,53.01169996987296,85.01666260206287
55,52.99783710914999,85.01603864177206
55,53.01579506343963,85.0232160809234
55,53.01321285603737,85.01430172353722
55,53.01456783336534,85.02002719509493
55,53.006357540993086,85.01178554267584
55,53.0034206269301,85.01699592911314
55,53.008028567443176,85.01406357233053
55,53.01917377419333,85.01832032365303
55,53.00777399681601,85.02356662047342
55,53.01452971885994,85.00847235349305
55,53.00712401717263,85.0212164911152
55,53.008173152123454,85.01352109268964
55,53.01894607318981,85.01148168786364
55,53.009193708284045,85.01943947652579
55,53.00259715227639,85.02781986577031
55,53.00432845215187,85.02529175307626
55,53.00867454082235,85.02921136779764
55,53.00622574752284,85.01774527838063
55,53.0103307077066,85.02677956292625
55,53.01027046258603,85.01793272591611
55,53.005162236063875,85.02935423326915
55,52.998181817667735,85.01972768334494
55,53.01196339762346,85.01675614288912
55,53.012008021760636,85.01157702711569
55,53.01329544061046,85.01877154090148
55,53.00711150167171,85.00591718686914
55,53.01666762224044,85.00510083453554
55,53.00173310169048,85.02146418336227
55,53.014646690145895,85.0159475975283
55,52.9977601964734,85.02591312988018
55,53.00921720704084,85.01650159401811
55,53.012392000119696,85.01632114413508
55,53.01538340904077,85.00502720048935
55,53.0172683016684,85.02123641094397
55,53.006015412899835,85.00418320089413
55,53.00921720704084,85.01650159401811
55,52.99577474763745,85.01167327825972
55,53.0067895069337,85.00292921424027
55,53.019538396177154,85.02266828174348
55,52.99577474763745,85.01167327825972
55,53.023460060065574,85.01786999188575
55,53.00437011753348,85.02361780627837
55,53.014406690473464,85.01475402995567
55,53.0149919302657,85.01730261197297
55,53.01184042156215,85.01782033437368
55,53.002408553303276,85.01498835831018
55,53.000603463766005,85.0302158470838
55,53.00360769622885,85.02618656321275
55,53.01031376476594,85.02663438625723
55,53.005972490759554,85.00312236880077
55,52.99304444918894,85.01429353940881
55,53.01892607974153,85.02457876819108
55,53.00606219748918,85.0047035030093
55,53.003243615254135,85.00241930587205
55,53.018391905112985,85.02283211540686
57,53.01266578282617,84.97457962367864
57,53.007608315606504,84.98088646922072
57,53.00300995770769,84.9694782657227
57,52.99532023094084,84.99001743633514
57,52.990540540014585,84.98070129157972
57,52.99910924252342,84.9682637515061
57,53.005131417010666,84.97924041715565
57,53.014381408897755,84.9865793338209
57,52.99488264231143,84.98505450937938
57,53.00342045220043,84.97388567494889
57,52.9943767898943,84.97014012054906
57,53.00520662879033,84.99584919776015
57,53.01656477591758,84.9830954019736
57,52.9922041570333,84.99042563494577
57,53.00065377655787,84.99184528433265
57,53.018843770305274,84.97814907948377
57,53.001052256604424,84.98516689202731
57,53.014079188626404,84.98392845700324
57,52.99901506543278,84.97854654195775
57,52.99534403489349,84.97537067258452
57,53.00198965422091,84.99060523451512
57,53.00914709570442,84.98905652342758
57,52.99246111844799,84.97329937362808
57,53.0009117392979,84.99611103860255
57,52.997314174302474,84.98778010118525
57,52.99108779479235,84.97689621559459
57,53.00181257860075,84.97802087980563
57,53.008112987375995,84.98523466121829
57,52.995393114305344,84.9890699951276
57,53.017653473368306,84.98612092773145
57,53.00385404772104,84.98566615058958
57,52.994270625806905,84.98983349975633
57,53.006462680340725,84.98436586272778
57,53.0101058872254,84.98279600534516
57,53.00346852501023,84.97035886851494
57,53.00729301880989,84.98168427179179
57,53.013622276264925,84.96957088932618
57,53.00342471819235,84.96763734859432
57,52.99464157203187,84.99044567503582
57,53.000006831213035,84.98244056476506
57,52.99607857951645,84.97115066236766
57,53.01266578282617,84.97457962367864
57,52.99820753623044,84.98901657767182
57,52.9916069619626,84.97976585334793
57,52.99445597411606,84.99128195807047
57,53.00303655598883,84.97936626047229
57,52.998634914613774,84.9793763089111
57,53.00818135156761,84.99279646963275
57,52.990540540014585,84.98070129157972
57,53.00035530689655,84.97276731250452
57,53.00455020040009,84.97442810314112
57,53.008246582109756,84.96662769492058
57,53.02001738714601,84.98437678392791
57,53.004074615858464,84.99007545565283
57,53.00325693323249,84.9740251343611
57,53.00253045192633,84.98800452302972
57,53.01392082868543,84.97040911372126
57,53.00570264494215,84.97355012389343
57,53.01125680613542,84.9850133211532
57,53.006881774688964,84.96929103633802
57,52.99784528344212,84.98045610282531
57,53.00500832264605,84.9751497846987
57,52.99505655007049,84.97062673912106
57,53.01826722360363,84.97598524826579
57,52.99922038258434,84.98352105529972
57,53.00186369124946,84.97076517907864
57,53.01477850526542,84.97425877936766
57,52.99919753646867,84.97684183960136
57,53.001480892954625,84.96726483837573
57,53.005008147009704,84.99468682164107
57,53.01304928017014,84.9691218246638
57,53.00175332511316,84.97012298075882
57,52.992905985059345,84.98548852588826
57,53.005407567784125,84.96777372704257
57,53.00298775917161,84.97123942310326
57,52.99551849158915,84.99175275296105
57,53.007369989751304,84.98314371370265
57,53.00941130613975,84.96889585407739
58,53.00956070449495,85.02553412630331
58,53.00867454082235,85.02921136779764
58,53.02038627168957,85.01896632803407
58,53.00687644458681,85.00445620984075
58,53.00455098319388,85.02655181867246
58,53.012741481970195,85.02632606624334
58,53.00427790120368,85.02325083707511
58,53.00490091076218,85.01180989707034
58,53.004847605732635,85.00578552498273
58,53.00675111865735,85.0128510422507
58,53.010054153216544,85.01207664704815
58,53.00109568639491,85.02817195231681
58,53.01557579502551,85.02620342747599
58,53.00962151721584,85.0281868133053
58,53.010216454016025,85.02072529023991
58,53.01353493463279,85.01774384264641
58,53.0034008491059,85.0121024075634
58,53.01894956328998,85.0247690139534
58,52.99522881190246,85.00922634999175
58,52.99455330522275,85.0197409253996
58,53.01156420207371,85.02175311447834
58,53.01453073472042,85.0126797641777
58,53.01623209952589,85.01313999904752
58,53.00501105482801,85.03046240899788
58,53.00585103361591,85.02545532025664
58,53.02187316221889,85.01731618353837
58,53.01326923582742,85.01778720375292
58,53.005659548935846,85.01744275935322
58,53.00038628124099,85.0176282456604
58,53.01289358250192,85.02430636132452
58,53.006874344469374,85.00329253027188
58,52.99850767118729,85.00719178803057
58,53.01426585028212,85.01266515501088
58,53.01037552178088,85.01959418449404
58,53.014725295777225,85.02842000905403
58,53.02005487717618,85.0209770149811
58,53.01643434683801,85.01290782802585
58,53.01721758713743,85.02371903982511
58,53.009540506951666,85.0133916870981
58,53.0094546289184,85.0077013154803
58,53.00470722041693,85.00738379593106
58,53.010608418913,85.00881753199498
58,53.01754148986862,85.02286130091295
58,52.99654537430638,85.0178563188375
58,53.00833656209495,85.02266796388597
58,53.01201678011491,85.02466439015932
58,53.0112754512073,85.00600922554898
58,53.004457586119635,85.01587104016699
58,53.01622686089818,85.02541966515334
58,52.998163088210354,85.01416311392035
58,53.01329544061046,85.01877154090148
58,53.02130262051055,85.01595283794741
58,52.995267369291035,85.01145759903292
58,53.00748509321363,85.01565719117791
58,53.02119600823261,85.01703589445357
58,53.00691255455782,85.00869573338673
58,53.0034206269301,85.01699592911314
58,53.010763235984776,85.00730368537529
58,53.01479243676148,85.00934384306046
58,53.005659548935846,85.01744275935322
58,53.00502407970494,85.00915860085492
58,53.01416254584703,85.02922148331565
58,53.017319462032084,85.00597621963608
58,53.02021362915351,85.01340876538059
58,53.012730567447036,85.01443001563949
58,53.00689773151899,85.03164401896093
58,53.00284177118067,85.01333741569712
58,53.014868712847885,85.01453255167743
58,52.992979769628384,85.02187065951063
58,53.001450726603935,85.01103720719532
58,52.99582590192059,85.01968043455187
58,53.00753465330537,85.01238551496269
58,53.00865652782876,85.02534792532013
58,53.0181326564041,85.00548707656431
58,53.016021820301255,85.00474470254414
58,52.9994733760667,85.0135111342317
58,53.014406690473464,85.01475402995567
58,53.00426625433386,85.01589899836335
58,53.012741481970195,85.02632606624334
58,53.02085643434762,85.01302231553431
58,53.01069612748329,85.01345799016532
58,52.997275037591656,85.01393184086935
58,53.00018873063198,85.02125151083297
58,53.022529098047485,85.01565296061307
58,53.014482565507016,85.02255227260197
58,53.000751455542584,85.02232523488796
58,53.000867432250246,85.01522472584925
58,53.01810226753083,85.01554818324429
58,52.9961787450257,85.01333292173246
58,53.01339769555744,85.01937057708327
58,52.99692942835017,85.02778214525134
58,53.01571902331463,85.02924689048258
58,53.004334052241695,85.00346615648118
58,53.019873236606976,85.01926880826154
58,53.013175804607876,85.00317547962504
58,53.01539189872986,85.00547805544673
58,53.01444002539456,85.00792127941077
58,53.00494843920247,85.01995422366299
58,53.00185970362634,85.01679236139965
58,53.01367784756456,85.0057006775367
58,53.009323224228254,85.00849930364534
58,53.02224989759377,85.02456121118972
58,52.994942662197886,85.01224437742447
58,53.00629865173016,85.03120521692607
58,52.99652761779983,85.01880359178256
58,53.00139776770074,85.03158016407926
58,53.00414120650353,85.00922325304076
58,52.99623210591282,85.01604627602632
58,53.00901022497814,85.03164355875857
58,53.01622686089818,85.02541966515334
58,53.016258739753155,85.00773604442432
58,53.008920802373396,85.01357546958532
58,53.00006660846401,85.01445014553038
58,52.99552716637784,85.02501571015544
58,52.995564831390546,85.02426622146295
58,53.00574092259615,85.01931501624748
58,53.01389396252735,85.01876004691577
58,52.99750925149891,85.0273882595884
58,53.01565963938819,85.02947269000737
58,53.009033679715216,85.01322789895485
58,53.00527463037515,85.0267938205736
59,53.01761142656344,84.98711512611746
59,52.990871484275765,84.98540285872087
59,53.00791001182876,84.98476255500225
59,52.995393114305344,84.9890699951276
59,53.011439777229704,84.97192945649816
59,52.998534438216204,84.99230130617896
59,53.006489534219675,84.99108672025278
59,52.991847013896965,84.9797777104137
59,53.01553531639163,84.97195446274482
59,53.004690337235466,84.99194858639923
59,52.99385104560224,84.98167471301561
59,53.01955469650329,84.98176109408458
59,52.99415323991086,84.97508566390609
59,52.99575200095482,84.98738478793514
59,53.00851483700604,84.98389398137034
59,53.012298067196305,84.9747582406524
59,53.0045140049089,84.98552035422135
59,52.998016064076914,84.98190280975075
59,53.01414632954258,84.98332395119834
59,53.0148757217147,84.98025987047883
59,53.00534849265458,84.96797858846885
59,52.99588860513431,84.969720606609
59,53.01395863289577,84.97653950792503
59,52.99713735501442,84.97596253065873
59,53.01425092549869,84.97976646760503
59,52.99541427415042,84.99143140269399
59,52.99883051467689,84.98144370912564
59,52.999906709586256,84.99345868904393
59,53.00256392697795,84.99153227746602
59,52.995555855205446,84.97523620233783
59,53.00076014001648,84.9878477154919
59,53.01415269408654,84.97832237286923
59,52.99210672931217,84.98436696382204
59,52.99902048739233,84.98205235114999
59,52.9968274660242,84.98527478380728
59,52.99996237700696,84.98955940216985
59,53.00354834975244,84.969445668669
59,53.01189379793936,84.98333937740051
59,53.00214554087839,84.96863224869713
59,53.00218316852351,84.97859248956243
59,53.017414737511935,84.98967652389958
59,53.01820640894221,84.97467529917546
59,53.00279888603241,84.97888155770757
59,53.01457604926453,84.96955439098517
59,53.011439777229704,84.97192945649816
59,52.99702646518079,84.99013149930792
59,53.008638712573095,84.9781384580345
59,53.00030705575706,84.9744439149245
59,52.98959885053887,84.97933082109415
59,53.01829487940147,84.97393288845399
59,53.0112150592453,84.97102155913275
59,53.00931111669112,84.98932684622314
59,53.012661884512816,84.97860245423377
59,53.003831403690306,84.99293219838096
59,53.00967504420573,84.97984223647275
59,53.01466017840716,84.98488704961933
59,53.015006251377784,84.98402066415521
59,52.99337157002688,84.98885787491568
59,53.00883489262324,84.9806785599686
59,53.01254248134329,84.97599793852282
59,53.01535809011747,84.98540244761836
59,52.99825088273432,84.96790666530326
59,52.99659536829943,84.98612281191593
59,52.996970169199564,84.97745539154066
59,52.99657372885651,84.9695842636964
59,52.99080042949087,84.98452907122082
59,52.999395093848534,84.96888263201035
59,53.01142683095782,84.97785104194075
59,53.00545050649451,84.97312373829658
59,53.012056880694495,84.98209032387953
59,53.014712526011685,84.97768297853078
59,52.99269742855989,84.98125444372583
59,53.01600126436204,84.9841082600187
59,52.99425929158097,84.99004134588004
59,52.998954112686235,84.99228538289587
59,52.99297569080188,84.98103360632538
59,53.00721545195947,84.98820622557437
59,53.00972561072558,84.98342344070433
59,53.00531286351089,84.96549339247282
59,53.00551348935272,84.97662424087639
59,52.992754649349195,84.97802112024276
60,53.00979219590587,84.96904837450998
60,53.01416851978488,84.9860574652453
60,53.01592173122057,84.98981303942669
60,52.98979514710701,84.97845635939305
60,53.01654692029671,84.99118292094536
60,53.007261143111975,84.97579229258659
60,53.00607240491545,84.98696308916837
60,52.998519493754415,84.98825417408949
60,52.99398420358749,84.98146201099412
60,53.00189657679911,84.99560931301077
60,53.00366798732157,84.97505648159675
60,52.99467771139891,84.96938028731057
60,53.0124393892733,84.96741775067915
60,53.00669153882813,84.98341707434932
60,53.006929176448956,84.9961804820389
60,52.997462084604926,84.96951574471902
60,52.993354737817064,84.99050834149878
60,53.00346852501023,84.97035886851494
60,53.006973382828306,84.98482892791753
60,53.012827725227574,84.98349858310256
60,52.995573568222774,84.98933532704226
60,53.018691717012565,84.97902855146593
60,52.992362019671276,84.98186750722604
60,52.99749856535285,84.98099224652569
60,53.01420901960835,84.96843918201367
60,52.99218718187734,84.97476540958773
60,52.99584950998905,84.97803429709765
60,53.00519265784184,84.98634386913115
60,53.01414632954258,84.98332395119834
60,52.99922038258434,84.98352105529972
60,53.00492030454881,84.98428717501636
60,53.00402152949564,84.9722392594518
60,52.99737888835028,84.9817023218994
60,53.00750548914471,84.98713887293482
60,52.99276072638432,84.97948990621944
60,53.003919702757734,84.96693823168255
60,53.0051965309833,84.97353518668892
60,52.999402169528864,84.97142967825316
60,53.00176704613219,84.9674028417659
60,52.99796105579126,84.98138157245127
60,53.000048254016306,84.96892142227658
60,53.00030156452734,84.97290636303651
60,52.997741761420095,84.97448269921392
60,52.99702098213963,84.9760525932801
60,53.00478404436431,84.99400519506251
60,53.00872692612577,84.9951088440793
60,53.011819097097565,84.9886395457105
60,53.010415455098126,84.98591058874446
60,53.00769080214694,84.97906589765684
60,53.00635337144725,84.99271727726635
60,52.9943767898943,84.97014012054906
60,53.005313796478625,84.97504785771451
60,53.005496174303616,84.9877099076488
60,52.98996049461155,84.98160785364193
60,52.99650658358561,84.97847428448544
60,52.999877114866784,84.99295948245403
60,52.99643503152035,84.98179934192238
61,53.02402676014127,85.01221254163124
61,53.001768171163704,85.00194490880143
61,53.01876844754014,84.98644124835998
61,53.00938376510453,84.99933460662699
61,53.0181544574177,84.98668499080418
61,53.00471737097506,85.00029383118145
61,53.02795384558873,84.9957737584068
61,53.01364603451398,84.99674556003467
61,53.01793427400569,85.00247660263047
61,53.014090403508604,85.01544481191797
61,53.02341985020287,85.00521165406622
61,53.005696671742264,85.00641138003698
61,53.02611274410199,85.00265530359789
61,53.01596036906599,85.0062513919822
61,53.01576254478584,85.00829357862355
61,53.017319456181646,85.01181601331712
61,53.01337728031626,85.00323425046759
61,53.017634638623434,84.99827648381438
61,53.007122042703,84.98752082288306
61,53.0177300121219,85.00261565244894
61,53.01162625292261,84.99794083821412
61,53.00981540365786,85.00329923253156
61,53.00862712569256,84.99468193260857
61,53.02724928169052,84.99942170692673
61,53.00971272071341,84.9977802338455
61,53.010161274755205,85.00921587789114
61,53.00635337144725,84.99271727726635
61,53.02724928169052,84.99942170692673
61,53.015493844156694,84.98656259349032
61,53.01340990436546,85.01305373690946
61,53.022959269024994,85.00686617869646
61,53.0099089588662,84.9884412198379
61,53.01366423404683,85.00280545316684
61,53.019599351645276,84.99719994045546
61,53.01227807663796,85.01012618143001
61,53.02202409342165,85.01073654477615
61,53.00900058615164,85.0115027496443
61,53.008916465684585,85.01114595357464
61,53.019079430622476,85.01328893172415
61,53.0270689002507,84.99350262814588
61,53.00394668819729,84.99118057786708
61,53.020427699827074,85.00867528707302
61,53.012195045372856,85.00441145268717
61,53.01318966643472,84.99485757026318
61,53.0067772694103,85.00501231397703
61,53.0242729260109,84.99740820480709
61,53.029605923561,85.00213812204318
61,53.020949941605394,84.99744954695312
61,53.00731193867963,85.01299647264365
61,53.00255252712304,84.99308952009457
61,53.012495616770835,84.99370712612165
61,53.00633585018602,84.9974803635668
61,53.027538545755256,85.00059228441566
61,53.011601569873605,84.9889180184391
61,53.010990780436295,85.0126189130109
61,53.014323560715376,85.00597531501943
61,53.01546162718063,85.00403115666786
61,53.00844234438788,84.9989886829446
61,53.02211245813926,84.98685302573497
61,53.018228127743704,84.99976706345362
61,53.015354778298956,85.01277398887714
61,53.004380014248014,85.0094782733913
61,53.01648772048217,84.99370676053371
61,53.0267153744328,84.99773495042609
61,53.02271836746821,85.01062469050427
61,53.001119515944225,84.99982679106567
61,53.002380512170895,85.00122238755179
61,53.0273818433335,84.99475199861446
61,53.006412662104196,84.99947777492632
61,53.01337231685737,85.01085266408101
61,53.01513947319617,85.01279513120697
61,53.01923280456959,85.00913196864276
61,53.004920149309434,84.99302016702086
61,53.02910504468464,84.99556232572127
61,53.02296815171727,84.9997014330259
61,53.00929869553381,85.00554226655593
61,53.02343358234802,84.98856816501011
61,53.029193673085764,85.00082142773634
61,53.01472915950028,84.99333292613666
61,53.021710584277656,85.00490347908203
61,53.01673622449341,84.99172323109039
61,53.02236561286037,85.0145029127308
61,53.01738628566409,85.00274892986258
61,53.00977521175807,85.00929562157248
61,53.0040014402195,84.9961915177512
61,53.014492267949365,84.99920923768344
61,53.00390822226438,84.99085033320037
61,53.02918953698671,84.99961799001018
61,53.02518042222225,84.99458638198986
61,53.002705060876416,84.99457564348349
61,53.00456436763141,84.99649334453866
61,53.02312950872489,85.00367547541757
61,53.01088478452796,85.00120521325907
61,53.02323187434234,85.00447218125136
61,53.01980569507076,85.00194800685321
61,53.01665850822288,84.99357437041927
61,53.00707122031344,85.00512015614987
61,53.012827157866,84.98728765976053
61,53.019508068598434,85.00078182964896
61,53.01894342721478,85.01245216745913
61,53.01876159662097,85.0148619050262
61,53.00151592268034,84.99875542371224
61,53.00700676708447,85.00328618417102
61,53.02818540568172,84.9956435389143
61,53.008554837619435,85.00515411410873
62,53.01019047449199,84.98583027222882
62,53.00120572974185,84.9731211964316
62,53.00660750342756,84.9707532850752
62,53.00099299973822,84.97947590697721
62,53.0000775764221,84.99281639239362
62,53.00493697196715,84.98348967980837
62,53.007257762209115,84.98890127227317
62,53.007139100786155,84.99005965878396
62,53.0073053978177,84.97937948198961
62,53.002030871946495,84.98883591088855
62,53.00274718416949,84.99539598525928
62,52.998925739648044,84.98536768278382
62,53.00017841949353,84.97400402780585
62,53.00105877568596,84.98156644890503
62,53.00093161981427,84.96710715327961
62,53.016903373231195,84.97652549763691
62,53.004184726014785,84.99193655419555
62,53.016634667812156,84.9778074035191
62,53.01911449426,84.97454200011178
62,52.99793088244685,84.97882129174374
62,53.00245313503509,84.96793849413385
62,52.990456043385734,84.97579767098817
62,53.001025687330475,84.985689662399
62,53.00858134889417,84.9871274435587
62,53.000282484148876,84.97782194281177
62,53.00331943143511,84.97551109475332
62,53.00068841761028,84.98467081851595
62,53.005075219408944,84.98825848767439
62,53.00110867395877,84.9917714727075
62,52.99044432622983,84.98620896259027
62,53.012469596572004,84.98887222827581
62,53.00042894529189,84.9744279349299
62,53.01356079866901,84.98294409459447
62,53.01525758069913,84.97710621924007
62,53.01624934711913,84.98667718645218
62,53.00178904629741,84.99540631232554
62,52.991428808881246,84.97403245147629
62,53.00423207648652,84.97640279566616
62,52.99959318472127,84.97562240899529
62,53.02032032309072,84.98080553346357
62,53.0052610423389,84.98543707913831
62,53.00782889856717,84.96743630832718
62,53.00257890024054,84.9806334415204
62,52.99511990255932,84.97944027601375
62,52.99276072638432,84.97948990621944
62,53.016302719750385,84.98595833716122
62,53.01084985188573,84.99091915326241
62,52.998534438216204,84.99230130617896
62,53.00260569269646,84.98486204900932
62,53.00193103344854,84.98166422752712
62,53.00364465187397,84.98551927270553
62,53.010145232301504,84.98805283261707
62,52.99780401011738,84.96697247409239
62,53.01053692047616,84.98609873920753
62,53.004379729501764,84.99066268576881
62,52.99226561060318,84.98002949596665
62,53.01114331930458,84.99028348153598
62,53.01184700317466,84.97235965552551
62,52.993805957737976,84.98942109771706
62,53.013341636651745,84.9921203845254
62,53.008709143457224,84.97677374819037
62,52.99190536449636,84.98704000782938
62,53.01001955381751,84.9721618433078
62,52.99491021560729,84.97794042625362
62,53.01518440961118,84.97241081300602
62,53.01037772976081,84.9745491140667
62,52.997431256875174,84.97995325438553
62,52.996725050500714,84.97631579240873
62,52.996725050500714,84.97631579240873
62,53.00002061857571,84.97135840872583
62,53.01884336508122,84.98697081167394
62,53.01119837046097,84.99109543978585
62,53.00115581527994,84.9803457015306
62,53.009109492522505,84.966751492073
62,53.00233817306077,84.99221052007923
62,53.00818599331939,84.9925928836044
62,53.01142683095782,84.97785104194075
62,52.99908589937129,84.96654902787911
62,53.00696230132734,84.98754176809307
62,52.990802448737256,84.98709813449531
62,52.99940774362243,84.99307873088009
62,52.998087216046216,84.99213468099308
62,53.00822427248165,84.97806505150825
62,53.01255718492043,84.97073523589196
62,52.99734155418683,84.99393996009398
62,53.00305033472939,84.9863932489177
62,53.00692210159695,84.99331085452435
62,53.00010632935272,84.99408731635984
62,52.99848845198352,84.99070220552963
62,53.00044928394474,84.96610858276469
62,53.0135181396692,84.97420814238525
62,53.015493844156694,84.98656259349032
62,52.99657372885651,84.9695842636964
62,53.01349850767026,84.98806938867682
62,53.017302936106965,84.98916255106587
62,53.014283398809866,84.99218739386833
62,53.008709143457224,84.97677374819037
62,52.99235020250631,84.97867987890056
62,53.01374449871798,84.98376316283009
62,53.013175561105164,84.97930133170173
62,53.00680736478161,84.98163414419766
62,52.99922638292575,84.98402091254343
62,53.0000566077684,84.97614704252905
62,52.99554006075038,84.97824551290876
62,53.014608550895495,84.9829481753692
62,53.015130594743276,84.97867271173406
62,53.00718450734194,84.98773336063569
62,52.991998925506124,84.97717778426349
62,53.00677427980596,84.97311165188943
62,53.005173011660844,84.99290659664898
62,53.01668964548304,84.97340889990247
62,52.996391994134825,84.99004732475657
62,52.993585673137204,84.97780588484402
64,52.993585673137204,84.97780588484402
64,53.01088787131144,84.9733019314635
64,52.99144242959982,84.98777648050725
64,53.011850020959685,84.97006675718617
64,53.00265891873782,84.98384922346705
64,53.0112581862495,84.9775191680704
64,53.00685725696995,84.98329056457192
64,52.998106113301624,84.97516450802216
64,53.019750364179856,84.9772618951608
64,53.00729301880989,84.98168427179179
64,53.004179572210965,84.98846169019465
64,52.99251648159136,84.98858577182588
64,53.014463516809805,84.97610550584137
64,53.018308177532795,84.97510769149139
64,53.01797822959325,84.97370815367297
64,53.01500205301468,84.99172829909855
64,53.00559487377114,84.98120720402983
64,52.999279043227155,84.9957011987515
64,53.002990482711304,84.98007733647742
64,53.00193810165283,84.99566411844202
64,52.99297569080188,84.98103360632538
64,52.998034995210745,84.98859457471877
64,53.01152646276041,84.98024141866539
64,52.99142266299046,84.982090323465
64,52.99749856535285,84.98099224652569
64,53.00165196761873,84.9912567751065
64,53.00106465167538,84.98383714191485
64,52.99790667808842,84.9759002018588
64,53.002737517037666,84.99477416786318
64,52.99805860697722,84.98760614073906
64,52.99280477732985,84.97740914580919
64,53.01997316373397,84.977447217589
64,52.99519313016697,84.97352377467972
64,53.00162833429455,84.97963144198087
64,52.99417876419901,84.9909070305607
64,52.9997067825246,84.99543395713273
64,53.01911449426,84.97454200011178
64,53.00342041182934,84.9694328200338
64,53.004356144949895,84.99062022313001
64,53.002836451884335,84.98493855847094
64,53.01017311470689,84.96684562924825
64,53.005567772722195,84.97914399335664
64,53.00046348273086,84.98855560675153
64,52.9971380568797,84.97174992676366
64,52.995686261896736,84.98019773034736
64,53.009561693004194,84.96934934077898
64,53.015307138190515,84.98232719990818
64,52.99743190400528,84.9837836650819
64,53.00667988408515,84.97463585661124
64,53.01244653810813,84.994045521868
64,53.01666988894976,84.98238431156875
64,52.99364063697824,84.98098647197567
64,52.99161287189413,84.97844433049347
64,52.99178445177114,84.98441330374388
64,53.01491230165519,84.992553588171
64,52.99394480410372,84.97193241609389
64,53.00885106513284,84.99221937820926
64,53.01284219740474,84.96978733579175
64,53.00665302673704,84.98122871280853
64,53.00298775917161,84.97123942310326
64,53.006525576775154,84.9715237524628
64,52.99790667808842,84.9759002018588
64,53.01466251523862,84.97494161383166
64,52.995890153175324,84.99172252797737
64,52.99337157002688,84.98885787491568
64,53.01333529835073,84.98736974886606
64,53.01774899395049,84.97257708827988
64,53.006881774688964,84.96929103633802
64,53.01198988167563,84.98947439802261
64,53.004861239189594,84.97770858024471
64,53.01143597203793,84.96934020191989
64,53.007075541067515,84.98061837359253
64,53.0111482810143,84.97166323204814
64,52.996549145922025,84.97196935344944
64,52.99556574588299,84.96971008387591
64,53.010945847737155,84.97021572432519
64,53.01206321980546,84.97363263680879
64,53.00800545596881,84.98719203525401
64,53.014570570823366,84.9789597340872
64,53.007991384522484,84.97414052424135
64,53.01578951308893,84.98466290388646
64,52.993973337747285,84.97068958499749
64,52.995176547820286,84.9892037223264
65,52.99849664321814,84.97016283262661
65,53.006953475820545,84.98147365001432
65,53.0077407939,84.96947953901677
65,53.00980669821764,84.9930117691857
65,52.996425155881894,84.98542912396485
65,53.00052526010759,84.98686500683765
65,53.00229290132953,84.96734862177924
65,53.00436469051519,84.97725781666836
65,53.009857633247506,84.98763128704503
65,53.00562329132141,84.99146815862508
65,53.005797516465016,84.98456004735519
65,52.993481327862085,84.97226119047752
65,53.001296882194985,84.9661755125848
65,53.01299520451762,84.98202102923209
65,52.99902048739233,84.98205235114999
65,52.994575651500845,84.98966072088494
65,53.012215739144835,84.99229690473655
65,53.00566486566451,84.96945387818012
65,53.002625133529214,84.99293835656009
65,52.99766298625538,84.97635278134086
65,53.0166008776345,84.978816238338
65,52.993319115585486,84.97129620448715
65,53.012716088948046,84.97900122650856
65,53.0117017871819,84.98587636543556
65,53.0079222645251,84.97404644569174
65,53.003270790918556,84.99247997403438
65,52.996831893025885,84.96854740349251
65,53.00645478059538,84.99046368607549
65,53.01086644010935,84.98399186506627
65,53.0143084275021,84.98247398642339
65,53.0177249689127,84.98276207201167
65,53.01667314281955,84.97482765291555
65,52.99515212130407,84.99289649974111
65,52.99784282251163,84.98960086093174
65,53.001172236060995,84.9854812674169
65,53.016237830153486,84.99090451997903
65,53.0101058872254,84.98279600534516
65,52.992754649349195,84.97802112024276
65,52.99942351145981,84.97832004025001
65,52.9948499070072,84.98878391767556
65,52.99735239071021,84.9756512932538
65,53.007398259949106,84.98737243685038
65,53.00906952430602,84.97735471920143
65,53.00907534307031,84.98401222840347
65,53.0127075212267,84.98878915560955
65,53.006881878953045,84.9820580277654
65,52.99825920489576,84.9829284674616
65,53.00784478059358,84.99059216730559
65,53.00206305634924,84.97266634644278
65,53.008591523415106,84.97541466054447
65,53.0065910613631,84.9820892663657
65,52.99757664470284,84.98282560061305
65,53.00951555597285,84.96655271959492
65,53.00672125388683,84.99241799889535
65,53.015633090764474,84.97308665198969
65,53.00746613276472,84.9719517680626
65,52.99575200095482,84.98738478793514
65,53.002737517037666,84.99477416786318
65,53.00448076809469,84.99284461007589
65,53.00873118402119,84.9874485396712
65,53.01470634788945,84.99058525107685
65,52.99506417562253,84.98927839711247
65,53.01966334753253,84.97717804550031
65,53.00663668039029,84.98353281736836
65,53.01979612714641,84.9833853097059
65,53.00580284233257,84.9867412034886
65,53.0069660966449,84.98584983977284
65,52.99144242959982,84.98777648050725
65,52.99895061681943,84.97654986564146
65,52.99090630000623,84.98218392247759
65,53.01669046780109,84.97906472505045
65,52.99346088941806,84.97649005327608
65,52.99774624510147,84.97069011853239
65,53.00342471819235,84.96763734859432
65,52.996126393694034,84.9887088984372
65,53.01189379793936,84.98333937740051
65,53.00041059873261,84.97466788135289
65,53.00861659208984,84.98773943829828
65,53.00261836559749,84.99349394087501
65,53.00748667701449,84.9871533868539
65,53.01100178599864,84.98814971253506
65,53.01138496903411,84.97030287027546
65,53.01664917389025,84.97341494266766
65,53.00309223897749,84.97772107512287
65,53.013232031130386,84.97819255806506
65,53.00800265659518,84.96775514019167
65,52.99796105579126,84.98138157245127
65,53.01950459231183,84.97684349817337
65,52.99209189494489,84.9806504637878
65,53.01778165683338,84.97501491949458
65,53.01338065261851,84.98016006403128
65,53.01451459189547,84.96931368901251
65,53.0098808094473,84.97582198465538
66,53.00086457091652,84.99271563002208
66,52.99423296082765,84.98877330294623
66,53.00893313336509,84.98828408301728
66,53.01809046793302,84.98534830824316
66,53.01842361479693,84.97973692737465
66,53.018307680494544,84.98271187060051
66,53.00075246457732,84.98254607994619
66,53.006953475820545,84.98147365001432
66,52.99749238185676,84.96782260820817
66,53.00401903778777,84.98485887543076
66,53.009826422217756,84.98127457989861
66,53.00684901657619,84.98049772952871
66,53.01690819561158,84.98588707116706
66,53.004920857001075,84.99545941259984
66,52.997998811297784,84.9846092884252
66,53.01344081395004,84.97855646819505
66,52.98970545666037,84.98075826164633
66,53.00424488481343,84.97062540139461
66,53.01228640730088,84.99186043546611
66,53.010221316860424,84.9844459952619
66,52.99865481198881,84.97425890977455
66,53.01058324909228,84.99407948010466
66,53.017576713961084,84.98777305493469
66,53.00501726119969,84.97325352611759
66,53.00309723475963,84.96906499121486
66,52.997451191300804,84.98150447954504
66,52.995898574500075,84.98111643065786
66,52.9976815518791,84.9949893837704
66,53.00547672006093,84.98565064034148
66,53.00144615251822,84.9673284518914
66,53.015543466583416,84.98966063311849
66,52.999877114866784,84.99295948245403
66,53.003168105942855,84.98271166307272
66,53.00896929925576,84.98700824695979
66,53.00778689483516,84.97865087230498
66,53.01512031708374,84.97757774299517
66,53.00332012966202,84.97589451871278
66,52.99445597411606,84.99128195807047
66,52.98941512684248,84.98296576651197
66,52.99749516703754,84.97006157305613
66,53.015032799472,84.96960629223416
66,53.007933189261706,84.99368151318731
66,53.01820565527493,84.97982277061719
66,53.00493697196715,84.98348967980837
66,53.01218071793447,84.97486312413129
66,53.00492443706809,84.99532487965404
66,53.0112150592453,84.97102155913275
66,53.003845726771566,84.9722762252944
66,52.99849664321814,84.97016283262661
66,53.00308221205237,84.98270354660171
66,52.99045802653183,84.98493862277591
66,53.00305033472939,84.9863932489177
66,52.99874824304363,84.98214745095892
66,53.006813761369294,84.980244925897
66,53.00288447610586,84.97636077364768
66,53.00494785363147,84.99576018353798
66,52.992597681528444,84.97244464041378
66,53.002668522139146,84.98585561613889
66,53.00489045703036,84.99137131558149
66,53.016634667812156,84.9778074035191
66,52.99837469366195,84.99152206075705
66,53.01678129770386,84.9722884515004
66,52.99197982549732,84.97558456224775
68,52.99298889485215,84.97080973493978
68,53.003778846535035,84.9876731654443
68,53.01998239659104,84.98003554603741
68,53.00040025866581,84.96891050566005
68,52.999161487101304,84.98057406383992
68,52.99604699200961,84.97913540556799
68,53.002281345282526,84.99386376716531
68,53.005059815505696,84.99536735708014
68,53.01017470045324,84.98051023998575
68,53.008591523415106,84.97541466054447
68,53.001987990734136,84.98403993380882
68,53.00960848815358,84.96759059760375
68,53.014210995034915,84.96964116797861
68,53.006977089202486,84.97125268285936
68,53.00855746773338,84.98916041905252
68,52.99871400443545,84.98553394489275
68,52.99810409603012,84.96891102867318
68,53.00992037649848,84.9913059696795
68,53.00456436763141,84.99649334453866
68,53.00864461452572,84.97053488073593
68,53.00489045894502,84.9761524826047
68,53.00214554087839,84.96863224869713
68,53.009644907376384,84.97521330276055
68,52.99764293701681,84.97567823716511
68,53.0118782092499,84.96897134583455
68,52.996901228620096,84.97230066954047
68,53.00895185170998,84.9876308286901
68,52.99352611551526,84.98733414215631
68,53.00390608740506,84.97242872529878
68,53.01639787375045,84.98114300989131
68,53.00871756967182,84.99066016834708
68,53.0045140049089,84.98552035422135
68,52.99464157203187,84.99044567503582
68,53.00594219194992,84.96654209436096
68,53.00597938095246,84.97943970746212
68,53.00439592326261,84.99417173991968
68,53.00913975621653,84.97010255755845
68,52.99105841012394,84.97402255239206
68,52.99287793323255,84.98805276544398
68,52.993878660763116,84.98644029850502
68,53.010811643516426,84.97970342171489
68,52.990053836030555,84.97903742881265
68,53.01059330705026,84.96902359246593
68,53.008423966906086,84.98670119546837
68,53.00554845198537,84.98643434354872
68,53.00030705575706,84.9744439149245
68,53.00437118642006,84.98795720936404
68,53.01359492239922,84.97070272120338
68,53.0143084275021,84.98247398642339
68,52.99877124928323,84.97101306867012
68,53.013409810373034,84.99317270454668
68,53.017419712049744,84.98949243800521
68,53.00217092434877,84.96912006686355
68,52.99795735441895,84.97736773205264
68,53.00414783295449,84.98291912627225
68,53.00524013979832,84.97326466281015
68,53.01409141873365,84.97361360691616
68,52.99088123231905,84.98471242511323
68,53.00666398215845,84.96554563670189
68,53.004619705532185,84.97696516839264
68,52.9976815518791,84.9949893837704
68,52.99579094915882,84.98072980231512
68,53.00945594247706,84.9750030326728
68,53.01204634983218,84.98113431378736
68,53.01681333079891,84.98701838605231
68,53.00422804417126,84.9660226207384
68,53.01538411166393,84.97876976862513
68,52.995298427095086,84.97395244010741
68,52.995506350931535,84.98062102670966
68,53.0166008776345,84.978816238338
68,53.002090829833485,84.97776366586827
68,52.994064490669196,84.98248815463403
68,52.999230948946014,84.99058529860561
68,53.000024886858554,84.98295976826084
68,53.01330497084809,84.97030109780458
68,53.005551648511684,84.97611624728341
68,53.01246278625819,84.98674117162211
68,52.99511990255932,84.97944027601375
68,53.00192812290631,84.9860513647562
68,53.01966334753253,84.97717804550031
68,53.009917994430445,84.98064404019843
68,52.991342578159234,84.98407281098523
68,53.01088787131144,84.9733019314635
68,53.00911683047298,84.9954148838617
68,52.997822544488265,84.97779832223557
68,53.00685023841097,84.9657216092826
68,53.00273663256316,84.9953996510663
68,52.99686569455807,84.98110043772046
68,53.018282680049694,84.9747280235525
68,53.00459821913822,84.99453585952175
68,53.01168772340966,84.98121120527118
68,53.009857633247506,84.98763128704503
68,53.007832152096626,84.99047766901744
69,53.00571479743127,84.99438587920415
69,53.015275761713575,85.00019287230799
69,53.01237965346543,85.00677845663719
69,53.02515575431366,84.99233375177221
69,53.011368699888976,85.01352471663053
69,53.00884602074728,84.99400415033872
69,53.018274298348665,85.0084227204111
69,53.005509188171445,84.99277043771588
69,53.003575765013444,85.00495132956027
69,53.02315884678015,84.99339875790378
69,53.024922855735966,85.00179110714768
69,53.021723112198636,84.99156136342599
69,53.02200659343356,85.00932335227945
69,53.019819052601314,84.9907304079098
69,53.02232755028083,85.0019052715462
69,53.02683402417025,85.00476449787956
69,53.01881852066014,84.99539349568231
69,53.017936296696334,84.99694555085593
69,53.030151611048346,85.00069503364894
69,53.01495593601248,84.99898500731204
69,53.00830886214654,85.01190204869688
69,53.02617605297491,84.9987755627887
69,53.017979189488784,84.98681112223315
69,53.01940007712226,84.9879002340223
69,53.0139383807743,84.98527658720666
69,53.02619721960384,84.99265287661011
69,53.02115101769981,84.99630311018345
69,53.00011001810131,85.00216075849242
69,53.012741848955436,84.99256263427544
69,53.017976006414735,85.01510596967641
69,53.025983394650844,85.00121048612462
69,53.028794645984206,85.00777237674976
69,53.018300173909324,85.00820331775846
69,53.010285130747114,84.99893546115713
69,53.01379772706097,85.01373712334663
69,53.02513022794766,85.01029436555469
69,53.004801238058015,84.99459354397851
69,53.00781756131882,84.99032170885448
69,53.022691029631034,85.00621101182578
71,53.00068701635437,85.03043514450445
71,53.02206889425476,85.01340875476093
71,52.9988609379548,85.02729983209287
71,53.00709342507108,85.0126673320731
71,53.020452450072796,85.01408291289721
71,53.01024575232593,85.00719233872712
71,53.015367883134886,85.01131307820968
71,53.01217955156086,85.02919973739637
71,53.00822623248034,85.01299232237355
71,53.01229816824641,85.0206118930514
71,53.00641979631813,85.0108738429432
71,53.00425955129917,85.0099933590501
71,53.00561391229226,85.01513737900794
71,53.00102672395487,85.01863805279551
71,53.00801203573591,85.02168320098788
71,53.010384884946696,85.00685091376462
71,52.99963914741269,85.02157419990156
71,53.01168190494799,85.00677550493343
71,53.01644557580068,85.01439650475952
71,53.01606951043097,85.01874987182583
71,53.00315219592686,85.00449223086072
71,52.99941513303305,85.02876753067414
71,53.00968705646043,85.01864879758023
71,53.01042663602415,85.02470166781788
71,53.00755764379267,85.02596125364352
71,53.006013658140866,85.01579387711854
71,53.02027187065229,85.01624935790099
71,53.01306072395477,85.01641296016729
71,53.0093178114468,85.03238099085034
71,53.00426896182741,85.0137208599207
71,53.003360597201265,85.00638113089516
71,53.023460060065574,85.01786999188575
71,53.02064848077719,85.02040574175771
71,52.99959335034603,85.01725525971743
71,53.00795390247377,85.01855689630796
71,53.00424434421632,85.017593751492
71,53.01043643517873,85.01248980819344
71,53.001767177578095,85.0131277819052
71,53.00155975014461,85.0124223995406
71,52.99996286711487,85.02648232650266
71,53.005227137177954,85.01652655650868
71,53.021772195768236,85.01242800549008
71,53.00494949948344,85.01126336901528
71,53.01669415491915,85.02093570545219
71,53.00709987921628,85.01170048927075
71,53.01156300644964,85.01718964680126
71,53.00731193867963,85.01299647264365
71,53.01189409015192,85.00454596346881
71,53.013238665525506,85.02147374173644
71,52.999063882853214,85.01161789710973
71,53.00281180315903,85.00663061027959
71,53.00259328258096,85.02823056573526
71,53.00587869104558,85.01421911473702
71,53.00374468794737,85.01832057372674
71,53.01034336164577,85.02883394365834
71,53.012120926575484,85.02418327232955
71,53.00697762792349,85.0245647108375
71,53.011368699888976,85.01352471663053
71,53.018619801597985,85.02162262300584
71,53.01232429383098,85.01539197873628
71,53.00075871099093,85.00520267968899
71,52.99972221612167,85.01977634401024
71,52.996702136335315,85.01020935351835
71,53.01248953820311,85.02567776883284
71,53.02206889425476,85.01340875476093
71,53.011220242576776,85.02045419023653
71,53.00888620600011,85.01016640182758
71,53.01533412030488,85.00712349533275
71,53.00763839547909,85.00722178755515
71,53.00717384066814,85.01913262278268
71,53.000301453944445,85.01859507875945
71,53.01446595987308,85.00925680722354
71,53.01443655133031,85.01054552231648
71,53.00201264250587,85.0082962075174
71,53.00276588158301,85.0241999014386
71,53.003154716381765,85.0105231667894
71,53.011457516878785,85.03022112331615
71,52.994676254799785,85.01543176930463
71,53.00262945652808,85.01332136596777
71,53.01542895877922,85.02511654290886
71,53.00783289392782,85.01399051848949
71,53.001303906986664,85.00669085822787
71,53.017622972116406,85.0079685547237
71,52.998731878923294,85.01434998115997
71,53.004198698359595,85.01136837596141
72,53.010963644509616,84.98708815900036
72,53.00901985035858,84.99226699902601
72,53.02861540848337,84.99657255704587
72,53.02611024566986,85.00827504462039
72,53.01030698872296,85.01189109085789
72,53.024507507932576,85.00582546699833
72,53.00963516578867,84.98758364430341
72,52.99990574729439,84.9970468408112
72,53.00831088881765,85.00327762733339
72,53.02846774529855,84.99345301035956
72,53.012090365019695,84.99733117598657
72,53.023439347771294,85.00293661148649
72,53.02524343643275,85.00458252845715
72,53.017660682660214,84.99587636801132
72,53.00405395652463,85.01158982444626
72,53.01321015331524,84.99457684666469
72,53.007243643572615,85.00542317352141
72,53.01645063816762,85.00227474428215
72,53.007661429590186,85.00361057400667
72,53.00767931909063,85.00006015789086
72,53.00926604206894,85.01065786290735
72,53.00784723361255,84.9949097848337
72,53.00899111963102,85.0070877134123
72,53.014915557285676,84.99773062187252
72,53.014658233924656,84.98769763027853
72,53.00102212038262,85.00527959782701
72,53.012998320640484,85.00154883409219
72,53.00404107434674,84.99981783932554
72,53.00428003304359,85.00795079338778
72,53.02777492872985,85.0074714591786
72,53.007991390546096,84.99771624706962
72,53.00695837998806,85.00820845426541
72,53.01838154551814,84.9983451217315
72,53.01548504615286,85.00311873391618
72,53.00861485360518,85.00719914430366
72,53.019369798715566,84.99293744118819
72,53.019956231154396,84.989454985306
72,53.02456832852398,85.00811803093039
72,53.01026475384765,84.9875713989349
72,53.00387262086004,85.00450207910836
72,53.02292288798357,85.00177386475963
72,53.01148909498828,85.00291047316065
72,53.01724108944009,84.998264755738
72,53.015275761713575,85.00019287230799
72,53.02122298881045,85.00635035731362
72,53.00062900614704,85.00155024239113
72,53.00630350366394,85.01175968918977
72,53.01010294829685,84.99670801136376
72,53.025674289437184,85.00306773891255
72,53.009160766047785,85.00067962492321
72,53.00726582903214,85.00341004327991
72,53.00696230132734,84.98754176809307
72,53.02229329297383,84.99670566137237
72,53.007984455033395,84.98880657513547
72,53.017050689715376,84.9857406217113
72,53.0151883980652,84.99339635637658
72,53.02229840676483,85.0052560448855
72,53.01854016379709,84.99757125689423
72,53.021600144600704,84.98946004302826
72,53.00948588496987,85.00311289528047
72,53.02318445593245,84.99523368051027
72,53.02921727190729,85.00136215629207
72,53.017480515716606,85.00672053801355
72,53.02649561862869,84.9918194040813
72,53.00923122673249,85.00436323799552
72,53.014117199592405,85.01559369401811
72,53.01956877916877,84.99751941260209
72,53.013231472681035,85.00729406612854
72,53.005827896629725,84.99410594722492
72,53.01813359039193,85.00368795802532
72,53.023296123973275,85.00437977696508
72,53.01173354669744,85.00805199599193
72,53.017754376986794,84.99696575120494
72,53.02680909089453,85.00441854692991
72,53.029195330712184,84.99564412225044
72,53.0132014209765,84.99743359993164
72,53.00718201120871,85.00431097533337
72,53.01535809011747,84.98540244761836
72,53.01219491223214,84.99695745205642
72,53.01139713166876,84.9966463385983
72,53.02045346817367,85.00338420705428
72,53.020533883516464,85.00565348387453
72,53.02632300372329,84.99119925818499
72,53.0108434388082,85.01142782009846
72,53.00332936272139,84.99646536710492
72,53.01970926144184,85.00636413110419
72,53.0180670462919,84.9992753907568
72,53.00566424094044,85.00382020967066
73,53.01231121410626,85.0136773056537
73,53.0200171911352,85.01232516368036
73,53.02084736519932,84.99540660027668
73,53.00130044365989,84.99356987426589
73,53.00743116187396,85.01128551170973
73,53.02826538535199,84.99431655127815
73,53.01140065126696,84.9958675493811
73,53.00250422734468,84.99332190296289
73,53.01813359039193,85.00368795802532
73,53.00459821913822,84.99453585952175
73,53.02566162200342,84.99347782421103
73,53.00911683047298,84.9954148838617
73,53.02617605297491,84.9987755627887
73,53.00082796545041,85.00467736601982
73,53.022227287033786,84.98825494794305
73,53.015699364623906,85.01257490169316
73,53.019514872310204,84.990662925525
73,53.00411036862853,85.00049932098528
73,53.00814167632271,85.00442954732144
73,53.01658985046821,85.00967536546415
73,53.019819052601314,84.9907304079098
73,53.00927339217071,85.00027013429538
73,53.01421143729168,85.0057117068134
73,53.02753923035959,84.99729621796193
73,53.01924505747369,84.98814722102095
73,53.01375520474147,84.98667530463021
73,53.01830128540069,84.99950288627711
73,53.01681528160289,84.98935293366353
73,53.00525924466262,84.99733201656389
73,53.0058424343349,85.00385026285265
73,53.01053692047616,84.98609873920753
73,53.00805674601304,84.99696618317759
73,53.01641673303943,85.00694861487752
73,53.010933050775876,85.01316967027391
73,53.0260373956506,85.00223309744325
73,53.0192342411223,84.99793727146323
73,53.00912170226617,85.0121632311514
73,53.010160680342,85.00563291267822
74,53.00999598508611,85.02827197488983
74,53.009037467433075,85.00684858129013
74,53.01614174061778,85.02285719430888
74,53.01128938620675,85.00577684413328
74,53.010236581994555,85.01561766039326
74,53.000807815125114,85.02241255908818
74,53.01596036906599,85.0062513919822
74,53.01526699782637,85.00632025441385
74,53.006852570378406,85.0264732316479
74,53.022439604691556,85.02024984863914
74,53.01007988347469,85.0151129650232
74,53.007008311068546,85.02398381745489
74,53.01750826352769,85.01825801080933
74,53.014551994494276,85.01282950983551
74,53.009631913036735,85.00221315729097
74,53.00852593724121,85.0186262594961
74,53.00629865173016,85.03120521692607
74,53.01411630577183,85.01614920694294
74,53.01066499039269,85.02265294357326
74,53.00877440291201,85.03192890987059
74,52.99904643085605,85.02092550073078
74,52.99812724347083,85.00856779104684
74,52.999894703192794,85.01858907466394
74,53.01050298350657,85.01647215151114
74,53.01995905566946,85.02684368332226
74,53.003529383627644,85.00650818083193
74,53.01485337487063,85.0153611331324
74,53.00672988963301,85.02428563317746
74,53.0064584235796,85.03165704655679
74,53.002873187553945,85.0187833099512
74,53.02158092256956,85.01999590470419
74,53.01098666132963,85.02829916315638
74,53.01122070379258,85.02904973368936
74,53.01050397047884,85.02269018117002
74,52.99748880934842,85.02626308242266
74,52.99443909041803,85.01379022305969
74,53.00629425372218,85.02088267397113
74,53.00788429388704,85.02498114910702
74,53.0048508151889,85.02313035248199
74,52.99538295596287,85.00914931597906
74,53.017817135176976,85.02202868458652
74,53.00587826209989,85.00965772102852
74,53.02236749107466,85.01221168448559
74,53.00168220619469,85.01917672034237
74,53.010304357568614,85.01921250025731
74,53.011158938657836,85.01112543622675
74,53.00432112862952,85.01684051409954
74,53.02001975238265,85.01789717255436
74,53.00589099653362,85.01436716777765
74,53.00767300127496,85.00857584666988
74,53.01069419531479,85.02435952299038
74,53.00939195249443,85.00792449965353
74,52.999829354459784,85.01360743567412
74,52.99623210591282,85.01604627602632
74,53.004324839587476,85.0045366637172
74,53.020583753519254,85.0080598213169
74,53.00748623241032,85.01248404639824
74,52.99552716637784,85.02501571015544
74,53.01193707844158,85.0078439595994
74,53.00690164414984,85.01001534135973
74,53.00804828082564,85.03306219218533
74,53.00818014643633,85.01497587807332
74,53.00274310078202,85.0109611975631
74,53.017217792158256,85.0221810028009
74,53.02107826146029,85.02509354963928
75,53.017729978836954,85.01184690969906
75,53.005106065723304,85.02888386494995
75,53.00512010225871,85.0284833924465
75,52.999845931992304,85.02204922003224
75,53.01380440590992,85.02468771885934
75,53.00487604819986,85.02671156146941
75,53.00871845051559,85.00759682700513
75,53.01042505813764,85.02884770866454
75,53.0148364329995,85.01090724028478
75,53.006940418650906,85.03293190904245
75,53.00659812188505,85.01972497538351
75,53.011712023301456,85.01235896568734
75,52.99992237935967,85.00474789988337
75,53.00070106190455,85.02230970255852
75,53.01811657836553,85.01203738630086
75,53.006011774551894,85.00731307809203
75,53.01814401674283,85.02231066251635
75,53.006766112467,85.03313278344203
75,52.995101309757715,85.0094604732808
75,53.01508421274951,85.01333040680787
75,53.002231028153076,85.02832186178
75,53.02067731744032,85.02309022130812
75,53.01465408894024,85.02170176327951
75,53.00829695396681,85.02534802656656
75,52.995187207783665,85.0125168471403
75,53.01216266650098,85.00922917346422
75,53.009750964529594,85.00917324107431
75,52.9984869855623,85.01194895238359
75,53.01373893322519,85.02274227014837
75,53.006444847351574,85.01175289269625
75,53.0059163630306,85.02136273995167
75,53.01739560089884,85.01919105409307
75,53.01862829621537,85.02499678555817
75,53.000309657146495,85.00895527008747
75,53.011539833557286,85.00852212668867
75,53.02130262051055,85.01595283794741
75,53.00614245798882,85.01669318392683
75,53.00804283230868,85.01293594082814
75,52.99660483654382,85.01389513094233
75,53.01429729243118,85.00780017417472
75,53.004445675503455,85.03286516496892
75,53.01211203019383,85.0053435390182
75,52.999650445567006,85.02051491172439
75,53.01330258775476,85.02703328230484
75,53.01246700538789,85.00984465736335
75,53.01138893623046,85.01878407464629
75,53.0004117131974,85.0037969171921
75,53.00587826209989,85.00965772102852
75,53.01909765766345,85.01092088919802
75,53.00524748423284,85.01588657918514
75,53.0015829432061,85.01812077063515
75,53.01709568805496,85.02097111793195
75,53.01553614874701,85.02750636366481
75,53.01275666605984,85.02834978858331
75,53.016102513870706,85.01290058463681
75,53.00378261585356,85.0294398837996
75,53.00788429388704,85.02498114910702
75,53.00988900307565,85.01729960673886
75,53.00332151990654,85.03200751046666
75,53.020159525162306,85.01465100539141
75,53.013919496765496,85.0093661144395
75,53.019497274518116,85.01766612278878
75,52.998418534985255,85.02498306682216
75,53.009888856239414,85.01723761028273
75,53.0146132992183,85.02482810338473
75,53.01873965986466,85.02379792241588
75,53.00779352669421,85.00710574660062
75,53.004174202881266,85.02146888016003
75,53.010257707111364,85.00929657529176
75,53.015668444742,85.02777273536596
75,53.00827447536086,85.02687828782226
75,53.01200339392461,85.02301602931031
75,53.01146109102237,85.00760382200569
75,53.00558850516113,85.02186055737899
75,53.008920802373396,85.01357546958532
75,52.99425662835462,85.01604658992957
75,53.008592441198594,85.02695439821021
75,53.01568779725602,85.0118052407149
75,52.99752660735635,85.00569480786871
75,53.02070168236333,85.01461863296024
75,52.99695527906954,85.0255049809371
75,53.0126843650879,85.00288542886686
75,52.99643136538489,85.01811229852237
75,53.02195823414499,85.02080081772898
75,53.002785502922464,85.0281515942325
75,53.01055132095448,85.00729886331095
75,53.01246700538789,85.00984465736335
75,53.00999598508611,85.02827197488983
75,53.01665044100526,85.01562621276636
75,53.00985109633174,85.00975492020983
75,53.01325417688341,85.02011479588073
75,53.00691255455782,85.00869573338673
75,52.994276665574084,85.01668187173426
75,52.99394576556708,85.01364111181509
75,53.005618463499495,85.0159532602044
75,53.002408553303276,85.01498835831018
75,53.01855029702326,85.02084746494246
75,53.012938157236206,85.0046469709095
75,53.012646413771506,85.0030553519417
75,53.007473437165544,85.00539093254923
75,53.003315527881426,85.02522817541583
75,53.001342066365815,85.01926458562347
75,53.004391143933105,85.01905714129306
75,52.999864984107305,85.02439336020038
75,53.0141823830693,85.02925243518756
75,52.998897702380155,85.01561371683543
75,53.022222575420756,85.02203198693991
75,53.015240709082846,85.01674521729358
75,53.00008103816506,85.01175133329009
75,53.00684783721744,85.0071581876031
75,53.00140508059305,85.0229197372342
75,53.007853309848606,85.02289060075174
75,53.00731193867963,85.01299647264365
75,53.00695837998806,85.00820845426541
75,53.018822154418274,85.02623464449893
75,53.01506408134298,85.01877565125294
75,52.99602248227339,85.01434919412713
75,52.99882714027106,85.01408602175034
75,53.0030366192707,85.03048971290805
75,53.003934121920494,85.00490173130528
75,52.99317211804743,85.0121655071975
75,53.00800820307023,85.01574682301536
75,52.99352787361554,85.01433848573934
75,53.00990092953354,85.01554329891735
75,53.01035486036421,85.00786468185946
75,53.002049784701036,85.01034992143583
75,53.0159914475285,85.01530220026501
75,53.01207610909457,85.01332273685901
75,53.00818082217531,85.02776643969807
75,53.009631913036735,85.00221315729097
75,53.00629425372218,85.02088267397113
75,53.02383063611726,85.02013617904171
75,52.99314750765659,85.01956069700061
75,53.010492663746,85.00639373290217
76,53.00166721307493,85.00712814142467
76,53.000781891422115,85.00984344526401
76,53.01391119221063,85.0282569778312
76,53.00951529265829,85.01184203486883
76,52.99710081133731,85.02029367269897
76,53.011220242576776,85.02045419023653
76,53.00589045552491,85.00327692219167
76,53.00067970711365,85.02514561262602
76,53.005404247418014,85.03277003226643
76,53.014972654913244,85.01704801856755
76,52.99824682832108,85.02866310177055
76,53.003315527881426,85.02522817541583
76,53.01058281285686,85.01561203589675
76,53.00524748423284,85.01588657918514
76,53.00629425372218,85.02088267397113
76,53.00748770840499,85.03307265998963
76,53.000751455542584,85.02232523488796
76,52.997965038799954,85.01671647217151
76,53.01186602383679,85.0095990243199
76,53.01987181244565,85.01844273657079
76,53.00818896162873,85.01947656182746
76,53.019005552466865,85.01110395044685
76,53.011108637716774,85.00609528891414
76,53.000667217934655,85.0234942066866
76,53.01645684550215,85.02541650370316
76,53.00460438134597,85.00405798527153
76,53.00244193492744,85.0122176083039
76,52.997675935116845,85.0210465645279
76,53.00174610091187,85.00534261282452
76,52.99864317507943,85.02635934420967
76,53.01375747322182,85.0061147042438
76,53.001342066365815,85.01926458562347
76,53.02234379047666,85.0124107030537
76,53.00647607704501,85.00513690709509
76,53.00940406726553,85.00464334241627
76,53.02257367469483,85.0233713875145
76,52.997730504036866,85.01025436081241
76,53.0080279412426,85.02504259382555
76,53.0028766605622,85.02599744442709
76,52.99871181556997,85.00822289359229
76,53.01227662510037,85.00594505021768
76,53.00178893951952,85.0062216957671
76,53.00614245798882,85.01669318392683
76,53.001213961853615,85.01394770806185
76,52.99893133778287,85.02510859671176
76,53.016102513870706,85.01290058463681
76,53.01345829467075,85.02442930175833
76,53.00038924529716,85.01709507979601
76,53.010990780436295,85.0126189130109
76,53.01546162718063,85.00403115666786
76,53.009540506951666,85.0133916870981
76,53.01641673303943,85.00694861487752
76,53.006758617508176,85.02658532311965
76,53.005186881975646,85.02642830889054
76,53.01044988641269,85.024152805919
76,53.00113172682121,85.02189113994572
76,53.017327001608365,85.01510719887202
76,52.996180600147326,85.01661299645059
76,53.01559455759537,85.01838570718982
76,53.018594854939806,85.01631831419441
76,53.016662776054964,85.01892391504707
76,53.011742646897375,85.01041664845488
76,52.997034517385956,85.02165103113882
76,52.99977197331556,85.00984577272449
76,53.006190878207356,85.0175982614093
76,53.000807815125114,85.02241255908818
76,53.00614245798882,85.01669318392683
76,52.99860485314684,85.02601690753129
79,53.02554189607883,85.00476764730156
79,53.017331114022554,84.991177942717
79,53.00211722205343,84.99642336977183
79,53.02810145459329,85.00071153678735
79,53.0241018634435,85.0089004297511
79,53.01553290815962,85.00288221595797
79,53.01125784679791,84.9876517333943
79,53.02900517588171,84.99905685304054
79,53.026239667013584,85.00185770242241
79,53.02173900800581,85.01177147029419
79,53.0121066902917,85.00527542011916
79,53.02049791783694,84.9981290907968
79,53.011343492294955,84.99623626868502
79,53.00895001533684,85.00830896091843
79,53.0071633203115,85.0107974495842
79,53.01691131693567,85.00858099677212
79,53.002861299420736,84.99890955332192
79,53.024222213815754,84.99145293730646
79,53.01351163609165,84.98723299080625
79,53.01830624638557,84.99001386938497
79,53.013919496765496,85.0093661144395
79,53.02198431573911,84.99660939531724
79,53.0172980192578,85.00243931224598
79,53.00612089209585,85.00245901264591
79,53.000655003034574,84.99630946886887
79,53.01153238144846,84.99021862365746
79,53.02106764594076,84.99829194709356
79,53.01793427400569,85.00247660263047
79,53.01793427400569,85.00247660263047
79,53.02524343643275,85.00458252845715
79,53.01852845241857,85.0038222641125
79,53.01730437052284,85.00716690342085
79,53.01790011668526,84.99974222373473
79,53.01201946865204,84.99344548488318
79,53.014381408897755,84.9865793338209
79,53.0260677455692,85.00649303114741
79,53.02601730056344,85.00926298036762
79,53.01692602367722,85.01333001368806
79,53.01450963523705,85.00213300243776
79,53.01110246017208,84.99609737144816
79,53.01945186681912,84.99812242527699
79,53.021559510672056,84.99530183133827
79,53.02308178182692,85.01375826415726
79,53.01621878473709,85.01373517793914
79,53.009130454898845,84.98840666660625
79,53.01881852066014,84.99539349568231
79,53.01352024217373,84.98927627398109
79,53.022927806647054,84.99401451543969
79,53.00075871099093,85.00520267968899
79,53.019045564176125,84.99407542305333
79,53.001119515944225,84.99982679106567
79,53.012871234614295,85.0066272720802
79,53.019155129615335,84.99210051085035
79,53.00297833126463,85.00334955055989
79,53.00842183412402,85.0016324147968
79,53.00931111669112,84.98932684622314
79,53.01948323257328,85.00213288491852
79,53.02810851764155,85.00324130227715
79,53.00667056007197,84.99667635417663
79,53.02135729253648,84.99422753580741
79,53.003136401438,85.00831558314803
79,53.01649777145987,85.00210871497926
79,53.01402873578348,85.00612944355103
79,53.0114455856063,84.9870480782227
79,53.025242762487515,85.00859664147413
79,53.02148295895797,84.98649331113806
79,53.02407334708852,85.00243935846176
79,53.00336569717253,85.00768047495727
79,53.017148401223956,85.0090331187771
79,53.02327849626482,84.99127942701679
79,53.002048720894784,85.00238014822993
79,53.026845882103956,85.00526499503226
79,53.00513064930846,84.99605869550375
81,53.00829695396681,85.02534802656656
81,53.00342771478288,85.03066624701827
81,52.99904643085605,85.02092550073078
81,53.000392642167654,85.01184992480776
81,52.99466138280019,85.01555086963958
81,53.019396329822364,85.01243150757925
81,53.0153093894379,85.02242573074136
81,53.003918995707316,85.02650815163064
81,53.01844040814981,85.02069525870854
81,53.001936638178755,85.00853112026381
81,53.022439604691556,85.02024984863914
81,53.01511109847054,85.01416052073041
81,52.99591453339207,85.02756401433635
81,53.02188710051517,85.01838813566452
81,53.00475939047808,85.02123935350033
81,53.002221126615794,85.02171169246995
81,53.020903959242666,85.0131995739555
81,53.005950526819774,85.01421817780424
81,52.999917668277384,85.00573209486143
81,53.02008711199811,85.02463857284545
81,53.01200339392461,85.02301602931031
81,53.00376272042941,85.0232058066688
81,53.015169649395126,85.01690483051726
81,52.99661028576791,85.02573172499021
81,53.01043836977127,85.00450819573905
81,53.02004964833399,85.02465779408391
81,53.00769351276585,85.00313187925161
81,52.99844274501391,85.01770897510647
81,53.02001891733216,85.01324655632052
81,53.01273510131579,85.00985212237462
81,53.010796740898506,85.02915751100339
81,52.99394576556708,85.01364111181509
81,53.00843096700785,85.00256326529403
81,53.01452718979913,85.0096644970428
81,53.00350367227589,85.02990923483404
81,53.01009721755572,85.0194792575478
81,53.01621298315225,85.02619708954174
82,53.011814465833325,84.98219805605767
82,53.000880908209325,84.99189026268671
82,53.00325693323249,84.9740251343611
82,52.99692608420086,84.99175765493588
82,53.00867406066337,84.97863553217651
82,53.01333183637422,84.96781137951784
82,53.000024886858554,84.98295976826084
82,53.006239855437975,84.98727406790432
82,53.00827322259617,84.97483183894057
82,53.0059228856588,84.972974040219
82,52.9893948987832,84.98000735167656
82,53.00892403159761,84.97194518385109
82,52.99795735441895,84.97736773205264
82,53.00257328358546,84.9956442787268
82,53.01805570869976,84.97559576396866
82,53.00063485778404,84.97387515564265
82,53.00332012966202,84.97589451871278
82,53.002668522139146,84.98585561613889
82,53.012305267144086,84.99407354409769
82,52.99812158528901,84.96910832216372
82,53.01064572794154,84.97693202633886
82,53.00302148214198,84.96827348893858
82,53.0022167863875,84.97467223762816
82,53.00545050649451,84.97312373829658
82,53.013388957677904,84.98739293214399
82,53.00132808856551,84.9705449799736
82,53.00556589957699,84.98120114257138
82,52.99247685177726,84.98744723353964
82,53.00246432526259,84.97735915260881
82,53.010811483343225,84.984980142022
82,52.99355874420237,84.97836802790452
82,53.00149239250775,84.98340569647505
82,53.00367418665806,84.98502656437763
82,53.004861239189594,84.97770858024471
82,53.00696230132734,84.98754176809307
82,52.99337157002688,84.98885787491568
82,53.00109049399837,84.97971733016371
82,52.9893948987832,84.98000735167656
82,53.00777481243429,84.98434398031947
82,53.01809999937684,84.98155006048631
82,53.00377583871131,84.99001432997653
82,53.020356180474415,84.98254483725133
82,53.001501685241216,84.96997046243811
82,53.007277921088225,84.97149298277942
82,53.01749121095423,84.98256440749383
82,53.00041059873261,84.97466788135289
82,53.01812378322071,84.98230783287599
82,52.99588860513431,84.969720606609
82,52.999682295657315,84.99424575300473
82,52.99495716224792,84.99284927680796
82,52.99198740972227,84.9829111892696
82,52.99735954137251,84.99294649975786
82,53.00913110742202,84.98944404259963
82,53.003361700495255,84.9829985448331
82,53.01119837046097,84.99109543978585
82,52.99328915432316,84.9801204312049
82,53.00855746773338,84.98916041905252
82,52.98996049461155,84.98160785364193
82,53.00638848241907,84.97063752619579
82,53.004649009588206,84.98188398665218
82,53.01367865781908,84.97549670356746
82,53.005234038508526,84.96880265220504
82,52.99305227882741,84.98434768586372
82,53.00985656504683,84.9897780504588
82,52.99588642841298,84.98532633021522
82,52.993980142205814,84.98412608778564
82,53.01805570869976,84.97559576396866
82,53.00052526010759,84.98686500683765
82,53.008125201737116,84.984471303915
82,53.01421156258756,84.97946908711295
82,52.99749772425921,84.9883077845041
82,52.999921940164576,84.97898353998782
82,53.01515805619122,84.97530745571531
82,53.00078047444032,84.98136385977686
82,53.01114561933766,84.96889391696169
82,53.00156123355636,84.98304586697516
82,52.996012951898976,84.9706986400093
82,53.016388781499046,84.98537150823272
82,53.01731636033265,84.97454316252899
82,53.007019964588665,84.96726856992694
82,52.99939113216302,84.98147537320568
82,53.00845522429753,84.96734796349023
82,52.996373828594734,84.98374844855479
82,53.01449648967231,84.97373575721738
82,52.999194525543885,84.97874371366449
82,53.013388957677904,84.98739293214399
82,53.008638712573095,84.9781384580345
82,53.0002290486277,84.97384349407372
82,53.01124525125847,84.99122818318209
82,52.99463320308608,84.98545231255143
82,53.00146375377919,84.99605236547488
82,53.002419873261665,84.97833651086938
82,52.998248651091984,84.97255709841251
82,53.01192737608532,84.98281091281494
82,53.013388957677904,84.98739293214399
82,53.00910371912066,84.98145229903487
82,53.00400319684529,84.96758443104189
82,52.99912976066736,84.99435142612106
82,52.99126889530355,84.98679328185825
82,52.99270099907684,84.9722595564155
82,52.99168521852022,84.98029862315649
82,52.98974368608365,84.98053278472361
82,52.99711344081089,84.98436479529397
82,53.00796255804652,84.99324406376662
82,52.99983935788904,84.99438490322295
83,53.00023714903519,84.9980860014479
83,53.002385367138366,84.99679370906992
83,53.01255099513286,84.98760810414954
83,53.01705172237101,84.98775266356098
83,53.00433087586957,85.00004412412805
83,53.00279140811883,84.99850204116363
83,53.03019500375541,85.00290404377287
83,53.00977034627682,85.01470115230086
83,53.000856912978094,85.0011540364606
83,53.00217039454651,84.99412540814761
83,53.02646362570463,85.01104650528431
83,53.02607619176674,85.01149341820089
83,53.012623913074265,84.99213760550433
83,53.0240422468646,85.01257811194597
83,53.01290256331718,85.00815266840947
83,53.01286513218428,85.0097839764782
83,53.005997711762795,85.0022827917326
83,53.00859652452634,84.99646687147067
83,53.016123976517875,84.99776670550345
83,53.00791149625752,85.01081440530628
83,53.01409378560353,84.99531218632741
83,53.01861634989231,84.9992227903949
83,53.02329656130134,85.01283463302097
83,53.018143207779005,84.98697487230409
83,53.00362733766958,84.99893237183109
83,53.00017147149264,85.00351685223877
83,53.025986595888696,84.99907695337622
83,53.01644524721552,84.9989973610296
83,53.01919315564928,84.98801635206442
83,53.01199057704862,84.99155262115926
83,53.012305267144086,84.99407354409769
83,53.03007055057539,85.00474360219468
83,53.01219491223214,84.99695745205642
83,53.00336191933361,85.00896322653021
83,53.0045734272689,84.99639067660712
83,53.00593124394003,84.99348377531362
83,53.00765313255218,85.00879234583913
83,53.02065645786841,85.00058380127791
83,53.008426386029385,85.00926847790004
83,53.01601617540859,85.0002545348263
83,53.0300971853706,85.00406390871083
83,53.011167115634954,85.00654876069063
83,53.00823935318562,85.00151446160056
83,53.00857755712653,85.01136718917566
83,53.00479767956841,85.00099071370582
83,53.01894342721478,85.01245216745913
83,53.01796651838084,84.99662815852705
83,53.00677148206881,84.99868225206833
83,53.02964798180547,85.00395561137967
83,53.01633827809937,84.99992980459356
83,53.015354778298956,85.01277398887714
83,53.02271836746821,85.01062469050427
83,53.02033581953614,84.99018935004838
83,53.01853088685486,84.99697250920298
83,53.01548504615286,85.00311873391618
83,53.0032619315954,85.00585584914504
83,53.02313272993251,85.0105058356351
83,53.000721316320906,85.00520488237552
83,53.020925271441804,85.01284786657084
83,53.00899111963102,85.0070877134123
83,53.02453233623979,84.9898717598491
83,53.02455935923178,85.00204684316901
83,53.02864151911754,85.00582648034977
83,53.01872566505611,84.98726877778196
83,53.01267665252631,85.0028350839574
83,53.007632332066606,85.0081063344695
83,53.01761142656344,84.98711512611746
83,53.017495325624424,85.00794680375421
83,53.02014396118588,84.99293870905476
83,53.01905629188371,85.01300232340195
83,53.017231623677816,85.00198765520248
83,53.00282876532176,84.99705035877051
83,53.01325409113357,84.9995367403102
83,53.01103678050182,85.00464853551155
83,53.008101057707066,84.99266773826912
83,53.016357511955746,84.99435432337933
83,53.01576254478584,85.00829357862355
83,53.02891247140235,84.99506968647968
83,53.02202409342165,85.01073654477615
83,53.00202545405796,84.99680159344962
83,53.02176115159838,85.00038408462667
83,53.020940174861515,85.00828468050057
83,53.01366423404683,85.00280545316684
84,52.99702098213963,84.9760525932801
84,52.99782335109312,84.97217080319142
84,52.99730146603668,84.97294999577787
84,53.00567775384275,84.99165272937395
84,53.01084321186385,84.98286542057808
84,52.99467463049108,84.98493494409753
84,53.00945502239903,84.98727697410119
84,52.99407741460013,84.98450397097608
84,52.99847652337343,84.98610756264799
84,53.00275202430354,84.96654090654407
84,53.018616138940345,84.97396958664848
84,53.00724312490188,84.9724302052057
84,53.001044651739356,84.96840371063303
84,53.01059330705026,84.96902359246593
84,52.99692608420086,84.99175765493588
84,53.010087367443376,84.97780037257267
84,53.00526025415647,84.99648926690475
84,53.00377583871131,84.99001432997653
84,52.98929881507349,84.98236820955971
84,53.018694521839514,84.9791503450489
84,52.99389460591979,84.9719015994073
84,52.9979910270732,84.98945316177286
84,52.99066154495234,84.98225473565205
84,53.010677307150395,84.96960096669173
84,52.99260287830545,84.98283963806286
84,53.008836070590284,84.990202292293
84,53.018769596868246,84.97958227691251
84,52.99608961361606,84.98654862863664
84,53.00929264763102,84.98694151503403
84,52.99372197214721,84.97393003927712
84,53.00063915207482,84.97037050889142
84,53.0140487742773,84.98144486321091
84,52.99326523674755,84.98263628417479
84,52.9995240994478,84.98386539414172
84,53.01347762460827,84.99356265454773
84,53.00665356826786,84.98318379434727
84,53.01705172237101,84.98775266356098
84,52.98926860717471,84.98128171639496
84,53.00601258656324,84.99582305507822
84,53.00805496340062,84.98624278071362
84,52.99298889485215,84.97080973493978
84,53.00315292327681,84.98494404294752
84,53.00791001182876,84.98476255500225
84,52.995610257044525,84.96881840687188
84,53.007621487271095,84.98789206259424
84,52.99457062377279,84.98233405878715
84,52.997157101305014,84.97693427461608
84,53.0106616541857,84.97701482500878
84,52.99074693049898,84.97758460088855
84,53.013290384374535,84.9829993219801
84,53.01249188261499,84.97813650918732
84,53.00579017869402,84.98124717499498
84,53.01945717760734,84.98067407497949
84,52.993773220617406,84.97662027194306
84,53.00638848241907,84.97063752619579
84,52.98961308716915,84.98122493297119
84,53.00257177884755,84.98986759941035
84,52.99629671011004,84.97029228494416
84,53.01063662798501,84.98956357180548
84,52.99662626404038,84.974275491207
84,53.01463249840409,84.97309099329775
84,52.99639055735922,84.98482722638433
84,52.99556574588299,84.96971008387591
84,53.01995763866263,84.98361923939387
85,53.021437865816736,85.00294302484431
85,53.01582206810804,84.99809288137094
85,53.00800201973683,84.9997932275315
85,53.0112274292666,85.00011146411678
85,53.00016065859946,85.00036292399157
85,53.00721925398358,85.00251355922049
85,53.005007990691304,85.00534236138418
85,53.012625805493045,84.99620815614186
85,53.02285202566319,84.98734440775833
85,53.009536930837044,84.98947849793313
85,53.02189968236444,84.99693316391411
85,53.00725928582496,84.99322763383314
85,53.0250799079509,84.99994743192555
85,53.023160223477184,84.99419635159595
85,53.024222213815754,84.99145293730646
85,53.023363992644455,85.00099342765391
85,53.02586954634827,84.99177410017525
85,53.02393781958405,84.99346783055945
85,53.01053692047616,84.98609873920753
85,53.01035486036421,85.00786468185946
85,53.01197573609162,85.00044436832185
85,53.01918901484594,85.01420641925391
85,53.02874777803628,84.99956671280746
85,53.0170426226274,84.98843232324408
85,53.01140323313258,85.01521921010858
85,53.02238528209094,84.99073104395403
85,53.01544333283352,85.00018417859056
85,53.00880561784581,84.99352615360843
85,53.028685522178584,85.00043185218526
85,53.0282604008585,84.9993795694814
85,53.00228338846589,84.99970023886038
85,53.00900058615164,85.0115027496443
85,53.02082874548664,84.99673796284704
85,53.01852845241857,85.0038222641125
85,53.02182382607211,84.99748735486521
85,53.02471634796862,84.99594081209308
85,53.01743943227866,85.00481801949789
85,53.02707117221817,85.0092596940899
85,53.00726997705906,85.00820116377965
85,53.0112274292666,85.00011146411678
85,53.01152133849379,84.99832010824382
85,53.02351807556893,84.9912879856389
85,53.012625805493045,84.99620815614186
85,53.02039265535074,85.00141968085994
85,53.00539615703281,85.00828270477935
85,53.00487145839627,84.99323785174448
85,53.01198988167563,84.98947439802261
85,53.020814592203216,85.00326339059554
85,53.00861232379688,84.9864607995303
85,53.01830128540069,84.99950288627711
85,53.02034599754284,84.99294758244103
85,53.01526699782637,85.00632025441385
86,52.98964272517393,84.98139700911923
86,53.00213255981323,84.99585609752815
86,53.011916279961795,84.9845852258537
86,53.00217092434877,84.96912006686355
86,53.00167022739788,84.96836144170905
86,53.005119139412145,84.9697771573432
86,52.99626634834135,84.96842377898503
86,53.018804516243094,84.98275108326726
86,53.00316302297558,84.96915121369251
86,52.99633461644418,84.97428738101902
86,52.998480532610344,84.97809052411444
86,52.991897062529205,84.98087138833925
86,53.01297782342239,84.98599347725141
86,53.004802262184235,84.97824085644747
86,53.018308177532795,84.97510769149139
86,53.003543268671116,84.98090915153315
86,53.00891104151452,84.97832498698006
86,52.995122550523995,84.97578721215775
86,53.01451249008995,84.9751301348486
86,52.99191661293593,84.97441187481594
86,53.00394704565652,84.97757606887788
86,53.01181529971097,84.97925535043943
86,53.00086618637527,84.98030634303079
86,52.991823167733685,84.9877811056822
86,52.99572684376934,84.99301456875683
86,53.00562096976451,84.96893441877621
86,53.012799179868274,84.98017123316086
86,52.991687661802494,84.98363178598368
86,53.015131486380064,84.98147338161225
86,53.00342210632455,84.97134361738816
86,53.01763827955542,84.9778908686184
86,52.99209189494489,84.9806504637878
86,53.01349850767026,84.98806938867682
86,53.00811028743891,84.97045490718033
86,53.00520662879033,84.99584919776015
86,52.993757401619284,84.99138471622251
86,53.00329815475009,84.97970159927222
86,53.01138975155253,84.97663847928803
86,53.00691651111745,84.97546334671091
86,53.007398259949106,84.98737243685038
86,52.99649661462667,84.97745621413299
86,52.99398420358749,84.98146201099412
86,53.01475208947276,84.98243709435206
86,52.998192645092224,84.98174207514498
86,53.01008847002059,84.97548406574055
87,53.01378717882739,85.00861288969543
87,52.9956069437734,85.01741415969472
87,53.0150103669358,85.02666834912026
87,53.01044988641269,85.024152805919
87,52.99529371730066,85.01832856622053
87,53.01144984776162,85.00805973509958
87,52.998418534985255,85.02498306682216
87,53.00470160926592,85.03169060814916
87,53.00276588158301,85.0241999014386
87,53.003136401438,85.00831558314803
87,53.00813709489998,85.01980424156277
87,53.003360597201265,85.00638113089516
87,52.99543844154768,85.01844531145058
87,52.99543844154768,85.01844531145058
87,53.017664405739026,85.02022541500918
87,53.011331806293356,85.02237072724215
87,53.00685731769664,85.03040418807156
87,53.01576332505017,85.02724975786447
87,53.01455754055405,85.01698388435426
87,53.0036886324704,85.02648283533223
87,52.99545391462667,85.0174276567364
87,53.01436376648319,85.0207088225099
87,53.02070168236333,85.01461863296024
87,53.02018711752734,85.0078030718439
87,53.010161274755205,85.00921587789114
87,53.01691131693567,85.00858099677212
87,52.993805493677435,85.01322268050885
87,52.99476880080962,85.01222439492994
87,53.00779393893338,85.02694809052431
87,52.999230493417485,85.02662119383623
87,53.01565235015124,85.02241006475789
87,53.00913085388928,85.00747585125777
87,53.00678682884774,85.02938009603604
87,53.00084875952707,85.02346171778935
87,53.007261624426164,85.00783581242696
87,53.00648508622512,85.03212317796824
87,53.011232745853505,85.0207204157896
89,53.00304965023354,85.00737127204268
89,53.02017424909366,84.99162648930887
89,53.00721925398358,85.00251355922049
89,53.01420331808158,85.00092319826138
89,53.02473644399409,84.99477067690654
89,53.02465598788518,85.0088919435571
89,53.00948848700441,85.01315203606966
89,53.02104232356796,84.99610696723
89,53.02532787349103,85.01100213712546
89,53.01055132095448,85.00729886331095
89,53.01748260982442,84.99391789701981
89,53.00784661136081,85.0014223478087
89,53.01963982785391,84.98563580170087
89,53.02001891733216,85.01324655632052
89,53.02682023622473,85.00209552890124
89,53.02708942413364,84.99550337977239
89,53.012505999294085,85.0007315715301
89,53.006347159100315,84.99063143924587
89,53.02222215463609,84.99416905056412
89,53.0255677421974,85.00743801381658
89,53.01757662887755,85.00430211841332
89,53.01426585028212,85.01266515501088
89,53.01826046564917,84.99294215283183
89,53.02601730056344,85.00926298036762
89,53.020514884799276,85.00423358841472
89,53.01480452385021,84.99930010321076
89,53.019020071364295,84.9871547129828
89,53.00789613862416,84.99800621004827
89,53.030636311515536,85.00110234141033
89,53.0267153744328,84.99773495042609
89,53.01344997901733,84.99981776411192
89,53.0252452015887,84.99702697455754
89,53.02757227563227,85.01012703934445
89,53.00765802443493,85.00455029320986
89,53.01885283783377,85.00940944994865
89,53.02746750196604,85.00733239991406
89,53.02595277167065,85.00034638135779
89,53.02586954634827,84.99177410017525
89,53.01583109317487,85.00538524729517
89,53.02537410572322,85.00309617540537
89,53.02914921713684,84.9976599441924
89,53.013445832129214,85.01082213470247
89,53.02682023622473,85.00209552890124
89,53.00707855260367,85.01025223429156
89,53.02610848407728,85.00403738432094
89,53.00489070408198,85.00665552109679
89,53.01445596478513,84.98693194545021
89,53.02699341496727,85.00761348243302
89,53.01321015331524,84.99457684666469
89,53.01904178568679,84.99424556414505
89,53.00971165627984,85.00108748119523
89,53.0245657019692,84.99603030052174
89,53.004836422007756,85.00824509983258
89,53.017796895913335,85.00036214955617
89,53.01936864590556,85.00524661051604
89,53.017421253108765,84.98705029020839
89,53.02331708250946,84.99141056355926
89,53.026101434762005,85.00134302871365
89,53.02519456947696,84.99467503937956
89,53.02376541588443,85.00943035039295
89,53.025983394650844,85.00121048612462
89,53.01231316838256,85.00278730838158
89,53.02482971087439,84.99916897352284
89,53.00666061059587,84.99080032805203
89,53.01958122296494,84.98556356251966
89,53.022525871420974,85.01290617820683
89,53.00889083925879,85.00649203309099
89,53.00178893951952,85.0062216957671
89,53.019849185932934,84.99146235355245
89,53.00702387307586,84.99133495223955
89,53.006015412899835,85.00418320089413
89,53.00876257878558,85.01389777129958
89,53.00048552757593,85.00615426196731
89,53.02463768988297,85.0056172153698
89,53.01289409334842,84.99289963633693
89,53.01444002539456,85.00792127941077
89,53.00862712569256,84.99468193260857
89,53.00765986376372,84.98886706189634
89,53.00871078023494,84.99643274759697
89,53.029193673085764,85.00082142773634
89,53.00211722205343,84.99642336977183
89,53.01915367701963,85.00108432893066
89,53.00719947560788,84.99621355602939
89,53.00958591771448,85.01369185946037
89,53.00657740398424,84.99933790449255
89,53.01993464342165,84.9866413033292
89,53.010338415818445,84.99987156901564
89,53.01578753740502,85.00680780235098
89,53.01853088685486,84.99697250920298
89,53.02975403103964,85.00333422666816
89,53.013160919941804,85.01320191393717
92,53.0128304336576,85.0153232651548
92,53.01621117335205,85.00153782746277
92,53.01998047137117,84.99054680658277
92,53.02296815171727,84.9997014330259
92,53.004599736942374,84.99799891660207
92,53.0214375154418,84.99638859875701
92,53.00062900614704,85.00155024239113
92,53.016258739753155,85.00773604442432
92,53.01625201663264,84.99757428869691
92,53.02605484278123,84.98999581210309
92,53.01866810039923,84.98940885487018
92,53.0135247677797,85.01299671899409
92,53.00498117416714,85.00182552442085
92,53.000192900997185,84.99892707405267
92,53.029195330712184,84.99564412225044
92,53.00876257878558,85.01389777129958
92,53.0007364459608,85.00447996948942
92,53.02538608729755,84.99909449611853
92,53.02226937934978,84.99203684186895
92,53.0170495074132,85.01067277644393
92,53.02737619649762,84.99908661175803
92,53.003408347529195,85.00043648953051
92,53.01037174538156,84.99815557251205
92,53.008684594231596,84.98633385333977
92,53.0260677455692,85.00649303114741
92,53.02247138203943,84.99063354572432
92,53.03078897416968,85.00043158102046
92,53.01770295358838,85.00259855745809
92,53.01481398771287,84.99576551800988
92,53.02312950872489,85.00367547541757
92,53.02201587825825,85.01308305815967
92,53.01593509085735,84.9944797976193
92,53.025291361881706,84.99051733727445
92,53.02131782510409,84.99925649166659
92,53.011684319460734,84.9983830983022
92,53.015453549629534,85.00821522668748
92,53.01277919373198,85.00161534445579
92,53.02810851764155,85.00324130227715
92,53.01724687643122,85.00218503453637
92,53.0240422468646,85.01257811194597
92,53.02160593280952,84.99354572681885
92,53.00647607704501,85.00513690709509
92,53.00668137045426,84.9885261871284
92,53.004920857001075,84.99545941259984
92,53.00339610464875,84.99588464531496
92,53.023881082005346,85.01333235184431
92,53.01415765388095,85.0025773940796
92,53.01158085001891,85.00366580703871
92,53.02582891305523,84.99057435867059
92,53.00545439886549,85.00433357901296
92,53.00630782984616,84.99470416235538
92,53.008787511836594,84.98723339444717
92,53.00589045552491,85.00327692219167
92,53.01069704293975,84.99675921035231
92,53.02665165092611,85.00891817114122
92,53.01290256331718,85.00815266840947
92,53.00873830048272,85.00547743006618
93,53.02121420804467,84.99956756564345
93,53.01482980965312,84.99830789009711
93,53.020940174861515,85.00828468050057
93,53.02312792307683,84.99026909572902
93,53.007619474348346,84.9964925365735
93,53.00341149296047,85.00350855078301
93,53.01820304627517,85.00677061111777
93,53.01746661058008,85.00048012523203
93,53.00880561784581,84.99352615360843
93,53.00747207244569,84.99680711566499
93,53.01945766530319,85.01288071261845
93,53.00202545405796,84.99680159344962
93,53.01616573755947,85.01393526293835
93,53.007984455033395,84.98880657513547
93,53.026034837076615,85.00390588541684
93,53.01768074986034,85.0077336473306
93,53.01982376979943,85.00180714923667
93,53.01894810034879,85.00569298011386
93,53.02131857608869,84.98634854563664
93,53.01815768204755,84.9913595887624
93,53.010309104305406,84.99203208920152
93,53.00761860127151,85.01088571388765
93,53.01567211291508,84.98565393409217
93,53.01815770265158,84.99779353130792
93,53.014655717738876,84.99154200367443
93,53.01729068353224,84.99245457251592
93,53.01009717187429,85.0076797248204
93,53.018778984889124,85.00342565006822
93,53.023593467721035,85.0058046412033
93,53.01925731591726,84.99656354779952
93,53.00525924466262,84.99733201656389
93,53.017969663208646,85.00039201320115
93,53.016705375255974,84.99386156500428
93,53.01456139091901,85.00286957441669
93,53.01908716298645,84.98821958181894
93,53.01483869862276,84.99232716325443
93,53.00925900290224,85.0082728708812
93,53.02412302496983,85.00840890093383
93,53.01954372833272,85.0118972708635
93,53.00336232838808,84.9975579858457
93,53.02056353651045,85.01377313765508
93,53.01631475657519,84.98990748092453
93,53.022199066491524,85.00288597328661
93,53.014867336863674,85.00226847913873
93,53.02122298881045,85.00635035731362
93,53.00912170226617,85.0121632311514
93,53.01923280456959,85.00913196864276
93,53.007519895387766,85.00217002666793
93,53.00302593953186,85.00910598143932
93,53.0021743041145,84.99459152337663
93,53.018406244406485,85.00733935602211
93,53.014551994494276,85.01282950983551
93,53.01480452385021,84.99930010321076
93,53.01450962584954,85.01302045097835
93,53.01630649118148,85.00707645959511
93,53.00647595837332,85.00858190294944
93,53.00294947257345,84.99956221529416
93,53.009710990169594,84.9985186602931
93,53.02010260077085,85.00562946931677
93,53.00166752745967,85.00167263948724
93,53.02213502263253,85.002511500034
93,53.01139713166876,84.9966463385983
93,53.022829542199055,85.01203192656692
93,53.01482980965312,84.99830789009711
93,53.02164341648673,85.01476002199958
93,53.02441773744631,84.99050660689969
93,53.02637519008482,85.00444238480497
93,53.011672420009866,85.01009738648466
93,53.01648772048217,84.99370676053371
93,53.028986114896234,85.00663643767716
93,53.007768384298295,84.99856455562357
93,53.01686271190255,84.98980428097282
93,53.02700781982521,85.00835210428352
93,53.02229840676483,85.0052560448855
93,53.00433087586957,85.00004412412805
93,53.01836110779854,85.0136967286252
93,53.00329065403929,84.99908006775395
93,53.00758996465811,84.99926385161199
93,53.00718201120871,85.00431097533337
95,53.01718068885708,85.01463929310026
95,53.0011454459278,85.0083791392517
95,53.01375747322182,85.0061147042438
95,53.014986441827716,85.02168252552997
95,52.99552051905667,85.01405013230195
95,53.002207315393086,85.0221021721869
95,53.00940233309026,85.01537732812456
95,53.02286201389867,85.01587945875738
95,53.01892686653574,85.00591109973351
95,53.01243000595021,85.02758533143367
95,53.00419962015603,85.01871942879092
95,53.02360795051914,85.01829366195908
95,52.99881867555897,85.01929822714658
95,53.01789201459787,85.01443923273814
95,53.0011454459278,85.0083791392517
95,53.00004915587326,85.0226756274543
95,53.002219765264925,85.01000859747886
95,53.009193708284045,85.01943947652579
95,52.99996286711487,85.02648232650266
95,53.0116031718777,85.01781794384183
95,53.006357540993086,85.01178554267584
95,53.01074937990156,85.02958797713899
95,53.02071062242416,85.01433830257353
95,52.99976349802104,85.00891922471492
95,53.008374176504304,85.01345497507562
95,53.01632429990928,85.01968840475772
95,53.00683490067024,85.01027790864238
95,53.006356735449316,85.01335489157732
95,53.02022103783341,85.00999080581175
95,53.01027046258603,85.01793272591611
95,53.0000354170584,85.01637793251378
95,53.01768074986034,85.0077336473306
95,52.99823635911956,85.0247202748999
95,53.00294401215297,85.0037221331609
95,53.0011454459278,85.0083791392517
95,53.005960106819664,85.01727193262907
95,53.003529383627644,85.00650818083193
95,53.01764654725839,85.02817880498654
95,53.00324783932422,85.00902281237067
95,53.0200802352727,85.02701993486029
95,53.00835888158238,85.02222156597055
95,52.99967762901457,85.00651162497958
95,53.00939195249443,85.00792449965353
95,52.99634248350953,85.00990416697493
95,52.9983766686936,85.014268356551
95,53.015564139950435,85.03055584258873
95,52.995328269029365,85.0144152325988
95,53.00441170438017,85.02122985975879
95,53.01954372833272,85.0118972708635
95,52.99623125160818,85.0107498531607
95,53.00685568415568,85.01610640517254
95,53.00324783932422,85.00902281237067
95,53.00206699973901,85.01693914080086
95,53.02288191572217,85.02246023854637
95,53.01289358250192,85.02430636132452
95,53.01115765635672,85.00594987462456
98,53.018540506821786,85.00868460944112
98,53.00601008548091,85.00473771044628
98,53.01444002539456,85.00792127941077
98,53.01967741584121,84.99812139548045
98,53.01574560254235,84.99810663801672
98,53.020884260246795,84.99883234424539
98,53.02292016639778,85.00738591493035
98,53.01165956119372,84.9983261685153
98,53.01751569324371,85.01436937216444
98,53.01019047449199,84.98583027222882
98,53.00953715314384,84.9892604769955
98,53.007257762209115,84.98890127227317
98,53.01666064247269,84.99102627102808
98,53.01208052411088,84.99166482707834
98,53.01360811816505,85.00776945976777
98,53.02623075904117,84.99626637438872
98,53.01924505747369,84.98814722102095
98,53.00904638711665,85.00808994285508
98,53.007758789681894,85.01204667477487
98,53.01124376233565,85.00251621737196
98,53.011925707509135,85.00334236032535
98,53.00053258014499,85.00011458439837
98,53.01883784556633,85.00307888975998
98,53.015210309855654,84.99841025587415
98,53.01811191727062,85.0064246634707
98,53.00118534919323,84.99999589358906
98,53.000786194437794,84.99552699304799
98,53.00371225824962,85.00000598920035
98,53.01762830202897,85.00602367140336
98,53.018752209760315,85.00060318625896
98,53.027713872761204,84.99175868101588
98,53.02453233623979,84.9898717598491
98,53.01391793725298,84.99715704067323
98,53.00859652452634,84.99646687147067
98,53.01071740445619,84.99409411611244
98,53.01312365496307,84.99301660859142
98,53.006030487773685,85.00900200402786
98,53.00456919806198,85.01187965758808
98,53.02229165196421,84.9935599855936
98,53.002344400948225,85.00944077894353
98,53.01653685573568,85.014286764651
98,53.007936348217854,85.00480916851302
98,53.02558135897037,85.00762655709812
98,53.02202740892984,85.00919517433951
98,53.0039022189066,85.00962685752489
98,53.01924965404092,84.9863586014324
98,53.02336204419422,84.99304609466284
98,53.00228338846589,84.99970023886038
98,53.02386117215889,85.01268523639762
98,53.02810145459329,85.00071153678735
98,53.014065832895184,85.00071407636001
98,53.01924965404092,84.9863586014324
98,53.01535809011747,84.98540244761836
98,53.02168527401334,85.00872100715858
98,53.01775811840062,85.00501756633525
98,53.00193810165283,84.99566411844202
98,53.01962214856427,84.99786778241116
98,53.00882067131193,84.98903840254805
98,53.01026475384765,84.9875713989349
98,53.023413517665,84.99164910729813
98,53.01593596339229,84.99684852947767
98,53.006625180275556,85.00588765722634
98,53.01688982763673,85.00287279741684
98,53.00977013261692,84.9888186342556
98,53.01224862658188,85.00386907180078
98,53.008844590693265,85.00567268195638
98,53.016876752307404,85.0024102818791
98,53.00487372864979,85.0001927817641
98,53.01207610909457,85.01332273685901
98,53.02360850089703,84.99023773650232
98,53.006153342696166,84.99660490536307
98,53.02891247140235,84.99506968647968
98,53.011757591088966,85.00760095759742
98,53.01680039525399,84.98935990583527
98,53.00604818446052,85.01152623891872
98,53.01473441965023,84.99509164161243
98,53.01170401384232,85.0070172105745
98,53.01516616354683,84.9904227771567
98,53.004242567481015,85.00344550755331
98,53.02619721960384,84.99265287661011
98,53.02202409342165,85.01073654477615
98,53.01060194112038,85.00572070492497
98,53.00494969937947,85.0120565601342
98,53.028244199359044,85.00632195460773
98,53.01874246531576,84.99847572481957
98,53.00486178468489,85.00004093004313
98,53.020514884799276,85.00423358841472
98,53.01179248469323,85.00294317118409
98,53.01152133849379,84.99832010824382
98,53.02202409342165,85.01073654477615
98,53.008739063918526,85.00621441477185
99,53.01341650992448,84.97249164723152
99,53.016898844148656,84.9749803585679
99,53.01692909254855,84.97961834907765
99,53.000935544400164,84.97844079121283
99,53.01099502915493,84.9764573750241
99,52.99523306105036,84.99143806425617
99,53.007199811165,84.96850705338068
99,53.00423092540662,84.97196582059678
99,53.00113496047242,84.98051876132116
99,52.99761499136849,84.99130868232882
99,52.99515928009288,84.9824100488257
99,53.00193810165283,84.99566411844202
99,53.008459803879596,84.98904129157074
99,53.00165196761873,84.9912567751065
99,52.99963897049406,84.97856760319691
99,53.01028524333543,84.97976175677456
99,53.000830955379904,84.9943825241325
99,53.00020636098584,84.96756500846591
99,52.99435421989322,84.97955173313589
99,53.01136536542443,84.98087812537568
99,53.015633090764474,84.97308665198969
99,53.01289409334842,84.99289963633693
99,52.997134098810044,84.9740487877801
99,53.003253730893604,84.97994250705874
99,53.01341650992448,84.97249164723152
99,53.005551648511684,84.97611624728341
99,53.015762739988254,84.97780586800809
99,53.006182689851244,84.99379853177133
99,53.01375520474147,84.98667530463021
99,53.01035113944584,84.97870325258225
99,53.01071056631619,84.99075467590397
99,52.9975814837075,84.99474353745435
99,53.00930092997866,84.98915654983647
99,53.00163665466892,84.98422907685224
99,53.00811120191903,84.97989675852263
99,53.00597438621503,84.97262581787382
99,53.0018603344581,84.97357229767096
99,53.01413434712926,84.97742458263336
100,53.01332585479651,85.02052795401926
100,53.01465408894024,85.02170176327951
100,53.01052291515213,85.0073428433371
100,53.013546093187934,85.01220883540319
100,53.016662776054964,85.01892391504707
100,53.00265214738544,85.00537361627761
100,52.99422119803518,85.02431220998774
100,52.99517824512495,85.0202544614654
100,53.00365532456828,85.02025259937598
100,52.99984356968189,85.0143369799458
100,53.016360615814335,85.021553506282
100,53.01182474937481,85.02751841400668
100,53.012001670130644,85.02851763145904
100,53.02071062242416,85.01433830257353
100,53.00494949948344,85.01126336901528
100,53.00763348989647,85.01723740317072
100,53.006327511925875,85.02025844047577
100,53.0161911293122,85.00589658406003
100,53.004476360758815,85.010192408348
100,53.01739794422437,85.01641625602285
100,53.00888620600011,85.01016640182758
100,53.0171290973149,85.02611469272084
100,53.00663880657853,85.00748521981554
100,53.015950045979835,85.0185314634143
100,53.00332151990654,85.03200751046666
100,53.01058868193156,85.00829270644076
100,52.99811645280552,85.00545349596729
100,53.01345868679835,85.01992388851474
100,53.01726075921063,85.0227642153409
100,53.00659367712092,85.00346061563654
100,53.01125358203821,85.00375544862774
100,53.01283989953199,85.00969195553273
100,53.01786162027563,85.00545044500065
100,53.00673776669687,85.02464249754952
100,53.010990780436295,85.0126189130109
100,53.01929410390776,85.02405045824109
100,53.00911319070918,85.01652228991279
100,53.00439769877068,85.0217584973741
100,53.01685714455466,85.03047073811804
100,52.993805493677435,85.01322268050885
100,52.9997080071492,85.01731081481925
100,53.01394420312977,85.01616265470068
100,53.01473477919848,85.01761102895881
100,53.00115655094882,85.00456153334545
100,53.00451417886862,85.01782797299164
100,52.99672878700662,85.00686653561344
100,53.00833656209495,85.02266796388597
100,53.01325220838036,85.00535992309499
100,53.01459340626062,85.01665900312842
100,53.00414401732541,85.02055652565247
100,53.006507030224306,85.02790687653012
100,53.015528160100374,85.01489269798898
100,53.01442416188783,85.0157131806769
100,53.002495861686015,85.02838502339293
100,53.01270325684375,85.0133465241508
100,52.99991025938215,85.01959028610048
100,52.99314216432997,85.02031776075336
100,53.00406153814881,85.0149958733661
100,53.01540689166452,85.0165140214187
100,53.019596238974195,85.01814669066036
100,53.01711780969593,85.01278865635729
100,53.01171817911151,85.02117361734075
100,53.013397715327024,85.0056087002814
100,53.007230734464095,85.029262204244
100,52.99930836710533,85.02549425567432
100,52.99755218101025,85.01280974499915
100,52.997413097971716,85.01539711188349
100,53.01230607265116,85.02282310516041
100,53.0007467620544,85.01010557880917
100,53.021484401478226,85.02192347026848
100,53.01726075921063,85.0227642153409
100,53.02383063611726,85.02013617904171
100,53.01493229607609,85.0040779990682
100,53.02108276121941,85.01766510398204
100,52.998731878923294,85.01434998115997
100,53.00199558498832,85.01179208025674
100,53.002182631746784,85.00931735659195
100,53.00711150167171,85.00591718686914
100,53.005081470647745,85.02093114895543
100,53.00199558498832,85.01179208025674
100,53.01667788141028,85.01386382154304
100,53.00460296578339,85.01552004649959
100,53.00814167632271,85.00442954732144
100,53.015724070908306,85.01053233077066
100,53.00573535621191,85.02746410637279
100,52.99267589965586,85.02016628809102
100,53.01749540461985,85.01767912525418
100,53.00983003647043,85.02182792614931
100,53.00299761920693,85.01157914038653
100,53.01380440590992,85.02468771885934
100,53.00854151672604,85.00995420533464
100,53.01030698872296,85.01189109085789
100,52.99991025938215,85.01959028610048
100,53.00239144776327,85.00869753960387
100,53.004385292315575,85.02760145728236
100,53.01548660901141,85.01321801123994
100,53.0021793071492,85.02954254959879
100,53.00019108768628,85.00801098898388
100,52.999230493417485,85.02662119383623
100,53.01335467016408,85.02948816605623
100,53.011038690066066,85.01196191826493
100,53.00789450456965,85.00652777681857
100,53.016061115811745,85.00597019799174
100,53.013143837335704,85.02217395696698
100,53.02001891733216,85.01324655632052
100,53.009973241631705,85.01743599867241
100,53.0099031189835,85.02827969845912
100,53.0164397995377,85.0161529486029
100,53.018537673450595,85.01129229078587
100,53.014487906532686,85.00932229135755
100,53.000839838418905,85.0102447571634
100,53.00164060907306,85.02856377887034
100,53.00556959081277,85.02336411711893
100,53.01050397047884,85.02269018117002
100,53.014979434933835,85.01565075170869
100,53.01795352056264,85.02841625672642
100,53.01797223697687,85.02741023417215
100,53.01795944823444,85.01133150908224
100,53.01538340904077,85.00502720048935
100,53.01024575232593,85.00719233872712
100,53.007758789681894,85.01204667477487
100,53.01357006774918,85.01654136282278
100,53.00909826432373,85.02399682958392
100,53.01058281285686,85.01561203589675
100,53.00447749224453,85.01927239998194
100,53.02338328585088,85.01868403262382
100,53.01459145237037,85.01355790575441
100,53.01632429990928,85.01968840475772
100,52.9984373317685,85.00528205273712
2,53.01445596478513,84.98693194545021
2,53.01202010087022,84.98750776450696
2,53.015210309855654,84.99841025587415
2,53.017796895913335,85.00036214955617
2,53.000773121505915,84.9899793816278
2,53.00152604785196,84.99088544206526
2,53.01827901860915,84.99207821595617
2,53.00871756967182,84.99066016834708
2,53.00663880657853,85.00748521981554
2,53.02015947101824,84.98660908174233
2,53.00639545264564,85.00562826008924
2,53.01404430697508,85.00328661996379
2,52.999719055441034,84.99830783347149
2,52.9997067825246,84.99543395713273
2,53.01239739403049,85.00698221412888
2,53.00559254122079,85.00540701592432
2,53.00134866484133,84.98808586151233
2,53.000383163262214,85.00462929547783
2,53.02011253696415,84.9865099807303
2,53.00489337447325,84.99996654162324
2,53.02452977157776,84.99486784737064
2,53.01874448706587,85.01043199953844
2,53.01168190494799,85.00677550493343
2,53.022475380485034,85.00802781208817
2,53.006750304360665,85.0142510455734
2,53.01098149999895,85.00756657753645
2,53.00573926655818,85.01289751916153
2,53.00242525314222,85.01195891118255
2,53.008426386029385,85.00926847790004
2,53.01050071471425,85.00105692247625
2,53.008836070590284,84.990202292293
2,53.02228934581216,85.00131265449578
2,53.015701330809286,84.98872065271172
2,53.0207412038862,85.00892960332257
2,53.02356860529119,84.99600015912768
2,53.01469808729766,84.98421737223067
2,53.01426166751654,85.00435640132568
2,53.006296770841146,85.01391617466074
2,53.00945183522399,84.98674850570458
2,53.02162043641581,85.00399293851903
2,53.019925215977,84.99198818254402
2,53.01179126047564,85.00408587971249
2,53.01986439400806,84.98739817478945
2,53.02223725842371,85.0024316893163
2,53.017643157947695,84.99935050062744
2,53.01080681974991,84.99615658437042
2,53.01869640898025,85.00222809302758
2,53.01238773472359,84.99370575488884
2,53.00967622404237,85.01424569432147
2,53.01529295110305,85.00198856525617
2,53.00946135186996,85.00252982181108
2,53.01169996987296,85.01666260206287
2,53.01980569507076,85.00194800685321
2,53.02097069786684,84.99112550617541
2,53.01770295358838,85.00259855745809
2,53.00800545596881,84.98719203525401
2,53.0079644985611,84.99698762545889
2,53.006065240036676,85.0025072230631
2,53.000710179287,84.99162034569123
2,53.00115655094882,85.00456153334545
2,53.02209709772661,85.0063897143152
2,53.01813359039193,85.00368795802532
2,53.00958591771448,85.01369185946037
2,53.01426166751654,85.00435640132568
2,53.00701894040263,85.0002978269139
2,53.00849361944129,84.99334344682778
2,53.01459340626062,85.01665900312842
2,53.008739063918526,85.00621441477185
2,53.01201695233222,84.99824259790218
2,53.016657780108844,84.99795506354474
2,53.005026099789745,84.98561325238083
2,53.016194006068275,84.9898631655102
2,53.018409136250106,84.99386510167928
2,53.013290384374535,84.9829993219801
2,53.010662447829326,85.00545241730896
2,53.00497771184476,84.98779938376019
2,53.011368699888976,85.01352471663053
2,53.015528160100374,85.01489269798898
2,53.00299761920693,85.01157914038653
2,53.011126660912126,85.0073380840217
2,53.0101955877612,84.99784154237734
2,53.01496807024477,85.00453928237567
2,53.004899318865114,84.98644528174266
2,53.015275761713575,85.00019287230799
2,53.017653473368306,84.98612092773145
2,53.001303906986664,85.00669085822787
2,53.00546338942592,84.99688640598623
2,53.02341985020287,85.00521165406622
2,53.018569733979554,84.9864346769524
2,53.00109892832528,85.00318482757308
2,53.00971272071341,84.9977802338455
2,53.00184664364852,84.99567602024844
2,53.015665200079916,85.01475552752228
2,53.023593467721035,85.0058046412033
2,53.011742646897375,85.01041664845488
2,53.01561924904665,84.98599883830865
2,53.01923280456959,85.00913196864276
2,53.00492030454881,84.98428717501636
2,53.017302936106965,84.98916255106587
2,53.0207412038862,85.00892960332257
2,53.01867244603707,85.00064594615044
2,53.00491136051251,85.01262322966475
2,53.0084267457002,84.9816970164678
2,53.00321084840263,84.98805974885047
2,53.00224703831714,84.98810109909742
2,53.017634638623434,84.99827648381438
2,53.00526466399824,85.01417133838864
2,53.01133564427999,85.00049138829503
2,53.011712023301456,85.01235896568734
2,53.0161911293122,85.00589658406003
2,53.015275761713575,85.00019287230799
2,53.022064516346546,84.99951825983922
2,53.021710584277656,85.00490347908203
2,53.01115571763912,85.01015337915612
2,53.0225413854518,84.98938909161616
2,53.009326444733766,84.98527414818817
2,53.001931552216455,84.9876233580371
6,53.00778038587013,85.00365286348432
6,53.01334613956397,85.02214917571709
6,53.011797901639184,84.99985731410719
6,53.02280574756264,85.00912431181466
6,53.005342735584,84.99470935462737
6,53.01509477687503,85.01106019046885
6,53.01386606812908,85.00507514623058
6,53.00819061854821,85.00609102789137
6,53.007540156672995,85.01111290532612
6,53.0023132523187,85.01920649843339
6,53.01533915065723,84.99936264637024
6,53.0112274292666,85.00011146411678
6,53.00857703833323,85.02480270484702
6,53.013483490975474,85.01118763728908
6,53.0191244431868,84.99933114998449
6,53.00670019640389,85.01403200968146
6,53.00709987921628,85.01170048927075
6,53.01294061177805,85.00340634499787
6,53.016160990630134,84.99517567709908
6,53.00367043320662,85.00126946497751
6,53.01960775764785,85.0049969167903
6,53.01507136525573,84.99230961437942
6,53.01737159314815,84.99999367624095
6,52.996630923329725,85.01379997625764
6,53.01478220272217,85.0234352145178
6,53.005730536335975,85.01547553690276
6,53.00818599331939,84.9925928836044
6,53.007318296916274,85.00409302974235
6,53.003047531654275,84.99895425377169
6,53.00987740062107,85.00593891549275
6,53.01511109847054,85.01416052073041
6,52.997413097971716,85.01539711188349
6,53.009160766047785,85.00067962492321
6,53.02063112630415,85.0191217341736
6,53.004174202881266,85.02146888016003
6,53.0166749146625,84.99847857717968
6,53.0067895069337,85.00292921424027
6,53.00143519351187,85.01080494829344
6,53.01021999782581,85.00560800065485
6,53.00391826761214,85.01903184339044
6,53.015495080982696,85.01941133872597
6,53.015669311088665,85.00754871390367
6,53.009591105590374,85.01007675762172
6,53.00233138425841,85.01360077951695
6,53.007371793749456,85.01374031444472
6,53.01495136232606,85.01648701279557
6,53.00613072540866,85.02550977512857
6,53.004836422007756,85.00824509983258
6,53.008629543837095,84.9955569023016
6,53.01612111654471,85.00314018510281
6,53.01104708646464,84.99134487675336
6,53.02095133395172,85.00532450026104
10,53.016522497719976,85.00198192216976
10,53.009631913036735,85.00221315729097
10,53.022002492550726,85.00951668809786
10,53.008818893156445,84.99173943678446
10,53.00735674586595,84.99457282416496
10,53.02465271095327,85.00749813789832
10,53.0134415418245,84.98830123971425
10,53.01741213035939,84.99262659455361
10,53.01117645041325,84.99914962984559
10,53.004476360758815,85.010192408348
10,53.00894064066402,84.99011385274136
10,53.02192280127499,85.00848208922207
10,53.001936638178755,85.00853112026381
10,53.01183295878134,85.02077511212961
10,53.00044694017569,85.00159741955633
10,53.02648715727589,85.00021475446742
10,53.02206889425476,85.01340875476093
10,53.005985134221085,85.00973566241234
10,53.00049951536312,85.00391742560373
10,53.00673426686445,85.0043423717174
10,53.003546530887824,84.99407120211002
10,53.00008103816506,85.01175133329009
10,53.019209281582555,85.01455725478064
10,53.01010294829685,84.99670801136376
10,53.02543998457321,85.00225380505024
10,53.00401191220674,85.00387140735397
10,53.02569502899001,85.0090752953998
10,53.02262856193337,84.99675827654494
10,53.014065832895184,85.00071407636001
10,53.01812936412897,85.00337839259353
10,53.01653532319678,85.0162212839331
10,53.01795568674326,85.0100450934179
10,53.00174546366236,84.99978137997695
10,53.023586688209235,84.99186377966555
10,53.01567516053853,85.0005289014744
10,53.00639914334084,85.01153962668113
10,53.007055902423886,85.00868550066471
10,53.01864125756839,84.9929072031608
10,53.01962742529393,85.00544356454762
10,53.00548459401455,84.99484559885725
10,52.999682507356326,85.0114155915215
10,53.016831648524814,85.01823713535497
10,53.02336204419422,84.99304609466284
10,53.005008147009704,84.99468682164107
10,53.02273421583708,85.0061648295234
10,53.017356295847996,85.00137230218822
10,53.01224997656009,84.99702692219002
10,53.026666095188475,85.00675373954509
10,53.01628285511814,85.01642728138823
10,53.01344191800622,85.00513325204912
10,53.00868373304487,85.00754634312425
10,53.00494949948344,85.01126336901528
10,53.01517385041121,84.98693111254603
10,53.01999182795928,85.00399733972115
10,53.02320220582848,85.01204099083824
10,53.02489224619593,85.01104088930416
10,53.02011857849603,84.99593144019323
10,53.01544997808636,85.00323748128233
10,53.01726366770763,84.99531485890155
10,53.017327001608365,85.01510719887202
10,53.003047531654275,84.99895425377169
10,53.017331114022554,84.991177942717
10,53.00819061854821,85.00609102789137
10,53.00073496462195,85.00537124436724
10,53.015050695036834,84.99839551602334
10,53.00831484572276,85.01755582088654
10,53.02229840676483,85.0052560448855
10,53.0092563535155,85.00458432984809
10,53.01531953169212,84.99179499367736
10,53.012505999294085,85.0007315715301
10,53.013017739588406,84.99082360175673
10,53.019910230944,85.0047594681344
10,53.00080483823782,85.00442882690903
10,53.01556427393936,85.0089920455636
10,53.020786799345586,85.01188498263608
10,53.00143382267695,85.00978025709951
10,53.008366287369455,85.00023127708337
10,53.01927415466011,84.99703234130405
10,53.01615220173522,85.01228846883734
10,53.01084884633243,85.02051302395941
10,53.025946091408706,84.99548361470217
10,53.00080141349541,85.0137037472525
10,53.012733607242204,85.00819648433409
10,53.023965500133755,85.00349548126803
10,53.02628109268502,85.00569327996132
10,53.02063756469528,85.01075091586475
10,53.01283936100508,84.99899304842913
10,53.01548504615286,85.00311873391618
10,53.026410240312345,85.0044580154658
10,53.0179645917444,84.99775939537928
10,53.02044585777438,84.99749305434955
10,53.01763070214771,84.99342478656804
10,53.00426625433386,85.01589899836335
10,53.00565543739647,85.01365934161576
10,53.00806035114934,85.00152616670312
10,53.00635337144725,84.99271727726635
10,53.00590299568051,85.00533536680747
10,53.012760294239285,84.98715895564281
10,53.00977521175807,85.00929562157248
10,53.0056504925335,85.00974822447078
10,53.02151841288625,85.01376221057345
19,53.009254200304476,84.99741553834646
19,53.00988900307565,85.01729960673886
19,53.01242772100233,85.017566198329
19,53.01314040713155,85.02158069558402
19,53.0028439729921,85.00946313787269
19,53.002219765264925,85.01000859747886
19,53.02222724190866,85.00398469342755
19,53.006351652292636,85.00399225504815
19,53.009046721909506,85.00002821118781
19,53.00174546366236,84.99978137997695
19,53.017480515716606,85.00672053801355
19,52.999211984791366,85.00184575351504
19,53.01162625292261,84.99794083821412
19,53.00779352669421,85.00710574660062
19,53.0106436850653,85.012177970599
19,53.00424434421632,85.017593751492
19,53.0161082915643,85.0144779978861
19,53.01536057407899,84.99505130629204
19,53.011454901392156,85.00411170245472
19,53.01613699210165,85.01698508056613
19,53.01813359039193,85.00368795802532
19,53.01136510011803,84.99994450597944
19,53.018406244406485,85.00733935602211
19,53.02021362915351,85.01340876538059
19,53.020575781743624,85.00169935741602
19,53.01451178301652,85.01631669243734
19,53.006357540993086,85.01178554267584
19,53.01823849200792,85.00960729267406
19,52.999682507356326,85.0114155915215
19,53.00379725641717,85.00760286559496
19,53.01302464546228,85.02070007586492
19,53.01853088685486,84.99697250920298
19,53.01830128540069,84.99950288627711
19,53.00930033086103,84.99606556861113
19,53.00861485360518,85.00719914430366
19,53.00977447336871,84.99564831438146
19,53.01252415620314,84.98993740763069
19,53.01452971885994,85.00847235349305
19,52.99991025938215,85.01959028610048
19,53.00397904412307,84.99011091852174
19,53.00446907111059,85.00158162114822
19,53.00088465334649,85.00570628371021
19,52.998283857131035,85.00714546840084
19,53.01444002539456,85.00792127941077
19,53.01413289089012,84.99846779189055
19,53.01325220838036,85.00535992309499
19,53.01855029702326,85.02084746494246
19,53.01548504615286,85.00311873391618
19,53.00163240954081,85.01067561538264
19,53.001474809182724,84.99322452245109
19,53.00457493025627,85.02048591476965
19,53.00707855260367,85.01025223429156
19,53.00893735242501,84.99862881719172
19,53.0034008491059,85.0121024075634
19,52.998478711066475,85.01054687116076
19,52.99921083184097,85.01473757730203
19,53.01364603451398,84.99674556003467
19,53.00299761920693,85.01157914038653
19,53.00758262458157,85.01684400594593
19,53.014924036021526,85.01556513506864
19,53.011220242576776,85.02045419023653
19,53.01329544061046,85.01877154090148
19,53.011835732023215,85.01662927973594
19,53.009767353769824,85.01658039152356
19,53.01942866671084,85.01726593447758
19,53.01033948923495,85.01901320612396
19,53.0093120228544,85.00065176381317
19,53.01186602383679,85.0095990243199
19,53.01179095533529,84.99964520435275
19,53.01115765635672,85.00594987462456
19,53.01054226194408,85.0083646286514
19,53.02089926447674,85.00080923199855
19,53.016883950068845,85.01108952376038
19,53.01153238144846,84.99021862365746
19,53.01812832084829,85.00170002848537
19,53.00728265269103,85.00880325893911
19,52.99982323616051,84.99924712440904
19,53.009193708284045,85.01943947652579
19,53.00468456035566,84.98962061107902
19,53.01425102228625,85.00951086449521
19,53.02216496711851,85.00995921036528
19,53.00614245798882,85.01669318392683
19,53.00794130838245,85.01322613614776
19,53.018017393613505,84.99519957777146
19,53.0139195903151,84.99979156758783
19,53.007473437165544,85.00539093254923
19,53.00862712569256,84.99468193260857
19,53.019824591959434,85.01283878437776
19,53.01878774567705,85.00601464702272
19,53.005293467506704,85.00170524825917
19,53.016705375255974,84.99386156500428
19,53.01472915950028,84.99333292613666
19,53.01789335427837,85.01374658161583
19,53.009973241631705,85.01743599867241
19,53.01381047137157,85.0170895866563
19,53.01037174538156,84.99815557251205
19,53.01566341137987,84.99756460587751
19,53.01811657836553,85.01203738630086
19,53.01630433458776,85.0142619443328
19,52.99845571701794,85.00360712963787
19,53.00635337144725,84.99271727726635
19,52.99819760214792,85.0028329432429
19,53.003154716381765,85.0105231667894
19,53.015665200079916,85.01475552752228
19,53.00971610351509,85.02562764172873
19,53.01689079684809,85.00782382081307
19,53.011514959401914,85.02409335192164
19,53.011363016614176,84.99385808994614
19,53.013353107918746,85.0213084006711
19,53.01427999112569,84.99136344067591
19,53.010356190728224,85.02485088334372
19,53.01829425227545,85.00977890086139
19,53.007758789681894,85.01204667477487
19,53.01055854106433,84.99152720037658
19,53.00709987921628,85.01170048927075
19,52.99791429718581,85.01201927510097
19,53.00575856081396,85.0066486393024
19,53.00279720517501,85.00879223717901
19,53.015510173498825,85.00665785403282
19,53.0001837425728,85.00387710967185
19,53.02136214516051,85.00637616764452
19,52.997730504036866,85.01025436081241
19,53.00330371432969,85.0061931356907
80,53.01688982763673,85.00287279741684
80,53.003643167555296,84.99790981852657
80,53.02268577879197,85.00063384460312
80,53.01185737692511,85.02127276975482
80,53.00487236479923,85.02053673823696
80,53.00981540365786,85.00329923253156
80,53.010160680342,85.00563291267822
80,53.00706692182399,84.99866787970574
80,53.0201007896645,85.00068539004022
80,53.024922855735966,85.00179110714768
80,53.00818599331939,84.9925928836044
80,53.01500205301468,84.99172829909855
80,53.00559254122079,85.00540701592432
80,53.00959270790892,84.99211452701694
80,53.0105468158725,85.0188121519002
80,53.023583154169664,85.00355312981232
80,53.00016065859946,85.00036292399157
80,53.00165186913265,85.01628093496474
80,53.001450726603935,85.01103720719532
80,53.021559510672056,84.99530183133827
80,53.00217039454651,84.99412540814761
80,53.02193080973568,85.01181464990641
80,53.01815770265158,84.99779353130792
80,53.01055559539629,85.02023706169011
80,53.01986815017558,85.00964348391888
80,53.015578100835654,85.00907684515093
80,53.0241018634435,85.0089004297511
80,53.01952432374921,85.00799143166206
80,53.0161911293122,85.00589658406003
80,52.99822434816573,85.00734723331045
80,53.01867244603707,85.00064594615044
80,53.00761860127151,85.01088571388765
80,53.02271836746821,85.01062469050427
80,53.02471634796862,84.99594081209308
80,53.01825283306163,84.99852026413662
80,53.019466043204304,84.99973678343233
80,53.01938740831954,84.99907613670372
80,53.01911103243725,85.00277100121457
80,53.00889083925879,85.00649203309099
80,53.016885088243455,85.01757489674482
80,53.001509852416376,84.9948973691778
80,53.02339362814064,84.99903813798004
80,53.01177900997258,84.9973735920841
80,52.999536131364096,85.00248475759369
80,53.02353935342031,85.00601168026468
80,53.01073604270169,85.00623809923694
80,53.01894810034879,85.00569298011386
80,53.00665532304708,85.00544891042306
80,53.017231623677816,85.00198765520248
80,53.00677542959859,85.01177024729536
80,53.013594734451054,85.01928291407738
80,53.00437725377607,85.00790208207825
80,53.00439592326261,84.99417173991968
80,53.00614254601017,85.02020837582499
80,53.012787716796595,84.98813272503276
80,53.00523940598106,84.99653422544537
80,53.01861634989231,84.9992227903949
80,53.01075954787776,85.00081838585113
80,53.00049726038071,85.006750817657
80,53.00410019523288,85.01465651719418
80,53.012022174619325,85.02083878528114
80,53.02427508354223,85.00767560596393
80,53.020720633190095,85.01079158885243
80,53.0179838810584,84.99606495327176
80,53.00719947560788,84.99621355602939
80,53.004127119372335,85.01793676255072
80,53.008237190811485,84.99593314449702
80,53.007340515030805,84.99381431382581
91,53.00589099653362,85.01436716777765
91,53.02238377041235,84.99961416886838
91,53.02508254293004,85.00530446292147
91,53.00159141280906,84.99363788661191
91,53.016885088243455,85.01757489674482
91,53.017444741302185,85.0149782380471
91,53.016061115811745,85.00597019799174
91,53.02097728122632,84.99624655258063
91,53.010216454016025,85.02072529023991
91,53.01184396116194,85.01308799684885
91,53.002637329360006,85.00944165511937
91,53.017444741302185,85.0149782380471
91,53.013956561709605,85.00354694853934
91,53.0085115228977,84.99760514048847
91,53.00244335289675,85.01397330774766
91,53.00813009465936,84.99515422852625
91,53.017565009149806,85.01617122228426
91,53.01399680529549,85.01467545841196
91,52.99934378970205,85.01356653636435
91,53.00911319070918,85.01652228991279
91,53.0132870840015,84.99500985076847
91,53.015749895117445,85.00768219415593
91,53.000171167473255,85.01214201229234
91,52.99957734396757,85.01323546323164
91,53.017565009149806,85.01617122228426
91,53.00677148206881,84.99868225206833
91,53.02056698991166,84.99925393817657
91,53.00652917284326,85.00404937659144
91,53.00612089209585,85.00245901264591
91,53.021710584277656,85.00490347908203
91,53.00803616026353,84.9925732214431
91,53.01337021952933,85.00739097170067
91,53.00240746795178,84.99338816759106
91,53.02040239369471,85.00240878183158
91,53.00567775384275,84.99165272937395
91,53.01400942648433,85.00089404327065
91,53.00784478059358,84.99059216730559
91,53.02251064858678,85.01206702404852
91,53.01852845241857,85.0038222641125
91,53.02152361877204,84.99119424034454
91,53.02000467348441,85.0032736282334
91,53.01975458942476,84.99452159326813
91,53.02006554078999,85.00988787443153
91,53.00332936272139,84.99646536710492
91,53.009355818084565,85.00979440469456
91,53.01470634788945,84.99058525107685
91,53.004818371573414,85.00097188013315
91,53.005997711762795,85.0022827917326
91,53.01418093962668,84.99803904739514
91,53.014611872915076,85.01466766097248
91,53.007619474348346,84.9964925365735
91,53.015699364623906,85.01257490169316
91,53.01013611302072,85.01158135916552
91,53.019209281582555,85.01455725478064
91,53.01026080741119,85.0114690004138
91,53.01418093962668,84.99803904739514
91,53.011835732023215,85.01662927973594
91,53.0112274292666,85.00011146411678
91,53.00468456035566,84.98962061107902
91,53.01598382884955,85.00579189467295
91,53.00876257878558,85.01389777129958
91,53.01471602321067,85.01355495204261
91,53.022800869155105,85.00483989686074
91,53.000731948955384,84.99706465872055
91,53.00972278859421,85.01719019887483
91,53.01713414641169,85.01005016463573
91,53.013160919941804,85.01320191393717
91,53.016773445930134,84.9899839683933
91,53.00569781608553,85.00612363512191
91,53.007588603727065,85.01049756274705
91,53.016185981439456,85.01203202461916
91,53.010646966890114,84.99450338739719
91,53.00424451669121,85.01159552862698
91,53.00987740062107,85.00593891549275
91,52.99972014227676,85.01173180534533
91,53.00325841126759,85.00188066342204
91,53.01586142612856,85.0080007949613
91,53.0039360416443,84.99568865589222
91,53.0185475942223,85.00910681035755
91,53.02189361913994,85.0054663985929
91,53.00023951882375,85.00367596596959
91,53.00824532580487,85.00980291656279
91,53.00684783721744,85.0071581876031
91,53.00942833804584,85.01634337426991
91,53.0128304336576,85.0153232651548
91,53.003127515566334,84.99902479628219
91,53.01026475384765,84.9875713989349
91,53.01621878473709,85.01373517793914
91,53.01739204079651,85.00453036748269
91,53.021484336121624,85.00427988471534
91,53.017234893266426,85.00015646549464
91,53.00388771357741,85.01124034112954
91,53.007885302997096,85.01163710829036
91,53.018274298348665,85.0084227204111
1,53.018406244406485,85.00733935602211
1,53.03655630198454,84.99454286559713
1,53.01273281370001,85.00036593645655
1,52.98729393679833,84.95534294323409
1,52.99181981161143,85.03093814961004
1,53.046249534696386,85.01482319440365
1,52.95690445492828,85.01557339672699
1,53.04686635449194,84.98887589675317
1,52.9552638651857,84.99231417783218
1,52.965259868592646,84.99921867285505
1,53.01193151664916,84.95343334474718
1,52.9676312862629,85.02798723398247
1,53.00105847074144,84.97913296796135
1,53.02483035686341,85.03561618827226
1,53.01161070699861,84.96990153843329
1,52.99629777418004,84.99303990317888
1,53.00996673804442,85.03804991208371
1,52.996432991062804,85.02062302351943
1,52.978150643424684,85.0070910972672
1,53.02197616685214,85.01351800760908
1,53.03683006675526,84.994796210286
1,52.99349684599771,84.95465055770978
1,53.035528144939,84.98532170953654
1,52.96855266412472,85.01966366854208
1,53.026701888847334,84.99564209660757
1,52.983609539430255,85.035598523046
1,52.978931136277374,84.96649167724702
1,52.988521602146896,85.02615589797335
1,53.03548225151394,85.0240662213434
1,53.008420011566834,85.04711742584654
1,53.03557209389242,84.97633461886197
1,53.014582536774164,84.96887027933178
1,52.99466548930582,85.02922060453126
1,52.95554684517169,84.9820696871511
1,53.021855009501024,85.03458834332424
1,53.02059325131201,85.02697736867765
1,52.98695109605586,85.00531022273555
1,52.98733330872088,84.96879268373483
1,52.99028180052271,85.01835885930848
1,52.994211983358475,84.97994434166077
1,53.007610947088025,84.98211425259403
1,52.964442555613374,84.99225669193416
1,53.037875907740975,84.9974352443262
1,53.0160298193778,84.96705549891611
8,52.98936323414326,85.0006050287823
8,53.01775183067179,84.97310643382234
8,52.97792347351118,85.0352576348239
8,53.00067863694815,85.0062486785631
8,53.012432164987366,84.95604732342265
8,53.03869222146152,85.00559856366687
8,52.958049039222615,85.01504265500535
8,53.00604167379844,84.99135086372604
8,52.955103853226944,84.99807052941095
8,52.999402169528864,84.97142967825316
8,52.975428991181914,84.96911115456194
8,53.01938921895448,84.96159711644627
8,53.01232045223592,84.98244269586134
8,53.01542171783709,84.95781638067426
8,53.02311483521631,84.97544162605898
8,52.95804095019826,84.98659061672821
8,53.023460060065574,85.01786999188575
8,52.98512564503003,85.01098987354969
8,53.01673622449341,84.99172323109039
8,52.96990985412776,85.02810306755215
8,52.95830861088158,85.01374029729614
8,53.03932211747737,84.97885849688666
8,52.959642691672165,84.98815899613304
8,52.96540118890282,85.02876036475271
8,53.03977237753104,85.0275637120834
8,53.00224083224683,85.04906424502076
8,52.99127503778277,84.99678787973659
8,53.02493894622899,84.97339368625089
8,53.03157313359195,84.96252899255508
8,52.96090818427223,84.98597023532015
8,52.97355202744365,84.99350325903985
8,53.019410192832616,85.02900459793688
8,53.00081057524422,84.98168907661645
8,52.993890156762646,84.95197230066849
8,52.98450541888166,84.99915407010991
8,52.961008027424676,85.01936740969666
8,52.979014250280464,85.01353215050432
8,53.03037611173861,84.99217883606077
8,53.01582590004744,85.01129228629992
8,53.00019507298368,85.02418381396717
8,52.99569384985827,84.95894095819222
8,53.02557275768625,84.98279981528681
8,52.989086688092286,85.02383876236087
8,53.0259267578665,85.02194366613327
8,53.0390063279916,84.99318201017266
8,53.02312963801142,84.9994755644035
8,53.00024971793397,85.03273062587378
8,53.01193151664916,84.95343334474718
8,53.0079085657241,85.0037897946848
8,53.01120708906333,85.02948599091813
8,53.025701448861746,85.00627933787142
8,52.98378148178845,85.03889090857791
8,52.99445078715182,85.03787702900144
8,52.95147186639093,84.9960928986219
8,52.98249419655906,85.04600875327498
8,52.9951871661262,85.00875909252382
8,53.025547420405374,85.03099368265894
8,53.009942146518895,85.03853045484371
8,53.02236722412914,85.02081616297745
8,52.978869795370755,84.9935242867326
8,52.989174310173624,84.995331500112
8,52.957031195156645,84.99160770275898
8,53.039547778395224,84.97876866746405
8,52.97350227467691,84.97320866825146
8,52.96124926109748,84.97605246962927
8,53.00662327611588,84.97337170952879
8,52.999460556240095,85.04095948804083
8,53.01155955419967,84.95952227061838
8,53.023220515299,84.98365634591892
8,52.96217271507319,85.01944527852993
8,52.9841877956993,85.03823275380621
8,52.95803780711836,85.00390585378078
8,52.96090818427223,84.98597023532015
8,53.024752267505576,84.98452089885045
8,52.977715630450724,84.98607330202807
8,53.02906952452158,84.96799749633762
8,52.98157468492384,84.97622264166777
8,52.98582354660031,85.01969086658968
8,53.0061323594119,85.02245257635973
8,52.99253255199139,85.00823571635425
8,52.97796481475074,85.03946350636467
8,52.97730754412973,84.99176268307252
8,53.01211036881515,84.96039463655919
8,53.03931670255675,84.97429174941544
8,52.98304362890835,85.00855907054797
8,53.033807500093175,85.03211819990294
8,53.01680364029681,84.95495747026882
8,53.01163393587075,85.03086436168861
8,52.992928339361235,85.00339510600365
8,52.979709437255565,84.9817921042629
8,53.02440011587571,85.02711098068674
8,53.03073982479349,84.99890589695077
8,53.01805570869976,84.97559576396866
8,53.03711835256281,85.0172588478289
8,53.01473869430967,84.95457886790349
8,53.03942740097331,85.01424798543981
8,53.003284959581016,85.04917922070308
8,52.963107954672644,85.01077782619295
8,52.99452839828644,84.97841822242948
8,52.99356258631788,85.01085495813203
8,52.96403541452428,85.00626503548412
8,53.01744297156953,84.96797505938596
8,53.009403326290155,84.9923918021517
8,53.033366666088746,85.03273997255283
8,52.9639789664246,85.02670836023606
11,52.97552659575845,84.97612747272251
11,52.98660667033282,85.01071234408812
11,52.97947641729431,84.98871036987703
11,53.02434569521447,84.96188881652277
11,53.03318401248439,85.00228195251844
11,52.95039790784589,85.00201988521661
11,53.04341354325616,85.0024103541529
11,53.004993381449815,85.01402469571468
11,53.01267760949681,85.01073228813489
11,52.977620628082065,85.02299721506249
11,52.981597106161665,85.04256134449598
11,52.96746085917919,85.02655987257268
11,53.023135746922826,84.96213401199948
11,52.952798684536134,85.0156776197683
11,52.96115959313243,85.0047372958891
11,53.00707855260367,85.01025223429156
11,52.987733529951555,85.00239910906772
11,52.95700476650135,84.99141687743315
11,53.0177249689127,84.98276207201167
11,53.036130430438796,84.97900896821221
11,52.9881727949584,85.02464161938175
11,52.961440764224264,85.02400342539391
11,52.984581427576295,84.96421653210587
11,53.004223131989555,84.96324858761696
11,52.96384553221921,85.00978798492848
11,52.98643423832223,85.0084134316783
11,52.97631496016998,84.99049801080903
11,53.02190596868481,84.95944717978209
11,52.95561417529894,85.00072704529325
11,52.9951515108449,84.98667262588454
11,53.01526167143389,84.99769842855353
11,52.98014069971131,84.98058158499109
11,52.995328269029365,85.0144152325988
11,53.039950546775614,84.97106965267464
11,52.98943125978821,84.96508617827409
11,52.980398484376515,85.01794325922548
11,52.99896687793529,84.95253355246217
11,52.984001503820764,85.01769806780625
11,53.01332953205349,85.00323762323102
11,53.0045414084608,85.00239790720967
11,53.011432027458866,85.0142897824705
11,52.97060753151744,85.0042562080318
11,52.981643025129685,85.03937476673251
11,52.984929014279466,85.01375372163805
11,53.02494979480211,84.9990006478961
11,52.97005086530733,84.98445205612502
11,52.9736556250057,84.98247815017872
11,52.96283664100977,85.01179114440231
11,52.97958215721846,84.97231435555523
11,52.9569518663122,84.99208873239283
11,53.026387654606154,85.01220834284494
11,52.99751848795928,85.03367509227122
11,52.97783141011927,85.01352697744983
11,53.03086993102541,85.0176361815187
11,52.99554525497601,85.02841536907613
11,53.01301150287461,85.02584828179802
11,52.970597924385835,84.96218459352325
11,53.005343400653814,84.98293152054508
11,52.971645061556664,84.9689432276391
11,53.04164663395332,84.98049114741652
11,53.011209979459096,85.00979148283768
11,53.04246925332469,84.97770361949294
11,53.017319456181646,85.01181601331712
11,52.991069691657835,84.96865291899148
11,53.010058315608255,85.012567660424
11,53.018392145937376,84.9703797612671
11,53.01796462636812,85.00382007421446
11,52.97553467462331,84.95758877546979
11,53.03501072384575,85.01103549969615
11,52.98702817174009,85.0036180447137
11,53.0392018148558,85.029699407161
11,52.9966823154036,84.95877017278212
11,53.035330886742344,85.00819844029533
11,53.02394947840118,84.9600475199829
11,52.9788014023686,85.00463417316884
11,53.02759287169948,84.96865906708558
11,53.01761142656344,84.98711512611746
11,52.97956668267681,84.99697593562888
11,52.98187525901925,84.97923947416567
11,52.979511601412625,85.00668140929781
11,52.986739349386454,84.99912969946377
11,53.035287862441585,85.0024349990276
11,53.0335710251066,84.97468611611605
11,52.97374183618727,85.027926251071
11,52.988453987077015,85.045102635448
11,53.0013798512299,85.04231769586218
11,52.97786242403936,85.0443939772316
11,53.01485481252299,84.95584295575226
11,53.002614271088596,85.0102873003135
11,52.960161502489925,85.0266640235109
11,53.00813382027267,84.9700945017504
11,52.97191797692684,85.0216241554604
11,53.0098335343353,84.96777851510537
11,52.998851935819374,85.00577113850424
11,53.009823743745876,85.04276015593413
11,53.023941501396344,84.96468916998552
11,52.9728928831229,85.01507672314516
11,52.99945450980619,85.04985222299824
11,53.02468740957003,85.03407828507007
11,52.95697446692463,84.99044766745575
11,53.04441346486914,84.978590826398
13,53.017444897097214,85.0274891971094
13,53.02575132577813,85.0218725511516
13,52.99836201567802,84.99662658173173
13,52.967677202375924,85.03434675914824
13,52.98890731862109,84.99631229589804
13,53.00451652801005,84.98224911236397
13,52.97665635285847,85.01648786761787
13,53.03350120547824,84.98033240103106
13,52.9759229803157,84.99596738935321
13,53.0350204672251,84.97811041029931
13,52.995442692123895,84.97039486461132
13,52.97472678623535,85.00521682981926
13,53.03596176600282,85.02995590341891
13,52.98418203258587,84.98054754677035
13,52.98132398995838,84.97586811169435
13,52.994063388500464,84.9858025594586
13,53.021218612654835,85.01779285158817
13,52.9675698023376,84.99038844869597
13,52.96557699104212,85.00901590272932
13,52.99225600381236,84.99100260779076
13,52.98823819040776,85.01850112752894
13,52.97795458262925,85.02814066190685
13,52.983450082613416,84.9913982973593
13,52.97194938518541,84.97760310965111
13,52.97425824469374,85.02176173919958
13,52.97145927005489,84.97102114769628
13,52.97035378458561,85.00024805520343
13,53.02393781958405,84.99346783055945
13,53.02210041561532,84.95543864523754
13,52.989474694368745,84.96879736063899
13,52.976310345110896,84.99151498940152
13,52.97054151319813,84.99736851667774
13,52.991767760823556,85.01671845901049
13,53.04878716252325,85.00982792597891
13,52.96282826865703,84.99864176848337
13,53.01712598115339,85.04269986298662
13,53.00247000375896,84.95527187685441
13,52.96793055190456,84.99558748316642
13,52.958551307446406,84.9787990001914
13,52.98531840504852,84.96959038403527
13,52.99770399593473,85.03248024906674
13,52.958386243168526,84.98726961392005
13,52.962132846798774,85.00827956456357
13,53.01302590157965,84.95583098123248
13,52.96255346329835,85.00638298374611
13,52.95533563018734,84.98012334387113
13,52.96576517117347,85.00149315292136
13,53.016886469826886,85.00477825956128
13,52.95533563018734,84.98012334387113
13,53.04866521425664,85.00451396604656
13,52.97788720560569,85.01876718016278
13,52.97613592782798,84.99057092807895
13,52.9712511146564,84.97638724533118
13,52.98859977117561,84.98775852350575
13,52.991771094422695,84.99125921963868
13,52.96982010077507,84.98941525271444
13,52.97768470946946,85.00552792863652
13,52.967505192880466,85.01367898784302
13,53.004980627236094,84.985551245166
13,52.9585523270116,85.00416778707351
13,53.02995280530471,85.00893522545923
13,53.01869640898025,85.00222809302758
13,53.000619135306756,84.9811141993228
13,53.00194478718885,85.02309414847731
13,52.99654995247754,85.00115205742945
13,53.01572865306694,84.96855986109188
13,52.9603484109613,85.01077744737624
13,52.99028136966854,85.0144888162493
13,52.96827455363895,84.99770107770475
13,53.04658967624869,85.00519001369129
13,53.01488900270573,84.9810571158178
13,52.97441473895948,84.99536119099696
13,53.026698541436694,84.95908798337327
13,52.96505898226595,84.97025337128001
13,53.01066499039269,85.02265294357326
13,53.02900563716232,84.98959337656952
13,53.02273864217901,84.96838537647244
13,53.00889083925879,85.00649203309099
13,52.9552060694651,85.00146772586369
13,53.02111499336446,84.96649135221871
13,52.979146501628314,85.03939511240796
13,53.00259578992112,84.97880331396529
13,53.01448901492712,84.97674131222155
13,52.97372502139465,84.97962687859761
13,52.95463221252025,84.99838910546555
13,52.96330983839027,84.98770931762914
13,53.004861239189594,84.97770858024471
13,52.982486704219085,84.97570832200829
15,53.000773121505915,84.9899793816278
15,53.045947725970805,84.99675928829845
15,53.016963109011336,84.9849577289794
15,53.026599220922634,85.03147840242116
15,53.04621341231972,84.98545719573247
15,52.991606032167134,84.99403689587523
15,52.965838746090974,85.009088579139
15,53.0404931525656,84.97916557237393
15,53.01036475967431,84.96361021513898
15,52.98847747897832,85.03945448467283
15,52.97360659323262,85.03207200245105
15,52.99131647184528,85.00385706144635
15,53.01821326031615,84.97324287214686
15,52.96116504226463,84.9739881787163
15,53.01743069544767,85.02828403465482
15,52.96138613461784,84.9703347647746
15,53.0363900173759,85.01788658879141
15,52.998260496069804,84.95037534380265
15,52.96752611063695,85.03341334478061
15,53.01899212781466,84.95710168002554
15,53.04217307056063,85.02471928432603
15,52.979859046688965,84.9568209983941
15,52.95977274297416,84.98822623340307
15,53.00936031236092,85.02185580981248
15,53.033239306173535,84.9999559010751
15,53.01248953820311,85.02567776883284
15,53.02492707155116,85.00417759561945
15,52.98993045898257,84.96918867734043
17,53.040639180166856,85.01264956259834
17,53.04531608239144,84.9877095161434
17,53.03344780487361,84.9674512619011
17,53.01571355408062,85.02032310193121
17,52.98019352776495,85.03267944543084
17,53.018766989367734,85.0340980200295
17,53.013323354285134,85.02584982815056
17,53.01992637601492,85.03023852474445
17,53.04023500954412,84.97833357072847
17,53.01738594132212,85.01070345679307
17,52.96627473624976,84.99231409214887
17,52.993089623876216,85.00046383860227
17,53.00539615703281,85.00828270477935
17,53.00541909493504,84.9757773839684
17,52.99244319911794,84.994896923617
17,52.986253219159565,85.01927940723597
17,53.01345136718033,84.95616601762731
17,53.00686789277467,85.01956513929686
17,53.00933214502935,84.96782042428137
17,53.041805820764175,85.00319518729628
17,53.03866255645017,84.98922655203633
17,52.97839181767485,85.01904809376063
17,53.03129370481043,84.96243136238158
17,52.995189597275505,85.04594294673636
17,53.01562974586964,85.0101346844884
17,52.98118127709765,84.9729417722006
17,52.97999447123097,85.04228465710986
17,53.0267523751593,84.96639987537075
17,53.00198746811958,85.01678127919337
17,52.981692108852286,85.01637540984034
17,53.00524084276867,84.99794370528687
17,53.012237101334435,85.00637264017159
17,53.03140843844994,84.97561608651588
17,53.011857196287565,84.9893352651083
17,53.02335165165216,84.98778086145461
17,52.9897446504407,84.98864578647026
17,53.04043340371668,84.98319653655464
17,53.01692956703317,85.00805828857463
17,52.97683944818266,85.00511557647714
17,52.964141859085565,84.99180721549673
17,53.01910719118044,84.98386347328668
18,52.984786233253864,84.96003009137657
18,53.016543110773746,84.95905271231395
18,53.026273067040734,85.01149073846956
18,53.00478404436431,84.99400519506251
18,53.02602566886836,84.96017981511564
18,53.02284930805872,85.00029371079897
18,53.0197092181855,84.97224646255621
18,52.9668963405536,85.02098450540356
18,53.009857633247506,84.98763128704503
18,52.98725829823734,84.9881770004846
18,52.98201818568686,85.00890539636755
18,53.02364362627789,84.96700753676593
18,52.9596812902307,85.00542243555849
18,53.011327574080305,84.95294149786544
18,53.03366636116863,84.99619377839329
18,53.008807130284914,85.03150326886407
18,52.95708585299978,84.98165270376751
18,53.03740724627452,85.00352041216055
18,52.992778834535166,84.98342263964972
18,53.01296843040046,84.98772561828468
18,52.986006352616336,85.03611448836213
18,53.0071619452981,84.9563021501016
18,52.97243601115706,85.00892342795262
18,52.999951540562904,84.95029953320004
18,53.0272270177417,85.0255562165767
18,53.005319833947,85.03806458484705
18,53.03310594109409,85.02052559649397
18,52.970167634657166,84.98501630489673
18,53.043188852039606,85.00490358682562
18,53.0245369668656,85.01426023551413
18,53.004457586119635,85.01587104016699
18,52.969069643643564,84.96280131297863
18,53.00214038407624,85.03608067105012
18,52.96559959721144,85.01634195460163
18,52.95437801151242,85.00541045264886
18,52.99543821936449,84.99465045316715
18,53.032735055417945,85.02407832490096
18,53.01328597011957,85.0349625116487
18,53.001757126568855,84.95155311597469
18,53.04388538676068,85.01483920198977
18,53.03268701371566,84.99603876674158
18,53.03838237048982,85.01505125213689
18,52.99434971582495,84.97298981421112
18,53.00443817913257,85.04812720746885
18,53.012224380056125,84.98902094093835
18,53.00273663256316,84.9953996510663
18,52.957606496135966,85.01671214289888
18,52.979179209257936,85.01991752397282
18,52.97958737907023,84.97232351579454
18,52.9983766686936,85.014268356551
18,53.0184484025034,85.0307838697365
18,52.977910612135375,84.99121660375243
18,53.02069822838375,84.95520888761322
18,53.02877192488516,84.99393150895858
18,53.0237442433013,85.02573178908409
18,52.982383144882725,84.99748977999258
18,53.02100282378858,84.96453063753862
18,52.994411220287624,84.95034689393742
18,52.98849045458333,85.03785697013605
18,53.00163247132755,85.02244900359692
18,52.96692301296122,85.02835224600064
18,53.00049072956794,85.01723986664497
18,52.99483142555431,84.96386696038051
18,52.996180600147326,85.01661299645059
18,53.00702387307586,84.99133495223955
18,52.978486601707985,84.98896167687296
18,53.028527655895196,85.0245462918498
18,52.97520990326839,85.01030372102335
18,53.04412236770417,84.98159825671586
18,53.00496481424249,85.04468700421168
18,52.992832442045106,84.95903122009156
18,53.0161136804012,84.97521185514148
18,52.968217002306744,84.99806946961898
18,52.95874113354361,84.97371356819485
18,52.974060904922716,85.03864642871017
18,53.010970876918435,84.95422610756766
18,53.00911265611574,85.03422843754464
18,52.970055017892264,84.99930687391593
18,53.01958129182427,85.01414272103332
18,53.030755848190715,85.01745014370572
18,52.97210588201109,84.96288125079995
18,52.97862981766591,84.95804032089664
18,53.003648273321936,85.03687736418648
18,53.036539512328716,84.98979623417014
18,53.02631690812864,84.98280685110768
18,52.99053680302364,85.03990289785112
18,52.968874313756835,85.03741750754703
18,53.00448041771143,85.03867525216798
18,52.9734259611634,84.98495207624788
18,53.0282197807514,85.01381269408992
18,53.02066217869347,85.04156357521504
18,52.962720601356544,84.96788889814408
18,52.984895267615784,84.95381219969988
18,53.04326190854868,85.02314043516601
18,53.02186565776126,84.96532730297189
18,52.99384022621069,84.97033044895788
18,52.989643012041014,85.01426435255081
18,52.97260944564238,84.97235650408757
18,52.97567739680018,85.03152411438035
18,53.030297520437244,84.99055389117586
18,53.041475808059495,84.995667682504
18,52.96023451096271,84.97757889635861
18,52.99246111844799,84.97329937362808
18,52.95663578557767,84.97610690253202
18,52.982258041168194,85.02474939931372
18,52.9930635499043,85.0039405356887
18,52.9656328008014,84.96915737798942
18,52.99304696766987,85.04386345438233
18,53.017569040792914,84.96523273186172
18,53.00117549068475,84.96078563725354
18,53.01964140333182,85.00499585187478
18,52.99141707014724,84.98082024395529
18,53.037875907740975,84.9974352443262
18,53.011503557449714,85.02750525151707
18,52.97154016411817,85.02790473905937
18,53.01481031934585,85.04072111481307
18,52.9780519485643,85.02423587688806
21,53.03717262889238,85.02714717922173
21,53.01400625603423,85.032722536185
21,52.97100781987436,85.0256746215781
21,52.98503789308953,84.98466940827005
21,52.97159647876785,85.01417184807362
21,52.95046419254752,85.00318839492188
21,52.991648532970494,85.02356226352273
21,53.00787920290676,84.97725276622587
21,52.966970970564944,84.9705919934297
21,53.04279757833675,85.0153608762086
21,52.96451884383642,85.01135356047627
21,52.96119857410447,85.02870804769502
21,53.00488275990741,85.00504400459035
21,53.015131486380064,84.98147338161225
21,53.00496481424249,85.04468700421168
21,52.991369461838815,85.03637565583463
21,53.012933638671456,85.01795251663918
21,52.960230286309105,85.0078673675021
21,52.982596285028066,85.03373685406443
21,52.98511574981182,85.02280129300674
21,53.002365217074804,84.98726012043579
21,53.043305061624835,84.98608000469902
21,53.03462992709849,84.98298505974644
21,52.97849084580404,84.96584129140626
21,53.01145799204952,84.98596139369606
21,53.01055413398554,84.96806610960957
21,53.019155129615335,84.99210051085035
21,53.01854687058132,84.97151506365698
21,53.03344416757864,85.03331771590324
21,52.99946134398582,85.01553868884959
21,53.00921737562997,84.96569948369915
21,53.021906732987716,84.97642865725838
21,52.99658099117135,84.97278360770918
21,53.03945734200017,84.98476233322691
21,52.964615204885995,85.00396014122344
21,53.041522088340066,85.00543168128165
21,52.95615406135301,85.01795796312724
21,52.95738916919902,84.9762603652946
21,52.97680762682633,84.98477336504378
21,53.019145972666955,85.03216386034048
21,53.002222312101985,84.99160968907344
21,53.00684594952793,85.04501822153243
21,53.022010156523116,85.01957130325397
21,53.04656127523239,84.9821948156091
21,52.97338896550404,84.96284858455404
21,52.984958567682625,85.00574858802985
21,52.98937159589506,84.95823399209961
21,52.95914983848364,85.00604146400627
21,53.011609290167385,84.98068114585772
21,52.99378442440785,84.97719819361137
21,53.01876410878375,84.97221022060334
21,52.9969243366868,85.03849426473786
21,52.97029151240863,84.96920327709566
21,53.001951873030315,85.02887415808964
21,52.97320180946738,84.99103081568664
21,53.018484257426216,84.96409923428719
21,52.98882905460618,84.9665179867738
21,53.04599712509027,84.99790277915695
21,53.034677099107675,85.0121090398236
21,52.97386768600981,84.98157149673858
21,53.01139713166876,84.9966463385983
21,52.98957267924251,85.02229012833887
21,52.99545006836547,84.98203990316871
21,52.96132930518288,85.03129570882277
21,53.02447052404024,85.00943431198621
21,53.00588768476828,85.02159155674323
21,53.009316590183026,85.02016687500637
21,53.01021825986153,85.00042722343169
31,53.025150540467735,85.03925466232506
31,53.04008188710928,84.99146716064114
31,53.04295575749485,84.9903462510918
31,53.03617871736385,84.96997614267647
31,53.00664636088945,85.0169917859554
31,52.99498529331776,85.00580521716438
31,53.00304981435012,85.04524269126271
31,52.98147062891911,84.96707227769667
31,53.0291849326328,84.98219744258277
31,53.043104420399686,84.99710629641645
31,52.98939440670414,84.970404464178
31,53.019452126561255,84.98033803709204
31,52.961832869226754,85.02572888051334
31,53.0292611724747,85.00123785785725
31,53.01297782342239,84.98599347725141
31,52.98394558105206,85.04443186187973
31,53.00947055920288,84.98323525622139
31,53.022010156523116,85.01957130325397
31,53.025289519846204,85.02107607560276
31,52.95809968094534,84.99616026338921
31,52.97833237068052,84.99620009689993
31,53.01604224234559,85.04158242472829
31,53.005530740139996,84.98096164041264
31,53.01128248987213,84.9712401243827
31,52.999906264022684,84.95726943601925
31,52.99411577071712,84.9892212854014
31,52.95331356303633,84.98277914585938
31,53.00943340155138,85.03003572174057
31,53.0265051713904,84.9704686601777
31,52.969461194240026,85.02711950001813
31,53.03783856256375,85.01903668236491
31,53.011672420009866,85.01009738648466
31,52.999147438205036,85.02293989783952
31,53.01462729090019,85.0211440444766
31,53.01542401656743,84.9688193748131
31,52.982536863313506,85.01156745432397
31,53.0132351675813,85.017622397937
31,53.009367556458585,84.97272885291042
31,52.951376586384924,84.99880721270429
31,53.00178243179351,85.01878216451011
31,52.97243236238307,84.99323515610699
31,52.99162488786483,84.99750387047189
31,53.00052183433201,84.97331600292453
31,53.037219698989645,85.02550443219477
31,52.99752784442182,85.02865927100085
31,52.99984327126793,85.00043039801808
31,52.99668389616599,85.02132190352289
31,53.002249797766794,84.96953560727162
31,53.03848799896951,84.98068570863623
31,53.024182965709166,84.96753366447615
31,53.00190379281777,84.98216842282625
31,52.98482169741155,84.99591181822082
31,53.02429843711213,85.00813144088
31,53.03038359595583,84.9758564712105
31,53.020352583994715,84.98124015794272
31,53.02509198675888,85.00219161211098
31,52.980679782857884,84.97272120252309
31,52.98562228816921,85.04070658528208
31,53.00189163252888,84.95065841655938
31,52.97803462657561,85.00375663926748
31,52.96301851214129,84.96900568305995
31,52.97006129478475,84.99818525571216
31,52.99077768877899,85.04445376380122
31,53.02288633020102,84.95918766708294
31,52.99406795339928,85.02711408534948
31,52.997471184157725,85.03187323761728
31,53.01680039525399,84.98935990583527
31,52.985135261867676,85.04205558003659
31,52.99634916773436,84.99743412415407
31,52.99210685840063,85.02080137133689
31,53.02679578086287,84.96904843937575
31,53.01997463049179,84.96387038091696
31,52.96859635091777,85.02619068520168
31,52.99542459885426,85.01179850497793
31,53.01189409015192,85.00454596346881
31,53.01009717187429,85.0076797248204
31,53.02481843887421,84.99800149798439
31,52.97369730837055,84.9961541625609
31,52.97561375092217,84.9710241616948
31,52.958325338610315,85.01948856692447
31,53.019958655177795,84.99563073896609
31,53.04702569360734,85.01056343015523
31,52.95295829149553,84.99542850042558
31,53.02312792307683,84.99026909572902
33,53.00895470785901,85.00377493342283
33,53.00721760348644,85.02791157474871
33,52.99653086858075,84.96567882706294
33,53.029195696187074,84.97705455170255
33,53.02815809938576,85.01281570951812
33,52.96105032406592,85.01189966772195
33,53.03076764965767,84.96211625689564
33,53.015699364623906,85.01257490169316
33,53.01233825548621,85.01967621114682
33,52.96855631802686,84.99218107890636
33,52.97837617764716,84.99285918599588
33,52.9898840215224,84.9923241724799
33,53.0219561626342,84.96390314613264
33,53.00607286428999,84.99192421170834
33,52.96055425666874,85.01903121695675
33,52.96373560360534,85.02333764167659
33,53.011595927674875,84.96546307033275
33,53.00963243239327,84.9829219659462
33,53.00935673029115,84.9543592476806
33,52.98956348418847,84.9651807705936
33,52.984036690382176,84.96410456474044
33,53.000532651155474,85.04549036614553
33,52.985862226072136,84.98863939817807
33,52.96448765451406,84.98452092832478
33,52.9686751678153,84.96217837253091
33,53.030504734829904,84.98508164380229
33,52.98545553510296,84.95320118116645
33,52.99000994017751,85.01547047045206
33,52.99804686140928,84.95293378344753
33,53.02893166030278,85.02542187120756
33,53.00112087926946,84.95918664662904
33,53.00228230870952,85.04627221684203
33,53.01274280334334,85.00181000148503
33,52.95516439252875,85.00881731214221
33,53.03168410089636,85.00722015073715
33,52.999894703192794,85.01858907466394
33,53.04322923031567,85.02396824173584
33,52.99099259297328,85.02290667496602
33,53.041231314364296,84.97257701682905
33,53.04286867207967,84.99884405150978
33,52.96549032970183,84.9694063313096
33,52.974175963582944,85.02853715684701
33,53.0312553036527,84.98132189715948
33,52.99494265194578,85.04648946530696
33,53.03689834046135,85.01278016724562
33,53.004408890386124,84.96199966608573
33,53.00495261774565,84.95390317563825
33,52.99271505720508,84.98825898438307
33,52.975337722717946,84.99357679549294
33,52.991605668287825,85.00891165404455
33,52.97777099442753,85.03638348649567
33,53.007591288990156,85.02838995603739
33,53.02394610977487,85.04027549450824
33,53.02520094445028,85.00171210284346
33,52.99726074239313,84.99406159729638
33,52.98921044402525,84.99497522186807
33,52.97964724621541,85.04121571896131
33,53.041335603177004,84.99023481217988
33,53.02594315836329,84.97500733647253
33,52.98512941221151,84.9639307096399
33,53.04128434225325,85.02068883972196
33,52.9669663607887,85.00367460447289
33,53.0203488727884,84.99233484563287
33,52.99247679505321,84.99246955249916
33,53.001524650635794,85.00031686849042
33,53.03411292322815,85.0150373984371
33,53.00717384066814,85.01913262278268
33,52.972433483352546,84.96279878804809
33,53.00457493025627,85.02048591476965
33,53.0052154871327,84.98078297572457
33,53.031678811448636,85.00681064027812
33,53.04461315228592,85.0087575640353
33,53.00550301842313,84.99993428250882
33,53.00840981210748,84.95474382003452
33,53.02678140155658,84.99424752541769
33,52.96464883008268,84.98782129029954
33,53.036192370502526,85.00109089620186
33,52.99841668430729,85.01593990836304
33,53.01197830653143,84.96765054185317
33,52.96778405182799,84.98894492066525
33,52.96821387195009,85.01305457414756
33,53.03824468525522,84.99884563058622
33,53.01775270961098,84.95896593410767
33,53.028870007539474,85.02839950487348
33,52.99164141508662,85.03636064386532
33,52.999117569332306,85.02881247813153
33,53.01196107296764,84.97168392108192
33,53.005971536153275,84.99749852003235
33,52.985117331376735,84.9587232295129
33,52.995010878533584,84.97501592529972
33,53.009613220536906,85.00138199177358
33,53.03518955959398,85.00374700983143
33,53.0207259486603,85.04074636887303
33,52.97341138320425,84.96218510765597
33,52.960905480606286,84.9740118935279
33,53.00230098717213,85.02999051688525
33,52.97035594171887,84.99867161755996
33,52.981370985959195,84.96052186966405
33,53.02442632069308,84.98703174279781
33,52.99946157765341,84.96953188772258
33,53.03091952959819,85.0259300475849
33,53.00035530689655,84.97276731250452
33,53.00148741102133,85.02872016592755
33,52.98068638891463,84.96561795253768
33,53.0072307785993,85.01848496177888
33,53.043536805740395,85.00861657352269
33,52.97489494318574,85.02371215349419
33,52.98470698447353,85.00681913490669
33,53.00093776234089,85.02477267318251
33,53.015054186013465,84.98592411040468
33,53.01921000938226,85.0253586179834
33,53.032382587757496,84.99459846311649
33,53.03532337019126,85.0321738419786
33,53.02602566886836,84.96017981511564
33,52.98313322092684,85.01364243059231
35,52.95625464715409,84.99806242350955
35,52.989102990413286,85.04017970095349
35,52.97246458336486,85.01620750878485
35,53.031647701409106,84.99170402628724
35,53.03113789296769,85.00624748418808
35,52.99889979882079,85.00023130808927
35,52.997608528592274,84.98284641897534
35,53.009628295074656,84.95268797709718
35,53.00276588158301,85.0241999014386
35,52.984522255221414,85.02644442007639
35,53.034592604173774,85.01060041897672
35,52.994009671579995,84.95565381237526
35,53.03005517706441,85.01790638363131
35,52.96623147025807,84.99419605136441
35,53.02162947901694,84.99049042804901
35,52.95661572509268,84.97749919670662
35,53.0069702222851,84.97592888345952
35,52.98238242458733,85.00088884395957
35,53.00959270790892,84.99211452701694
35,52.99542678056996,84.96180859472928
35,53.00961122409573,84.96386320458764
35,52.996456233073665,85.04098177493978
35,53.00254776561806,85.02679047423909
35,53.00022785223417,85.00332435152289
35,53.0036248608313,84.95619126745233
35,52.96751425688551,85.0094358916687
35,53.024103006652766,85.00159136057437
35,53.00466239094868,85.04712713855535
35,52.975239582251554,84.98848846856771
35,53.01585517019633,84.97123333936912
35,52.961785236753144,85.00236966717644
35,53.00306724272591,85.03343702306628
35,52.96119857410447,85.02870804769502
35,53.014339790578454,84.95816682759731
35,52.98838031484387,85.04745599877877
35,53.00717983185141,84.98264642665912
35,53.01510099957259,84.95501516246264
35,52.96911601283942,85.03810878544603
35,52.98816485563331,85.03702068635067
35,53.022656014104356,85.02850390824119
35,53.013998037465875,84.96804563871576
35,53.01442969041139,85.03856289260435
35,52.9969920278014,84.99695836134796
35,53.0094546289184,85.0077013154803
35,52.954586439958284,84.99309972712058
35,53.018860040381696,84.97074222456696
35,52.990507616553266,84.98908148548816
35,52.98187078435262,85.03636619734172
35,52.98956348418847,84.9651807705936
35,53.024751409812836,84.98379254698051
35,52.970055017892264,84.99930687391593
35,52.95346644347841,85.01056674622276
35,53.033693866425885,85.03004139760345
35,53.01638193917762,84.98573992366022
35,52.997321526503825,85.03663737975562
35,53.0266972677191,84.98949929420121
35,53.04229775561107,84.97649441587474
35,53.02494022563392,85.00384453622627
35,52.986743736777285,84.99994129526627
35,53.00259578992112,84.97880331396529
35,53.01366423404683,85.00280545316684
35,53.0112133016518,85.03431475904483
35,52.98276319313705,85.0331882277174
35,53.04569006011536,85.00829621256746
35,53.015669311088665,85.00754871390367
48,52.97075871803497,84.9943422559338
48,53.0003432561289,84.96801827971545
48,52.998634914613774,84.9793763089111
48,52.99392502224607,85.01973772740703
48,52.98720752563462,85.02915519044986
48,52.97429929145071,85.04135889319917
48,52.97320180946738,84.99103081568664
48,52.96784900198566,84.97540310510107
48,52.99231517245482,84.98105402158401
48,52.99264564463812,85.01677864210889
48,53.01197519570413,84.95766565125045
48,52.99526319527563,85.01387821980529
48,53.02875435874056,84.99062363127489
48,52.99205036099242,84.97956828752355
48,53.01907500666045,85.04350244098349
48,52.97610246228605,85.03111522903535
48,52.969169577346634,84.97439598335069
48,52.99838605662341,84.99727248513469
48,52.99975524187471,85.03908577192111
48,52.97388921852122,84.98290036077476
48,53.01044988641269,85.024152805919
48,53.01295118638797,85.01870464649929
48,52.99014331742934,85.03372134807532
48,52.981452258328304,85.04626586314966
48,52.991221478533845,85.00664589524598
48,53.01945766530319,85.01288071261845
48,52.994197764818516,84.98095994903407
48,53.04152566970836,84.98773296763265
48,53.031444800543284,84.96899012274353
48,52.98442483491794,85.04452372062751
48,52.996789391632944,85.04562969871425
48,53.00299761920693,85.01157914038653
48,52.97825456495894,85.01409877753335
48,52.971172171807574,85.03168954519148
48,52.99098567177138,85.04830482094629
48,52.99238201759557,85.0184198288886
48,52.986541710038985,85.03544071708207
48,53.00002061857571,84.97135840872583
48,52.961159418302245,85.02231439984133
48,52.96858755889945,84.98725172344166
48,53.04458653019225,85.00312385816864
48,52.98939440670414,84.970404464178
48,52.983057503966364,84.97317604542123
48,52.96792682729126,84.97922075854699
48,53.03079946131188,84.99588755080558
48,53.00424434421632,85.017593751492
48,52.99641294336437,84.96866176792938
48,53.00882067131193,84.98903840254805
48,52.99749564730008,84.95015556582169
48,52.983042835635764,84.9837637808857
48,53.00917062135091,84.96261823480363
48,52.97623384790636,84.97472218431984
48,53.01160738811144,85.02867216139353
48,53.03858070769061,84.99478320434437
48,52.95912958026272,84.97574085765004
48,53.015299577354895,85.03387164315637
48,53.04466995827988,84.97950730213293
48,52.96336978639489,85.03272525269797
48,53.04774655661492,85.00135461908776
48,53.010152215807935,85.00427444475962
48,52.97881918136882,84.98101709550171
48,52.979684656124775,84.96269162802818
48,53.03031743160349,84.98953044121413
48,53.013010748992194,84.99939440857905
48,53.023009179466094,85.03299186161036
48,52.98122320430983,84.95507601817988
48,52.98498447495898,85.02409255963939
48,53.048298920157094,85.00657313492397
48,52.99199699504949,85.04161311418783
48,53.02950408105405,84.96349504156176
48,52.958422214869856,84.9801932662136
48,53.006015987787336,85.04636643524277
48,53.00760620840486,84.97630006278746
48,53.015207208990546,85.0398741030627
48,52.96953696576281,84.98204545510522
48,53.04086553884726,85.01039040521545
48,53.020329916828686,85.01657333468
48,52.9772768752958,84.98277745305417
48,52.98904653268365,85.03804609907814
48,52.9808765984141,84.97427681061146
48,53.01357006774918,85.01654136282278
51,53.02875935390449,85.00363283922427
51,53.00418815651812,84.96240531949984
51,52.95432081684488,85.0156002049211
51,52.998827037126276,85.01826981203772
51,53.03100426924592,85.00348430882259
51,52.99128952411503,85.04166006228672
51,53.001958963071424,84.96755970331812
51,53.02584451893596,85.03533434803536
51,53.01035486036421,85.00786468185946
51,53.001933693311535,85.01552991389812
51,52.952299635721296,84.99305934418304
51,52.9944416226863,85.02378702286673
51,53.02557275768625,84.98279981528681
51,52.99966503986397,84.97374094827227
51,52.988117700316344,84.97702926918089
51,53.04475236839243,84.9925692291337
51,52.99224799307263,85.04863505099787
51,53.011757591088966,85.00760095759742
51,53.03311135475519,85.02197860321219
51,53.01616670714419,85.04055411473192
51,52.954742372773374,85.00669180799828
51,52.994148444057956,85.03450214911204
51,52.98461161005275,84.98222421875673
51,53.00246432526259,84.97735915260881
51,53.01874246531576,84.99847572481957
51,53.023720250988966,84.97325746994191
51,53.00366371198524,85.02401508754589
51,53.03634699822155,85.02967032122996
51,52.98611584566587,84.96024210040883
51,52.97459245827118,85.0134464939646
51,53.022184389671416,84.99963425923052
51,53.023583154169664,85.00355312981232
51,52.987051351777986,84.95304271246575
51,52.975723964779334,85.00131851040376
51,53.02732323954504,84.98421246743213
51,52.992038667658754,84.96075607911803
51,53.018252651933956,84.96953979241785
51,52.99031553019091,84.97002092662983
51,52.98575139047893,85.0190657081934
51,53.00176171163066,84.99254245999197
51,52.977238664895204,85.01901343628579
51,52.98734918638875,85.02744602254748
51,52.96687998957147,84.99866156755364
51,53.02046023823886,84.9544356445544
51,53.0116080590793,85.00593357462512
51,53.026679773792786,84.97876626996876
51,52.96543469550273,85.02675620335869
51,52.9668187445272,85.00645083643902
51,52.98855708455913,84.97628136012771
51,53.00266317160807,84.97142826674325
51,52.98668310638511,85.02901005176966
51,53.026272309715665,85.0103874125291
51,53.01208892392774,85.03361640984397
51,53.01379475449452,85.04756618090356
51,53.028787746749934,85.03122803102718
51,53.02868292307692,84.96812494768442
51,53.02838898285036,84.98870188092107
51,52.96855266412472,85.01966366854208
51,52.96301851214129,84.96900568305995
51,53.039402147840846,84.99132517679293
51,53.02455317205891,85.00115697018684
51,52.98327486145747,84.9807117545923
51,53.00560221399949,85.00169796809178
56,52.962366208514275,84.97448310502341
56,53.007540156672995,85.01111290532612
56,52.9882045865018,84.98753671338265
56,52.96950612130153,84.96937346767054
56,53.016485774731706,85.03851022872537
56,52.99762921079993,85.03935549078335
56,52.98453182587321,84.99567265569044
56,52.953107394270845,84.99563154575783
56,52.995064455041636,85.00327842843416
56,52.998851935819374,85.00577113850424
56,53.0248730044018,84.996645847518
56,53.01836110779854,85.0136967286252
56,52.95819461735466,84.98946481826425
56,53.00354834975244,84.969445668669
56,53.031314136257954,85.01045404750565
56,52.97927508511572,84.98588859833895
56,52.981421524827546,85.00961690833643
56,52.95463611548492,84.99350663606187
56,52.994440110716724,85.00747477733951
56,53.00664567568515,85.03910288476536
56,53.019045564176125,84.99407542305333
56,52.985990957444784,85.0419368999208
56,52.96102299915415,85.00619802414552
56,52.984240118876635,84.99986525486338
56,53.04402078885687,84.99460036255454
56,53.02955855642955,85.01115843567796
56,53.00019292473224,85.00828151483866
56,52.98469888554245,84.95300493056489
56,53.003845204574986,85.01410084928511
56,52.97771412689619,85.00773928063168
56,53.0045549013634,85.04325888948897
56,53.037548858710686,85.01449732026934
56,53.016812132495374,85.01654812686273
56,52.96344575233216,84.98295263568843
56,53.0271351588755,84.99863929577788
56,53.023834107013045,85.02009391149957
56,53.03096099750868,84.96609236750079
56,52.9717205826668,84.97792483706542
56,52.97905301982304,85.04355820472603
56,52.97848066230854,85.01846440209289
56,53.01059330705026,84.96902359246593
56,52.99755501106669,85.02808871330137
56,53.00235498146437,85.03574337351189
56,53.04671406083377,84.99328044846091
56,52.99105064670045,85.01432492579627
56,53.00152862947775,85.0408443698356
56,52.97201554086058,84.96466060507092
56,53.03215265625436,85.03474909382534
56,52.98703782389317,84.99542485271358
56,53.00844492266543,85.02658001463953
63,52.99938730945174,85.03107456604828
63,53.0080953720773,84.98638105583105
63,52.96108778135045,84.99913925651008
63,52.955512544596075,85.01048368394397
63,53.0008081495203,85.03902126145827
63,52.97212868540535,85.02384383458235
63,52.99942888253636,84.95106276032281
63,53.00498117416714,85.00182552442085
63,53.04054057241808,84.9883299960058
63,53.01460691096557,85.00973342827571
63,52.97791344890916,84.9853811509263
63,52.97715472927412,84.99646176289455
63,53.022121274377064,85.01385341336264
63,53.03660258634649,85.01306933981375
63,52.95826103252457,84.98613269599608
63,53.003668191685385,85.0038420703314
63,53.03361344693594,84.9684863922697
63,53.03287544767455,85.0203003162569
63,52.958768310225906,84.99890226823895
63,53.013759384164096,85.0149998421095
63,52.99641441976832,85.0493483691521
63,52.98023652812915,85.01695057208829
63,52.96964411070226,85.00207247178804
63,53.0239064937376,85.01357246872149
63,52.96136435929456,84.99620773214093
63,53.002516345024155,84.97336838189628
63,53.03117022239809,84.98323211936473
63,53.01878032732105,85.00938267795475
63,53.01943648716778,84.98702426853292
63,53.02027187065229,85.01624935790099
63,53.01403722607963,85.04155837645736
63,53.012797530755286,84.96790071506689
63,53.03763243449654,85.00985091344903
63,53.03073933603177,85.00510988080423
63,52.98648680323785,85.0083794190326
63,53.00486793152557,85.04355385625225
63,52.99823845476046,84.96321074121073
63,53.0209330423254,84.9874387584957
63,53.021136209864004,84.9974789004957
63,53.006010631138935,85.04472552037821
63,52.99311080200726,85.02398782230905
63,52.97182468685606,85.01348364831975
63,53.01267085299503,84.99125086065945
63,52.956183320555894,84.99613541044123
63,52.96820172106832,84.9832549632496
63,53.037614200725216,85.0070094084057
63,52.99695527906954,85.0255049809371
63,52.99180012912296,85.01762047447485
63,53.002460308809496,84.97728442251615
63,52.97892372967657,84.9610266730831
63,52.9728928831229,85.01507672314516
63,52.98468823672642,85.03104466953553
63,53.01093336984644,84.98305086359257
63,52.958861779741824,84.99432135878891
63,53.02038627168957,85.01896632803407
63,53.01417108492257,84.98385322534193
63,52.992892144212,84.99878894494368
63,52.983236117213856,85.00808653512453
63,53.00881003033473,85.03702057129819
63,53.02526239924926,85.04287312738577
63,52.987785274876735,85.00172532922838
63,52.97670032063802,84.9559056890596
63,52.96066876186775,84.99032458976104
63,52.97686162822056,85.03153056187895
63,53.02942538772074,85.03426967639348
63,53.042720264730924,85.02557901118873
63,52.99996313471847,85.01191800215794
63,52.98476525364145,85.02296673337047
63,53.02616587024729,85.0174211616893
63,53.03343375681722,85.00720148390859
63,53.03697513243916,84.99843549516369
63,53.01656198497372,84.98038768489886
63,53.034374947564686,85.00271052968841
63,52.982632738955324,84.97392112331724
63,52.964230259966975,85.00268728106843
63,53.04138782831547,85.02185093142232
63,52.990377147848676,84.99230070020985
63,53.02220043661226,85.0440198211215
63,53.026387654606154,85.01220834284494
63,52.98885056974094,84.97061068810567
63,52.99584761784004,85.01893967978181
63,52.975471191812446,85.00114438271548
63,53.02809883948435,84.98288322093268
63,52.976350267993,85.02721606582287
63,52.98974965971746,85.01424958790354
63,52.999402169528864,84.97142967825316
63,52.98431934970028,85.02875565575849
63,53.04530741417296,85.01650812357383
63,53.000264844626415,85.03855828187473
63,52.96629627432795,85.01516384293932
63,52.96585293443875,84.99610122788728
63,52.98538766372032,85.03423187359144
63,53.013948507999594,84.99200025890062
63,53.00197652492437,84.95324863415668
63,53.01729068353224,84.99245457251592
63,52.95216614970414,85.0008249193485
63,53.00065377655787,84.99184528433265
63,52.963546898260894,85.01624516118437
63,52.97736793712373,85.02794723348616
63,52.97974177448067,85.00815274421308
63,53.01365245662089,84.99890554067267
63,53.03189384001988,84.99498313453677
63,52.996903279621066,85.02191375611764
63,53.02922121694011,84.99326967212838
63,52.97803852971865,84.9586661695284
63,53.03027737926327,84.99924279181124
63,52.96819987866167,84.9854808339462
63,52.95710897560768,85.01347183487684
63,52.99413663438081,84.9902043184515
63,52.981044422945295,84.96044179776118
63,53.021399102552294,84.97812848731373
67,53.00833656209495,85.02266796388597
67,52.98686917286145,84.97271285779483
67,52.9577979545822,84.9919129688011
67,52.99805110693651,85.04806970854409
67,53.00505094541294,84.99466651829323
67,52.98771740181194,85.0331046865906
67,53.00209355228694,85.04136692929843
67,52.99234021627782,85.00205261941909
67,53.02239005944521,84.99079226982046
67,53.038933006548646,84.9823056097062
67,52.983106721817585,84.96391196449764
67,52.99238321995437,84.96210412080809
67,53.03114248798488,84.99398554379735
67,53.02663259039334,84.96799462455621
67,53.039391818235266,85.01878301158166
67,52.971361962600206,84.96061925633437
67,53.010986468479864,84.97025836473168
67,53.036498752180464,84.99082365506318
67,53.04160363518556,84.9990078296121
67,53.01926583486829,85.02196880201595
67,52.97738679839458,85.01817978223629
67,53.016391058082434,85.0297187005656
67,53.0307228928031,85.02757047097772
67,53.01531953169212,84.99179499367736
67,52.982256423298786,84.99239062641786
67,52.97357804961682,84.96967562686768
67,53.0281295235264,85.03697893206896
67,52.99165037441778,85.0049591192988
67,53.005407567784125,84.96777372704257
67,53.02475592573926,84.97136864443974
67,53.011202326419735,85.0461364646164
67,53.01468249209447,85.04033358243129
67,52.993088436127344,85.01906745180173
67,52.98026174849113,85.03795682282993
67,52.95680661731359,85.02500449977147
67,53.01911816248934,85.03003133878913
67,52.97755202094983,84.99403986887692
67,53.02048254074001,84.97431237244369
67,53.01205274228719,85.00738623967787
67,52.973679787051665,84.97513771153902
67,53.0361707071622,84.99350838954813
67,53.01337874678898,85.03456131620699
67,52.96062594500775,84.97190708709563
67,53.00746837737229,84.98876400690463
67,52.95310968008548,85.01336221806096
67,53.03149453077382,84.98193518709225
67,53.011017251998354,85.01534708474446
67,53.045338624909405,85.01352297961513
67,53.02106764594076,84.99829194709356
67,52.96412032331299,84.98523368020838
67,53.047787022852305,85.0015854299761
67,53.00988900307565,85.01729960673886
67,52.98908055525949,84.97919340874301
67,52.98360559736013,84.96069325293473
67,53.000154261962436,84.96071507743673
67,52.962141678342824,84.99416137268014
67,53.03785987364083,85.01876005038469
67,53.00277057364258,84.98394649096791
67,52.98193561649983,84.9715195053381
67,53.03038657005741,84.96856482067429
67,52.96209192497846,84.98533365188666
67,53.00088630385254,84.97130990387097
67,52.97572377310433,85.02630638194664
67,53.00852274866285,85.03823894370781
67,52.98872503766445,85.01061072630158
67,53.03443508699527,84.97170306665042
67,53.003831403690306,84.99293219838096
67,53.04642674660906,85.00095251901934
67,53.023572368927866,85.02691381019925
67,52.988517204855064,85.03415392006883
67,53.04776871117748,85.00605991175495
67,52.988022169392416,85.0144922333586
67,53.00114267976315,84.97869152244218
67,52.95390820478898,84.9839811132151
67,52.99750925149891,85.0273882595884
67,53.02509569293555,84.98822364295577
67,52.99147515273639,84.9812593869254
67,52.997190869289625,84.95671008833601
67,53.01328597011957,85.0349625116487
67,52.994583940423354,84.99132297824283
67,52.996120422477645,85.0093373009041
67,53.0113433110364,84.98511466887643
67,52.96990953852864,84.97294924063299
67,53.00501105482801,85.03046240899788
67,53.03890764504207,84.97648900601354
67,52.959065702179785,84.97357364839132
67,52.965173107915945,84.99626255285816
67,53.00670846299118,85.03245559310325
67,53.044469125683655,84.98880775977925
67,53.043269599487125,85.02258351482261
67,53.01436468622434,84.95623771756648
67,53.0291903423764,84.96646156160237
67,53.01373317776615,85.00260524255589
67,52.966340222146016,84.98226223703956
67,52.99893355922762,85.00956867216725
67,53.00713070770829,84.98167270730522
70,52.969557912106644,85.01003579141808
70,52.976821409258676,84.97509259192783
70,53.004646575281754,84.99088523688796
70,53.03915779087695,85.00333322347979
70,52.98814787030441,85.03268482545849
70,53.032854925293975,84.97819550765067
70,52.95462177827301,85.0202118307133
70,53.02197034110696,85.0439787699689
70,53.00009927400687,84.99414972440519
70,53.00342041182934,84.9694328200338
70,52.96953863169617,85.01538393685912
70,52.979352559775904,84.95922929222493
70,53.000511750937456,84.97121824879015
70,52.97334659755115,85.02170833974272
70,52.9782819438655,85.00428367864082
70,52.986527326836146,85.04047333485093
70,52.96439814518743,84.97489410120212
70,53.00119359277499,85.04829018361625
70,53.03084752150559,85.0168706299973
70,53.00517314302372,84.99885942515895
70,53.029731240766466,84.98819396476432
70,53.02257774561309,85.02738862627265
70,52.964112026095016,84.96843407271753
70,52.992167802341754,85.02727652412649
70,52.97942805724459,85.01672103305725
70,53.032292269267074,85.0223861555934
70,53.03979459345922,84.98504479423964
70,52.957119136791846,85.00799179013042
70,53.01563096222521,85.00726916162688
70,52.985494406468426,85.04049389234409
70,53.02565308355362,85.02025832634315
70,53.01826722360363,84.97598524826579
70,52.97046371258255,84.9751142697626
70,53.01573254411178,84.98308145568164
70,52.988353107285356,85.01772069122931
70,53.034893892108286,84.97598053033593
70,52.994101707687165,85.00315719740246
70,53.03316131101866,85.0067266656288
70,52.995293528514736,85.0090435940861
70,52.99398420358749,84.98146201099412
70,53.006696386822874,84.95437765132556
70,53.03793431280092,84.9804761870725
70,52.994546312070185,85.03617584677944
70,52.989812840579404,85.00671022690548
70,53.00550831062483,85.00835059476168
70,53.01773830837147,85.0420239808918
70,52.98122320430983,84.95507601817988
70,52.98026174849113,85.03795682282993
70,53.00073605106668,85.03276147058834
70,53.04854164323543,85.00761143669722
70,53.01222354362175,85.00895740821656
70,53.00871453966303,85.00383541724509
70,52.99514437574353,84.9854409554712
70,52.96803463900453,84.9947502135499
70,52.98372047165409,84.95362873811463
70,53.006589238791264,84.95642611645087
70,52.99637318960621,84.9929727700394
70,52.986920395029244,84.95940625877391
70,52.97916028380804,85.00903266255743
70,52.993481327862085,84.97226119047752
70,53.00917062135091,84.96261823480363
70,53.005008147009704,84.99468682164107
70,53.00711150167171,85.00591718686914
70,52.9624182841566,85.02639724245749
70,52.96956296669265,85.0318960638128
70,53.005709793927956,85.00518813540474
70,53.04027649328243,84.97203410051995
70,52.9690507474748,85.0367929813885
70,53.010502378742196,84.96491160927643
70,53.03114248798488,84.99398554379735
70,52.98953688677012,84.9992255707663
70,53.0389382017648,85.02515716735871
70,52.98986627374714,85.02108037532328
70,53.00048072803581,85.02755985176113
70,53.01247732142735,84.96144659084933
70,53.033373759566125,85.01261280835237
70,53.018407439120814,84.99371248708266
70,52.96014482638077,84.98120397171715
70,52.969806915479914,85.01762926010042
70,53.00036530298689,85.03273887883336
70,52.978896921506255,84.96792736448522
70,52.987631363700906,85.02623982933491
77,53.001572923945595,85.04805315073287
77,53.00775833901636,84.95098395866415
77,53.041407139127614,84.99005968405955
77,53.043293473274915,84.98721549176213
77,53.04616140115954,84.99189137360638
77,52.97513005493787,84.95742038215421
77,52.957167009473956,84.98098678252191
77,53.00696959175332,85.01115085504597
77,53.011872197786204,84.95950103263954
77,53.01300147519604,85.00712448737718
77,52.990758247508616,85.00841792633916
77,52.96349176809143,84.98480180619843
77,52.997805111330926,85.04625768678314
77,52.95459831977634,85.01437174138565
77,53.02092891679607,85.04506464081048
77,53.03386228299612,84.96755698249024
77,52.98299020655177,85.00072214127745
77,53.02688301732528,85.00184306981161
77,53.00190801681332,84.97049903614462
77,52.98267762650465,85.03897384945522
77,53.01287762006698,84.96763937005584
77,53.00913085388928,85.00747585125777
77,53.03403459379102,84.96553793826921
77,52.98885433082919,85.03936841733885
77,52.96735513027888,85.00894545964056
77,53.01339564559279,84.96941055995285
77,53.00652260192141,84.99013604897732
77,52.99443909041803,85.01379022305969
77,53.023961534790516,84.95854187854171
77,53.04917835616125,85.00878350823407
77,53.01182844223373,84.95519534872106
77,53.017602077987185,84.99547212893366
77,53.01181189730131,85.02124430689186
77,52.97809330214448,84.97582484748148
77,53.01399307225541,85.00370666009013
77,53.01742065938372,84.97300713771075
77,52.967313853574446,84.97587845817367
77,52.99130113493399,84.95293562979407
77,53.00026258989546,85.03763035719479
77,52.977238664895204,85.01901343628579
77,52.96812905165922,85.01681031113485
77,52.983607296461244,85.00273625505959
77,52.96177674989426,84.9766630021377
77,52.98056479039485,84.95665818717926
77,52.964023560186796,84.9656475002291
77,53.046072159921906,85.0126851584281
77,52.965105327372335,85.01104825800249
77,52.97309753224,85.00320772776217
77,53.00767589812652,84.96597082214909
77,52.95102411398194,84.995119510288
77,53.01071740445619,84.99409411611244
77,53.02019651065013,85.02274032713565
77,52.997404355113154,84.95540403989406
77,53.020649493013416,84.95585331414534
77,52.96157773341724,85.02136182471045
77,53.02394947840118,84.9600475199829
77,53.0120378554147,84.99369622461064
77,52.96298182632222,84.99677552786369
77,52.96234067890754,84.98367435695893
77,53.04315022457946,85.01230401042464
77,52.99948905235973,85.01269282373065
77,52.98463990810688,84.975533897989
77,52.99562751184044,85.0079934659567
77,53.02584451893596,85.03533434803536
77,52.99878700665725,84.97673247611728
77,53.040535403604196,85.02447435100532
77,53.02763514337178,85.0405077246311
77,52.986815784930805,84.98383407420614
77,53.003156064833576,85.04076937062445
77,52.989668891908096,85.03045364473464
77,52.97314589588769,85.02549106047316
77,52.97179808702731,85.03805726369067
77,52.992824601983955,85.020927541846
77,53.01583396084322,85.03433073590074
77,53.02722405540387,84.96869155061675
77,53.00449092631823,84.98603014053849
77,53.03707446788831,85.00994411712382
78,52.984633722175985,84.97685380643847
78,53.019425993103724,84.98707641733348
78,52.96587600786345,85.01844532231303
78,52.998243447506326,84.99619177703126
78,52.96251071529448,84.98721037027198
78,53.00643390701711,84.99955615029037
78,53.03103928084051,84.99413439591092
78,53.00592233229434,84.96413212627496
78,52.99747677693014,85.04276802677848
78,52.9928727428797,84.97463194739397
78,52.983499684243945,85.03018418696041
78,52.99690015492686,84.9718579519156
78,53.00384270172018,85.02604747474341
78,52.99430324732683,84.95084252515159
78,52.97708036880782,84.9646340833044
78,53.023198964219624,85.0258948887826
78,52.995697924916406,85.04643957948299
78,52.956842932650765,85.01810190730097
78,53.013777384078736,84.97599077567511
78,52.97101946207654,84.99795044855249
78,52.96668200817726,84.96855026692543
78,53.00232126102598,85.0048460040492
78,52.981692108852286,85.01637540984034
78,52.98618916028338,84.98722758503094
78,52.954607631226175,84.99158438598879
78,52.97370922596238,84.9581257561597
78,53.00967155640152,84.99829422677902
78,53.00279914563115,85.02492941871064
78,53.028634843368074,85.02514348487725
78,53.02015483567059,85.02975170525119
78,53.034091233761224,84.97739326867264
78,53.028046582325715,84.97533230845586
78,52.97315000231217,84.9833101597296
78,52.98858903380101,85.03154512570282
78,52.98462152944277,85.01278645325591
78,53.00945183522399,84.98674850570458
78,53.04332088962194,84.99125892020277
78,53.009909647316725,85.0284308697829
78,53.02551803067337,85.02694533985645
78,53.03549744355374,85.03161456945445
78,53.01142759369198,84.9889078138242
78,53.007350939515426,84.97181557929969
78,53.00308179841151,84.95727874873043
78,53.00923088098947,84.99660355155306
78,52.989199935051346,84.95140911559702
78,52.999389389746256,84.98143536064748
78,52.972521877439156,84.9710542981137
78,52.97664984550352,84.99667230718896
78,52.99482294779471,85.04797927786953
78,53.004920149309434,84.99302016702086
78,53.019488533833446,84.96041416135128
78,52.99435421989322,84.97955173313589
78,52.995555855205446,84.97523620233783
78,53.02116079892351,84.98935366856695
78,52.973638986830906,84.96539624897378
78,52.967593521750246,85.02992900436693
78,53.02341985020287,85.00521165406622
78,53.00956147246287,84.97595775200033
78,53.0387203691896,85.00975897951031
78,53.041805820764175,85.00319518729628
78,52.99053680302364,85.03990289785112
78,53.002022426451965,84.95287697911503
78,53.03984756246535,85.0215768580781
78,52.996348459207184,84.98710337702146
78,52.96937435288548,84.99315960918011
78,52.985862226072136,84.98863939817807
78,52.975428991181914,84.96911115456194
78,52.959641377462354,84.97730310598803
78,53.00136245490299,85.04795858598258
78,53.02757227563227,85.01012703934445
78,52.98328681618607,85.02970404391053
78,53.00425424610419,84.99835070904994
78,52.994665729126304,85.04722125651946
78,52.971803980376656,85.01552108082673
78,52.99521521371415,85.00245839970506
78,53.027259514422724,85.01336391050734
78,52.9736051634124,84.97948074881292
78,52.981610732088605,85.02759968742325
78,53.016522497719976,85.00198192216976
78,53.013765650635186,85.04477991056744
78,53.03379928729766,84.97812604717102
78,52.988343653246766,84.98795638876382
78,52.987379524856976,85.03971259795574
78,53.01243000595021,85.02758533143367
78,52.97616241648854,85.01235146487545
78,53.01653487937676,84.96423325621092
78,53.00015719245127,85.02182765811202
78,52.974527305317764,85.03462342781397
78,52.97719962967122,85.0218696780961
78,53.043923643090515,85.0231395835028
78,52.9742300135125,85.00500805349073
78,53.03360270509041,84.99428968230355
78,52.998161043455696,84.97923938082995
78,53.02537547127726,85.02667056451939
78,52.99858946581404,85.04721029784977
78,53.037287460712555,85.00449558446236
78,52.97730390289219,85.01331042864096
78,52.99049018828338,85.0475697678343
78,52.967119826793855,85.03415377543828
78,53.030371147488154,84.99283880182752
78,52.99599953324222,85.0087982843799
78,52.99810380843476,85.04043794221168
78,52.967427527561185,84.97492941826019
78,52.98469796956042,85.03573133402352
78,52.95837084643806,85.0107509107908
78,52.958861779741824,84.99432135878891
78,53.00821963480723,84.9735077082238
78,52.9662097190125,85.03535455112305
78,52.95925382749481,85.00336862751685
78,53.02410508095873,84.99458663637367
78,53.032426544332154,84.99962740078267
78,52.96847981131142,84.97754048510878
88,53.00097041375087,84.96796771599088
88,53.03545342056426,84.99862519302621
88,52.966184906134785,84.96857156936792
88,52.969179393426856,85.0106031078
88,52.984456203658276,85.03199057825076
88,53.01934490998628,85.01667014073956
88,52.95162833340735,85.00263750311424
88,53.00951769097028,85.04880947428538
88,53.018395641217495,85.00516381265786
88,52.96277284978494,84.98138728983837
88,53.0399632798053,84.97760283829163
88,52.998410738827964,84.98869543499282
88,52.96202298109999,85.00517672318045
88,52.99303246560851,85.0307865290935
88,52.98647854850992,85.04008968681197
88,52.96479387612565,84.98942231578359
88,52.98411608614215,85.00283923353048
88,53.01507263641617,84.96621336018555
88,53.00622031724585,85.01413077673499
88,52.99031553019091,84.97002092662983
88,53.02919316086533,85.01705252701977
88,53.02875108040601,84.99431447221134
88,52.983005985618846,84.99122848349946
88,52.990420575983315,85.04739440929988
88,53.02968550399961,85.01772046819863
88,53.02511309862827,84.95991474768742
88,52.98441170480844,84.95894000674139
88,52.95576934198708,85.02161716820918
88,53.03399471242979,85.02562876846945
88,53.00818896162873,85.01947656182746
88,52.97591390396691,85.03017291769977
88,52.96109074359181,84.98049085546324
88,53.01751569324371,85.01436937216444
88,53.01767987526443,85.02461289418183
88,53.00288089308318,85.04094653587941
88,53.036389625401235,85.01302965721665
88,52.98490675425571,85.0473489688714
88,52.98555804210562,85.02060361374433
88,52.99901332212143,84.95880326392862
88,52.980339365654025,85.0400741600408
88,53.01322649547321,84.99802170921751
88,52.98475741296343,84.98035084762999
88,52.974660308796466,84.9836490258894
88,52.95955035035759,84.9765433467562
88,52.9582165678786,84.99397969947633
88,52.971558891185055,84.96469140485691
88,53.029358504181914,84.99812604117575
88,53.01718518675504,84.97844012932143
88,53.04408526307077,84.99706236985246
88,52.99762921079993,85.03935549078335
88,52.98155094091957,84.95689261945357
88,53.04092388609322,84.98498365068794
88,53.00583624930276,84.98182443878828
88,52.95690198557354,84.99179636186017
88,52.9738640453612,85.03043662873478
88,52.993377730643,85.04152806854187
88,53.00728031407344,84.95647969119226
88,52.97549032544982,84.97989654451256
88,52.97999594874527,84.97779153793887
88,53.004406457119494,85.04954943113042
88,52.96313314208963,85.02338702304228
88,52.97414692957082,85.01326598282328
88,52.98384919471547,85.02899688604315
88,53.029882919120375,85.0141478310618
88,53.01772791124744,84.9943202456418
88,52.96484735219449,84.99578498200965
88,52.97920097465384,84.97597418459442
88,52.95760175254205,85.01803702269038
88,53.04107580850138,85.01843824351941
88,52.99750945791613,84.99915667305476
88,53.00458638503993,85.02815397086466
88,53.020313803254226,84.98427466023006
88,52.97886916271604,84.97679780923741
88,53.03485016002855,85.02417670638974
88,52.987055744682515,85.02803674077023
88,53.044509131754545,84.98993149622983
88,52.98037495256407,85.00183046306067
88,53.032383034728845,84.99893423756077
88,53.00929869553381,85.00554226655593
88,53.001567426995535,85.02711188211167
88,53.0242729260109,84.99740820480709
88,53.01064877782175,85.04397262317461
88,52.97829328623996,85.0059446691122
88,52.96749497208287,84.98879699156393
88,52.96702463860757,84.9905423169789
88,53.00885349581192,85.04750084378986
90,52.960948529053994,85.0091845516424
90,53.0322593677351,84.97273502241063
90,53.04274131493368,85.01689021675749
90,52.96619410175826,84.9686455366478
90,52.9961787450257,85.01333292173246
90,53.01964140333182,85.00499585187478
90,52.95265182473602,85.00298275331619
90,53.016839966661045,84.95885900178698
90,52.959564489303006,84.99594418990614
90,52.984449879631065,85.00801604965177
90,53.00437118642006,84.98795720936404
90,53.032959217609346,85.03544633630838
90,52.97936253077479,85.02601264198351
90,52.99815217396811,84.96171363426869
90,53.024719997218895,85.037682382246
90,52.99861348426542,84.9971983448496
90,53.02495296420439,84.97206112863431
90,53.028685522178584,85.00043185218526
90,53.024507507932576,85.00582546699833
90,53.00501586757356,84.96138640952815
90,52.98112503160569,85.01188472212918
90,53.036588830861454,85.02093157602015
90,52.98357494960673,84.99453902835906
90,52.990169251053906,84.9830515885729
90,53.01031224244244,84.97977701731122
90,53.031489434534684,84.96441015307258
90,53.02665639536854,84.95964724826335
90,52.99828799310471,85.01246204744372
90,52.97734058161795,85.00304045979746
90,53.04016897095183,84.99808988862439
90,52.97809330214448,84.97582484748148
90,52.99999862775374,85.02539951826812
90,52.970546860656185,84.96179971508928
90,52.955148114200156,85.02027399812393
90,52.99184863840591,84.9844858335591
90,53.016391058082434,85.0297187005656
90,53.03064688905156,85.01160479070118
90,53.007449768050776,85.0106893516789
90,53.01142683095782,84.97785104194075
90,53.01425052075223,85.02000669565308
90,52.99387892978454,84.96026316293394
90,52.99233984892919,84.96696632261116
90,53.02158386810064,84.99637969594862
90,52.989102990413286,85.04017970095349
90,53.00335143550546,84.95746618859377
90,52.98544453172991,85.01068881895495
90,52.98794919112333,84.95368253899454
90,53.00470816180997,85.01186681583448
90,52.975075364178124,85.00265164917944
90,52.981850439850525,85.01951847557825
90,53.0007467620544,85.01010557880917
90,52.98829363644561,85.0456978358189
90,53.02822045661711,85.02025043835641
90,53.01938921895448,84.96159711644627
90,52.98303637910667,85.00053214372518
90,52.996599194206084,84.96368876000898
90,52.979273059847785,84.96607743353502
90,53.03612993201813,84.99910444639278
90,52.98202474321596,84.96755179337131
90,53.00526025415647,84.99648926690475
90,53.014582536774164,84.96887027933178
90,52.9803670104495,85.00558704144045
90,53.02000611765488,85.02544358601362
90,53.0231760476352,85.01613679631322
90,52.987286908256685,84.95649956609358
90,52.99533327150629,85.00160175487864
90,53.01186602383679,85.0095990243199
90,53.02191383148954,84.97284017959005
90,53.005496174303616,84.9877099076488
90,52.9612402154087,85.0241259099043
90,52.99761499136849,84.99130868232882
90,53.02377708951836,85.0326201787188
90,53.00941695857114,84.97822996382357
90,53.01678129770386,84.9722884515004
90,53.0214375154418,84.99638859875701
90,53.01530480331,84.97353863180514
90,53.00097487267979,85.02246410194002
90,52.99979783906587,84.98988689975572
90,52.98068523162166,85.00459945525478
90,52.98886503311519,85.04612152451375
90,52.97245440244275,85.01623385162672
90,52.95742769913509,85.00226976166526
90,52.998336711140425,85.00409749116496
90,52.967864828081645,84.96676394399987
90,53.00913110742202,84.98944404259963
90,53.04291888302327,85.00968947180702
90,52.99651512516358,85.02908046296308
90,52.98642952247291,85.04222535194187
90,53.02861355898412,84.96190381372156
94,52.960981766749356,85.01557923591578
94,52.98125445340824,85.01501502939718
94,53.04017049111899,85.01414972352569
94,53.01416865521298,85.04449242850698
94,53.00309223897749,84.97772107512287
94,52.966961300517816,84.97381830676143
94,52.99209093435286,85.03838112060757
94,52.97034598677256,84.97527976537467
94,52.96637952974935,85.02535389995771
94,52.97365240703058,84.98449115854704
94,52.97333573639945,85.02619786763361
94,53.000001621698665,84.95659462422505
94,53.02030141191326,84.99920349890526
94,53.03407561593935,85.0357013270924
94,53.04572925068354,85.0099351153205
94,53.02688301732528,85.00184306981161
94,52.98498161307751,85.01203086270792
94,53.04266330390245,85.01534539979396
94,53.029757831574244,85.0210758327448
94,52.97487820408077,84.98505040125926
94,53.034611800118654,85.01401275606267
94,52.95932699498796,84.97147717210035
94,53.01621298315225,85.02619708954174
94,53.03270692195854,85.01265681187871
94,53.04156239282251,84.97862051224766
94,53.021187009453314,85.0423694814967
94,52.96901545901208,85.03601102986141
94,53.012820668582854,84.9863809123337
94,53.02842525985691,85.01858728062187
94,52.96021491271009,85.01338468554746
94,53.01632390732329,84.96248226570728
94,53.0245657019692,84.99603030052174
94,53.04022581493963,84.98508678536311
94,53.03861476167066,85.01606008789469
94,53.02178572104601,84.97545952863418
94,53.03580573395693,85.01725187863632
94,53.00322206839196,84.99497030768082
94,53.008297902689634,85.00230217444853
94,52.99384468846946,84.95554459802231
94,53.02505674239252,85.01630951062988
94,52.97849576010887,84.99505584824864
94,53.033472656889884,84.99286623369566
94,53.026370430657934,85.01416343100813
94,52.96411561867817,85.01294653328237
94,52.97219834202805,84.99123455889139
94,52.99922638292575,84.98402091254343
94,52.99365263575449,85.03421530614287
94,53.03991622873637,84.99986019023187
94,53.02337454502547,85.03022604041405
94,52.99846575298495,84.95237846938511
94,52.954580301455366,85.0138448167756
94,52.9964064408817,84.96649181061743
94,52.96672909791905,84.98685559554445
94,52.97872363508336,85.04101833750634
94,52.96806690008396,85.03323656716663
94,52.96828024431935,85.028760920303
94,53.012701883302014,85.00255298651008
94,52.993189326182424,85.00009493894709
94,52.981742773851735,85.00062591058304
94,52.99972135579276,85.04579036030641
94,53.01709808837184,84.95399293148705
94,53.00877085862598,84.99401749485253
94,52.99709747787683,84.99593476404878
94,52.98377222863612,84.99933495189286
94,53.039962801694884,85.0184450184519
94,52.98479878835081,85.00603457297278
94,53.002549412017665,84.95079155422754
94,53.00221599921566,85.03042676609215
94,52.99596844866424,84.96929115985608
94,53.00207691704825,84.97518273627459
94,53.02321061273362,85.00916622030769
94,52.98418203258587,84.98054754677035
94,53.02714675133778,85.03792660648632
94,53.02800223930958,85.03706075766286
94,53.02335607220655,85.0212115570197
94,53.00650955534025,84.99327623282782
94,53.01389396252735,85.01876004691577
94,52.957130680093954,85.01562609615573
94,52.99140864786249,85.02932383757603
94,53.02501849108472,84.95724120249622
94,52.97139941659084,85.01666585817242
94,52.990860046709045,85.01474230053289
94,52.98680596283825,85.00844392153462
94,52.96271077426998,84.97120682456047
94,52.982431361313516,85.01502780487176
94,53.00963418431247,84.99847108616369
94,52.9825044981406,85.03498316564466
94,52.97738679839458,85.01817978223629
94,53.02021263593728,85.01213105431471
94,52.98777541986695,85.00095505296056
94,52.993652986948234,84.99089927943058
94,52.958937970111535,84.99098215573737
94,52.95963291695013,85.0147717681894
94,53.006840161182865,84.95600565614504
94,53.041718270088325,84.97610752208017
94,53.0462015334283,84.99911437891495
94,52.97881918136882,84.98101709550171
94,52.96071301228811,85.00621952876688
94,52.97755886222689,84.9628677292016
94,52.99917724246589,85.04962691630158
94,52.96277426400207,85.0035385148727
94,53.021482365542205,84.98301283396805
94,52.9768206022488,85.01683810634529
94,52.96437522020039,85.03420673893507
94,53.031325104391456,84.96464964911563
94,52.956499249041435,84.99235201083032
94,52.981525779023876,85.0053060216539
94,52.9935174504849,85.01269580129839
94,53.02461276153282,84.95850375479444
94,53.043860502057534,84.98473918239503
94,52.965362457067144,85.00804600167196
94,53.00662327611588,84.97337170952879
94,53.01867805125255,85.0460006626687
94,53.01137407675437,84.96305919267876
94,53.02111404637627,84.99208764100626
94,53.007939473379885,84.98115392247115
94,52.974217632131825,84.996299335259
94,53.012871234614295,85.0066272720802
94,53.045294309077285,84.99181433513651
94,53.02745907513076,84.98008138556561
94,53.028030664622655,85.03505006057365
94,52.99811645280552,85.00545349596729
94,52.991363846523925,85.00513107617363
94,52.996725050500714,84.97631579240873
94,52.96466610636857,85.01742525581807
94,52.982688684048476,85.0121763988931
94,52.995426045173964,84.96644026849168
94,53.01616326503628,85.0387586523634
94,52.95228899752194,84.99564562683923
94,52.96699185185378,85.03021043611172
94,53.018017393613505,84.99519957777146
94,52.96915629241079,85.01169516887678
94,53.02072738436243,84.98875433266069
94,52.983523920022996,84.99927536263561
94,52.98031573854883,84.95493877173271
94,53.021855009501024,85.03458834332424
94,53.04217567897741,84.98961167710024
94,52.96733668449055,85.02444373489858
94,52.995754787788904,85.04336926515904
94,53.01042505813764,85.02884770866454
94,53.00578454540415,85.01716964586429
94,52.962027212429916,84.97621867753698
94,53.038723052575634,85.02597179892972
94,52.99088009290397,85.04048223095805
96,52.95332835796817,84.99232669422942
96,52.99201435788023,85.04104021026238
96,53.03128633335295,85.03898912308823
96,52.99506681038395,84.97961987817224
96,52.99960743743376,85.02405148447173
96,53.00725928582496,84.99322763383314
96,52.96244105337474,84.993758765815
96,52.98097888239487,85.03719282197052
96,53.02136507355041,85.04095143888145
96,52.9745933826819,85.02119635558657
96,52.972860160653156,85.02941607605575
96,52.95854648854425,84.99836887639917
97,53.046249534696386,85.01482319440365
97,53.03371497311,85.01623068316906
97,53.04425151040338,85.01992817631869
97,52.99608561147631,84.97219645624025
97,52.95679938039949,85.01318311361602
97,52.98476525364145,85.02296673337047
97,53.02439220518986,85.01043870649087
97,52.99202725465493,84.95860392866513
97,52.999329358754714,84.98474456254986
97,52.997605660235585,85.00327700867172
97,53.026037801977694,84.9762592281075
97,53.01324848273037,85.03888476470395
97,53.00109568639491,85.02817195231681
97,52.988271268418515,85.01766773263991
97,52.99828152317259,84.99601412136543
97,53.0462807507269,85.00282386543653
97,52.99381106304397,84.99274715567525
97,52.97369730837055,84.9961541625609
97,53.03570872618414,85.02110791654752
97,52.967584695263405,85.01964488214593
97,52.97459245827118,85.0134464939646
97,52.98231576928422,84.96493321832122
97,53.02215363160738,85.01143974803756
97,53.00156910979271,85.0432109067852
97,53.021855009501024,85.03458834332424
97,53.02159887388733,84.99255488590182
97,53.03691037972495,84.99151660631374
97,52.994713158791946,85.01069112889785
97,53.008031738759556,85.00163889343503
97,52.998804590638315,85.02243918428924
97,53.037898622522995,84.96878538462022
97,53.01942084006129,85.03774231304031
97,52.969670102838386,84.99184383741137
97,53.00682122554584,85.0342042249372
97,52.97248820834975,85.00748888047146
97,53.03927456809966,85.01943800637345
97,53.00099299973822,84.97947590697721
97,52.993209250403844,85.0277365370261
97,52.99257759283921,85.0393786352866
97,52.978571585014706,84.99497881217673
97,53.00520051549333,85.01655141582847
97,53.03275015829117,84.97924066732185
97,53.01319076938229,85.00133911943324
97,52.97582119126331,85.04202721507995
97,52.96534287866618,84.96753666034692
97,53.00124974363838,85.03270726518734
97,52.9935926285856,84.96626661743645
97,52.981730664642,85.03719000792788
97,52.973883804037335,84.99161241161495
97,53.019833788784794,84.95497189462718
97,53.01569026283406,84.95830207398105
97,52.97511308775856,84.98739542813706
97,52.981737503589066,85.006353142318
97,52.99571712024168,85.01461629449827
97,53.02539935078138,84.96782025330849
97,52.970073258525275,84.96592236417612
97,53.02868177437487,84.9840112948804
97,53.013081960005344,84.9785492059408
97,53.00747077354691,85.02850878827905
97,53.0005099023294,84.97391294325021
97,52.98734249266677,84.99167998374301
101,53.01998948452914,85.00136284182102
101,53.026875531680716,85.02041756044069
101,52.9917515219082,85.02903520833058
101,53.028291662553634,84.9756343057045
101,53.034215639808494,85.01407569535667
101,53.00001493737075,85.03736100093032
101,53.026622016424795,85.02483839969315
101,52.98169677861715,85.03153319028486
101,52.98071993981607,85.02526902269042
101,52.9882546128161,84.9880793229846
101,52.9902166055977,85.0376681758864
101,52.99436252623812,85.00764358891718
101,52.97541559952369,85.0350946025865
101,53.00673776669687,85.02464249754952
101,52.96979775710996,85.00134765303218
101,52.95139211607709,85.01142338355221
101,53.02223725842371,85.0024316893163
101,53.03874939441747,84.97133654298673
101,52.98571520900017,84.98844374327294
101,52.977326483107284,85.02619106309983
101,52.985074176064664,85.01005035981512
101,52.998827037126276,85.01826981203772
101,52.98226655489869,85.03826222241247
101,53.04678116015212,84.99908579510183
101,53.0102840324111,84.9915325937386
101,52.99009748637605,85.00338235756674
101,53.03197346488709,85.03474127388688
101,53.0136472317493,84.95339091168917
101,52.999951540562904,84.95029953320004
101,53.03686835880168,85.01553051110866
101,52.99971679520272,85.03941548300239
101,52.995200304686776,85.0174189236623
101,52.96054413049567,84.97375842860392
101,53.03586543129369,84.99573675594482
101,52.989086688092286,85.02383876236087
101,53.0357914138886,85.00023115522202
101,53.00009659059149,84.96685228166206
101,53.00669153882813,84.98341707434932
101,52.98278367686796,84.98929217212235
101,52.994063388500464,84.9858025594586
101,53.01720110824191,84.96199141275376
101,53.02818261167119,84.97782322667453
101,53.032520964569784,84.99973943298839
101,53.01679469416709,84.99281148821214
101,53.01365245662089,84.99890554067267
101,52.98004618092416,84.98336404948775
101,52.977469676664306,84.96972042696986
101,53.014342455891445,84.99036377367509
101,52.993770367526906,85.03420657298207
101,52.981093079601344,85.02928816262518
101,52.992262419417244,84.99126882092514
101,53.01115571763912,85.01015337915612
101,53.0061255043328,84.99641867310805
101,52.98136737610803,84.97392347356264
101,53.033410797487186,84.97861215127773
101,52.99769373151439,84.99158585316924
101,53.01446619558683,85.00775262893283
101,52.96218497906194,85.01622742614543
101,53.02231454433758,84.96227901135738
101,53.023645042486294,84.96093116080635
101,53.02277497216394,85.03901900009141
101,53.013366924610985,85.00883409478874
101,52.994245944859486,85.00862836027669
101,52.97007594181902,85.01571209903989
101,52.98543478981046,84.98459515100065
101,52.966945799299985,84.97036590126012
101,52.99501249043818,85.00737150209031
101,52.96220317698971,84.99776241178726
101,53.03467000666258,84.98547892719805
101,52.98668094644908,84.97731034308129
101,53.01446254221692,84.96885282842317
101,52.994939402827164,84.98490184862827
101,52.99728758273597,84.96627249536051
101,52.99666691307189,85.03326185276802
101,52.993189326182424,85.00009493894709
101,53.01880213999703,84.96683034871288
101,52.99303786981634,84.97334084697768
101,53.00539939394444,84.99921790731494
101,52.99671597032226,84.97359303840292
101,52.96884243464459,84.99888213746108
101,53.019485998985665,85.03226394903427
101,52.97438803429559,84.96056234830546
101,53.03167167530761,84.99138947365749
101,52.98357228945863,84.95431109260731
101,52.97036152047293,85.00886886546677
102,53.00245247729445,85.01709607593463
102,53.01091437291089,85.04367345456112
102,53.00681569624391,84.95231578418843
102,53.003133420558335,85.03652324691359
102,52.981132948517875,85.02993121463952
102,52.97199242233331,84.99079006495528
102,53.02662449228579,85.01495187816936
102,53.037163212714134,84.97071362281163
102,52.97736312851235,85.02900366106572
102,53.02653062457391,84.99571636254343
102,53.03523356053426,84.99756605737257
102,53.020159525162306,85.01465100539141
102,52.99917724246589,85.04962691630158
102,52.98176087644336,84.96691016579592
102,53.0142865126438,85.0355020749951
102,53.02030931400545,85.00093904470783
102,52.980395619384744,84.98123677731765
102,53.036600006198235,85.0112401376684
102,52.98853290266377,84.97260285474862
102,53.033487100749674,84.98131422199388
102,52.98344663432636,85.03094459632474
102,52.980529628820875,85.01303963890906
102,53.01466051574663,85.04380125138155
102,52.98014149688426,84.96632108460734
102,52.97030933326568,85.00902955861571
102,53.0039790853062,84.96914804761418
102,53.046098097186444,85.0033451349736
102,53.02888911536288,85.0296751897839
102,53.02040909514728,84.96209305337183
102,52.95296167658482,85.01061562155412
102,52.98650203960276,84.98453747970593
102,52.967817721229075,85.00125485965717
102,53.01590465671512,85.04103237551483
102,52.97748447026657,85.04363867735911
102,53.03921770719171,84.97415769288193
102,52.951831263122,85.00528511186187
102,52.988611325826646,85.00935632179385
102,52.98814251483979,85.04275955614139
102,53.00079743621998,84.96167175471976
102,53.01770728730533,84.95874773171394
102,52.98314577922959,84.9715512712931
102,52.976285398766855,84.96090689130338
102,53.03767214046901,84.9727831578346
102,52.97140739471342,84.99195883703977
102,53.001815081995645,84.97338621782914
102,52.98979483997905,85.00538220715109
102,52.99233984892919,84.96696632261116
102,52.99823635911956,85.0247202748999
102,53.01681528160289,84.98935293366353
102,52.97217794914822,84.98510901276877
102,53.01267760949681,85.01073228813489
102,52.95443885021033,84.98091876170078
102,53.02097728122632,84.99624655258063
102,53.01445891101773,85.01146376881184
103,52.991843725501056,85.0487134284126
103,52.99520614289826,85.01643607767392
103,52.984278532080154,85.04306629437417
103,52.97553467462331,84.95758877546979
103,53.011159031850376,85.00610465932421
103,52.99799784543787,84.9630665525318
103,52.99409530921294,84.99295175346236
103,53.03316131101866,85.0067266656288
103,53.036705276661046,84.97605399051773
103,53.011343492294955,84.99623626868502
103,52.97556679760237,85.00312145708759
103,52.99350653474938,85.03831960437032
103,53.02390983955033,84.96635671454106
103,52.998108814981805,85.02271358063334
103,52.99279903621279,85.0408168154793
103,52.97055043939923,84.98107153915942
103,53.0245657019692,84.99603030052174
103,53.031939769411665,85.00509601876972
103,52.99528993214947,85.00613505254071
103,53.025291301352226,85.0041399505572
103,52.96073560795029,85.00928324312318
103,52.97962562696552,84.9933911830723
103,52.98436645074186,84.9539491762524
103,52.989795841639555,84.97460731473923
103,52.99841668430729,85.01593990836304
103,52.98639392446895,84.95720028520019
103,52.99047907389261,85.01052530070743
103,53.04427703768379,84.98682474961849
103,53.005797516465016,84.98456004735519
103,52.97151745335838,85.03775559811119
103,53.01344667769277,85.04146999225344
103,53.03834413539619,84.97522014265651
103,53.02317618723319,85.00128411242868
103,53.03672902676451,85.01992709109894
103,52.99136594219737,85.02506790337004
103,52.97139941659084,85.01666585817242
103,53.02036359599899,84.96688837795277
103,52.991240327431356,84.98777657671617
103,53.00115611039975,85.03941738478899
103,52.965884008263714,84.9861820352421
103,52.95278422302532,85.01380713247386
103,52.993815428375626,85.01015461090081
103,53.04496836692786,85.02047915978838
103,52.98215006244836,84.9684385623431
103,52.97958431158392,85.01698011246546
103,53.031852663756865,85.03314008308676
103,53.02950466284565,84.97794012193025
103,53.03621400918385,85.02035845546517
103,53.034611530144026,85.02803397322671
103,52.99637318960621,84.9929727700394
103,53.03157503263421,84.96160212145699
103,52.977303105197194,85.03976170178406
103,52.99196329403558,85.04422739057337
103,53.00810511310659,84.95069301387588
103,52.97799684178831,85.00075742746999
103,52.96815340504385,85.02940032901473
103,52.99014980970175,85.04649706075548
103,52.95242331775437,84.99029761181329
103,52.95696208909071,85.0209628276699
103,53.03429459261999,84.99448300508222
103,53.02635547042462,84.97747156096358
103,53.033711096843724,85.02741503028861
103,52.967113495981344,84.99415730724598
103,53.005991944581226,85.04316132129436
103,53.03224194449794,85.03326320520358
103,52.97159647876785,85.01417184807362
103,53.00489337447325,84.99996654162324
103,52.985623875640925,84.99062204595678
103,52.97878768777756,84.98998608258319
103,52.979649839225466,84.97251969436813
103,53.02629683797643,84.98117050597384
104,53.00845522429753,84.96734796349023
104,52.96961502851255,84.99819803353034
104,52.97748530932562,85.0193840535769
104,53.010241340029324,85.04048806948829
104,52.99725330285784,85.01451204904197
104,52.99238321995437,84.96210412080809
104,52.99152410267569,85.01517110379014
104,52.98990079053199,84.9740805084021
104,53.00011001810131,85.00216075849242
104,52.952953922644035,85.01353119469893
104,53.04400560108745,84.99116992247357
104,53.00294401215297,85.0037221331609
104,53.00869926402482,84.99264687819199
104,53.01859173562093,84.97754141805103
104,53.00536812669477,84.95618785234073
104,53.01884627858779,85.0341870344766
104,52.968040179821585,85.00844886300011
104,52.989526370470394,85.00415721647136
104,52.952468493497335,84.99805304090519
104,52.98268555744135,84.99963361354318
104,52.98395514533831,85.04012966195394
104,52.96228879553456,84.98955795263025
104,53.04500674718883,84.98262317787677
104,52.96472634762587,84.98474609763807
104,52.9642525324295,84.97289269725024
104,52.97734781553066,85.01217635432957
104,52.99996124737343,84.97539087550432
104,53.033621693678384,85.0333903558421
104,53.00004915587326,85.0226756274543
104,52.970448713085936,85.01931399842454
104,52.98593026596106,84.9981937972338
104,53.04662272231543,85.00926303990842
104,52.98463990810688,84.975533897989
104,52.9654216267038,84.97708474172583
104,52.99393833808968,84.95397446589266
104,53.047985981070504,84.99343499369155
104,53.01804489394052,84.98588982455341
104,52.978362678190166,85.01114243956995
104,52.99075858365825,85.01663257806811
104,53.00729656095057,84.9743090061018
104,53.04571792340126,84.98021262849205
104,52.96629129500721,84.97608012617233
104,53.008557821738115,84.98025080475405
104,53.02956918273191,84.98941893889327
104,52.970330369641914,85.01086050892
104,53.02415348873243,85.0315413414274
104,53.02334410742596,84.98470739568305
104,52.96191366307117,84.99832065366367
104,53.03706947173157,84.99497126309203
104,52.962441920223455,85.0241631826688
104,53.02689635309042,84.9769804510587
104,53.00085512546819,85.01842842269899
104,52.98297867884758,85.0434534296036
104,52.979774393310215,85.00849286636708
104,53.00986703890331,84.96979801455686
104,52.98517450192536,85.03416310663748
105,52.99875503811069,84.96881716726179
105,53.00720379709782,85.02392728718849
105,53.009076665824765,84.95730997752393
105,52.963546898260894,85.01624516118437
105,52.97923031888649,85.02859575862018
105,52.98252740524893,85.00102128883066
105,53.01163351137886,85.0413350580324
105,52.96260156536901,84.97179028039749
105,53.00590646703773,85.04816977351372
105,52.99287980668765,84.99288721656609
105,53.01938740831954,84.99907613670372
105,52.95399868494908,84.98450678805442
105,52.98535407268854,85.01697795489251
105,52.965345942223344,85.02234308063575
105,52.9805072035894,84.99395407121945
105,52.97288692693152,84.9819272018494
105,52.98765821901711,84.95448119856083
105,52.976468362053566,85.01512651016776
105,52.958146642803875,85.02021561871949
105,53.039687461700765,85.00720335838447
105,52.992737464491086,84.99550813856976
105,53.006749164930284,84.96022667502082
105,52.97829079727963,84.96447301457053
105,53.0161409102673,85.03091219277192
105,53.00909826432373,85.02399682958392
105,52.99653086858075,84.96567882706294
105,53.02034599754284,84.99294758244103
105,53.03320971454106,84.97477275738427
105,52.956405227839475,85.01275923353064
105,53.011665390910025,85.01644741536789
105,52.97201554086058,84.96466060507092
105,52.97777837070877,85.02852194770382
105,53.03218045903713,85.00581158661075
105,52.96074366086097,85.01799723691923
105,53.004127119372335,85.01793676255072
105,52.99550802464919,84.96737872603636
105,52.99833642821989,85.00901742563721
105,52.98821742808475,85.01047188366357
105,52.9715257991419,84.97794987089783
105,53.00774966022523,84.95360918227959
105,52.981702274397094,84.96165344957541
105,52.99023007099782,84.96280503754282
105,53.020925271441804,85.01284786657084
105,52.964650703635336,85.03128603501078
105,52.959323165388234,85.0013430095498
105,53.035448393137614,85.01355060766984
105,53.01611459978339,84.96433019556387
105,52.972209227912124,85.0065667962772
105,52.960427705179484,84.97209132378705
105,53.04878154071846,84.99738437928885
106,52.993102396788345,84.95220179279788
106,52.99084745425712,85.03357665923298
106,52.9949525156859,84.97336792139416
106,52.952272484604606,85.00544050937022
106,53.00827447536086,85.02687828782226
106,52.97550345156916,85.0218837596388
106,53.03232514015103,84.9913351344954
106,53.02552228920403,84.97549589178713
106,52.97744425541157,85.00959475145784
106,52.96269275863189,85.02105888332324
106,53.02550418913671,84.98606056786171
106,52.96087863537638,85.00863813217845
106,52.98672411357026,84.97813546476988
106,52.98839871455534,85.02230020348958
106,53.013058997384924,84.97722587862687
106,53.03315597849301,85.016793972458
106,53.00956634072066,84.99610614236953
106,53.04092001742467,84.99399608843461
106,52.95459831977634,85.01437174138565
106,53.04446534014749,84.98814554989916
106,53.01876822766327,85.0085743270751
106,53.010507164429455,84.9911332470355
106,52.96001003582526,85.00892115547539
106,52.99805648873784,85.00966367213533
106,52.997492420416606,85.03848899213105
106,52.99345403293949,84.99356760484348
106,52.982751351785026,84.9787852938082
106,53.03385620309095,85.01728593644091
106,53.00839509661254,84.96350828201821
106,52.99161615389173,85.01396321248532
106,52.99910924252342,84.9682637515061
106,52.96569848851641,84.97583888999095
106,52.98229989409692,85.00316401955418
106,52.97702935293637,85.02215984737357
106,52.97633377461199,85.01061361151942
106,53.02836968001652,85.03266122690945
106,53.00769914599302,85.01784109616904
106,53.024960062534326,85.01599098473814
106,52.96116532279857,85.02302480216873
106,52.99139518127017,85.0105307520093
106,52.962865459842135,84.99145884406732
106,52.98124249334558,85.00330178443927
106,53.04468732762881,84.99016775384844
106,53.0399632798053,84.97760283829163
106,52.99841791660568,85.04944606588815
106,52.96430760915228,84.97997325946817
106,53.0227042902567,85.01311998534871
106,52.97513903247219,85.02348238533077
106,52.997262458330844,84.98726615599821
106,52.96160582841827,84.99923243224073
106,53.00915467487353,85.03171118692727
106,53.041988795911834,84.97302394003728
106,52.99215091836078,84.96816494517584
106,53.01761127129045,85.01032573475248
106,53.02065528613146,85.04122949009063
106,52.9873195712999,84.95357819537084
106,53.00248581222544,84.99421716149833
106,52.9976269231204,85.0072661714312
106,52.97094533148992,84.96324428702208
106,52.95950683294598,85.02905921205148
106,53.01469808729766,84.98421737223067
106,53.01878774567705,85.00601464702272
106,53.00174529823203,84.9761898062038
106,53.00140527472283,84.99017714753052
106,53.0326560546756,84.96359562890473
106,53.034895145248036,84.99815463236851
106,52.98328681618607,85.02970404391053
106,53.02202740892984,85.00919517433951
106,53.01208038261066,85.03841022459237
106,53.030494476109446,84.97434833002845
106,52.96118630511939,84.97056474858333
106,52.97990516384738,85.04081760537015
107,52.98622994143782,85.03397859535009
107,53.02004845628854,84.99599065552596
107,52.97772322843983,85.01005964137605
107,52.97596013028508,84.98668249583193
107,53.00584041651745,84.95479067020327
107,52.98466731826979,85.02628880700058
107,52.95486901024815,84.98385810472132
107,52.99280477732985,84.97740914580919
107,53.02429574832835,84.97697641812914
107,52.96986067622719,84.98560747769362
107,52.996294341508616,84.97888465362777
107,52.97190510090781,85.02509162992696
107,53.01231121410626,85.0136773056537
107,53.00608530195513,84.95161117206051
107,53.00148424937696,85.00237069549142
107,52.985623875640925,84.99062204595678
107,53.011498066824046,84.98501000768584
107,52.96794563814901,84.96848474993192
107,52.97257436022434,84.96141624168193
107,52.99308079886074,85.01230973889476
107,52.976432458994346,84.96677651798042
107,52.97810530428602,84.96467881327136
107,53.01039278301178,85.04875540021817
107,52.9822869849019,84.99909414217254
107,52.99671753029416,85.00285338163712
107,52.990481929320985,84.97293934519578
107,53.03184347357214,85.03018792782356
107,52.97324493934502,85.00569776493222
107,52.98043556370865,85.04143676788831
107,52.95600757602208,84.98994394603207
107,52.96845385984441,85.03293690220447
107,53.0220106439144,85.01898007284738
107,53.00157031181065,85.01793105088245
107,53.01664951773073,84.999275158271
107,53.03889266336244,85.02314477175966
107,53.02629683797643,84.98117050597384
107,53.00783033074968,84.99863522320607
108,52.95046419254752,85.00318839492188
108,52.999191810887616,85.03565168758564
108,53.016775403428895,84.96587528388014
108,52.9941662434126,84.95130654992143
108,53.037056067762464,84.98449820365892
108,52.977834988939584,84.9717406462031
108,52.99464231919789,85.0160705181609
108,53.04361790326387,85.0012097451961
108,52.962046098469465,84.97937934729221
108,52.97687483792283,84.95795587323893
108,52.968533719086835,85.01382335320358
108,52.96381487401631,84.96885278142237
108,53.018280241281545,84.9840426080563
108,53.020074389070835,84.96964040766271
108,52.97590862139748,84.97649411315521
108,53.02882726970417,85.00036203151157
108,52.97610450749884,84.99376912679179
108,52.98202719404461,84.97149436998285
108,53.047609092710935,85.00109791999084
108,53.02859867854685,84.97999905717639
108,53.0064190628433,84.97740207879643
108,53.02357697796281,84.98176587390451
108,52.98536710165081,84.97307104648853
108,53.00594565222586,85.02551963156905
108,53.0286410511787,84.9855931700862
108,53.030432046401835,85.01269876539602
108,53.01937057722366,85.04097613891538
108,52.99310561412283,84.95066578766827
108,53.00046597009699,85.03540167561826
108,52.98637306457804,85.04330034112648
108,53.04112530366296,84.9829770738914
108,52.96285644148558,84.99683195923384
108,53.04435592313733,84.99438930846316
108,53.01025995013497,84.96412003912356
108,52.98361486970279,85.03107184700822
108,53.0239756163883,84.9947271905929
108,52.982521588988995,85.03339297592905
108,52.956722030214685,84.9982785799914
108,52.9526029498373,85.01347081148121
108,52.99744492606812,85.03024421748843
108,52.99754340359904,84.96085916707045
108,52.98466002326595,84.9972419753018
108,53.023904785769815,84.97931102541237
108,52.98794285469272,84.97688168616367
108,52.98066224742177,85.0327570836977
108,52.96696405240082,84.97257132747201
108,53.03596574494113,84.98602712940405
108,53.04171985067748,85.01127682037766
108,53.00810283923748,85.03494318660601
108,52.98585109265289,85.04039955444165
108,53.0354934772667,84.99683798904785
108,52.987097030039,84.99036635810394
108,52.987403657168365,84.97189920833614
108,52.99213711305683,84.96067821917335
108,53.0155221553435,85.01816690495465
108,53.017212791428285,85.0179935901078
108,52.96153987767643,84.9901913415548
108,52.9817834613054,84.98592503049612
108,52.99209093435286,85.03838112060757
108,52.99369070075779,85.03153699751859
109,53.011963520941144,85.00750222446473
109,52.96402976063824,85.03279987690514
109,52.96790438195345,85.03783364322983
109,53.000669749999616,85.02960089300583
109,52.95457281360223,85.01717970661392
109,53.01040153430341,84.96232605863462
109,53.04569348701788,85.0051829042052
109,52.992250261144825,84.95490240642229
109,52.95699427589088,85.0156044763025
109,53.01904009172821,85.02803412465836
109,52.98711980674766,84.97799727767959
109,52.98513157615102,85.03841631653108
109,52.98930943005951,85.04083898835219
109,52.9629542772451,84.96749239682694
109,52.98928274552234,85.04390986262055
109,53.00877497963168,85.03155082857383
109,53.03433552198363,85.00200845676905
109,52.991700812112576,85.03321742945664
109,53.004901705678506,84.99467965521414
109,53.005950526819774,85.01421817780424
109,52.96623147025807,84.99419605136441
109,52.99268635428638,84.9845844420422
109,53.038736305451465,84.99301832290229
109,52.96892364919595,85.03366229114995
109,53.038983332066515,85.00658027818676
109,53.000378260410635,84.98518229397598
109,52.95867056639566,84.99205861517659
109,52.991412267855615,84.99981164468086
109,53.04163831112799,85.00966187455792
109,52.998889461670345,85.01059835420612
109,52.996276213733985,84.99450001490906
109,52.99080634699989,84.985632280253
109,53.045225741789835,84.9889601609705
109,52.99434501811793,85.01498504993815
109,53.04299943668076,85.01942957583336
109,52.96547266480948,85.02792046073178
109,53.00129073075774,84.95404286539701
109,53.003582037363216,84.9857160767686
109,53.01426154964956,85.03939784487243
109,52.978731733566306,84.99725271884314
109,52.98940089517584,84.96931710501718
109,52.993066473733414,85.01938064493996
109,53.015790733716415,85.02187737930842
109,53.01710220972091,84.95392427124091
109,53.02479487580617,84.97764049158896
109,52.99038511848286,84.96020680504134
109,53.04515748883115,85.01084110315438
109,52.98121732863631,85.01350315462244
109,52.995536916173904,85.02109701366312
109,52.98063977867779,84.95739530031194
109,53.01416589630788,84.9531091922633
109,52.99244732378127,84.99260277336094
109,52.99901262450828,85.00659857249823
109,52.97981039173841,84.98930845838335
109,52.98461843921526,84.96449450440036
109,52.9900621470212,84.96164178022033
110,52.9946940277477,84.99434552440793
110,53.00857762124836,85.03247007030211
110,52.99303246560851,85.0307865290935
110,53.031821292719094,85.02807835840271
110,53.01039855296247,84.99864381048279
110,53.02829626857548,85.00356412756454
110,53.04215559991379,85.02166028792547
110,52.9814157410004,85.00855704680384
110,52.96701900437794,85.01725044470638
110,53.01615810081688,85.04143861180522
110,52.95346836662948,84.98321157599167
110,52.96643585486459,85.00496860162211
110,53.0208644460209,84.98586478711547
110,52.96044323438537,84.98138717721348
110,53.03888493092873,84.99262355048074
110,53.04340279746578,85.02270345777127
110,52.95349202286983,85.00331209720957
110,52.99034782794326,84.97341308475947
110,52.9777617593245,85.00927381335387
110,52.985321320580766,85.03651159670329
110,53.020963643153614,84.97143372365326
110,52.97513588525636,85.00450775920511
110,53.025420124521744,85.01770764256997
110,53.020153113529936,84.98154932318701
110,52.965476097243254,84.9750565411758
110,52.98408689090172,85.01009501847909
110,52.98974457856095,85.04365797811849
110,52.97497091888365,85.00498156498429
110,53.01024288562921,85.02781219497705
110,53.005919901762454,85.02709585465536
110,52.95847252627446,85.02730921807972
110,52.973679787051665,84.97513771153902
110,53.03343375681722,85.00720148390859
110,52.99442675801433,85.03375152908804
110,52.979352559775904,84.95922929222493
110,52.96968009112928,85.01236532508887
110,53.02732323954504,84.98421246743213
110,53.015118861201124,84.95633942248703
110,53.00438896725221,84.99650061884876
110,52.96917261767509,84.99606850913369
110,53.02654600766006,84.98780690970307
110,53.020306622275065,85.03340146136298
110,52.97032680337238,84.99955252381437
110,52.97114009525123,85.01146617058666
110,52.980714744081205,85.02189093066596
110,53.00801203573591,85.02168320098788
110,53.04199838483527,85.00616084956
110,52.97217794914822,84.98510901276877
110,53.00677542959859,85.01177024729536
110,53.02121420804467,84.99956756564345
110,52.9741165902191,84.97604829365291
110,53.01113157673557,84.98019120999201
110,52.971276335039235,85.03654964176347
110,52.98745975844094,84.98525802685207
110,52.97216895835305,85.01549737665927
110,53.00092802368417,85.03799604098018
110,53.00359103390727,84.97274888856768
110,52.9678926410947,85.02369272541861
110,53.0128437366606,85.02400896169397
110,53.024042876675374,85.04112759697519
110,52.972650389479575,85.03056959740468
110,52.985281853725894,85.03003448497206
110,52.980703523093474,84.9703938598998
110,53.03186234493399,84.98388519902245
110,52.96273798662324,85.01874997608152
110,52.99225492924262,85.011957702539
110,53.02138749397235,84.95693165490196
110,52.98335900832897,84.9730523272678
110,53.00947861304683,84.97855538637846
