gene,x,y
1,81.01184373914269,78.96751581720436
1,81.01763959766043,78.97892846623331
1,80.99976528813428,78.98192935488038
1,81.0029754409842,78.98816318239427
1,81.02101201032886,78.9800493003891
1,81.01712207684334,78.97084862243152
1,81.02014519789928,78.98422735310018
1,81.02036225805887,78.97004257121803
1,81.01641624200704,78.98623487916207
1,81.01425624274081,78.9821773822691
1,81.02299299834738,78.9775840488693
1,81.02488372799338,78.98803600555617
1,81.01816397759218,78.97670619313537
1,80.99900336751526,78.9852688720165
1,81.01649526349757,78.97983137342024
1,81.00733775056965,78.98232223750946
1,81.01654034211181,78.97680728600135
1,81.01916712946341,78.9951980464006
1,81.01643556843793,78.97705533736314
1,81.00472384375577,78.98462075640339
1,81.01882222657976,78.96978353641188
1,81.01419002918131,78.9756336429062
1,81.00024886193607,78.97473107414523
1,81.00251227900301,78.97860912764607
1,81.02306065812306,78.98172060491072
1,81.01070577074597,78.99364845276719
1,81.00209239096033,78.97868215147726
1,81.00241903354825,78.99181257462865
1,81.02236423106856,78.98823897169754
1,81.01079067862702,78.96780666674557
1,81.0007627522575,78.99341958709522
1,81.00686055893092,78.98821347570222
1,80.99657707568032,78.98219543821718
1,81.01918527827156,78.9745728614003
1,81.0141045226323,78.97589816216042
1,81.0217853132924,78.98324391797081
1,80.99892602342855,78.97761044439291
1,80.99711321864758,78.9796757111367
1,81.02447224085284,78.98095209615012
1,81.0133978885187,78.9688413328428
1,81.00928386508187,78.98280045389195
1,81.00071224377312,78.9728147003646
1,81.02579151733602,78.97903871890334
1,81.02615593015702,78.98545102260228
1,81.01880802705679,78.97579415017071
1,81.01141249346121,78.98395033224877
1,81.02119910505903,78.97488567080548
1,81.02594875974333,78.9892987608652
1,81.0133087610765,78.99576559629669
1,81.01521509652778,78.98736722389769
1,81.02223841268355,78.99327643639235
1,81.00281957120097,78.99462121903746
1,81.00859693842315,78.97774624292107
1,81.01759230831249,78.99589768203035
1,81.01698500976727,78.98566315735327
1,81.01550734235248,78.9758014468204
4,81.00879378997436,79.00545751220973
4,81.01136415036412,78.99414450839924
4,81.01248527805566,79.01409559265802
4,80.9978703334273,79.00432454515142
4,81.00120193846625,79.0149824734887
4,81.008865851852,79.00738770550268
4,80.99599914371771,79.00735717788994
4,80.99723166299808,79.00916043273484
4,80.99070291303433,79.00092546170076
4,81.0098444822261,79.0092049017363
4,80.99700044391672,78.98842447059864
4,81.00833700716923,78.9994176543014
4,81.0036469881269,78.99369310230544
4,81.0115261254907,78.99593994419365
4,81.00910382735904,79.00348754558209
4,81.00381362703537,79.0120425625332
4,81.01350477654972,79.01165087965369
4,80.99410580208637,79.0084719649265
4,81.00662381850665,79.00025940128627
4,81.01177036207929,79.01394060786531
4,81.00311959676489,79.01356903781057
4,81.00783060318729,78.99926018652397
4,81.01519848394302,79.0029687737389
4,81.00652543809154,78.99874682287899
4,81.00994748710553,79.00023655395741
4,80.99543944299538,79.00295837982598
4,81.00803501190046,78.99786288432313
4,81.00151257251721,78.98944999022056
4,81.00654668004616,79.01569130659189
4,81.01092591266962,78.9983063853704
4,80.99383270997845,78.9990399413746
4,80.99589450030265,79.00433600399603
4,81.00887390740158,78.99987873707981
4,81.00805010640474,79.01292412504213
4,81.01199083760743,78.99414643326176
4,81.00774592184494,79.01387877063918
4,81.00611100216193,78.99114562697773
4,81.00118150018932,79.00181935730927
4,80.99115518133222,78.99722487025412
4,80.98732293049264,78.99802746726053
4,80.98937630367045,79.00158790366815
4,80.99465207095122,78.99214781693007
4,81.00484180863862,79.00301897918278
4,81.01110315209776,79.0086812100633
4,81.01655970933591,79.0036719834372
4,81.01528202382713,79.00114291198174
4,81.0072619723664,79.01268476918023
4,80.9913395564791,79.01210305711949
4,80.9931451417539,78.99083651582941
4,81.01292860585609,79.00067849049542
4,80.99877388631666,79.00286499421593
4,80.99761161213013,79.005338115611
4,81.00903847435417,79.01565876355134
4,80.99763981715955,78.9951971774163
4,81.00012165949377,78.9954173319555
4,81.00392226486537,78.998646838837
4,80.98871077383707,78.99484996832916
4,81.0052198280227,78.99916921205521
4,81.01320696545353,79.00884933682505
4,81.00347968770477,79.00784492526154
4,81.0127623077303,79.00318577461066
4,80.99649706960169,79.00933081474014
4,80.99250035861772,79.0138530373778
4,80.99839686982536,78.9921729528246
4,80.99501020539316,78.99488778207434
4,80.99856714910197,79.00565743236406
4,80.99370154246338,78.9971607011313
4,80.99399622600109,79.01589399972217
4,81.0108644707055,79.00317524202357
4,80.9934204792041,79.00280375466487
4,80.99563171688024,78.99579235767757
4,81.00123004193988,78.99872741459563
4,81.00311433593872,79.00272904706101
4,81.00080617415612,79.00629290569397
4,80.99430902039157,79.01141032058055
4,80.99868619693912,79.0122496277244
4,81.00253044718988,79.00850181170584
4,80.9892500563565,78.99398165296805
4,80.9999064618282,78.99827473869287
4,80.99588752952033,79.00270309635565
4,81.00574042554327,79.01006453981944
4,80.99909244847511,79.00633036519575
4,80.99669274416605,79.00793098139695
4,80.98949842498712,78.99515947154836
4,80.99479563377078,79.01516458758535
4,81.00625998037788,78.99145739476437
4,81.00428449392376,79.0017178336698
4,81.01359702919258,79.0107153138419
4,81.00545591489346,78.99228084075882
4,81.00558762133956,79.00634180831479
4,81.0125892177904,78.9969962136761
4,81.00666567387348,79.01666439343272
4,81.00943872204662,78.99591309309817
4,81.00316312641752,78.99628185595226
4,80.9937323729201,78.99685783956997
4,80.98626016737143,79.00762537925654
4,81.00471295314235,78.99551823381026
4,80.99021350598925,79.00737434352821
4,80.99937509301026,78.99786012757376
4,81.00792252114884,78.993175310954
4,81.00519773882169,78.98929042009024
4,81.01291298099045,78.99819955655198
4,81.0027922047496,78.99761161110911
4,81.00954027530304,78.99481136048507
4,80.98858554514048,78.99521107233355
4,80.99500480947447,78.99025385197066
4,81.00037063550468,79.01113266140683
5,80.9987980006194,78.97467640465295
5,81.01389374801082,78.99302284611859
5,81.0030457329979,78.97665515993847
5,81.00138932419476,78.99440337958914
5,81.02035498617664,78.99350848681325
5,81.01564320228967,78.96876063411858
5,81.00870441944173,78.99201404032902
5,81.00081787846594,78.97321268371041
5,81.01775861385032,78.99412931466756
5,81.01681723552562,78.97758446674422
5,81.00229509430264,78.98353962631708
5,81.00666370723732,78.98930726384025
5,81.00135652219447,78.98332039902006
5,81.00140669204275,78.99104877858187
5,81.01525206127397,78.98841275716995
5,81.0011090237522,78.98485930942032
5,81.02144525184009,78.98426452189854
5,81.00251227900301,78.97860912764607
5,81.02124819597199,78.97438098277382
5,81.01037350327157,78.99168882506625
5,81.00820872173676,78.99471177114486
5,81.007488576113,78.97381485239355
5,81.01238694177712,78.99471146955032
5,81.00806989746017,78.98504377351729
5,81.01084676510384,78.978445190787
5,81.00436790413048,78.991950794054
5,81.00586999904979,78.9800563919136
5,81.00209116942823,78.98452294104327
5,80.99874705534641,78.98846093262148
5,81.02080277871087,78.97490559519936
5,81.01486780849967,78.97320920521412
5,81.01775861385032,78.99412931466756
5,81.01803925866302,78.97933866447354
5,81.00717676336735,78.9748627086363
5,81.01034026569508,78.96780074457791
5,81.01326032091676,78.99449839945055
5,81.00662638808818,78.98765564955347
5,81.00132090408412,78.98980140409886
5,81.01869503005152,78.98627820288539
5,81.00088173230762,78.99330473993258
5,81.0043312983685,78.97784791726262
5,81.01405884266288,78.97976753605339
5,81.01706151929069,78.98426802939788
5,81.02504998873411,78.9754640746591
5,81.02002260181612,78.99550943645492
5,81.0091522356365,78.97149781117278
5,81.01730873331795,78.97499128874063
5,81.01313979097657,78.9904870830639
5,81.00397027949386,78.99364997228865
5,81.00759204320309,78.96879132798331
5,81.0048422733453,78.98692882532572
5,80.99729893021711,78.98525207660752
5,81.02011609884845,78.9807013513614
5,81.00302997758715,78.98670977861282
5,81.02314704480968,78.98124172512347
5,81.02160891427762,78.99126998566778
5,81.01673407822396,78.9942324208163
5,81.00019197283079,78.98311044874228
5,81.01542186471991,78.98568015420379
5,81.0153288322173,78.99728520150504
5,81.0158885856304,78.98933555482584
5,81.01085441547154,78.96935599421994
5,80.99766956731895,78.98240885103911
5,81.0190505287537,78.9880878031727
5,81.022683061194,78.98381037003365
5,81.00130227983183,78.98627622956633
5,81.01368636420773,78.97375862173607
5,81.02189270811627,78.98265816385896
5,81.01237637272875,78.97396031145783
5,81.00398285973048,78.98437472392925
5,81.01347391875305,78.99559579739957
5,81.01059579503752,78.97774304211013
5,81.00363663574936,78.9729714819221
5,81.0166412086074,78.98484495454277
5,81.01945078369972,78.98023145177993
5,81.02039986103978,78.98509910400183
5,81.01071918094857,78.98635997140437
5,81.02532898366957,78.9835421343987
5,80.99878896863967,78.97442309000945
5,81.0111441145134,78.99199972983195
5,81.02286622170631,78.97764356527917
5,81.00147728589226,78.9800742344481
5,81.00346662165306,78.9773066211735
5,81.02280709244641,78.97249833450114
5,81.02052585170775,78.98033797117898
5,81.00096535793469,78.97169196924875
5,81.00899644427163,78.98214730541744
5,81.02092399379636,78.97427855493261
5,81.0016638309472,78.97948210316558
5,81.00278033065105,78.991412413822
5,81.00866311433752,78.97689364971264
5,81.02236423106856,78.98823897169754
5,81.02241828487536,78.98695437587965
5,81.02586776989895,78.98664061821636
5,81.02659489480516,78.98399218739097
5,81.02596467061474,78.98866834419063
5,81.02170100348549,78.97758637758467
5,81.01295779661558,78.98282953983228
5,81.00595127157082,78.98331919489819
5,81.0129281353238,78.97218613206351
5,80.99647851292943,78.98409891304097
5,81.02243070775101,78.99029747459475
5,81.00913236657966,78.96928326498856
5,81.023900528075,78.98282965858807
5,81.01271785102351,78.99848106481102
5,81.00227869474637,78.98088761498497
5,80.998982096126,78.97874301714731
5,81.00005121192159,78.98906019883935
5,81.01176002774716,78.98410309492992
5,81.02685062504507,78.9823924071391
5,81.0003866232059,78.97917399944983
5,81.01816397759218,78.97670619313537
5,81.0184349446404,78.9856264272954
8,80.97140809638873,79.01270883768926
8,80.99393646257528,79.02237320112694
8,80.9967543834083,79.00590294071878
8,80.97853272821408,79.01693572787984
8,80.99775195431958,79.01655302739314
8,80.98968457451029,79.01310222028285
8,80.9760941297945,79.00807717236867
8,80.9806392621366,79.00709174761472
8,80.99751257703754,79.00869908441034
8,80.9897921240491,79.02185116477828
8,80.99450690696371,79.02413657369748
8,80.97720200554446,79.00783944028845
8,80.98109691567254,79.00050282594403
8,80.99398128683558,79.02141150536127
8,81.002000650598,79.00926616845513
8,80.99435773766955,79.01027338995016
8,80.98095121702005,79.00079502027687
8,80.97866996822016,79.02294179181004
8,80.98642557596138,79.01482144119552
8,80.99234150000746,79.00779572712399
8,80.9856122658389,79.02104456879209
8,80.99068855425547,79.01503971094542
8,80.98179258655905,79.02411068585093
8,80.97481528255462,79.01299925928404
8,80.98423952564714,79.00840861764341
8,80.9873643380254,79.00046201281754
8,80.98671307981918,79.01476388987645
8,80.99450074050894,79.01404036648952
8,80.9996814911409,79.00488818673568
8,80.98987998054227,79.02076679433088
8,80.99734277038444,79.00990838981905
8,80.97714569627261,79.02168383579169
8,80.99460904504298,79.0090243671423
8,80.99239157175313,79.01225498184782
8,80.97840936223659,79.01652435316205
8,80.97348393170279,79.01235814647669
8,80.98884253262602,79.00933141747106
8,80.98061432522776,78.99895737107533
8,80.99595901757257,79.00928930537619
8,80.98862999305193,79.01148783738265
8,80.99130469429922,79.00851178578763
8,80.99605212821031,79.01937979363694
8,80.98511773120816,79.00620547090266
8,80.99611961275576,79.00429704015062
8,80.97465945499181,79.01471101428
8,80.98679455925776,79.0088935124135
8,80.99570946431979,79.01520068218102
8,80.98777616297274,79.01503303936703
8,80.98889264061762,79.00984798008137
8,80.97993646048799,79.00634633645222
8,80.99365975706047,79.02224469627815
8,80.97887623128739,79.01077584529197
8,80.9738126250666,79.01490806276843
8,80.9828334341325,79.02466233978762
8,80.97812651365317,79.02025439460826
8,80.97983209056035,79.00013017799158
8,80.99169871867832,79.00242655994259
8,80.988653831873,79.02280395419882
8,80.98017073324172,79.00192134069324
8,80.99502975487559,79.01880738051034
8,80.97947098008663,79.01817854512377
8,80.98162408775971,79.00824912854857
8,80.98043049185098,79.02321170870995
8,80.98690949502824,79.02714233373537
8,80.9897950655671,79.02112982898404
8,80.97317366129037,79.01592008774423
8,80.97810986304903,79.00364396368109
8,80.97680766031964,79.01722033683625
8,80.97488143496913,79.00276577600549
8,80.98816358402273,79.01658182940051
8,80.97771936365595,79.01901485697249
8,80.9854921419801,79.022324236009
8,80.99221293547089,79.00123519540826
8,80.98737448180232,79.00281302191361
8,80.99292018034009,79.01721866359904
8,80.97968484656667,79.00080709687767
8,80.98216986610217,78.99911539649038
8,80.9839862353799,79.00554199514
8,80.9845335511845,79.02297271446109
8,80.97795108492404,79.01023937945254
8,80.99399643849928,79.02091992928874
8,80.99986120904823,79.01458154813838
8,80.98606137579071,79.02217852216128
8,80.9967183862094,79.00281575716932
8,80.97602710497691,79.01353505516157
8,80.98245800684433,79.01564418809369
8,80.98877336634199,79.01800608502923
8,80.99899446096501,79.00485798016479
8,80.97498621041188,79.01781057799944
8,80.98695691582034,79.0120996302702
9,81.01564320228967,78.96876063411858
9,81.00425554084552,78.99259520872222
9,80.99823979799629,78.98663175700834
9,81.00820703277307,78.98074302800048
9,81.0241955749776,78.98571947218818
9,80.99932168850887,78.9772230520049
9,80.99955747920946,78.98001554881927
9,81.01649526349757,78.97983137342024
9,81.00527548066044,78.98947379584818
9,81.00903976115487,78.97720476637804
9,81.00996196968782,78.9880976448089
9,80.99869824073848,78.98726104980344
9,81.02553912925781,78.98875422989414
9,81.01127371106399,78.97414033227662
9,81.01194860947474,78.9742035228366
9,81.00494971311134,78.9900383769907
9,81.01593242156754,78.97942443232257
9,81.01305369695373,78.9838724169966
9,81.02008025799798,78.98690630641566
9,81.01136415036412,78.99414450839924
9,81.00121725991909,78.97438669529834
9,81.01299529559716,78.99786101521713
9,81.00903976115487,78.97720476637804
9,81.01623665864291,78.98584607333866
9,81.01542281618356,78.99183770999544
9,81.00532033314583,78.9819509818202
9,81.02392196259056,78.98450116068364
9,81.0091856584905,78.97823738409502
9,81.00186072030668,78.98738828004586
9,80.99905580047394,78.9853313088998
9,81.00016080394172,78.97836870491176
9,81.00128996256957,78.9790951740314
9,81.00623615342607,78.99136395333629
9,80.99820562481669,78.98996706534612
9,81.01350644409592,78.98014908108698
12,80.99495120576644,79.00946300455341
12,80.97703817830306,79.00204014631115
12,80.98109546552053,79.02420331547773
12,80.98100144843661,79.0020433729887
12,80.99014846478744,79.00956911831231
12,80.98522868821941,79.00758804358166
12,80.99780482450531,79.00429846265403
12,80.97350551834992,79.01040673771082
12,80.99864387684005,79.02207949022855
12,80.9875808190781,78.99960756502115
12,80.97605541851762,79.01361234523776
12,80.98986047501272,79.01463553625489
12,80.9948882912051,79.02038098380874
12,81.00003766656131,79.00329238590894
12,80.98824084025209,79.01417878238956
12,80.9984814718188,79.0139388933358
12,80.9949970369472,79.00720911387036
12,80.9745245561928,79.01479160057201
12,80.99416917656963,79.00169593497476
12,80.98648677553457,79.00389370670396
12,80.99198406511745,78.99884789625813
12,80.9842358601053,79.01354712081682
12,80.98165573214445,79.01341444943684
12,80.99352466566282,79.00382617343845
12,80.98863719751749,79.02216828214166
12,80.99797671198677,79.00698464538358
12,80.98856228187161,79.01082289678845
12,80.9792559489264,79.01695462248135
12,80.97398710585506,79.02023690184785
12,80.97597226908778,79.0130865204623
12,81.00235973176068,79.01194555155917
12,80.98883796858655,79.00698328752594
12,80.9874156397169,79.01499088555404
12,80.97836691396797,78.99894444029815
12,80.97440844623237,79.00743483263423
12,80.99417841416675,79.01469663804295
12,80.99882951782915,79.01335488130366
12,80.9924757560021,79.01929725854374
12,80.98489388633713,79.0124404794918
12,80.98982899972135,79.01300841135846
12,80.98400488160304,79.02589888274318
12,80.98272363183668,79.01524251364945
12,80.98175625390165,79.00743918152452
12,80.98800857087306,79.02289475628497
12,80.9899362853849,79.00802053533506
12,80.99318638540082,79.00201865915234
12,80.97156114706095,79.01082365663204
12,80.9778502657143,79.02399987317413
12,80.97725252003248,79.00199958613989
12,80.97996143442462,79.01051888866239
12,80.99100327179069,79.01493265735618
12,80.9761916927463,79.00502343543367
12,80.97845606739732,79.00727130456671
12,80.97915233402668,79.008373090298
12,80.98966230865143,79.00629783178142
12,80.97839756346286,79.00539974200316
12,80.99958677297835,79.01614584586227
12,80.99317641491486,79.0063005525492
12,80.99941226105614,79.00644544219546
12,80.9789693182618,79.01852196069164
12,80.99855901186005,79.0187020919676
12,80.97936417343315,79.01729112237638
12,80.98471898130201,79.00026031735779
12,80.97954725867291,79.01804600668278
12,80.99930666878721,79.01307350177244
12,80.97623521542957,79.01850364860898
12,80.99130631355432,79.0094405624828
12,80.99332902131947,79.01251232742615
12,80.99968903930304,79.01444668945813
12,80.97679989402094,79.022971695863
12,80.99108770230428,79.01927277345985
12,80.9916044860354,79.0119613641388
12,80.98566386765556,79.0210697171649
12,80.98167736882648,79.00249886757516
12,80.98626549039544,79.02156031853265
12,80.98476582860603,79.0036880961454
12,80.99687524139141,79.01813194992974
12,80.98605755837126,78.996311408927
12,80.97385315340371,79.01652490991789
12,80.98215769366502,79.01452714192882
12,80.9991746418942,79.01454172622094
12,80.98981131900321,79.02714485077816
12,80.99979033570328,79.00408110468067
12,80.98397481184134,79.00101075763646
12,80.99868116499613,79.00478008363342
12,80.98606739736798,79.024774654841
12,80.9759509909312,79.00276833194563
12,80.9771233706079,79.00021589086067
12,80.9911241608632,79.01582129505157
12,80.99218783445677,79.01544328367736
12,80.99828760735356,79.00550612171409
12,80.99414578250494,79.00319181463959
12,80.9949883862296,79.02527196113233
12,81.00091730796028,79.01172737561274
12,80.97430911241167,79.0199934031054
12,80.97930181939795,79.02512640761066
12,81.00126625595631,79.01638435424903
12,80.98331532326057,79.02473905359423
12,80.99327422281223,79.01035261940612
12,80.99693754417603,79.01842983877532
12,80.98814058293458,79.01053218943468
12,80.9778516580889,79.010044740257
12,80.97826657641255,79.01051028382558
12,80.99456798789193,79.00685780934342
12,80.98759081220628,79.00583847427578
12,80.9841491673011,79.01942386260447
12,80.98880432409818,79.00995696702631
12,80.9952577550499,79.00203045038398
12,80.98543332567736,79.00411448662358
12,80.99749206263135,79.00129670435584
12,80.994893855324,79.0103975489294
12,80.98811789865347,79.00020410097791
12,80.98783908564383,79.01820974854837
12,80.97777313776758,79.02423885523098
12,81.00133235950904,79.0083509668032
12,80.9803541569303,79.02154923372515
12,80.98595407380287,79.01485828648
12,80.99921963597056,79.01095179214596
12,80.99225414362235,79.01676449074627
14,80.98768223453283,79.02518436571441
14,80.98805337641095,78.99754870238723
14,80.98179987549956,79.00887916292481
14,80.98601106818957,79.01064415548421
14,80.98962260750358,79.01370128257093
14,80.98657723968668,79.00740612169044
14,80.9902661334238,79.01285474811594
14,80.98225479692042,79.01258670844094
14,80.97685312522076,79.01676763553768
14,80.98226003002377,79.0223263549204
14,80.98411356054976,79.00828455113934
14,80.9841676110261,79.00782189953699
14,80.97590891052371,79.00829815579142
14,80.9890409448689,79.01274488464071
14,80.97965200428611,79.0228776733118
14,80.99039902645748,79.00303072243261
14,80.99027513753204,79.00707941161446
14,80.98806767333396,79.01612503846526
14,80.98774964801775,79.02285896600891
14,80.97771936365595,79.01901485697249
14,80.98635998597942,79.01183980187093
14,80.97562501269331,79.01463186158435
14,80.99683223151187,79.01608352336054
14,80.9863333847735,79.00743886443381
14,80.97584431858807,79.00327661214348
14,80.97539268544033,79.00533596197967
14,80.97890637714669,79.00699421330913
14,80.978756328291,78.99906798793029
14,81.00091568005509,79.00931305274221
14,81.002000650598,79.00926616845513
14,80.97584873087777,79.01923622797868
14,80.9939653748374,79.00419951519874
14,80.99314274110756,79.01523018509178
14,80.98659446419735,79.0233682915211
14,80.97925444537844,79.00782900043521
14,80.98608729101502,79.00875908027275
14,80.99826287020382,79.00698696432562
14,80.98702649507732,79.00813832489068
14,80.9949883862296,79.02527196113233
14,80.9991678214823,79.008353224701
14,80.99578635640522,79.00983040686889
14,80.98894577702616,79.0043249660147
14,80.98312761884526,79.0007703597892
14,80.97400018748446,79.01132455408234
14,80.9840101016904,79.0098732626917
14,81.00140711976468,79.00960420200936
14,80.98308527953859,79.02521472463148
14,80.98872055222463,78.99809695755863
14,80.98290168037364,79.02174472113143
14,80.9755644427856,79.00355468232898
14,81.00098053938865,79.0114644018131
14,80.9884251161937,79.01392683153671
14,80.99650517890346,79.00343112545553
14,80.99607688415253,79.00442477290707
14,80.98807003512698,79.0153247299204
14,80.98787231370177,78.9967391164257
14,80.99258082983206,79.00599512975245
14,80.99235618835242,78.99735212758496
14,80.98969569816977,79.02613166214415
14,80.9811693162309,79.01139765799022
14,80.97899608823118,79.00364091496559
14,80.98604831950422,79.01874406380696
14,80.99749976131496,79.01273858836653
14,80.99826287020382,79.00698696432562
14,80.99815957418939,79.02124753013342
14,80.99016676909532,79.00109715491115
14,80.97348983580383,79.00834171790324
14,80.99998468087333,79.01077279616271
14,80.97589715221875,79.01246545843638
14,80.99557312343002,79.01727109387554
14,80.97686703383367,79.00512657628872
14,80.97205491927608,79.01182739626424
14,80.98738063084738,79.01302241625355
14,80.99550057475788,79.01409475565637
14,80.97547705839395,79.02047716147682
14,80.98427989326399,79.01759551398273
14,80.9950928687162,79.01005939876687
14,80.98378381443689,79.00305247730473
14,80.98304135274213,79.01568734187279
14,80.99060754585388,79.00746950533059
14,80.9842358601053,79.01354712081682
14,81.00091468613456,79.01712278308078
14,80.99138266327905,79.0243601077861
14,80.98340770876953,79.01900223393986
14,80.98328317417115,79.00528362016183
14,80.98878662277758,79.02585439918366
14,80.97961019433612,79.01270676404006
14,80.9778750521451,79.0120252656005
14,80.97218273994261,79.00949079954786
14,80.99438810344222,79.01583899194237
14,80.97609093817601,79.01682988753424
14,80.99140045131472,79.01671138771516
14,80.97377935185595,79.00570403982118
14,80.9952577550499,79.00203045038398
14,80.9939653748374,79.00419951519874
14,80.98577158892206,79.02525560961352
14,80.97946400762066,79.02174952776346
14,80.99264779937594,79.00789698318161
14,80.98392639229463,79.00967464684224
14,80.98144142729062,79.02282327025988
14,80.98948082124801,79.02385452593403
14,80.98884253262602,79.00933141747106
14,80.97925197031884,79.02296937085724
14,81.0005552572563,79.0072565090155
14,80.98449913798665,79.00233911253282
14,80.97760842983905,79.00943952115043
14,80.9909455747816,79.01068153185176
14,80.98284699113522,79.02009847530624
14,80.9982057456145,79.02065475685018
14,80.98665375384819,79.00367191975752
14,80.98514408431835,79.02494538303719
15,81.00249718287384,78.99537270212265
15,80.99835398111392,78.99583718013756
15,80.99584063203511,78.99856834052108
15,81.00110284340423,78.9878408610628
15,80.99849077897575,79.00147453919686
15,81.00692140147707,78.9935582426778
15,81.00151652812922,79.00243987713685
15,80.99155542378561,79.01358806594043
15,81.01284445721042,78.99743289879932
15,81.00164555936935,78.99922468625891
15,80.99972561680106,78.9882347144319
15,81.00370233265669,78.98916024382821
15,80.99053213938663,78.99218228261319
15,80.98934391530541,79.00120131778434
15,81.01259188414002,78.99596275128988
15,81.00519773882169,78.98929042009024
15,80.99108131718191,78.99167444591275
15,81.01126524454072,78.99439893918145
15,81.01329362607699,78.99806098593443
15,81.0148089190209,79.00617662237092
15,81.00550629948584,79.0148982850161
15,81.00288539986524,79.01212121494578
15,81.00989331334591,79.01318412018504
17,80.98762532155617,78.9951552990574
17,80.99527936655947,79.00019901828182
17,80.99351743465887,78.99215619626976
17,81.00692140147707,78.9935582426778
17,81.00102940652282,79.01600600609304
17,81.0044832984536,79.01652698343676
17,81.0130170482474,78.9942716956795
17,81.00184962073655,78.99609965923877
17,80.99959335647182,79.00264075830054
17,80.99525108196994,79.0175331362401
17,80.99495702906171,79.01182562983449
17,80.98867773673648,79.00558549697594
17,81.00037743362783,78.99308674648134
17,81.01101813630532,78.99928538005537
17,81.00863948958408,78.99382979570967
17,81.00562887562411,79.00925445818291
17,80.98969640646419,79.00603098826804
17,80.9885391086085,79.00778422332326
17,81.0040117085602,78.99351888963713
17,81.01458858864353,79.00111225385383
17,81.01081672385749,79.00263572047275
17,81.00132090408412,78.98980140409886
17,80.99833464061426,79.01721063797208
17,80.99477839291032,79.01699817198997
17,80.99501243935332,79.00336264897491
17,81.0054253107588,79.01554989680224
17,81.01242419789713,79.01190695197113
17,81.00362771690409,78.99145637659106
17,81.01135575153181,78.99384033312457
17,81.00693009757654,79.00599334212019
17,80.99902545381903,79.00619211102021
17,80.99851994020787,79.01084430502598
17,81.00770898187959,79.01607869919812
17,80.98775044811451,78.99683982812553
17,81.00140040112582,78.99927113617524
22,80.99539340736189,78.9967954029735
22,81.01119937286653,79.00429785377136
22,80.99439447220627,79.00090498659992
22,81.01248527805566,79.01409559265802
22,80.9983148522471,79.01344478663607
22,81.00057446284008,79.0041190136298
22,80.99156881827047,79.01331707313702
22,80.99968903930304,79.01444668945813
22,80.99474081202966,78.99470545551998
22,81.00657627334117,79.00032608686521
22,80.98702673157884,79.0009825506161
22,80.99731767405345,78.9884745420138
22,81.00648859973138,78.99080816231141
22,80.99407981523885,79.00329986950676
22,81.00345895771008,78.99254653267549
22,81.0061246698271,78.99576327178217
22,81.00816394173796,78.99424737872414
22,81.0002059815856,79.00694362725271
22,81.00138932419476,78.99440337958914
22,81.00363299489453,78.99759547834664
22,81.01242419789713,79.01190695197113
22,81.01118756795952,78.99746810344752
22,81.01002575544062,78.99232988279913
22,81.0109890165701,79.01050352716811
22,81.00436315424814,78.98869114637434
22,80.98927383149794,79.0038681044326
22,81.0077761543032,79.00887781108611
22,81.01192851276711,79.00286021619229
22,81.00436473167092,79.01062635263332
22,80.99608310932837,78.99514575032389
22,81.00502446780897,79.00466258739522
22,80.98905586675028,79.00159619654508
22,81.01149108916509,79.00349327940516
22,80.9986104683117,79.01139698357042
22,81.00252571577577,79.00795991017094
22,81.00348219561829,79.00502827920225
22,81.00882540295166,79.00322098283979
22,81.01312833054051,79.00572044103265
22,81.00869596818787,79.0002131953379
22,81.0134770085479,79.00016019592672
22,81.00944800007724,78.99563496941501
22,80.99669274416605,79.00793098139695
22,81.00666798604999,78.999998990442
22,81.00210569443428,79.0069623737008
22,81.00235973176068,79.01194555155917
22,81.0032810564384,79.0187233293179
22,81.01207822010349,79.0073098941948
22,81.00713564103263,79.0067792683205
22,81.00408827439418,78.98968798259348
22,80.99620097652637,78.99235549820568
22,81.00255311001752,79.00584308537833
22,80.99692133240241,79.01566200206494
22,80.99401455023101,78.99176731421831
22,80.99586665042021,78.99161607525326
22,81.00720961468325,78.99072378882165
22,80.9932926343767,79.00607223908231
22,81.00675562867565,79.01274885530688
22,81.00727865114105,79.01045358578088
22,81.00982864741287,78.99985294045965
22,81.00649319307324,79.01568501122765
22,81.0110483130914,78.99485331104923
22,80.99885773158131,78.99631663937015
22,80.99861532661428,78.99965345442541
22,81.00697908216821,79.00431701172394
22,80.9967543834083,79.00590294071878
22,80.9930995971325,79.01400420505342
22,81.0150974153474,79.0087089202984
22,80.99611914801083,78.9996804153343
22,81.01346342406046,78.99762140799864
22,80.991071881111,78.99453417119422
22,81.00467121881606,79.00920458026611
22,81.00805832827463,79.00882273699332
22,80.99723973412074,79.01506171359422
22,81.01020768281647,78.99893482508428
22,80.98894577702616,79.0043249660147
22,80.99797671198677,79.00698464538358
22,81.00299185469703,79.00337689749115
22,81.00763683665186,79.00042112645733
22,81.00942690596412,78.9980609159713
22,80.9958959030276,79.00863327780476
22,81.01470923773118,79.00440644734883
22,81.01103506309894,78.99154593671821
22,80.99611961275576,79.00429704015062
22,81.00168977515835,79.00101474163797
22,80.99380653783183,79.00560027966905
22,81.01433187161835,78.99617642067147
22,81.00391026552074,79.00929072598974
22,81.01489420344096,78.99995907188196
22,81.00177780284835,78.99639393296415
22,81.00514455882166,79.00048309724465
22,80.99988193029043,79.01142219484608
22,81.00177514373799,79.00280028899928
23,81.0062880002781,78.97200696900275
23,81.00984324071878,78.9882827260369
23,81.00942690596412,78.9980609159713
23,81.0129011480736,78.97036059900432
23,81.00985947669788,78.98520235062762
23,81.01075085020412,78.98280275770702
23,81.01575411600736,78.99083629830265
23,81.00859254512899,78.99334545301726
23,81.01995764023415,78.97926261883195
23,81.0107141869031,78.98448165873398
23,80.99859460529765,78.98935315921352
23,81.02270005600596,78.97335051091417
23,81.00349977239603,78.98134693572315
23,81.01795535631858,78.98104749881385
23,81.0051471601083,78.9822779510939
23,80.99882321920926,78.98518543911841
23,80.99828006373879,78.98817458740778
23,81.01962350159525,78.97677467809872
23,81.02430120085288,78.98579399831858
23,81.00344496249856,78.98300776624463
23,81.01365127336167,78.97782015235222
23,81.01752860140975,78.96857992378595
23,81.020070451677,78.98105356031151
23,81.00378804698494,78.97230459285336
23,80.99909781568898,78.97366307479989
23,81.02231407589778,78.98279381116325
23,81.02144107722017,78.99221910706342
23,81.01574848719741,78.99585060433348
23,81.00828140658734,78.96794301602272
23,81.01545317770729,78.97379406676984
23,81.01406462662042,78.97746950578093
23,81.00766590516616,78.9934064704288
23,81.0063384152746,78.9864202436265
23,81.00948400762817,78.98002206779796
23,81.00489556349163,78.9761323416493
23,81.02222724658957,78.97348663791718
23,81.0120860988133,78.98681840962242
23,81.00261921561179,78.9785063848638
23,81.00604323425907,78.98450609926108
23,81.02130436182607,78.99396206488112
23,81.0106764486533,78.96895018802525
23,81.01129872322664,78.98957439433185
23,81.02241352870135,78.98144247457465
23,81.02412540777179,78.98892504604319
23,81.0133285324784,78.98227574974578
23,80.99932168850887,78.9772230520049
23,81.01294325657844,78.98439291159056
23,81.02407587533848,78.98397179402333
23,81.01476852128816,78.99407218849446
23,81.02286622170631,78.97764356527917
23,81.02278065974826,78.9929370253108
23,81.0011132413545,78.98064394746446
23,81.02117572533449,78.97565749860641
23,81.01227081731531,78.99296804957568
23,81.0027882293423,78.99087550622906
23,81.01947866554852,78.97939327962942
23,80.99783486220157,78.97970136420804
23,81.0227101029151,78.98121236030474
23,81.01608923183548,78.99111757866761
23,80.99820562481669,78.98996706534612
23,81.0271990547767,78.98078515916114
23,80.99954693086967,78.9800010321738
23,81.01519749748066,78.97654755514955
23,81.00704248032578,78.98088504807473
23,81.01363056525636,78.9896606455792
23,81.01082238894901,78.98646029455189
23,81.02522637082687,78.98023602531559
23,81.01153258415722,78.99346342111306
23,81.00274562758756,78.97506390729505
23,81.01658275315695,78.98225610981233
23,81.01333502432297,78.99491072353023
23,81.01012586980174,78.98261653808235
23,81.0150059899509,78.9880333345262
23,81.0159572724813,78.98450781916914
23,81.02541878953666,78.97631572968288
23,80.99903818002986,78.98455320540961
23,80.99847406344315,78.98448266112038
23,80.99975316083398,78.99139228724579
23,81.00452116542905,78.98068230531742
23,80.99675446243043,78.98108339360223
23,81.02223841268355,78.99327643639235
23,81.00694962224578,78.9776448054491
23,80.99693166398562,78.98190973072624
23,81.01066543480857,78.98856251586547
23,81.01119731120299,78.97365705249895
23,81.00334678320674,78.98714372235088
23,81.02100562250774,78.98188725488983
23,80.99960695750487,78.99043170493404
23,81.01232170445653,78.99495900672463
23,81.01833068842996,78.97094741248053
23,81.00816765251837,78.98283617621254
23,80.9997228607836,78.9887521566327
23,81.00627583085483,78.98492227832723
23,81.01270493735947,78.98422166569488
23,81.00652246907539,78.98304088893337
24,81.01472674374759,78.9911775132852
24,81.02143831684535,78.9800093508212
24,81.0089228010499,78.98684789152075
24,81.01648571861644,78.99649334308272
24,81.01241344975602,78.99470845281068
24,81.00487487922142,78.9804152133496
24,81.00257699730433,78.98854514120373
24,81.01352955705343,78.99045807257795
24,81.00684765442423,78.97935536098296
24,81.0154615201572,78.99179799135051
24,81.00562809871484,78.9842469802545
24,81.00750638421451,78.98859445975539
24,81.01724687740088,78.98415348539412
24,81.02288996307408,78.98664851682146
24,81.01092677821475,78.99199902561611
24,81.00794930708068,78.98130597215588
24,81.01082238894901,78.98646029455189
24,81.0260204780424,78.98330189386824
24,81.01708657247498,78.98069585107793
24,81.00016080394172,78.97836870491176
24,80.99967324073657,78.99316113503417
24,81.01315941923542,78.99754733731588
24,81.00943863188955,78.97535998533934
24,81.01458776344724,78.97109085712493
24,81.01588945575413,78.97747703123727
24,81.01672017274531,78.99185777896946
24,81.02513198567429,78.97620129765453
24,81.01122430239974,78.98027208977561
24,81.01361936730821,78.99183133316188
24,81.00472892580876,78.9884198732168
24,81.0147243380976,78.99481815008866
24,80.99881760612575,78.9892192808027
24,81.02075643528394,78.98314059138528
24,81.01299409969106,78.96752483110079
24,80.99942636632686,78.98627158539657
24,81.00651189049182,78.98501627168555
24,81.018491184326,78.9739980275638
24,81.00605535222205,78.99473981439553
24,81.00310837653153,78.98674404241483
24,81.02275556291748,78.98572676035175
24,81.00560289187152,78.98308995821805
24,81.00273526624011,78.97569028511865
24,80.99675626234401,78.9810783945509
24,81.01249337091843,78.97980611520435
24,81.01327336996764,78.97056997736176
24,81.01597891296892,78.98647723301933
24,81.0172885104124,78.9881457023481
24,81.00836661813004,78.97141442482615
24,81.00664858500022,78.99065795561008
24,81.01627082397549,78.98280899002063
24,81.01937542116532,78.99525513504123
24,81.01141249346121,78.98395033224877
24,81.00992175891716,78.98262401251951
24,81.00794930708068,78.98130597215588
24,81.01314190762983,78.98765241090942
24,80.99914345186622,78.97901814365889
24,81.02399637642807,78.98956292862778
24,81.01724613856805,78.99598083951139
24,81.0253610603435,78.9811218101914
24,81.01993257286252,78.98169764745582
24,81.00281867549664,78.97900075666497
24,81.00101527023804,78.98478744359343
24,81.0192901160966,78.97081306631003
24,81.00474707763193,78.99229228475018
24,81.01297274784311,78.9728240396091
24,81.01708568209901,78.97769864948938
24,81.00797997763145,78.99468638304722
24,81.01724687740088,78.98415348539412
24,80.99910819541623,78.98988454867835
24,81.02241352870135,78.98144247457465
24,81.00922477884937,78.98318578059241
24,81.00828140658734,78.96794301602272
24,81.02106853616165,78.99434858615889
24,81.00963627750689,78.98855928780547
24,81.02117440678848,78.98672293543937
24,81.0033544980297,78.97685796116589
24,81.01870284271543,78.97772452075202
24,81.01479862129095,78.96957226170976
24,81.00901088546016,78.97298441470222
24,81.0093050204076,78.97979724696022
24,81.01745206760577,78.97141286128343
24,81.00542655888219,78.98789773265473
24,81.01295180941297,78.99004296494226
24,81.01992722916721,78.98693433713011
24,81.01634171284057,78.97817598933831
24,80.99942636632686,78.98627158539657
24,81.02051478757286,78.9886493714581
24,81.01251313334939,78.99289565491723
24,81.01386043826714,78.97294665169787
24,81.02373177139464,78.9795768984492
24,81.02363255998883,78.97950507009674
24,81.00225130578212,78.9898537763451
24,81.00809175129638,78.9823847713616
24,81.0223689811638,78.99071244411975
24,81.01490510252444,78.9917562353143
25,80.99454105123132,79.00406887099565
25,80.99287027003909,79.02415938997666
25,80.97932118133444,79.00295578105643
25,80.97188161220105,79.01239079130148
25,80.98879606280592,79.0079139748887
25,81.00190316475057,79.01380145113144
25,80.98867556635327,79.01623622423972
25,80.99808503907606,79.02272639275863
25,80.98356294584816,79.00493642010464
25,80.98746347633019,79.00670577175514
25,80.98854622382699,79.0049644254357
25,80.97929431474532,79.01867497903196
25,81.00003766656131,79.00329238590894
25,80.99257670163922,79.02374880072672
25,80.99205165839957,79.01715901900967
25,80.98222966111307,79.00056678579699
25,80.9895541808062,79.02110137877955
25,80.9893705813789,79.00976646814233
25,80.98883796858655,79.00698328752594
25,80.98725675784993,79.01321683042922
25,80.98001856722304,79.01080043664597
25,80.98425501017363,79.01259888164347
25,80.97457807208035,79.01758264331812
25,80.98164336648595,79.01252722859914
25,80.99845040615406,79.00635714054442
25,80.98905723038163,79.00500502644327
25,80.98187420763396,79.02252549188913
25,80.99777818116854,79.01855134071495
25,80.97825415138577,79.00138924305821
25,80.98656904818314,79.01290189320493
25,80.99479682995938,79.01025948598345
25,80.99483404623474,79.02057662990626
25,80.9988448068936,79.0130750111292
25,80.97756794626449,79.01051833351767
25,80.99429302863727,79.01785409188766
25,80.99292535295355,79.00352934671315
25,80.99074557301333,79.0189959634523
25,80.97662757335736,79.00914443435629
25,80.98339234923135,79.00641609635828
25,80.99314446197131,79.0128586051709
25,80.97704624813043,79.02084190477392
25,80.9963076494737,79.0194529115995
25,80.99175641248779,79.00758703100252
25,80.98219276874092,79.02045011503171
25,80.98848954837375,79.00810254584715
25,80.98026226745435,79.01190006603522
25,80.994893855324,79.0103975489294
25,80.9950928687162,79.01005939876687
25,80.99349540226473,79.00913945958847
25,80.98466454164698,79.01694095463286
25,80.98408695205819,79.00821273379464
25,80.98542025956577,79.02146125275527
25,80.98391010505969,79.00343878497083
25,80.97756794626449,79.01051833351767
25,80.97702001072135,79.00637459818356
25,80.99316587285837,79.00762726337376
25,80.97725252003248,79.00199958613989
25,80.9804719862145,79.00338126064315
25,81.00256391194763,79.01039010171375
25,80.97205491927608,79.01182739626424
25,80.9906586463962,79.01586315743877
25,80.97809106602156,79.01841346527507
25,80.98748572728438,79.01751316019629
25,80.97457807208035,79.01758264331812
25,80.9931531165161,79.0030243851507
25,80.97239564511578,79.01504312059372
25,80.98245568382455,79.02107822392256
25,80.98146957296339,79.01759463873663
25,80.98800857087306,79.02289475628497
25,80.99010745510738,79.01474528894357
25,80.99988682898218,79.01797550481454
25,80.982601461822,78.99997764429153
25,80.98366835364816,79.01505496396801
25,80.99877388631666,79.00286499421593
25,80.99047150192733,79.02396060453476
25,80.97405362253821,79.01385551530078
25,81.00145922968603,79.00908454456463
25,80.99352466566282,79.00382617343845
25,80.98726119804034,79.00475680006313
25,80.98134979162579,79.01273308637532
25,80.98804288824726,79.02427932512045
26,80.99119729397391,78.99880672301951
26,80.9984814718188,79.0139388933358
26,80.99405445588823,79.01401923924792
26,80.97685475282645,79.00655917937713
26,80.98216986610217,78.99911539649038
26,80.9837382763698,79.02495935850585
26,80.99833464061426,79.01721063797208
26,80.97398918360358,79.00475702013802
26,80.98416806518809,79.00220566774745
26,80.98726119804034,79.00475680006313
26,80.98519203879249,79.02265333653729
26,80.99707799196837,79.01044864064312
26,80.97368800886295,79.01748537313668
26,80.97961019433612,79.01270676404006
26,80.99098250115625,79.00798296078936
26,80.97822388010572,79.01301488291516
26,80.98823037597981,79.00923682450292
26,80.9776851367534,79.00544962767658
26,80.99781982793668,79.02165899541008
26,80.99241539771498,79.02630524312077
26,80.99102012477859,79.02183764367297
26,80.9987240071479,79.00590591935843
26,80.98987998054227,79.02076679433088
26,80.99329799678306,79.01042439438905
26,81.00132451627192,79.01650582746721
26,80.98662586873418,79.00089810735946
26,80.99780090672112,79.00284360511526
26,80.98576408366343,79.00363305132387
26,80.9734393073353,79.01109122859484
26,80.98304604322134,79.02178862929317
26,81.00092206664486,79.01056715902678
26,80.99019482356091,78.99877659339991
26,80.99031963632424,78.99691345263092
26,80.98933742803895,79.01399004726389
26,80.98730405750669,79.0252724988061
26,80.98548517355874,79.0021553275641
26,80.99477281243908,79.02159640035936
26,80.97944270808587,79.01297013569763
26,80.99913292140849,79.02115017879058
26,80.97578645655234,79.01681689136527
26,80.99941226105614,79.00644544219546
26,80.97336197900529,79.00777491371888
26,80.99479563377078,79.01516458758535
26,80.97620826707883,79.01964046391939
26,80.99374056685231,79.00035919251084
26,80.97213493078027,79.01246400874778
26,80.9956514178709,79.00451067059909
26,80.98036183350882,79.02043732994672
26,80.99024773984799,78.99835575382052
26,80.9967183862094,79.00281575716932
26,80.99528531405228,79.01477337880759
26,80.99062548867101,79.00019252134565
26,80.9795339644679,79.00287351202017
26,80.97485084392328,79.01113240456094
26,80.99633196203757,79.01468542167163
26,80.99485645941405,79.01514847959676
26,80.97787595430395,79.02381243941178
26,80.98809205528089,79.00713541433277
26,80.99172559013219,79.00671067838948
26,80.99270610596966,79.01293052438933
26,80.97909333386812,79.00081970055655
26,80.99252761731488,79.00839876143483
26,80.97962827088521,79.01369057715615
26,80.97852544867058,79.00591203621943
26,80.99706408621306,79.01796194991296
26,80.98777304487453,79.01358479284934
26,80.98400112689593,79.0161378648674
26,80.97811963292276,79.005005108321
26,80.98339234923135,79.00641609635828
26,80.98375529462194,79.00842917313652
26,80.99471451923208,79.00123012919573
26,80.98906272076967,79.02540966954483
26,80.99780090672112,79.00284360511526
27,81.00577403648853,78.98564326528704
27,81.01804708470635,78.99717690398795
27,81.01688510285467,78.99687093458537
27,81.02624972642101,78.98824535357782
27,81.00132090408412,78.98980140409886
27,81.01480269364998,78.97587627338203
27,80.99906564731491,78.99187496721329
27,81.01918527827156,78.9745728614003
27,81.01501057468741,78.98658438839736
27,80.998731880672,78.99062563404816
27,81.0110483130914,78.99485331104923
27,81.01529447820337,78.98194767120384
27,81.01997434551043,78.99204078769814
27,81.00693696542056,78.99058156199654
27,81.02253636518716,78.99023833598477
27,80.99939219931647,78.98235678777345
27,81.01992490469479,78.98742849902813
27,80.99855600053114,78.98963683034515
27,81.00968608509828,78.997092554957
27,81.00113185143583,78.98099620266143
27,81.02713703175215,78.98427907485623
27,81.01222984805361,78.97293725480804
27,81.02679144508264,78.98218303211988
27,81.00955477804374,78.98418300771353
27,81.01298798791676,78.96764879149818
27,80.99892602342855,78.97761044439291
27,81.01561357928954,78.99150662467538
27,81.02080277871087,78.97490559519936
27,81.0055121060512,78.98786823979823
27,81.00707629419989,78.98360028264851
27,81.00232810941309,78.9902153145334
27,81.0220394744621,78.98728046216112
27,81.01838699345974,78.9882676487369
27,81.02128039137504,78.97358015833566
27,81.0217630071842,78.99122567849166
27,81.02111635463474,78.98545771107027
27,81.01846135408506,78.982978279341
27,80.99849829083902,78.97752232655527
27,81.01939674619857,78.97558285192231
27,81.023900528075,78.98282965858807
27,81.016538987956,78.9917452074596
27,81.0048422733453,78.98692882532572
27,81.0145327768114,78.99491638922855
27,80.99862343979207,78.98256434903132
27,81.01216094824686,78.97714798433424
27,81.00275467341896,78.97881849369692
27,81.01587394096555,78.98175033660354
27,81.01237637272875,78.97396031145783
27,81.01920460837259,78.98477554090299
27,81.00936142904533,78.97938287934873
27,81.02428261103947,78.98828082373694
27,81.02080329330668,78.97845861801642
27,81.02279697096219,78.99186966935933
27,81.00930515265827,78.99792070433253
27,81.00398653769714,78.99607423124034
27,81.01293336819079,78.98863107856063
27,80.99608535391143,78.98492641042229
27,81.00418031117468,78.99195604934586
27,81.01387829881912,78.99006437469879
27,81.01709789659479,78.98097520786884
27,81.00489556349163,78.9761323416493
27,81.02076903232886,78.986673707081
27,81.01879334955983,78.97806459840261
27,81.02268063174377,78.98782966064582
27,81.01070564693507,78.9743559580395
27,81.01915591645906,78.97183012667246
27,81.02121759550073,78.97799429252981
27,81.00717683561861,78.98612617244966
27,81.00269941568708,78.97891008260046
27,81.00947468565636,78.99674232513043
27,81.01623985030601,78.98154535730906
27,81.00265649897355,78.99231577045019
27,81.01364058547688,78.98548412374315
27,81.01254147841249,78.99010166430476
27,81.0119254384724,78.97793233105224
27,81.00621024737524,78.97101530000903
27,81.00751453918399,78.98846071042955
27,81.01673407822396,78.9942324208163
27,81.01434019121008,78.97301313247304
27,81.00958693049431,78.97884442276683
27,81.00705713333545,78.98389880635473
27,81.01559210952188,78.99635964435656
27,81.02039764346009,78.98776370487117
27,81.00606167042484,78.97284160229955
27,81.01207493571025,78.99781432264169
27,81.0063384152746,78.9864202436265
27,81.02513198567429,78.97620129765453
27,81.02379560336502,78.98486475042203
27,81.00494971311134,78.9900383769907
27,81.02059326693582,78.99020753378342
27,81.02571054472857,78.98995284273032
27,81.01197528384058,78.97431635346898
27,81.004725422108,78.98229200299757
27,81.0253792720808,78.98044142854472
27,81.00824720404806,78.97713120560498
27,81.00124056548064,78.98256423436952
27,81.00088913856317,78.9831573604215
27,81.01540285866501,78.99816454026683
27,81.02120595971238,78.99084050743745
27,80.99958116230195,78.98115842878096
27,81.0105957174339,78.9965462523776
27,81.0202484817077,78.97950090237687
28,80.99280642829443,79.00010305947653
28,81.00454772578952,79.0171790220486
28,81.00346690367299,78.98928133880426
28,81.01252147468928,79.00261357334527
28,80.99218938778884,79.006067169723
28,81.0093704805187,79.01321666492038
28,81.00381856858009,79.0135511280212
28,81.00928660127535,79.0085584514539
28,81.01240185380777,79.01339719592706
28,80.9931451417539,78.99083651582941
28,81.00270286241917,78.99619389313904
28,81.00471738203707,78.9974576950277
28,81.00630997642055,78.99732598161688
28,80.998731880672,78.99062563404816
28,80.98946302203811,78.99404547017906
28,80.99666926760383,79.01805740712338
28,81.00372967968323,79.00501905003674
28,80.99607688415253,79.00442477290707
28,81.00848685441429,79.00948061699084
28,80.99570083784306,79.01212302999626
28,81.00624432438377,79.01035883139568
28,80.99795678124221,78.9925235822938
28,81.00420712411247,78.99042310247444
28,80.98742654111811,79.00518747501727
28,81.01504499954532,79.00848688713806
28,81.00496934695241,78.98931766920153
28,81.00909619563579,79.00731946490677
28,81.01357998035456,79.00204710041073
28,80.9958959030276,79.00863327780476
28,80.99104398783416,79.00876424046267
28,80.99265960270961,78.99189160129278
28,81.01094080196624,79.01520780304682
28,81.01176777134485,79.00926897293178
28,80.99545561848508,78.99813858883847
28,80.99019482356091,78.99877659339991
28,81.01600360922933,79.00117900202194
28,81.00991666602253,78.9990962449545
28,81.00149758434269,78.98914893523707
28,80.99944514059082,79.01467949451896
28,81.00588362938315,78.99848869137057
28,81.00553947812128,78.98825691720684
28,80.99425905150066,78.99152985866964
28,81.00703379932092,78.99480185061729
28,80.98993585783901,78.99732014786815
28,80.99937690062428,79.00772843822854
28,81.01126078333975,79.01387825467434
29,80.99455508455736,79.01050859224449
29,80.98095121702005,79.00079502027687
29,80.97618823739514,79.01363468385765
29,80.97200266546591,79.0107894197628
29,80.9846100322233,79.02348942530585
29,80.99638830283715,79.00765609755516
29,80.99392069238513,79.02330991645184
29,80.98618645466794,79.00429718452813
29,80.98179987549956,79.00887916292481
29,80.99773749776767,79.00664801643529
29,80.9895541808062,79.02110137877955
29,80.97547035121701,79.01512442726971
29,80.98659446419735,79.0233682915211
29,80.98452494042338,79.00011307825147
29,80.99143388816914,79.00117708770412
29,80.97980223223185,79.01671570111507
29,80.98542973837094,79.0170403631298
29,80.98998753468788,79.0260741263077
29,80.9841491673011,79.01942386260447
29,80.99157620760582,79.00151996591447
29,80.97455453591363,79.01146368989997
29,80.97821717193938,79.01497634069598
29,80.99930666878721,79.01307350177244
29,80.9842350528624,79.01374934286454
29,80.98643812923261,79.00056865222373
29,80.98175720237637,79.01725810528806
29,81.00131326295424,79.01206160213363
29,80.99746685730031,79.01566178166996
29,80.99616720254336,79.00967899187175
29,80.99540538721834,79.00207683502197
29,80.99585336345443,79.01516999199369
29,80.98957486716675,78.99663139004328
29,80.99751257703754,79.00869908441034
29,80.98214758034122,79.02511936591833
29,80.9958959030276,79.00863327780476
29,80.97875101419193,79.00425542447493
29,80.98354023672195,79.00334875294726
29,80.98927383149794,79.0038681044326
29,80.98331532326057,79.02473905359423
29,80.9860628556389,78.99857811728117
29,80.99677195119861,79.00981169432754
29,80.97844017768969,79.00162180424913
29,80.9837512644621,79.01434392883223
29,80.99903665850128,79.015737587069
29,80.98217623068022,79.00083336077374
29,80.98463963967043,79.02081299785561
29,80.98248659006518,78.99846919721898
29,80.98272280863367,79.00369203497415
29,80.99761161213013,79.005338115611
29,80.99389731683823,79.0256082019203
29,80.98007431221072,79.00555752421228
29,80.9934424855179,79.02127817015925
29,80.98500341694037,79.0051520356601
29,80.98346488760522,79.00858524293677
29,80.99652487395726,79.01588065899129
29,80.98751975634077,79.0228570225943
29,80.98807772686862,79.02452539574634
29,80.98505681632781,79.02497565049686
29,80.98529841939865,79.01926937305814
29,80.9911241608632,79.01582129505157
29,80.98620265801927,79.01797920982442
29,80.97833996845131,79.00644209886411
29,80.98310672900531,79.0042915146374
29,80.9781510759975,79.01240293927675
29,80.9918259442931,79.01172006704732
29,80.99887818547552,79.01350855581323
29,80.97732377798422,79.00134995708612
29,80.99025799565457,79.01083229468088
29,80.97650615811753,79.00386831306182
29,80.98185398511161,79.0127434858005
29,80.99679580425223,79.01566617281819
29,80.97930181939795,79.02512640761066
29,80.9822934786495,79.0039524510764
29,80.9807163549854,79.00591041623295
29,80.97853137744984,79.00967602499757
29,80.99248856366867,79.00047858740948
29,80.99912695145156,79.01655968215532
29,80.9750079452876,79.0103723050117
29,80.98958956988089,79.00471773451852
29,80.98563621192359,79.00150106157426
29,80.99060754585388,79.00746950533059
29,80.98877156824555,79.01740736245605
29,80.98034308886824,79.0075144660853
29,80.99030939659303,79.01810147089337
29,80.98293697322782,79.00266411867881
29,80.98716084057504,79.01393014316159
29,80.98476582860603,79.0036880961454
29,80.97791120037988,79.02069352874517
29,80.98970732778038,79.01892007016785
29,80.98612871481458,78.99922453949914
29,80.99399612846084,78.99880008299282
29,80.97295318518646,79.01602315590036
29,80.97444155516692,79.00573584991082
30,81.00519773882169,78.98929042009024
30,80.99622349351766,78.99057174364646
30,80.99921963597056,79.01095179214596
30,81.00471702698245,79.00168021380705
30,80.99883502658257,78.99263727595655
30,81.00908987863284,79.00436223406699
30,80.99657352672496,79.00966715223034
30,81.0007911105858,78.99328114881999
30,80.9965528619936,79.01534673006032
30,80.99923025655465,79.00548509866555
30,81.01071836311229,79.01211645798419
30,81.00590221168623,78.99871458630864
30,81.0047717254992,79.00407982353325
30,80.98726119804034,79.00475680006313
30,81.01199448447122,78.99825968989202
30,80.98842992558981,79.00291046092906
30,80.99303325695371,79.002061978309
30,81.0113766361126,79.00434347307666
30,81.0143903834965,78.99866275743096
30,81.00547456451505,78.9987860159972
30,81.00987228598922,78.99644836874847
30,81.00342238638085,79.012252469367
30,80.99632011356839,79.0152239906309
30,81.01405102037303,78.99950008831495
30,81.0025214289181,79.00950997846228
30,81.0027008279644,79.00351796325793
30,81.0127317209646,79.01283403051839
30,81.00808893282722,79.00751333490962
30,80.99777996201331,78.99181355638909
30,81.00659593060418,79.00113926546004
30,80.99835398111392,78.99583718013756
30,81.00239960699363,79.01082860108303
30,80.99657058021442,79.01808921205642
30,81.01466348119614,78.99624944678247
30,80.994893855324,79.0103975489294
30,81.00884317452471,79.00853956175865
30,80.99991957465546,79.00794828078142
30,81.00177514373799,79.00280028899928
30,80.98957979882408,79.00619964860554
30,81.00936455437495,79.01048528421818
30,81.01028553703443,78.9906025303305
30,81.00206950907335,78.98853927755411
30,80.99778816510405,78.9997753544791
30,80.98645131878149,78.99780507545125
30,80.99828610362287,79.00117418725017
30,80.99991957465546,79.00794828078142
30,81.0044711218504,78.99459303552638
30,80.99912695145156,79.01655968215532
30,81.00368058516644,78.98869581218317
30,81.0003861252455,78.99873596697087
30,80.99265960270961,78.99189160129278
30,80.99094444965819,78.99894030857682
30,81.00779046826744,78.9894685025532
30,81.0036657033565,79.00257170535254
30,81.01532826068082,79.00290999924385
30,80.99954595881368,79.0069645342339
30,80.99104186405019,79.0048491436259
30,80.9965914096665,79.00033219724192
30,80.98894577702616,79.0043249660147
30,81.00987228598922,78.99644836874847
30,80.99068855425547,79.01503971094542
30,80.98939671974311,79.01113401842024
30,81.00284159318481,78.99197478426395
30,81.00637761294156,79.00807445982855
30,81.00267665340175,79.0077069015082
30,81.00844011576163,78.99035403925919
30,80.98870563043344,79.01110071681013
30,80.99907204605616,79.0050725225168
30,81.00526091680297,78.9968660464648
30,80.9953407450842,79.00463094392605
30,81.00947034297334,79.00346841446958
30,80.99660723497865,79.00634691958622
30,80.99580943016979,78.99766508727292
30,80.994702558922,79.01244373458671
30,81.00854897764938,79.0131943154587
30,81.00654839093414,79.00682029091904
30,81.00176117355171,78.9950893437604
30,81.00282301175656,78.98889717431244
30,81.00693696542056,78.99058156199654
30,80.99286506881779,79.01409491982287
30,81.00245488013614,79.00849086533398
30,81.00187553405631,79.01057081058742
30,81.0159603783579,79.00338982321874
31,81.00595062859101,78.9907575914784
31,81.01500563488585,79.00510338550946
31,81.00379288017126,78.99249264221797
31,80.99827936886896,78.99887906931832
31,80.98965369948121,79.01095618546313
31,80.99127462598499,78.9992820379991
31,81.00247060723602,79.01232998150789
31,81.00575312141109,78.99238414514211
31,80.99218938778884,79.006067169723
31,80.98957979882408,79.00619964860554
31,81.01101813630532,78.99928538005537
31,80.9867989949932,79.00444950759942
31,80.99794069349628,78.98884712373274
31,80.99031325442463,78.99358276096173
31,81.00363693079505,78.99986145759699
31,81.00878193709609,78.99429738380672
31,81.01446797006187,79.0061296450507
31,80.99511502288884,79.0169207988876
31,81.00704843882883,79.01129278999673
31,81.01094080196624,79.01520780304682
31,80.99314446197131,79.0128586051709
31,81.01030060725894,79.00633746784614
31,80.99352553345672,78.9898890996096
31,81.00447736242121,79.00330034362929
31,80.99382934059426,79.00252384643117
31,81.00975418365208,78.99910941255291
31,81.01470923773118,79.00440644734883
31,81.01071159148258,79.00321351941375
31,80.99434735596041,79.0100609082644
31,81.00713564103263,79.0067792683205
31,81.00820008047835,79.00977494977232
31,81.0106632976178,79.00910141392245
31,80.99463421594376,79.01744441113543
31,81.0012181927349,79.00136901249557
31,80.99749335868843,78.99409115819962
31,81.01209543158917,79.01200588156415
31,81.0098749837036,79.01316355561521
31,80.99899446096501,79.00485798016479
31,81.00545591489346,78.99228084075882
31,81.0054253107588,79.01554989680224
31,81.00239960699363,79.01082860108303
31,81.00986977231128,79.01229055013904
31,81.01300049827275,79.01164952728887
31,80.99021738998539,79.00804146942909
31,81.00236307683929,79.00965171098672
31,81.00445054863928,79.01086817504458
31,81.00162467386318,78.9919036153833
31,80.99816428947304,78.99392307706663
31,81.00142834838455,79.01555928112774
31,81.0007643440957,78.99300508367672
31,81.00225228683948,79.00317978413237
31,81.01433187161835,78.99617642067147
31,80.99914408049399,79.01711321957316
31,80.99637412027799,79.01445289719855
32,81.02299299834738,78.9775840488693
32,81.00522804023949,78.98338675907709
32,81.00866311433752,78.97689364971264
32,81.01461532859255,78.98410269267869
32,81.00099770734904,78.99294254693804
32,81.01249337091843,78.97980611520435
32,81.02242980486429,78.98189709393979
32,81.0151393662363,78.99097460180073
32,81.00358025150706,78.97900886070093
32,81.00581743857585,78.97861503193857
32,81.02241352870135,78.98144247457465
32,81.0223126396599,78.98800909381968
32,81.01391936988922,78.99118272192459
32,81.02185657901335,78.98043348275435
32,81.00520683962603,78.97490110621463
32,81.0196247828406,78.99228161130988
32,81.0230038494184,78.99036491241871
32,80.99856874694683,78.98350171487309
32,81.0217106432579,78.99072234620107
32,81.01248650759429,78.98320624435289
32,81.00163502710424,78.98079057536022
32,81.01204078827277,78.97829352575592
32,81.0214483355512,78.97389765327283
32,81.0266103197545,78.9853602868435
32,81.02406306657679,78.97408046330966
32,81.0031888994675,78.98462371854149
32,81.02030011214016,78.97091820031125
32,81.00727164457896,78.97113515159752
32,81.01313979097657,78.9904870830639
32,81.0041351263551,78.98302413049394
32,81.02002153402685,78.99542623846372
32,81.00227869474637,78.98088761498497
32,81.00220547786839,78.97883625455975
32,81.01732936123476,78.98561801030566
32,81.00998178967417,78.97389181235879
32,81.01186816860124,78.982018889918
32,81.01627082397549,78.98280899002063
32,81.01152413894215,78.98463205562952
32,81.01187591180286,78.9716661938651
32,80.99866599824558,78.9799919777713
32,81.01226371033913,78.99641463687244
32,81.01799438859425,78.98019290237718
32,81.00899674116509,78.98024130091922
32,81.0249321200201,78.98031736989287
34,80.9944546411429,79.00446569809633
34,80.98892899825616,79.0121863980988
34,81.01207822010349,79.0073098941948
34,80.98968983848357,79.0130188760165
34,81.0075958993404,78.99944780079515
34,81.00909619563579,79.00731946490677
34,80.99389446125873,79.00308375883534
34,81.00271586110445,79.00295616900524
34,80.99539019794489,79.01226306892194
34,80.98706564028899,79.00839607939237
34,81.00883368967479,79.00849493554526
34,81.014781380775,78.99667162623936
34,81.0027966635077,78.99806159710757
34,80.99826591007046,78.99023408305239
34,81.00992716751607,78.99670683230217
34,81.00339547364153,78.98786466189323
34,81.00032403758786,78.996323622113
34,80.99707199900247,79.00283038244078
34,81.01251499567957,78.99315721676737
34,81.00967577216409,79.01234111770027
34,80.9980982317968,79.0065560778771
34,80.9969118995024,78.99732210230813
34,81.00135294553414,79.01025089143126
34,80.99811806806068,79.01322576608219
34,81.00933256259631,78.99976129360508
34,81.01254188727516,79.00048565308471
34,81.00921376577568,79.0024676011222
34,81.0109981921404,79.00408521810485
34,81.00924000458376,79.01337692758969
34,80.99072115653196,79.00635360979376
34,81.00613626684905,78.99780598436377
34,80.99934788624132,79.01589847117212
34,81.0014129887736,79.00337738503116
34,80.98582810575051,79.00122350092582
34,81.00465103240471,79.01169672638885
34,80.99899446096501,79.00485798016479
34,81.00347158472378,78.99605055021584
34,80.9931451417539,78.99083651582941
34,81.00355638157107,78.99341145071628
34,80.99629551147264,79.01315066475058
34,81.00802016553304,78.9920385954174
34,81.00132451627192,79.01650582746721
34,81.01331100899888,79.01070235967785
34,81.00644043247038,79.01785759992694
34,81.0034356680134,78.9920947284176
34,81.01234808669503,79.01275522729084
34,80.99508882329894,79.00773775552405
34,81.01648830898783,79.00426931858759
34,81.0014087426642,79.00770664082086
34,80.99287612883309,78.99559033220926
34,81.0097376470032,79.00042319854921
34,81.01486424710052,79.0009748515503
34,81.00381811490165,79.0092649358022
34,80.99882951782915,79.01335488130366
34,81.01312833054051,79.00572044103265
34,81.00595848914146,78.99589448352735
34,81.0079476623527,78.99817481160201
34,81.0041689696542,79.0065031672915
34,80.99297140407194,79.00364542159008
34,80.99339341050393,79.0019299008357
34,81.00346690367299,78.98928133880426
34,81.00962710869017,79.01412785145416
34,80.9991678214823,79.008353224701
34,81.00398653769714,78.99607423124034
34,81.00225458677922,79.00720784895003
34,80.99655806125536,79.01127078881393
34,81.01409728900069,79.00115240643854
34,80.99606731418996,79.00716336514823
34,80.9897159516439,79.01251034281577
34,80.98699215191802,78.99821019455345
35,80.97682471351867,79.01752673443538
35,80.97636998524659,79.0211988171129
35,80.9852070032941,79.0177029290652
35,80.97197836931605,79.01112984671593
35,80.97759459511991,79.0213654461779
35,80.97650615811753,79.00386831306182
35,80.98092885893496,78.99968674306704
35,80.97763643579204,79.0002711658176
35,80.98329225650869,79.01616767463159
35,80.98001782179219,79.01663970933727
35,80.99658534109619,79.01091387451018
35,80.99849077897575,79.00147453919686
35,80.97562501269331,79.01463186158435
35,80.99344925327854,79.0233009451734
35,80.9986104683117,79.01139698357042
35,80.98296092831715,79.00164733030695
35,80.97556005673269,79.02151229417312
35,80.98043049185098,79.02321170870995
35,80.97700472515292,79.01412489758046
35,80.97506888054812,79.01735983517563
35,80.99324189594904,79.0014564465197
35,80.99693273834723,79.01251510465602
35,80.98234457451231,79.00142689530827
35,80.97981897970854,79.02065222561474
35,80.98019655647907,79.00879047405103
35,80.98500341694037,79.0051520356601
35,80.98722015448934,79.02279723749615
35,80.99347803958955,79.0032093373611
35,80.9765683121708,79.01848642629005
35,80.97240664614262,79.01063082991294
35,80.98543544300736,79.01916406098618
35,80.98265417196185,79.01316438029816
35,80.97239538835326,79.01577646624636
35,80.99903665850128,79.015737587069
35,80.97253333278076,79.00924324088464
35,80.9854921419801,79.022324236009
35,80.98476582860603,79.0036880961454
35,80.98583129948078,79.01495366392147
35,80.9809186998904,79.02551031674615
35,80.98001156258015,79.01571226659615
35,80.98913535408926,79.01448755309426
35,80.9891157622342,79.00443850689754
35,80.98690949502824,79.02714233373537
35,80.97254865024092,79.00728844751632
35,80.98998289557477,78.9972595521052
35,80.9796378857054,79.00920953583926
35,80.99640444062271,79.00502972979743
35,80.99014846478744,79.00956911831231
35,80.97508515502943,79.00589907272965
35,80.98723592605587,78.99665245837951
35,80.99851994020787,79.01084430502598
35,80.99379159292931,79.0185353109416
35,80.99195260213743,79.01871180435866
35,80.98108493309068,79.00037567554547
35,81.00125606483994,79.01211674267716
35,80.98403657009224,79.02439792496722
35,80.97865700819044,79.00245508895239
35,80.98891726488071,79.00501882588344
35,80.98251408483691,79.01168851366512
35,80.98427089082655,78.99650221414124
35,80.99570946431979,79.01520068218102
35,80.99238476418681,79.00016894900028
36,81.00316694030306,78.97270715122701
36,81.0162508707326,78.99314856306289
36,81.0008198116654,78.98739961908315
36,81.01441236795326,78.99533705892219
36,81.00834734351906,78.9844129495576
36,81.00278033065105,78.991412413822
36,81.02003126743375,78.989867005592
36,81.01939674619857,78.97558285192231
36,81.01417583677595,78.97814216572307
36,81.00894938974584,78.97727604166107
36,81.00265649897355,78.99231577045019
36,81.0214363607985,78.98705782868846
36,81.00196431139561,78.98127271917294
36,81.02299299834738,78.9775840488693
36,81.00797380112489,78.96940255199104
36,81.00121898576269,78.98731724974328
36,81.00220946919194,78.9954888832094
36,81.01464914372234,78.99415900607427
36,81.0140392928265,78.96792175604129
36,81.02081499804763,78.97226963785403
36,81.01601882424315,78.99659567686162
36,81.01387829881912,78.99006437469879
36,80.99900336751526,78.9852688720165
36,81.01507634573103,78.99321437537735
36,81.01614343546326,78.98564333797528
36,81.00425554084552,78.99259520872222
36,81.01080467628465,78.97776431444235
36,81.004209230958,78.97980207870381
36,80.99724725452343,78.97665224317261
36,81.02174963213952,78.97634948190111
36,81.01559210952188,78.99635964435656
36,81.01538931194713,78.98935199004225
36,80.99694623156253,78.98288028278661
36,81.00811924561815,78.99422136733938
36,80.99770649124237,78.97933775271716
36,81.01367533113557,78.99090142688127
36,80.99924432368229,78.97788594919862
36,81.01210299243299,78.98638073154503
36,81.00005206402946,78.98797327145508
36,81.014735892101,78.99401619249763
36,80.99709424760246,78.98096008778107
36,81.02052585170775,78.98033797117898
36,81.0035402336721,78.98810441659629
36,81.01869496955783,78.97506063337906
36,81.01198817914468,78.99125967744567
36,81.01989547643939,78.99409154812321
36,81.02086593225164,78.99554611934711
36,81.01477274254911,78.97292658525934
36,80.99992095504675,78.9727682620468
36,81.014735892101,78.99401619249763
36,81.00169997911271,78.99391251492148
36,81.00534578671966,78.97333875271894
36,81.00797380112489,78.96940255199104
36,81.02306065812306,78.98172060491072
36,81.00985947669788,78.98520235062762
36,81.02268063174377,78.98782966064582
36,81.02204556958367,78.98119746686113
36,81.00423284444064,78.9723255724964
36,81.00038985656242,78.9792879708325
36,81.00972871224037,78.98327092341817
36,81.00572711004978,78.99038212530147
36,81.00721023501349,78.97801924059999
36,81.00730846986883,78.97366197361404
36,81.00774680944222,78.9690206232732
36,81.01298798791676,78.96764879149818
36,81.00223647416772,78.9794786200042
36,81.02439418050795,78.97633771272432
36,81.0074830982987,78.98632929321113
36,81.02495183029286,78.98273764802705
36,81.0096118504618,78.97643681843151
36,81.004725422108,78.98229200299757
36,81.01521509652778,78.98736722389769
36,81.00937376872024,78.9848170773838
36,81.01770129992124,78.98719207112505
36,81.01037162335076,78.98583133526895
36,81.02530119334014,78.97687941017976
36,81.02433679075665,78.9842601062035
36,81.01720935063867,78.9843444907191
36,81.01796955994907,78.98692854675747
36,81.00764475074779,78.99041335629752
36,81.00693184527026,78.98980512712849
36,81.01729450609011,78.98465975893834
36,81.01488889871888,78.9886078680609
36,81.02340803602142,78.98196267300072
36,81.01609568756453,78.98561576590704
36,81.00619672092965,78.98481216227441
36,81.01332502093538,78.9692077302552
36,81.02114079788898,78.99001816857277
36,81.01392440796309,78.99019357885597
36,81.02093961109304,78.99075918087946
36,81.00666370723732,78.98930726384025
36,81.01019014677323,78.97506789903083
36,81.01183729322436,78.97852295130637
36,81.01465631715153,78.9734243192678
36,81.02651479210245,78.9812888666891
36,81.01992030504354,78.99581369313182
36,81.00751585676468,78.98028267451788
36,81.0069629809642,78.99239588043854
36,81.01080467628465,78.97776431444235
36,81.02510685120748,78.97839022107758
36,81.02162366025246,78.9944375110813
36,81.01358226376912,78.99333097013299
36,81.01934452030866,78.97220824979338
36,80.99887572672239,78.9747458612221
36,81.02022193197548,78.97906546165942
36,81.02094486487233,78.97103592960711
36,81.02304850598317,78.99062419362865
36,81.00472414700435,78.97285790979385
36,81.01042659348857,78.98545766651937
36,81.00611914482079,78.97833919261467
36,81.00960419219427,78.9716985935465
36,81.00877306971921,78.98589552906445
36,81.0248782197768,78.98546446147657
36,81.0202766426481,78.99161618080642
36,81.02353707822742,78.97393099335606
36,81.00110401932002,78.98491298763723
37,80.99619216237996,79.01116672279149
37,80.99775238280132,79.00749884977637
37,81.016125798539,79.0032051344633
37,81.0135220248948,79.00958737222673
37,81.01037009310379,78.99292037730075
37,80.99369774877174,79.0012132851224
37,81.01142731319838,79.010463712404
37,81.00790210600161,79.00749973287311
37,80.99193482723706,79.0111873835851
37,81.01169642500939,79.00780870742439
37,81.00948326572994,79.01099228401037
37,81.01264452854393,79.0046331823722
37,80.9925236349735,78.99813433668099
37,81.00387116472953,78.98871735839916
37,80.9990631172058,79.00514253346614
37,81.01138992580861,79.01181552168453
37,80.98987433275776,79.00833852181654
37,81.00424971266617,79.00987587979668
37,81.00450634296114,78.99091125478382
37,80.98939961616686,79.01303445181952
37,80.98686153103843,79.00673279358698
37,80.99655220024522,79.01083075896506
37,81.00472964277213,78.98904977120534
37,80.98833413763437,79.01019628526113
37,80.99476761086116,79.00185207846036
37,80.99315826208858,78.99935389087456
37,80.9965528619936,79.01534673006032
37,80.99624405878991,78.98946264370346
37,80.99683359668184,78.99323336219415
37,81.00316965961075,79.01033044216932
37,81.01306967549591,79.00084909378673
37,80.99280642829443,79.00010305947653
37,81.00854897764938,79.0131943154587
37,80.99834023977081,78.99939443761897
37,81.00626116173518,79.00478415422776
37,81.00013790912028,78.99634735448922
37,80.99578635640522,79.00983040686889
37,81.00716304769396,79.01311116325373
37,80.99351459146551,78.98954261566301
37,81.00704843882883,79.01129278999673
37,81.008865851852,79.00738770550268
37,80.99250035861772,79.0138530373778
37,81.00225228683948,79.00317978413237
37,80.99043807290232,79.00862507071948
37,81.0027966635077,78.99806159710757
37,81.01083834289753,78.99571546767133
37,81.0111441145134,78.99199972983195
37,80.99623789451473,79.00207127167916
37,81.01175082607779,79.01181932143054
37,80.99668120687424,79.00729904815105
37,80.99154663223332,78.99357994756099
37,81.00528730326026,78.9980633199268
37,81.00355638157107,78.99341145071628
37,80.99605719143975,78.99549702310335
37,80.99523466283307,78.9898409156783
37,81.00275453149406,78.99823039865078
37,81.01274078115573,79.00239993195468
37,80.99905083930365,78.99621846502716
37,80.99421267886532,78.99829745907974
37,81.00942875305637,78.99993728576179
37,81.00867872010659,79.015353315447
37,80.99959335647182,79.00264075830054
37,81.00992542014947,79.00365379167428
37,81.00399640922929,79.00570013685002
37,80.98894577702616,79.0043249660147
37,81.00153415213512,79.01699714509975
37,81.0005552572563,79.0072565090155
38,81.01241509293818,78.98612574440186
38,81.02412090536731,78.97415951132487
38,81.00869110810378,78.99115259661616
38,81.0148986232999,78.98513333369775
38,81.02378645479033,78.97781058866197
38,81.00422371169881,78.97533826751773
38,81.01389374801082,78.99302284611859
38,81.01469166614015,78.98333029679688
38,80.99927129614731,78.98452654941394
38,81.00811924561815,78.99422136733938
38,81.00507097620543,78.97680511744174
38,81.00500080754036,78.97056900859371
38,81.01295779661558,78.98282953983228
38,81.01332502093538,78.9692077302552
38,81.02417316955136,78.9746214678063
38,81.01320820823265,78.9708996299479
38,81.01241344975602,78.99470845281068
38,81.0005356630321,78.97419590319211
38,81.0106438603639,78.97286895884176
38,80.99849829083902,78.97752232655527
38,81.00182826055703,78.99179080137296
38,81.01949680787837,78.98900212431386
38,81.02144107722017,78.99221910706342
38,81.0017446721264,78.99509508027228
38,81.01058931170529,78.97791461456937
38,81.02334551368338,78.98236304257348
38,81.01446558464013,78.98230142984045
38,81.01942631469107,78.97633921880055
38,81.00909932632501,78.99028504201331
38,81.0247352864349,78.98342123438857
38,81.00823340389795,78.98827385011973
38,81.00849244234718,78.97514559887917
38,81.00100906360692,78.98081961669482
38,81.01561351161082,78.98358055756611
38,81.00983025165188,78.97931308434696
38,81.01743720071433,78.9825165694453
38,81.00307429081082,78.99593541322896
38,81.01846135408506,78.982978279341
38,81.00678841240322,78.99052909863607
38,81.012075274843,78.97362812754437
38,81.02236423106856,78.98823897169754
38,81.00431792973357,78.9817367366582
38,81.01816397759218,78.97670619313537
38,81.00707320365075,78.9844319161274
38,81.00797352333188,78.96941932378328
38,81.02195957125197,78.98138707147544
38,81.00145740636064,78.99124885306865
38,81.00775736741836,78.97836336875879
38,81.00775736741836,78.97836336875879
38,81.00164375254838,78.9791469521215
38,81.01471092695334,78.99240893377556
38,81.0166658263232,78.99755814536428
38,80.99800561249073,78.98089460488927
38,81.00915899962972,78.99837030796543
38,81.00711709549577,78.97859421295632
38,81.0166778634502,78.97008564054738
38,81.01916308473481,78.9837398808681
38,81.02634073173293,78.98405633903144
38,81.01304917438397,78.99688781705878
38,81.01934711243918,78.98768701094899
38,80.99871533112066,78.99071133577867
38,81.0039808095828,78.97466495782255
38,81.02117440678848,78.98672293543937
38,81.01971289172674,78.97914608221383
38,81.02302421508746,78.97506165821717
38,81.01171621411694,78.99294059377638
38,81.017860286673,78.99434413903568
38,81.01977914957583,78.972062849444
38,81.00496249550478,78.98079205956596
38,81.02310495306685,78.97943938236702
38,81.01408543187299,78.96902172974015
38,81.01662168303301,78.9724342023553
38,81.02156433588381,78.97403916653006
38,81.01879454640306,78.98819080759601
38,81.0079231908296,78.98301895241588
38,81.02026627504317,78.99188576186485
38,81.01379840349162,78.9900327452002
38,81.0210235658621,78.98602787689362
38,81.00577403648853,78.98564326528704
38,81.00775771583312,78.97351425938186
38,81.02430738040403,78.99118368111198
38,81.0203621470545,78.98038318384138
38,81.02325172388697,78.99029049854065
38,81.02665858728771,78.98493443302746
38,81.0039808095828,78.97466495782255
38,81.00048022240622,78.98851934127715
38,81.02510685120748,78.97839022107758
38,81.01638874263597,78.99729680290898
38,81.00581743857585,78.97861503193857
38,81.0144602246324,78.97691618496523
38,81.0003122998495,78.98256302775775
38,81.00440927240074,78.97733397994406
38,81.0142710056449,78.98135670632976
38,81.02521396421697,78.98838498319492
38,80.9972438816384,78.98134505855802
38,81.00265649897355,78.99231577045019
38,81.02208867758675,78.97828276181447
38,81.01261892935456,78.99334606921094
38,81.01299529559716,78.99786101521713
38,81.00030192443815,78.99252484683258
38,81.01198650729141,78.99422077181882
38,81.00664858500022,78.99065795561008
38,80.99748641652944,78.98378039253716
38,81.01783458310109,78.97337384880953
38,81.01392168027677,78.96755611834905
38,81.01285003761107,78.97364252039203
38,81.00766659629224,78.98513832200489
38,81.004725422108,78.98229200299757
38,81.01941394842049,78.98839275637482
38,80.99768722942936,78.98240488734392
38,80.99930847631066,78.98836130696313
38,80.99835147938967,78.97620630513872
38,80.99976528813428,78.98192935488038
38,81.02465492013657,78.98868583654378
38,81.02153784511465,78.989067788911
38,81.01461532859255,78.98410269267869
38,81.01077992110694,78.98907886240522
38,80.99884147034791,78.98561681583111
38,81.01617110090282,78.97564304635563
38,81.01487439324886,78.98870310800325
38,81.02174298906624,78.97802852609831
38,81.00512476726288,78.97323002704786
38,81.022721959708,78.98747222677959
38,81.01841790913205,78.99145733056271
38,81.00465477058762,78.98977253299037
38,81.01399199023403,78.99156610177056
38,81.01442692636152,78.99480206209624
38,81.00121322006311,78.98347706942796
38,81.02517720997305,78.97836227154914
38,81.02561263147606,78.98360596072482
38,81.01727168410102,78.9865945593367
39,80.99340475382706,78.9959073552877
39,80.99094444965819,78.99894030857682
39,81.00903789470398,79.01608268775489
39,80.99960695750487,78.99043170493404
39,81.00420361494945,79.00521310624991
39,80.99209123387139,79.0100205663903
39,81.00947635059237,79.00498926250519
39,80.99220663135833,79.0129870979398
39,80.99143388816914,79.00117708770412
39,80.98778947901154,79.0047044163531
39,81.00658150475498,78.99931949732222
39,80.99770387060668,79.01857158716194
39,81.0001860232397,79.00104682390608
39,81.00168977515835,79.00101474163797
39,80.99811532367914,78.99238855660573
39,81.00386379303092,78.99852770762352
39,81.0061915932491,78.99044660377402
39,81.00346887898847,78.99628735661926
39,81.01567813454295,79.00169718285728
39,81.00203149931608,79.0066984348932
39,81.012187570961,78.9991463649649
39,80.99703227531941,78.98827863775078
39,81.01087948822129,79.01132441896821
39,80.9991814024804,79.00332651616992
39,81.00077073010091,78.99532607460658
39,80.99011998160161,78.99974314028667
40,81.01053113518289,78.97308310480135
40,81.00357553914782,78.97315978980154
40,81.01430640797773,78.97864378372941
40,81.02193613708366,78.98029189553928
40,81.00995326097616,78.99576985724207
40,81.01008523849711,78.97086750803213
40,81.01451614532427,78.97265624109657
40,81.0025888604234,78.9752141623087
40,81.01985497101187,78.9963040182532
40,81.01169315375553,78.99684673301813
40,81.00921657358327,78.99169357073575
40,80.9998386684512,78.99107746474498
40,80.99765272764729,78.98861941610441
40,81.02539348968742,78.98456350359201
40,81.02265048392131,78.98854342624256
40,81.02257443948749,78.97698499920523
40,81.01254147841249,78.99010166430476
40,81.00824772619693,78.98157582965291
40,81.0158165913088,78.99514864347478
40,80.99652957994132,78.98079205506288
40,81.0249321200201,78.98031736989287
40,80.99914345186622,78.97901814365889
40,81.01546367249117,78.9942834441583
40,81.0046257784393,78.97096141071668
40,81.01520329095887,78.99038136098919
40,81.02532898366957,78.9835421343987
40,81.00255441891257,78.98175073669353
40,81.0214017156355,78.99446109776075
40,81.01203901597874,78.9805951774555
40,80.99988498634434,78.98065443595279
40,81.00691155810462,78.97123108843387
40,81.00967262571186,78.98158497026071
40,81.01321834114411,78.97672631869438
40,80.99902712808155,78.97479557466207
40,81.01122457708367,78.98842909116439
40,81.02084231121805,78.98067828805127
40,81.00144066781547,78.98596355354343
40,81.00465477058762,78.98977253299037
40,81.01167424285703,78.99375820507481
40,81.00983873111652,78.97207807856122
40,81.01363056525636,78.9896606455792
40,81.01295555282867,78.98493163473469
40,81.025623248496,78.98632841132535
40,81.02241813041469,78.97310967505355
40,81.00993495990454,78.98337046907677
40,81.0177080803188,78.99189356616466
40,81.01590048228283,78.97953378000629
40,81.00229106375414,78.97465629983537
40,80.99907339563269,78.97355034751185
40,81.00378804698494,78.97230459285336
40,81.01869496955783,78.97506063337906
40,81.01119766873306,78.97436562022618
40,81.01512176858036,78.98060383973053
40,81.0215082222993,78.98034522124208
40,81.0098778503472,78.98467436003376
40,81.01326990912133,78.96775366118104
40,81.0131652405752,78.99310473572956
40,81.01122430239974,78.98027208977561
40,81.01186816860124,78.982018889918
40,81.00774680944222,78.9690206232732
40,81.020938141659,78.98928838057016
40,81.0032687111415,78.97943452614444
40,81.00262318279228,78.9776710289103
40,81.01050937088124,78.98417353689854
40,81.01249337091843,78.97980611520435
40,81.01632887694217,78.98272548464784
40,81.0132392562364,78.97377961636089
40,81.0053379407504,78.9951762261114
40,81.01545317770729,78.97379406676984
41,80.98198134815183,79.00706409082828
41,80.99107951449687,79.01969475228596
41,80.98719737494609,79.01687006716642
41,80.99748278648589,79.00134852375727
41,80.98339559402912,79.01137036573873
41,80.98645131878149,78.99780507545125
41,80.97738835368614,79.01163835831177
41,80.99312231092198,79.00031094672967
41,80.97704624813043,79.02084190477392
41,80.98522583500154,79.02014023662841
41,80.98385296147163,79.02509569078398
41,80.99103896718317,79.01396334007971
41,80.99032924692003,79.01340545915298
41,80.99485645941405,79.01514847959676
41,80.98233109093641,79.01137122852552
41,80.98884982956451,79.00467766724178
41,80.9942403711227,79.0221968462047
41,80.97744156714374,79.02171457204796
41,80.99804192122143,79.02286294193635
41,80.98901983942022,79.02101536387786
41,80.98280856546761,79.01192811142047
41,80.98740791283237,79.00197845965975
41,80.97504528758095,79.00696334453541
41,80.98863098231733,79.01921811107634
41,80.97761304266885,79.00898608190772
41,80.9916955793333,79.01652971630558
41,80.99235179684814,78.99965091169688
41,80.99204872512821,79.00674848101791
41,80.98476089589752,79.00353612764305
41,80.9823984877437,79.01072905645712
41,80.98588473988134,79.00353534165015
41,80.98408984773923,79.00246450710435
41,80.98702673157884,79.0009825506161
41,80.99679580425223,79.01566617281819
41,80.98236158748942,79.02202794832147
41,80.98094310967522,79.02316683091354
41,80.99028243959485,79.02657336410452
41,80.99417841416675,79.01469663804295
41,80.98965155892718,79.0131088248225
41,80.99178080756099,79.00135917146115
41,80.98023663082178,79.00786301112082
41,80.98964828179233,79.02410150318057
41,80.9979697724681,79.00688466219111
41,80.99555923889572,79.00739242405531
41,80.99877213258445,79.0080197714625
41,80.99107951449687,79.01969475228596
41,80.9834008991984,79.00501981172795
41,80.97960329624819,79.02469791146454
41,80.99828929416064,79.00531212644195
41,80.98205130291632,79.01687330581706
41,80.98517144792379,79.02491572300613
41,80.99672048292705,79.01031707682624
41,80.9846100322233,79.02348942530585
41,80.99919559120525,79.00758080439854
41,80.98969640646419,79.00603098826804
41,80.97725252003248,79.00199958613989
41,80.98345480479502,79.02529208456767
41,80.9884251161937,79.01392683153671
41,80.98418338421186,79.01912804659784
41,80.99954354098328,79.01131823714097
41,80.97618316141471,79.01491426332142
41,80.9795339644679,79.00287351202017
41,80.98192530436398,79.00324492728618
41,80.9801735702292,79.02290134126734
41,80.99632244472468,79.00319087681852
41,80.97640346709518,79.02302825734645
41,80.9818044715911,79.02437617231219
41,80.972407930302,79.01765345649635
41,80.98296086809212,79.01265598259583
41,80.99299563012725,79.0190385626521
41,80.99652584840673,79.02032525762385
41,80.9917123276249,79.0175373341663
41,80.97963097995246,79.01890382497227
41,80.98792209178418,79.00022984812077
41,80.98162427689049,79.0090843863668
41,80.97855410924623,79.01126208730092
41,80.98968983848357,79.0130188760165
41,80.99117482912696,79.0039954959788
41,80.97206437939637,79.00911879813285
41,80.98358916956127,79.01552311836281
41,80.99925992712113,79.00719814460012
42,81.00316433532842,78.97572827858569
42,81.02002260181612,78.99550943645492
42,80.99652957994132,78.98079205506288
42,81.02472182676567,78.98766761523665
42,81.00753095456639,78.97812850648661
42,81.0133285324784,78.98227574974578
42,81.015735088196,78.98197532425316
42,81.00261921561179,78.9785063848638
42,81.00729349782361,78.97858678646695
42,81.01591052457023,78.98549548165981
42,81.01194860947474,78.9742035228366
42,81.01865460215481,78.9748722066147
42,81.00498789893443,78.99311348117932
42,80.99720052103947,78.98022237364817
42,81.00645772434218,78.98063249821345
42,81.02093961109304,78.99075918087946
42,81.01668308255013,78.99767555008673
42,81.00713376870617,78.97123163828344
42,81.02288996307408,78.98664851682146
42,81.01847304655172,78.98088434573538
42,81.01350633254908,78.99823287961006
42,81.02513198567429,78.97620129765453
42,81.00400458803462,78.97984404004676
42,81.02527611350723,78.97556625877218
42,81.00478867942388,78.99484386027326
42,81.00662338997986,78.96814951453676
42,81.009880135359,78.97850676158377
42,81.01471415513426,78.97849986803153
42,80.99885888571292,78.9753851181767
42,81.0173604133101,78.9763068623216
42,81.00330163070447,78.98995945220406
42,81.00961684525046,78.98584792364507
42,81.00129275983798,78.9752769192846
42,81.01846790494709,78.99350730614128
42,80.99876014465914,78.97883326457963
42,81.00752107698725,78.97799291779003
42,81.00280157568731,78.99424078511926
42,81.01632887694217,78.98272548464784
42,81.00518660396828,78.98703170614068
42,81.00851040869837,78.98998066855054
42,81.02209179095384,78.98432495803165
42,81.02022193197548,78.97906546165942
42,81.00295005156276,78.98144077107912
42,81.02379193597872,78.9855405396484
42,81.0122548011974,78.99419492839435
42,81.0266103197545,78.9853602868435
42,80.99763947474186,78.98533408396779
42,81.02419635770757,78.9779663801391
42,81.02619635757233,78.9781795903126
43,80.98278841063666,79.00460688761005
43,80.98076427735872,79.00981773164435
43,80.97567563473909,79.0174385101628
43,80.98530420475336,79.01127548450481
43,80.99208275374433,79.01306647515176
43,81.00091468613456,79.01712278308078
43,80.98450380309444,79.01462887297367
43,80.980590362408,79.01260306200481
43,80.97295364835861,79.011884184824
43,80.99113148062382,79.01454576949298
43,80.99572626652318,79.01778128897925
43,80.9890409448689,79.01274488464071
43,80.98226602590671,79.02577690498562
43,80.98223881522263,79.0128863075525
43,80.98738063084738,79.01302241625355
43,80.99180303914066,79.00508858147496
43,81.00262128240648,79.0127783181669
43,80.98725822598892,79.01424464242992
43,80.9960321885108,79.00452524553143
43,80.99068855425547,79.01503971094542
43,80.97715691849739,79.0181422555654
43,80.99696041695765,79.02100142673885
43,80.99302832019659,79.01206967454912
43,80.99711627361482,79.01821398812848
43,80.97864759312786,79.00845824796106
43,80.98408548371971,79.00363926326526
43,80.98986515822581,79.02069576956059
43,80.99724980472018,79.01550523379572
43,80.99230575102095,79.01832146051166
43,80.98451086612162,79.01798870136683
43,80.99100948790682,79.0171665580511
43,80.99525108196994,79.0175331362401
43,80.98390593828208,79.00942717935082
43,80.97787423540876,79.02021685016032
43,80.98787075705287,79.00382716260187
43,80.97713577294819,79.00589238193234
43,80.98625566594899,79.00191958668535
43,80.98396194960793,79.01297977659006
43,80.98721957620823,79.00450050300377
43,80.98871487149013,79.01982030473307
43,80.98872055222463,78.99809695755863
43,80.98927383149794,79.0038681044326
43,80.99833464061426,79.01721063797208
43,80.9964562941755,79.00444046721074
43,80.99446473577524,79.01586317047743
43,80.9888121006213,79.01652337795107
43,80.98206020598796,79.02505632102273
43,80.99666926760383,79.01805740712338
43,80.9840020501824,78.99971188656355
43,80.98805337641095,78.99754870238723
43,80.98646047204569,78.99916311823254
43,80.97321865555448,79.0110698646573
43,80.98300198484212,79.02586005089461
43,81.00120431744422,79.01117079296993
43,80.97766760599657,79.00602732668058
43,80.9835984181691,79.00408692182212
43,80.99331630370263,79.00198068246384
43,80.97640346709518,79.02302825734645
43,80.98878662277758,79.02585439918366
43,80.99968903930304,79.01444668945813
43,80.98565854211454,79.00421097043566
43,80.984011916766,79.00814830624911
43,80.99784318399205,79.00567969649818
43,80.97783562111445,79.01724680025261
43,80.98987598586532,78.9989486896889
44,80.97503374956803,79.00472964129196
44,80.99653791426188,79.02143893039919
44,81.00221533945904,79.01465397344825
44,81.00187553405631,79.01057081058742
44,80.98239246527241,79.00280218278158
44,80.99299563012725,79.0190385626521
44,80.9788698515724,79.02037783398086
44,80.97748800994013,79.01855634749616
44,80.98464412283784,78.99950364134772
44,80.99608027881747,79.00311175099287
44,80.99207788961083,79.00981860167853
44,80.99613063490955,79.0185770754363
44,80.97689602692184,79.00897407565334
44,80.98278841063666,79.00460688761005
44,80.99909244847511,79.00633036519575
44,80.97613014135597,79.02067782747248
44,80.97491595327169,79.0071641118909
44,80.98044554923331,79.01362811290076
44,80.99360636816448,78.99852181055863
44,80.99927597769263,79.01448137747373
44,80.99828760735356,79.00550612171409
44,80.98478796075706,79.02082998343953
44,80.98986515822581,79.02069576956059
44,80.9882300912213,78.99874585018702
44,80.97407389581436,79.00980849697567
44,80.99290475095837,78.99992684359039
44,80.98804288824726,79.02427932512045
44,80.99621718355043,79.01093065790872
44,80.97702093400275,79.01920833047045
44,80.98220177039315,79.02506973781205
44,80.97915865578908,79.02054648805291
44,80.98044554923331,79.01362811290076
44,81.00046904722613,79.01872452672585
44,80.98736367732397,79.02531765234204
44,80.9973465647576,79.00421756054081
44,80.99722409128604,79.00607740974897
44,80.98145177034422,79.02379149538953
44,80.99357762055749,79.02119486148234
44,80.99076949012934,79.01724694435765
44,80.9806741415136,79.01042432434654
44,80.98517303016897,78.99778501865896
44,80.9906111170486,79.01071129151454
44,80.98862949648355,79.01486088719626
44,80.99052388894995,79.0271479403486
44,80.9944073970869,79.02018237027387
44,80.99081607169676,79.00201036869996
44,80.97791705934387,79.00626641606128
44,80.99409907709283,79.01822858387236
44,80.99162966652828,79.0057083585604
44,80.97410034807852,79.01259909567301
44,80.97522002599736,79.00644752526695
44,80.98392639229463,79.00967464684224
44,80.98082036168958,78.99827370526604
44,80.98236256138743,78.99812383311068
44,80.99294018418574,79.01290185891379
44,80.98863098231733,79.01921811107634
44,80.9897921240491,79.02185116477828
44,80.98474659593037,79.01157679904591
44,80.98612492098754,78.99927605554431
44,80.9824848654074,79.00388802986983
44,80.98366835364816,79.01505496396801
44,80.97888667407817,79.01623437016953
46,81.0138250274989,79.00203033241137
46,80.9951620501521,78.9984924939507
46,80.99624405878991,78.98946264370346
46,80.9988448068936,79.0130750111292
46,81.01553235379781,79.00395451643442
46,80.98889264061762,79.00984798008137
46,81.00130682576604,78.99688649425853
46,80.99130631355432,79.0094405624828
46,80.99621718355043,79.01093065790872
46,81.00440176299004,79.00643039424018
46,80.99411640877653,78.99349477151472
46,80.99834428921663,79.00673111976172
46,81.00440259467089,79.00410428537457
46,80.98828505347846,78.99706131678194
46,80.99916569973244,78.99825006603626
46,80.99434387640426,78.99815109825127
46,80.99494723785695,79.00606029388543
46,81.01238633225162,79.01207055173552
46,80.9885391086085,79.00778422332326
46,80.99773540789818,78.99272858412682
46,80.98994105425774,79.00807444596478
46,80.99955109860196,78.99223154587334
46,80.98879372167829,78.99418166565346
46,81.01041233052614,79.00042230138804
46,81.00024330939587,79.00763361504168
46,80.99494723785695,79.00606029388543
46,81.01319730346799,79.01167004465978
46,80.9965632197128,79.00683825306707
46,81.00539802761031,79.013314196501
46,80.99045566798753,79.01268029532942
46,81.0045680903142,79.00313556927571
46,81.00555726187373,79.0075719576497
46,80.98712664070966,79.00631608970453
46,81.0045252924884,79.01432114992036
46,80.99628691962067,79.01626801411268
46,81.00098665909432,78.99940354530142
46,81.00080581893818,78.99530892146208
46,81.00911831157534,79.01612576988134
46,81.00369277485788,79.00860301850459
46,81.00720505121339,79.00253385758461
47,81.01413157316792,78.99508586799425
47,80.99780364092209,79.00831934947715
47,80.99019556829171,78.99954613058352
47,81.01105774957753,78.99515159205293
47,81.00134618918453,79.00961377165437
47,80.99032279127769,79.00998340846705
47,81.00869721179913,79.01402888918975
47,81.0015819935617,79.00565054170062
47,81.01534083830119,79.004006837462
47,81.01458858864353,79.00111225385383
47,81.01208510769483,78.99333875771644
47,81.00436224442687,79.01338974691396
47,81.00770898187959,79.01607869919812
47,81.01491499855241,79.00011595760148
47,81.00272764369001,78.99446675238637
47,81.00225726678528,78.9908233893802
47,80.99261393777705,79.01346506658375
47,80.99562100514454,79.0139324908633
47,80.9951620501521,78.9984924939507
47,80.98792209178418,79.00022984812077
47,81.01560809284038,78.9976566182462
47,80.99811806806068,79.01322576608219
47,81.01500563488585,79.00510338550946
47,81.0112641972289,78.99956835267278
47,81.0049360495824,79.00747653961058
47,80.99832434065172,79.00053609597327
47,81.01102751825577,79.00570550958562
47,80.98737837004649,79.01039903825705
47,80.99327422281223,79.01035261940612
47,80.98665375384819,79.00367191975752
47,80.9930280867826,78.99969241496278
47,81.00910382735904,79.00348754558209
47,81.01391979622927,78.99573590647839
47,81.00330189004248,79.01026550705211
47,81.01030060725894,79.00633746784614
47,80.9898847309161,79.00719815666174
47,81.00439144677648,79.01764028183663
47,81.00069117294062,78.99469811210818
47,81.0087018397085,78.99982460639158
47,81.00655382688143,79.0091447450886
47,80.9986341054276,79.00638364673662
47,80.98854070766144,79.01162848090354
47,80.9987675930756,78.99495305805183
47,81.00492909896501,79.0169236990921
47,80.99909244847511,79.00633036519575
47,80.99264779937594,79.00789698318161
47,81.00852327541472,79.00060347621007
47,80.98946302203811,78.99404547017906
47,81.00481315383094,79.00792401429455
47,80.99102235042461,78.99549242283213
47,81.0008539685304,78.99165761584558
47,80.99580943016979,78.99766508727292
47,81.01248527805566,79.01409559265802
47,81.01149608961879,78.99581224849037
47,81.01489420344096,78.99995907188196
47,81.01662478147526,79.00354890434265
47,81.00611736651004,79.00930747584817
47,81.01530645690745,79.00700700417886
47,80.9943957537289,79.00014820653779
47,80.99318638540082,79.00201865915234
47,80.9935276875078,79.00727572763732
47,80.99777996201331,78.99181355638909
47,80.9912971846331,78.99584647252863
47,80.99570946431979,79.01520068218102
47,81.0056954195148,79.01240926551037
47,81.00536628786917,78.99541849955159
47,81.00673357550835,79.0012459074427
47,80.99470416011071,78.99710741488752
47,81.00151262355428,78.98914121829299
47,81.01461562714681,79.00967743088046
47,80.9921679011989,79.00831354979033
47,81.00486885718753,78.99305585096182
47,81.00604283044345,78.99672254367506
47,80.99382934059426,79.00252384643117
47,81.00699067450262,78.99590213448353
47,80.99264779937594,79.00789698318161
47,81.0034108108561,79.01006140449765
47,81.01155954470758,79.00575626756812
47,81.00975418365208,78.99910941255291
47,80.98891070106369,79.00834005914018
47,81.00436224442687,79.01338974691396
47,80.9900165855168,78.9969975432862
47,80.99551608529869,78.99784123425343
47,80.98756674811561,79.00787602116462
47,81.00011334708093,78.99011207848018
47,81.00623118011849,79.00817940460098
47,81.00447575008575,79.00404954583446
47,81.00536671553267,79.01432681207297
47,81.00877262691588,79.00040993694921
47,81.00167609404434,79.00516978096194
47,81.00424971266617,79.00987587979668
47,81.00103755143344,78.99137417836808
47,80.99324349048332,79.00515013579228
47,81.01402859824438,79.01100743246035
47,81.00130245894665,78.99028701125913
47,80.99681213542185,79.0053978143812
47,81.00162660836378,78.99455251446945
47,81.0019662338094,78.99233758891708
48,80.99702232300604,79.0221768694007
48,80.99539614413534,79.01931727995535
48,80.98816619827933,79.02287857115087
48,80.994866629915,79.01664018537234
48,80.9973465647576,79.00421756054081
48,80.99429302863727,79.01785409188766
48,80.98463963967043,79.02081299785561
48,80.98678151797395,79.00612026461715
48,80.98702649507732,79.00813832489068
48,80.97795026516967,79.02186485505017
48,80.99687524139141,79.01813194992974
48,80.9896905842598,79.02283099939594
48,80.98206020598796,79.02505632102273
48,80.99455508455736,79.01050859224449
48,80.98235876678184,79.00878045804396
48,80.99015362944006,79.01877878559111
48,80.98929908357734,79.00012713198096
48,80.99986120904823,79.01458154813838
48,81.00040615229294,79.00424821163841
48,80.97481039409128,79.01495988521934
48,80.97609093817601,79.01682988753424
48,80.98216986610217,78.99911539649038
48,80.99623789451473,79.00207127167916
48,80.98048303139723,79.02449360900599
48,80.9846764874706,78.99644039117226
48,80.97611120563215,79.01016519833031
48,80.97358374397298,79.00648037939418
48,80.99550328036175,79.01402375403754
48,80.97881799192527,79.00456561608745
48,80.98206907881452,79.02066757453261
48,80.98582810575051,79.00122350092582
48,80.99965548952704,79.02093259398328
48,80.99539614413534,79.01931727995535
48,80.97460942606894,79.01629908439217
48,80.97961019433612,79.01270676404006
48,80.98236320574091,79.01476027480938
48,80.9860046863164,78.99993138171004
48,80.98237059933787,79.00552579836426
48,80.98518485841882,79.01529087312892
48,81.00133235950904,79.0083509668032
48,80.99064185005074,79.02076836147563
48,80.99549495905529,79.00731833989114
48,80.98704979209552,79.00623177020559
48,80.97842443557829,79.01768862745706
48,80.98378381443689,79.00305247730473
48,80.98939961616686,79.01303445181952
48,80.97986388362602,79.00670370339203
48,80.97598680616646,79.01604405722003
48,80.9923116222163,79.02169573870599
48,80.98450380309444,79.01462887297367
48,80.98992122713246,79.00829769851791
48,80.98154611970467,79.01971736869724
48,80.98748009479543,79.01918854032077
48,80.98383795567118,79.00318038824489
48,80.98134979162579,79.01273308637532
48,80.97794672001028,79.00244530478506
48,80.98879237499776,79.01588545023621
48,80.98060693967187,79.00637109049154
48,80.99199857158916,79.00715597893404
48,80.97564061576834,79.01318498153199
48,80.9899362853849,79.00802053533506
48,80.98988949922548,79.02172454633234
48,80.98512992435218,79.02115032894443
49,80.99930847631066,78.98836130696313
49,80.98821694934848,79.00958533954261
49,80.99770387060668,79.01857158716194
49,81.00212166053313,78.99664353213421
49,80.98809205528089,79.00713541433277
49,81.0143903834965,78.99866275743096
49,81.00673357550835,79.0012459074427
49,80.98846198182427,79.00808465823371
49,81.00562887562411,79.00925445818291
49,80.98848548409664,79.00681087005697
49,80.99215721830201,79.01593099459109
49,81.00765404666589,79.01021831454565
49,81.00447775423716,78.99431720419116
49,81.00512680252939,79.01780334348767
49,81.00455359700231,79.01491657902211
49,80.98996840796448,79.01196197440315
49,80.99528297100052,79.00454762497931
49,81.00993851251471,79.01621485109828
49,81.01026570684046,78.9995691033757
49,81.00581590038814,78.98965408208029
49,81.0007770485106,79.00509008988077
49,80.99834428921663,79.00673111976172
49,81.00497411465302,78.9984083364534
49,80.99684576129735,78.98945926980925
49,81.00955106783843,78.99395501314633
49,81.01598287050693,79.00459734507682
49,80.98791593514284,79.00474912068675
49,81.0098578498634,79.00602927574867
49,81.01027514323067,78.99522672689353
49,80.99655806125536,79.01127078881393
49,80.9891157622342,79.00443850689754
49,81.00130682576604,78.99688649425853
49,81.00372967968323,79.00501905003674
49,80.99553162295452,79.01746227823543
49,81.01236606419796,79.00520357189491
49,80.99260769443023,79.00109952087105
49,80.99705086520669,78.99773289260195
49,81.01011721014571,78.99771968187339
49,81.013491502501,78.99834592258807
49,81.00040615229294,79.00424821163841
49,81.01006122756985,79.00963177068365
49,81.0069599691709,79.01287017646735
49,81.00903313307201,78.99501787379187
49,81.00374835705763,79.00755136989135
49,81.0016803318889,78.99471251468293
49,80.99598370822183,79.00076151887697
49,81.0123884922278,78.99509012600068
49,81.0070541938735,79.00356695135582
49,80.99410580208637,79.0084719649265
49,80.99682638592506,79.0142617092881
49,81.00876107180713,79.01518436580392
49,80.98823037597981,79.00923682450292
49,81.00331683550243,79.01738869689913
49,80.98563621192359,79.00150106157426
49,81.00908219371797,78.9930433803614
49,81.01079994124416,79.01081813806655
49,80.98846198182427,79.00808465823371
49,80.99820562481669,78.98996706534612
49,81.01239419657004,79.00659310336891
49,81.00687356041878,79.01061825986072
49,80.9954249985001,78.99947521243969
49,81.00307429081082,78.99593541322896
49,80.99288164404935,79.00631610487608
49,81.00877262691588,79.00040993694921
49,81.00374835705763,79.00755136989135
49,81.00604283044345,78.99672254367506
49,81.00046035685806,79.00411151261589
49,80.99474978227317,78.99806875324619
49,81.00862288117713,79.01444198447416
49,81.0036469881269,78.99369310230544
49,81.00516180370151,79.00865555631077
49,81.0090074129196,78.99801170564434
49,81.00993462489403,79.00017907830045
49,80.9978264602789,79.00267365637302
49,80.99879988363969,78.99362761981621
49,81.0012181927349,79.00136901249557
49,81.01636579573085,79.00397806273492
49,80.99260923523839,79.00214155706887
49,81.00485239548841,79.00325222871939
49,80.9937051989417,79.00635165683617
49,81.0048900970369,79.00240404259235
49,80.98548517355874,79.0021553275641
49,81.01153258415722,78.99346342111306
49,80.98966230865143,79.00629783178142
49,80.9999848188455,79.00500387583298
49,80.99479563377078,79.01516458758535
49,81.00563864015899,79.00385457251728
49,81.00154526695201,78.99464040863116
49,80.99230966560364,79.01411658503659
49,80.99944314912784,78.99107728687191
49,81.00446601304094,79.00397871820223
49,80.9888299069502,78.99698865105617
49,81.01349056954534,79.00604802457799
49,81.01209568497495,79.00613362951532
49,81.00163994451826,79.01156694100416
49,81.01209568497495,79.00613362951532
49,81.00299185469703,79.00337689749115
49,80.99262037408947,78.99283752106713
49,80.98706564028899,79.00839607939237
49,81.00496424299682,79.01495934603359
50,80.97703817830306,79.00204014631115
50,80.98798830180013,79.02279865476545
50,80.9788698515724,79.02037783398086
50,80.99930666878721,79.01307350177244
50,80.98881872530566,79.01655415083951
50,80.97947515512739,79.01395692627327
50,80.99617882334407,79.00717719864932
50,80.97845497721156,79.01713409383942
50,80.98968983848357,79.0130188760165
50,80.97543401729331,79.01240520604749
50,80.98515497840965,79.02669205834208
50,80.98048303139723,79.02449360900599
50,80.98767516440077,79.00490338716938
50,80.9755644427856,79.00355468232898
50,80.98769533189605,79.01379351439547
50,80.98184474732977,79.02128945133471
50,80.98931370570376,79.00288138392598
50,80.99779355632008,79.01540108044084
50,80.98816358402273,79.01658182940051
50,80.98031698566913,79.02191802805714
50,81.00052820257618,79.01281248955812
50,80.99633196203757,79.01468542167163
50,80.97445605971107,79.01043925789553
50,80.99554492492105,79.00990588863499
50,80.98390593828208,79.00942717935082
50,81.00161811879349,79.00726958268805
50,80.9801735702292,79.02290134126734
50,80.9723024599661,79.01701403330962
50,80.98188071911586,79.01355062998779
50,80.99192673990287,79.01972512033954
50,80.98734749119058,79.01934826926173
50,80.97534669413338,79.02059685018146
50,80.98834383480245,79.02264514649791
50,80.97820226586158,79.02189483692503
50,80.98366887070436,79.0035568967933
50,80.97855410924623,79.01126208730092
50,81.00020258154517,79.00794522103601
50,81.00001088072482,79.01992617230508
50,80.98656904818314,79.01290189320493
50,80.97317366129037,79.01592008774423
50,80.98001856722304,79.01080043664597
50,80.99297883062407,79.01709996870285
50,80.99156334543973,79.00708353441699
50,80.99248856366867,79.00047858740948
50,80.97321642489952,79.00820632494289
50,80.99196959308875,79.01808879615228
50,80.97794939156009,79.02060729134531
50,80.99238476418681,79.00016894900028
50,80.986038642711,79.00418417372305
50,80.98507681092245,79.00788031948939
50,80.99335277530574,79.01530079926252
50,80.99726329352069,79.01249791287889
50,80.99111237113293,79.02569775789743
50,80.9811693162309,79.01139765799022
50,80.98632623467248,79.01705845974034
50,80.9960370038358,79.0167710831364
50,80.98916255735064,79.02143715014068
50,80.98554026153055,78.99711642024816
50,80.98394258623698,79.02019573732397
50,80.9742207696489,79.01493655419681
50,80.98529841939865,79.01926937305814
50,80.98308527953859,79.02521472463148
50,80.97544961224264,79.00182769909021
50,80.9949970369472,79.00720911387036
51,80.99459863108918,79.01736724702414
51,81.00275644141945,78.99853028914289
51,81.00592422056853,79.00399626416879
51,81.0061246698271,78.99576327178217
51,81.00726773686806,79.00001965193881
51,80.99475623964604,79.00239164407174
51,80.9960370038358,79.0167710831364
51,80.99101057556834,78.99739095543134
51,80.98645131878149,78.99780507545125
51,81.00928660127535,79.0085584514539
51,80.99473468512636,78.99494249751118
51,81.01624325241703,79.00714337537937
51,80.99770645567597,79.01855388333438
51,80.9930280867826,78.99969241496278
51,81.0036944302511,79.00170094400103
51,80.9922636502172,79.00816563428062
51,81.00241040079632,79.00267543295647
51,80.98646047204569,78.99916311823254
51,81.00766343316683,78.99936634605048
51,81.00916275805415,79.00004835858218
51,80.98752636407919,78.99953002300484
51,81.00454772578952,79.0171790220486
51,81.0119710869319,79.00876681515496
51,81.0001750736258,78.98927947765804
51,80.99393988506507,79.00654749122351
51,81.00935104723696,78.99593783135413
51,80.99705086520669,78.99773289260195
51,80.99247985277425,79.00150997660029
51,80.99842334950536,79.01576837866429
51,81.00169997911271,78.99391251492148
51,80.99896532392529,79.00506942557186
51,81.01489624487454,79.00620231104492
51,81.01011721014571,78.99771968187339
51,81.00257777774527,79.01422215325005
51,81.00338119605668,79.00705648788376
51,81.00803542709228,79.00084158057737
51,80.9867989949932,79.00444950759942
51,80.99373685443517,79.00982051985291
51,80.99348980847014,78.99292007571124
51,81.01326032091676,78.99449839945055
51,80.98787075705287,79.00382716260187
51,80.98752913830154,78.99736838686556
51,80.99386749002284,78.99533181124146
51,80.99280173830714,79.01071666776946
51,80.99628627768921,78.99057871163824
51,81.00013790912028,78.99634735448922
51,80.99487964904884,78.98912591673901
51,80.99630529085341,79.00183407536501
51,81.00194370020816,79.00114164926266
51,81.00099770734904,78.99294254693804
51,81.01319670033271,79.00131084533209
51,80.99301681438526,79.00494493399842
51,81.00285423728077,78.98947103694016
51,81.01230244179769,78.99627388525752
51,81.00032403758786,78.996323622113
51,81.00835514466259,79.005412193121
51,81.00468022782852,78.99432953451769
51,81.01349056954534,79.00604802457799
51,81.01087948822129,79.01132441896821
51,80.98982522784038,78.99331707883168
51,80.99475623964604,79.00239164407174
51,81.00958003214772,79.01535391906658
51,81.00257777774527,79.01422215325005
51,80.99224336461825,78.99493749882596
51,81.0161608450552,79.00137235383444
51,80.99706670429165,78.99937577138127
52,81.0046265403982,78.9887801014713
52,81.0141728067855,79.00756752119764
52,81.0136608556414,79.01197311889099
52,80.98634224128797,79.00526260787335
52,81.00010327962808,78.99894130038842
52,81.00808893282722,79.00751333490962
52,80.99327422281223,79.01035261940612
52,81.00382156661011,78.98949359256807
52,81.00534046966078,79.01232859125224
52,80.99349893578062,78.9955840260287
52,81.01118756795952,78.99746810344752
52,80.98957979882408,79.00619964860554
52,81.008587542971,78.99846093287262
52,81.00773589483525,79.00952600752908
52,81.01226371033913,78.99641463687244
52,80.99672127874352,79.00991898428819
52,81.00192886778511,79.00209116814924
52,81.01440360907974,78.99673534395244
52,81.00608439284362,79.00494017997696
52,80.99881670276177,79.00105254493617
52,81.00536628786917,78.99541849955159
52,81.0061484233903,79.01022593696032
52,81.00417766194708,79.0109841654474
52,81.00248475993841,78.9895507158655
52,81.01175082607779,79.01181932143054
52,81.01045339145121,79.0075784052012
52,81.016004664291,79.00399618688272
52,81.00973674531434,79.01563727914983
52,80.9996322409132,78.99240890204958
52,80.99871804400088,79.01056687065207
52,81.00284624907464,79.00658919158923
52,81.00530925806217,78.99193112810774
52,80.99053213938663,78.99218228261319
52,81.00256391194763,79.01039010171375
52,80.99550328036175,79.01402375403754
52,80.98854622382699,79.0049644254357
52,80.98796468398525,79.0072886762006
52,81.00198678524401,79.01014804662802
52,81.00661489490521,79.01281445651358
52,81.00338119605668,79.00705648788376
52,81.0034195864672,78.99216801638663
52,81.00363879187596,79.00970058076204
52,80.99758656565373,79.00815847445298
52,80.99649684586264,78.98953326692411
52,80.99866785885568,78.99653068602656
52,81.00666567387348,79.01666439343272
52,81.00776000290801,79.00976479332505
52,81.01496492473647,79.00143435395293
52,81.00068760105806,78.99688299988938
52,81.00938883612643,79.0024050152378
52,81.0090074129196,78.99801170564434
52,80.99243320492948,79.01035770556524
52,80.99820562481669,78.98996706534612
52,81.00724382082463,79.01659949876739
52,81.00110911105149,79.0062425955905
52,80.99610870286176,79.01188636755451
52,81.0086180217953,78.99382161143983
52,80.99567182218472,78.99683763696765
52,81.00270286241917,78.99619389313904
52,81.00869721179913,79.01402888918975
52,80.99967324073657,78.99316113503417
52,81.01271785102351,78.99848106481102
52,80.99790592540448,78.9961899153793
52,81.00161811879349,79.00726958268805
52,80.99299514538,79.00164530670168
52,81.00424971266617,79.00987587979668
52,80.99207800890254,79.00016041887811
52,81.00649752069319,79.00403291327713
52,81.00358019886473,79.00949592151508
52,81.00739392346149,79.01504694643148
52,80.9991678214823,79.008353224701
54,80.99406821163058,79.00467235791838
54,80.99321230752105,79.02369126986581
54,80.9768306394375,79.02222619165191
54,80.98575641339286,79.01327092780919
54,80.98604831950422,79.01874406380696
54,80.97788273620773,79.022571696144
54,80.98268408795637,78.99715140480092
54,80.97278435631306,79.0100120102477
54,80.98734749119058,79.01934826926173
54,80.98124019334746,79.0179539643858
54,80.99625146209831,79.00128634109394
54,80.98768223453283,79.02518436571441
54,80.9884251161937,79.01392683153671
54,80.98397481184134,79.00101075763646
54,80.99556400986302,79.0049393118871
54,80.98175599172875,79.00049833648156
54,80.99580642882047,78.99895200883195
54,80.98093898459248,79.00177441292033
54,80.99888242193279,79.02174417544666
54,80.99357762055749,79.02119486148234
54,80.97501305073791,79.0164084015042
54,80.98648563717997,78.99856901563517
54,80.9912663259669,79.01756500146746
54,80.99270610596966,79.01293052438933
54,80.97361097276718,79.00642781012023
54,80.98494525486437,79.0249046944662
54,80.99441127017172,78.9991017506121
54,80.97233804669563,79.01097212101311
54,80.9877407159572,79.0138727441248
54,81.00028433611651,79.0045562306306
54,80.99828610362287,79.00117418725017
54,80.98113618101179,79.00764219870746
54,81.00075678350318,79.0050578068109
54,80.97294244259037,79.01663600141362
54,80.99570240207241,79.00077883172148
54,80.99302832019659,79.01206967454912
54,80.99626026932648,79.01728954939793
54,80.99277688029521,79.00605932253335
54,81.00194771986824,79.00961193826419
54,80.98267145580942,79.02076085642477
54,80.9928417944842,78.9977547886746
54,80.97862748093556,79.01703952459839
54,80.98924463746977,79.00528220097357
54,80.98151358363162,79.00251724559989
54,80.98987095701243,79.01456184503343
54,80.98514710980406,79.00953717588614
54,80.98884239326836,79.01875995213489
54,81.00022561442753,79.00968722571177
54,80.9888922766533,79.02002287568858
54,80.98595407380287,79.01485828648
54,80.984705940899,79.01546163817977
54,80.98939961616686,79.01303445181952
54,80.9925776838599,79.00817508613413
54,80.99130631355432,79.0094405624828
54,80.99267167190712,78.99866331132638
54,80.97694146272849,79.00861520023057
54,80.99296198852349,79.02386315181367
54,80.98459428189564,79.0125057567202
54,80.98638742285358,79.02155535529526
54,80.98966230865143,79.00629783178142
54,80.99472721078183,79.02401970091954
54,80.97365745933274,79.00495258370974
54,80.986185501106,79.02350037999767
54,80.99357747666676,79.02452138600452
54,80.97415630967843,79.01004309679055
54,80.98906272076967,79.02540966954483
54,80.97702093400275,79.01920833047045
54,80.99501243935332,79.00336264897491
54,80.98141425256016,79.0000627466342
54,80.98677444387573,79.00812280997926
54,80.9922636502172,79.00816563428062
54,80.99589450030265,79.00433600399603
54,80.98413603960928,79.02237462336521
54,80.992359426551,79.00749596338963
54,80.97760842983905,79.00943952115043
54,80.9996783860271,79.01838465601831
54,80.97591345605316,79.01971398723785
54,80.97810986304903,79.00364396368109
54,80.99314274110756,79.01523018509178
54,80.99486961718068,79.0002286259623
54,80.9840109504811,79.00225997792288
54,80.9824848654074,79.00388802986983
54,80.97248521931184,79.01403630882204
54,80.98652543893229,79.00258333511971
54,80.98054243942171,79.02193186550348
54,80.98181201277285,79.00724490018472
54,80.99234024688924,79.0167342734317
54,80.9885603685142,79.02395428863053
54,80.9787898443861,79.01333290777343
54,80.98326401268763,79.0068793440762
54,80.98122591925993,79.01867368750918
55,80.99921825926452,78.99181122261554
55,81.01358917643726,78.9711370838847
55,81.00967262571186,78.98158497026071
55,81.01689877127859,78.97802726084291
55,81.01638874263597,78.99729680290898
55,81.01200408229248,78.99708573729029
55,80.99976245686841,78.98213045088504
55,81.01812830749287,78.98302083683241
55,81.01757902145557,78.99601078955867
55,80.99909781568898,78.97366307479989
55,81.02331055244731,78.98947950054645
55,81.00913393364158,78.97704682992313
55,81.0033544980297,78.97685796116589
55,81.00360223077305,78.98907057766225
55,81.01085243871407,78.99556008275462
55,81.00676630456293,78.98323652501959
55,81.01789086920073,78.97769107252725
55,81.00057111870302,78.98972318346966
55,81.00007934487367,78.98774747483222
55,81.0244108873593,78.99080012522897
55,81.02719985012004,78.98338728912508
55,81.00761969183321,78.99092278611282
55,81.01636672157572,78.98851164671163
55,81.01278387328924,78.96785454174854
55,81.00397384385039,78.99310662179705
55,81.0144602246324,78.97691618496523
55,81.01297274784311,78.9728240396091
55,81.01017837147468,78.99855871159178
55,81.00347847194128,78.98105785088441
55,81.01343948008919,78.99190643517585
55,81.01718780466446,78.9754068040242
55,80.99836938981184,78.98056849410483
55,81.00139136027697,78.98793814340665
55,80.99732505637505,78.98199323625252
55,80.99857377018216,78.98610783402606
55,81.01740539220351,78.98055998799444
55,81.00265649897355,78.99231577045019
55,81.00936142904533,78.97938287934873
55,81.02008025799798,78.98690630641566
55,81.02543117769622,78.97925770405509
55,81.01865222414018,78.98163885627416
55,81.01230244179769,78.99627388525752
55,80.99748641652944,78.98378039253716
55,81.0036010544926,78.98321973357383
55,81.0202484817077,78.97950090237687
55,81.01534920384219,78.98907773466154
55,81.00436790413048,78.991950794054
55,81.01627026592702,78.96978030680154
55,81.01417583677595,78.97814216572307
55,81.00512476726288,78.97323002704786
55,81.0105957174339,78.9965462523776
55,81.01464914372234,78.99415900607427
55,81.00982625531839,78.97230268201987
55,81.0061624251555,78.97784147849501
55,81.0122548011974,78.99419492839435
55,81.0151393662363,78.99097460180073
55,81.00010946049,78.97582192766555
55,81.01664709988827,78.9904660357014
55,81.02358147595793,78.97400267049206
55,81.02036225805887,78.97004257121803
55,80.99849829083902,78.97752232655527
56,80.9798993786458,79.01496931085002
56,80.98001723866838,78.99969800835711
56,80.97680766031964,79.01722033683625
56,80.97545002589067,79.01270235233761
56,80.97570792887058,79.01258413630552
56,80.98304659773949,79.00862827655315
56,80.97461970922275,79.0204411023541
56,80.97309517150009,79.01843268347714
56,80.97628626269979,79.02199392587993
56,80.99292018034009,79.01721866359904
56,80.99859204586022,79.005407365124
56,80.98522776643024,79.01540357694819
56,81.00028637839877,79.00695188733738
56,80.99290343287798,79.0153842164464
56,80.99028243959485,79.02657336410452
56,80.98276346077483,79.02379385013742
56,80.99405445588823,79.01401923924792
56,80.98983899740576,79.02029189880777
56,80.99374477918329,79.01277126552438
56,80.99990226774577,79.0048674697162
56,80.98674646840915,79.00861827922672
56,80.98156237734814,79.00122104461856
56,80.98681997247373,79.0079972252065
56,80.97382173091809,79.01818760611421
56,80.97790904249094,79.00530462923862
56,80.99107907783818,79.01541068950199
56,80.97873989016887,79.01590041357105
56,80.98108493309068,79.00037567554547
56,80.99778979514761,79.01845440846687
56,80.99383270997845,78.9990399413746
56,80.97377144595643,79.00519310428517
56,80.99332902131947,79.01251232742615
56,80.98987998054227,79.02076679433088
56,80.98079856069951,79.02598113926214
56,80.98884239326836,79.01875995213489
56,80.99347784609161,79.02350237232969
56,80.99521126499113,79.00982561959427
56,80.9934424855179,79.02127817015925
56,80.9978241504146,79.01501882533647
56,80.97615922025842,79.01626978571694
56,80.98883796858655,79.00698328752594
56,80.99950384726242,79.00638055173509
56,80.98854605343641,78.99995254995221
56,80.99074557301333,79.0189959634523
57,81.00260793680928,79.01020399976898
57,81.00528214014557,78.9901203212223
57,81.00962710869017,79.01412785145416
57,81.01444585989583,79.00543693378172
57,81.0065003268057,78.99468229992728
57,80.99950384726242,79.00638055173509
57,80.98918731228628,79.00203593926997
57,81.01251313334939,78.99289565491723
57,81.00267665340175,79.0077069015082
57,80.99130469429922,79.00851178578763
57,81.01164545842323,79.00259278467793
57,80.98587191830977,79.00369857096501
57,80.9924217735721,79.0029614371018
57,80.99127462598499,78.9992820379991
57,80.99351743465887,78.99215619626976
57,80.99393988506507,79.00654749122351
57,81.00783060318729,78.99926018652397
57,80.99940915164215,79.00936409080526
57,81.01247414406637,79.00101471271974
57,80.99769855954409,78.98848438864373
57,81.00292058021063,79.00969514925477
57,80.99894501183076,78.99598893833168
57,81.00223260246527,78.98796199486902
57,81.01203541557847,79.0035327952095
57,81.01489260842382,79.00280659067025
57,80.99903665850128,79.015737587069
57,80.99590773285814,79.00402046086161
57,81.01452341925219,79.00535167298699
57,81.00457354399047,79.00646381767238
57,81.00982864741287,78.99985294045965
57,80.98697740572982,78.99974188176483
57,81.00911078683541,79.01633427028214
57,80.99908556553676,78.99662143170447
57,81.00769132840105,79.00006794870121
57,81.00240547551127,79.00473369503102
57,81.00764463278642,79.00045705950869
57,81.0048555803871,79.01445103522427
57,80.99778816510405,78.9997753544791
57,81.00386215369292,78.99787251963136
57,80.99738792693593,79.01787794239462
57,80.9903874106281,79.01366156146702
57,80.98854070766144,79.01162848090354
57,81.01161443662905,79.01376080308212
57,81.01011406924613,78.99486273763338
57,80.99411128049572,78.99145845805576
57,80.98752913830154,78.99736838686556
57,80.99286506881779,79.01409491982287
57,81.01019546102854,78.99873493834879
57,81.00084076636284,79.00171158819431
57,80.99638830283715,79.00765609755516
57,80.98615843173884,78.99896388907123
57,81.01576721237002,79.00013958554345
57,81.00254625854441,79.009400030127
57,80.99195041449977,79.00098965480572
57,81.0139330086914,79.00901112409471
57,81.00833700716923,78.9994176543014
57,81.0122548011974,78.99419492839435
57,80.98999474593445,78.99296560979053
57,80.99220627630642,78.99323763403903
57,81.00250862006652,79.01792983512065
57,80.99925992712113,79.00719814460012
57,80.99733052723472,78.99809788800643
57,80.99858552502091,78.99507896527018
57,81.00161811879349,79.00726958268805
57,81.00726369233317,79.00562963508519
57,81.0147673274401,79.00113481095273
57,80.99368005891152,78.99654572653176
57,81.0044711218504,78.99459303552638
57,81.00363693079505,78.99986145759699
57,81.00824525735125,78.99881658957693
57,80.9994294593312,78.99276919511912
57,81.00611104359915,78.99972305209269
57,81.00770922490874,79.01348242153763
57,80.99139622549865,79.01386683829469
57,81.002304278698,79.00999086447871
57,81.00189321865022,79.01692190189631
57,81.00921376577568,79.0024676011222
57,80.98982899972135,79.01300841135846
57,81.016004664291,79.00399618688272
57,81.00461069993459,79.00268942942054
57,81.00447134598355,78.98902300071117
57,80.99259028352508,79.0088229219014
57,81.0101396146293,79.01332023642424
57,80.9972383132697,79.01205143403288
57,80.99802744240883,79.01238863486977
57,80.99068940280313,79.01428102058333
57,80.9918259442931,79.01172006704732
57,80.98643812923261,79.00056865222373
57,81.00494971311134,78.9900383769907
57,81.01332142576561,79.0119106802173
57,81.00820008047835,79.00977494977232
57,80.9925282937565,78.99229360876734
57,81.00186806430634,78.99072403045463
57,81.00286979128468,78.99742698150052
57,81.01648830898783,79.00426931858759
57,80.99774265740503,78.98997862979753
57,81.00367599314846,79.01747599135533
57,80.99201929834754,79.01504571901145
57,81.00167798277262,79.00514835836083
57,80.98710033646879,78.99774863670348
57,80.99780872047133,79.0157282162808
57,80.99832223304088,78.99036148953195
57,81.01086261184821,79.01185319069201
57,81.00690344075812,79.01438446975929
57,81.00024330939587,79.00763361504168
57,80.9993996757536,79.00282144963982
57,80.99858765849879,78.99737150415784
57,80.98799290916783,79.002467282326
57,81.0094954848372,79.0025596714453
57,80.99292535295355,79.00352934671315
57,81.00267939872484,79.00290077300015
57,81.000783086672,79.010842241904
57,81.01119937286653,79.00429785377136
57,81.00860641197028,79.00474032997242
57,80.99632011356839,79.0152239906309
57,81.0046265403982,78.9887801014713
57,80.99479682995938,79.01025948598345
57,81.00644175073323,79.01473600940972
58,80.99010360562376,79.01584848333815
58,80.98067091685012,79.00606181724788
58,80.99652487395726,79.01588065899129
58,80.99326851221787,79.02252879978302
58,80.99802248355516,79.01587902513448
58,80.99134057737054,78.99847479416798
58,80.99427650444215,79.0185034529689
58,80.99315826208858,78.99935389087456
58,80.97218273994261,79.00949079954786
58,80.98678151797395,79.00612026461715
58,80.99790851967224,79.00326115205917
58,80.98729784874301,78.99940314084397
58,80.98871089846558,79.00540091539465
58,80.98265417196185,79.01316438029816
58,80.98076427735872,79.00981773164435
58,80.98966230865143,79.00629783178142
58,81.00053196934353,79.01906211148591
58,80.98980816021763,79.0206842006537
58,80.97929431474532,79.01867497903196
58,80.98987095701243,79.01456184503343
58,80.98133409879792,79.0115112895068
58,80.99207697728637,79.01142394690702
58,80.98855488431113,78.99923999171375
58,80.99802744240883,79.01238863486977
58,80.97682471351867,79.01752673443538
58,80.9835984181691,79.00408692182212
58,80.99876326168953,79.01403363992226
58,80.99666458487292,79.01200604784175
58,80.9942489612703,79.0224965459051
58,80.97836691396797,78.99894444029815
58,80.97233804669563,79.01097212101311
58,80.99190305942629,79.02448159756159
58,80.97683191778228,79.00700224281643
58,80.98690949502824,79.02714233373537
58,80.99541836696342,79.02195499703814
58,80.98226602590671,79.02577690498562
58,80.98942730743968,79.00602532178364
58,80.98866689199107,79.01428532001232
58,81.00017122200714,79.01060307811642
58,80.98562052215503,78.99851263038036
58,80.98294876967488,79.00770698996809
58,80.99817449112535,79.01074456809577
58,81.00187919233622,79.00965690335364
58,80.99643455686255,79.00954870302952
58,80.97622738947196,79.01014741299362
58,80.99108770230428,79.01927277345985
58,80.97702031549993,79.00196560979175
58,80.97306439024152,79.00977361659413
58,80.98227713118794,79.00949828537314
58,80.98174379647044,79.02667037604097
58,80.97509726866994,79.0205014738273
58,80.99302732620951,79.00207783569417
58,80.99112148265384,78.99934044801604
58,80.99749976131496,79.01273858836653
58,80.98595407380287,79.01485828648
58,80.97495855102449,79.00244370149865
58,80.97996143442462,79.01051888866239
58,80.98952666575434,78.99986468022796
58,80.99043807290232,79.00862507071948
58,80.99630400258722,79.0108193669211
58,80.98882636841303,79.02004867488219
58,80.98798830180013,79.02279865476545
58,80.98643610631727,79.01595865336807
58,80.98986515822581,79.02069576956059
58,80.99853225207534,79.0123846639786
58,80.98748572728438,79.01751316019629
58,80.99155542378561,79.01358806594043
58,80.98072805276978,79.01719271532417
58,80.98523748181286,79.02500526099595
58,80.9860396944287,79.01620201419156
58,80.98843351818131,79.02064721987799
58,80.99233081545152,78.99771564958307
58,80.98489226423031,79.02258733888249
58,81.00028637839877,79.00695188733738
58,80.97371044845453,79.01533250440977
58,81.00198678524401,79.01014804662802
58,80.98150319325038,79.00499132787463
58,81.00117343525353,79.00927487020645
58,80.97636998524659,79.0211988171129
58,80.99827039162078,79.00279766039992
58,80.9860946627081,78.99684373271
59,80.99853706207962,78.9821999428584
59,81.02217865993939,78.97358921427563
59,81.00196590115928,78.9723122593778
59,81.00704539297476,78.97115018312608
59,81.01489795119657,78.98389234154274
59,81.01451614532427,78.97265624109657
59,81.0228262171805,78.97994806902837
59,81.00930004079827,78.97254433723077
59,81.01828574799187,78.98380083538822
59,81.01563136100543,78.9777240407389
59,81.01496408014431,78.98066061392555
59,81.01770129992124,78.98719207112505
59,80.99734018547153,78.98595018383743
59,81.01556286308059,78.97724888380036
59,81.00863413218421,78.99726806256709
59,81.00806937040541,78.98775611220145
59,81.00139136027697,78.98793814340665
59,80.99752309770305,78.98296946793559
59,81.01594991082482,78.9794986443827
59,81.002023655819,78.97650259540784
59,81.01116335921665,78.99642117473495
59,81.01250455557158,78.99705519206113
59,81.01032762884239,78.97379294892202
59,81.02579151733602,78.97903871890334
59,81.0174025523636,78.99458126708986
59,81.02685062504507,78.9823924071391
59,81.01641624200704,78.98623487916207
59,81.00303119553634,78.97992440820019
59,80.9994294593312,78.99276919511912
59,81.01918031271803,78.97968874545808
59,81.01783458310109,78.97337384880953
59,81.00806989746017,78.98504377351729
59,81.0007933166291,78.98071934599527
59,81.01704758480577,78.98633135632836
59,81.00145548926835,78.9935770025187
59,81.00830479696398,78.98450051819518
59,80.99923861492769,78.99038508407122
59,81.01082238894901,78.98646029455189
59,80.99621173269244,78.98072231744503
59,81.01208510769483,78.99333875771644
59,81.00011334708093,78.99011207848018
59,81.02340169989012,78.97554784294041
59,81.01761326462766,78.99242338337481
59,81.00355235973585,78.98389025921261
59,81.02233027577627,78.9861242689859
59,80.99909657382135,78.99020652191125
59,81.02401582072284,78.97338326402986
59,81.00223260246527,78.98796199486902
59,81.02185091568958,78.98173231713541
59,81.00250478429291,78.98420514024913
59,80.99657707568032,78.98219543821718
59,81.02097696133701,78.97370022202198
59,81.02416432818256,78.97862290260024
59,81.01066543480857,78.98856251586547
59,81.01036252535285,78.99396319914874
59,81.02411437921887,78.98222306448679
59,81.00435652619254,78.97177746420776
59,81.02023386333092,78.9749353353881
59,81.004228289221,78.9771652022856
59,81.00985769562011,78.9842346468391
59,81.0166412086074,78.98484495454277
59,81.01492195305818,78.99428471433265
59,81.02545449688243,78.97980906560406
59,81.01095957306903,78.96922445986519
59,81.00607519040211,78.98564334689007
59,81.01326990912133,78.96775366118104
59,81.00144869111992,78.98209750151243
59,81.00406715968107,78.98735086250717
59,81.01204078827277,78.97829352575592
59,81.01336368627204,78.99390584152357
59,81.00066022032382,78.98766142603938
59,80.99994408861687,78.97879532413195
59,81.00284159318481,78.99197478426395
59,81.00425963716468,78.9732353917782
59,81.01331700337698,78.98529563393666
59,81.02350312098844,78.9729774202601
59,81.02384036494347,78.98618981112348
59,81.01852026509948,78.97545863076478
59,80.99828006373879,78.98817458740778
59,81.02376339373913,78.97673395419706
59,81.01363056525636,78.9896606455792
59,81.02095264661335,78.97881533725277
59,80.99762282365008,78.97842736593819
59,81.00928568277203,78.97188969118798
59,81.02644670104894,78.98627105341485
59,81.01571209672983,78.98791270374387
59,81.0243588838896,78.98685419639908
59,81.01054690656447,78.99827425580052
59,81.02237803120416,78.99341382366103
59,81.01100415757823,78.98941240510682
59,81.01304917438397,78.99688781705878
59,81.01157858318494,78.98475684524952
59,81.02607744110834,78.98340731387607
59,81.00982625531839,78.97230268201987
59,80.99960695750487,78.99043170493404
59,81.0067527182202,78.98205361471354
59,81.01892187983931,78.96933102146347
59,81.02241828487536,78.98695437587965
59,81.0085344511938,78.98401291735796
59,81.01200408229248,78.99708573729029
60,81.01254728157106,78.98224356928002
60,81.00778354753429,78.9775627920441
60,81.02713703175215,78.98427907485623
60,80.9996222010615,78.97478912590475
60,81.01440360907974,78.99673534395244
60,81.00168460683619,78.98917279751872
60,81.01794171983603,78.99158623469583
60,81.01921413002141,78.99089428709321
60,81.01047553350617,78.99546472722322
60,81.01122430239974,78.98027208977561
60,81.0186164201501,78.99655372353948
60,81.02468511349066,78.9771545517092
60,81.02022193197548,78.97906546165942
60,81.01896481883546,78.97471717238288
60,81.00220547786839,78.97883625455975
60,81.00103755143344,78.99137417836808
60,81.01535682109312,78.99788695183058
60,81.01677070192967,78.97489528381689
60,81.02421233868046,78.98705996197046
60,81.0164131954451,78.97603847729526
60,81.00915899962972,78.99837030796543
60,81.01020216477562,78.98468484886922
60,81.00692140147707,78.9935582426778
60,81.01221794504637,78.97695985351332
60,81.00337234459421,78.98841870559309
60,81.01125666041841,78.982062060208
60,81.00339984978146,78.98002907022226
60,81.00919220023995,78.98014063754869
60,81.01366981508167,78.98902466884898
60,81.00397384385039,78.99310662179705
60,81.02142291853586,78.98372903216885
60,81.00135652219447,78.98332039902006
60,81.00659224387354,78.97518535654815
60,81.01937542116532,78.99525513504123
60,80.9984586433635,78.98337457310237
60,81.02035240557724,78.97582954136284
60,81.00554890426523,78.9833232399793
60,81.0190505287537,78.9880878031727
60,81.0104131711526,78.97280078409574
60,81.00588731860363,78.98705509018218
60,80.99828092228137,78.97986792902044
60,81.020070451677,78.98105356031151
60,81.00539911390878,78.9795804250334
61,81.02186213120547,78.98795169403742
61,81.01346232425806,78.98498555489465
61,81.02022562168149,78.98419148490247
61,81.01727444427786,78.97056322283947
61,81.00878724014846,78.98181093172113
61,81.00069755602641,78.97998899597128
61,80.99859414519588,78.98102485225715
61,81.00851394370393,78.99351910835134
61,81.01674334922303,78.98636963437019
61,81.02124670792624,78.97818028361058
61,81.01063834264255,78.98319937207945
61,81.00671606849929,78.97683908245855
61,81.00643909196816,78.97286925805517
61,81.01202663573764,78.9834726886625
61,81.01039285929153,78.99012605497488
61,81.01493432541933,78.99454161873655
61,81.00431602960346,78.9834994223822
61,81.00784882071115,78.99727378731377
61,81.01386871388246,78.99168369256749
61,81.0091522356365,78.97149781117278
61,81.01749238285605,78.97464114793665
61,80.99772278154941,78.98566018009635
61,81.02058168602107,78.97196153134806
61,81.01832143400254,78.98542119793672
61,81.01676136637398,78.99091278935808
61,81.0182585265417,78.97819419183111
61,80.99603374220358,78.98327659801056
61,81.02667183869622,78.98736477205783
61,81.01228987725209,78.97122745686367
61,81.00423175075649,78.97110860420268
61,81.01566238006554,78.99100855902098
61,81.0001750736258,78.98927947765804
61,81.00423143383347,78.9875895944142
61,81.01732936123476,78.98561801030566
61,81.01979042339532,78.9929370051336
61,81.01585889838044,78.98020948588656
61,81.01611756737124,78.97849898783011
61,81.0204140672197,78.99132636677201
61,81.01921413002141,78.99089428709321
61,81.01127124112148,78.97703450981787
61,80.99783197197877,78.98710155782682
61,81.02338694034114,78.98527140101118
61,81.02354531694301,78.99193072554368
61,81.0058423743381,78.9830436837399
61,81.01926531760431,78.97761940272285
61,81.00634758464521,78.9958366613801
61,81.01507008340471,78.99207225239569
61,81.01836432708197,78.9831820769774
61,81.01635308307876,78.97114584969762
61,81.01122994157141,78.97865412159804
61,81.00294696218073,78.98559352075112
61,81.00110257226153,78.98770105201659
61,81.00416802489653,78.97754021584903
61,81.00121322006311,78.98347706942796
61,81.0027711783434,78.97404381944584
61,81.01541916991115,78.98726741094482
61,81.02143831684535,78.9800093508212
61,81.00293968039686,78.99024608832157
61,81.01729973118115,78.97152959035513
61,81.0069657554186,78.97425060897318
61,80.998982096126,78.97874301714731
61,81.01669911220797,78.97092534594377
61,81.00338760313143,78.99042213633886
61,80.99906564731491,78.99187496721329
61,81.02193073099309,78.992157753755
61,81.0267607728321,78.98695851398082
61,81.02049094490108,78.9887969901406
61,81.021325057961,78.98431326576849
61,81.00826934992114,78.97482028544539
61,81.02241828487536,78.98695437587965
61,81.00600502962294,78.99642756859149
61,81.00472892580876,78.9884198732168
61,81.01948559560962,78.97308841493441
61,81.00266806573465,78.98463391573416
61,81.00138932419476,78.99440337958914
61,81.0155604772221,78.99644760989044
61,81.00350094550309,78.9873768424446
61,81.01102550979692,78.97017097311722
61,81.02169894815638,78.99338655077257
61,81.01554528243912,78.9759977863317
61,81.01541322570678,78.98454066500412
61,80.9995609901569,78.98470365479045
61,81.01441236795326,78.99533705892219
61,81.0186246625057,78.97970734988019
61,80.99787669097076,78.98959025924717
61,81.00834790101636,78.9834205894863
61,81.0194858768923,78.98237388077824
61,81.00720961468325,78.99072378882165
61,81.02014231578295,78.9737177095149
61,81.02366145485074,78.9801155635126
61,81.01854680237983,78.9816519900273
61,81.01799510482932,78.97606026807425
61,81.0092058584717,78.97617461522297
61,81.00175393665718,78.97247347567131
61,81.02086593225164,78.99554611934711
61,81.02406306657679,78.97408046330966
61,81.01297274784311,78.9728240396091
61,81.00892619161556,78.97812593132863
61,80.9980764347216,78.97552812055407
61,81.02409292059949,78.98650266564663
61,81.00729349782361,78.97858678646695
61,81.00797380112489,78.96940255199104
61,81.01496104848938,78.99212765270921
61,81.0059574519772,78.97433129379405
61,81.01058931170529,78.97791461456937
61,81.01217072404401,78.968756832449
61,81.00248475993841,78.9895507158655
61,81.02444962432324,78.99190703034762
61,81.00597464391664,78.98941309039779
61,81.00937376872024,78.9848170773838
61,81.01366981508167,78.98902466884898
61,81.01575411600736,78.99083629830265
61,81.01468176244204,78.994437347393
61,81.00378804698494,78.97230459285336
61,80.99878397253255,78.98498932704305
64,80.99769855954409,78.98848438864373
64,81.01547125852109,78.97904969191595
64,81.01309496001151,78.98837631047324
64,81.0107751495634,78.97370016603777
64,81.01126524454072,78.99439893918145
64,80.99976528813428,78.98192935488038
64,81.00735819631369,78.98930780759098
64,81.01594708209288,78.99604359162447
64,81.02062317386113,78.97729238913557
64,80.9994102465788,78.98469159030353
64,81.01207493571025,78.99781432264169
64,81.01400021168135,78.9782796627602
64,81.00630997642055,78.99732598161688
64,81.01947866554852,78.97939327962942
64,81.00011334708093,78.99011207848018
64,81.01624131085323,78.98211948141396
64,81.00219229586503,78.97698943733464
64,81.01122430239974,78.98027208977561
64,81.01186428654275,78.99013389960281
64,81.00758712211368,78.97060602334017
64,80.99912617091752,78.98469012923708
64,81.0030457329979,78.97665515993847
64,81.00202408601803,78.98673702421935
64,81.01345223022125,78.97851304534402
64,81.01386871388246,78.99168369256749
64,81.02016589695002,78.97640271509397
64,80.99764805293493,78.98286161158534
64,81.0069314404712,78.97024726311614
64,81.00975722566271,78.96934258814342
64,81.0058423743381,78.9830436837399
64,81.01905831524083,78.97366510173019
64,81.02036225805887,78.97004257121803
64,81.00927613694233,78.98433658211202
64,80.9990700344422,78.98916336708712
64,81.02221596141192,78.97932733200828
64,81.01149356041498,78.96864061281813
64,81.0227901034574,78.97517804169645
64,81.01328530432471,78.98775571621418
64,81.01917067853198,78.97422052441551
64,81.0225359859486,78.97963057624162
64,81.01485923397321,78.97260767863492
64,81.02544755925572,78.98795634691811
64,81.01377851214026,78.98998004150204
64,81.0196247828406,78.99228161130988
64,81.00395704938946,78.97304540419529
64,81.01948559560962,78.97308841493441
64,81.0067527182202,78.98205361471354
64,81.00863451902073,78.9752176795024
64,81.01454135705987,78.97339383267955
64,80.99703227531941,78.98827863775078
64,81.0073059645306,78.97148998147765
64,80.99716828186808,78.98778203344418
64,81.02136130298236,78.97704579881896
64,81.00870311163835,78.96779454634849
64,80.99881765862996,78.97554010093394
64,80.99866599824558,78.9799919777713
64,81.00985769562011,78.9842346468391
64,80.998342300557,78.98605499262753
64,81.01437109531554,78.9776840988586
64,81.01000968588598,78.97121220112363
64,81.02507443687995,78.97553325396426
64,81.00395542500017,78.98674638896524
64,81.01509176014959,78.98961797243784
64,81.01209309953694,78.99190420223617
65,81.000133206232,78.97870233200062
65,81.01227082009233,78.97210326804533
65,81.00895473977252,78.97405438151968
65,81.01113815266577,78.98716705665808
65,81.01122457708367,78.98842909116439
65,81.01288345041549,78.97845655090347
65,81.0059542099737,78.97352846522996
65,81.00184753963575,78.981530263515
65,81.00728419797072,78.98666224643466
65,81.02634073173293,78.98405633903144
65,81.0150059899509,78.9880333345262
65,81.00409884043843,78.97499533656323
65,81.01197447684773,78.96816952460519
65,81.01186977782903,78.99147300910064
65,81.02596467061474,78.98866834419063
65,81.00266806573465,78.98463391573416
65,80.99787669097076,78.98959025924717
65,81.00758712211368,78.97060602334017
65,80.99910087371006,78.9786656088431
65,81.00658231266219,78.97535211296449
65,81.00937376872024,78.9848170773838
65,81.0067262231355,78.9777876126593
65,80.99769855954409,78.98848438864373
65,81.0130095987575,78.96958477706099
65,81.01608923183548,78.99111757866761
65,81.02595831840517,78.97799446383691
65,81.01454177131943,78.97539453664308
65,81.02185432413032,78.97158109175543
65,81.00082683553384,78.97183492080383
65,81.01374508269531,78.99715397502582
65,81.01153114214073,78.98275651275914
65,81.0186246625057,78.97970734988019
65,80.9994102465788,78.98469159030353
65,81.01896481883546,78.97471717238288
65,81.01591052457023,78.98549548165981
65,81.02579151733602,78.97903871890334
65,81.01559646320227,78.96937533292282
65,81.0053535083762,78.98258511549719
65,81.00121898576269,78.98731724974328
65,81.01082117464917,78.97202487436358
65,81.00220547786839,78.97883625455975
65,81.00223260246527,78.98796199486902
65,81.00316694030306,78.97270715122701
65,81.02150806025584,78.97920518007417
65,80.99910087371006,78.9786656088431
65,81.00387116472953,78.98871735839916
65,81.00806187660547,78.97717033785356
65,81.0065853530592,78.97355054185472
65,80.99856874694683,78.98350171487309
65,81.01008523849711,78.97086750803213
65,81.01194704527762,78.97505158279345
65,81.00250478429291,78.98420514024913
65,81.00391905273182,78.97101466946087
65,81.01623665864291,78.98584607333866
65,81.02209179095384,78.98432495803165
65,80.99748641652944,78.98378039253716
65,81.02543117769622,78.97925770405509
65,81.00563806991535,78.98870370299622
65,81.02410980595648,78.98372164881071
65,81.00779046826744,78.9894685025532
65,81.01555679271895,78.97538984417508
65,81.0078922294851,78.9684921504523
65,80.99894566237978,78.98172762411578
65,81.02120045349002,78.97690705994742
65,81.01547125852109,78.97904969191595
65,81.02314704480968,78.98124172512347
65,81.01605229095883,78.99456207225496
65,80.99738329861883,78.9867047496105
65,81.00085097508462,78.98676700063335
65,81.0008198116654,78.98739961908315
65,81.00292191255078,78.99143899431014
65,81.00830765290233,78.97749811815818
65,81.00554263100007,78.97319650907632
65,80.99935278719131,78.9813763425384
65,81.01519191994385,78.97247182318202
65,81.01199339112591,78.988086554229
65,81.0223126396599,78.98800909381968
65,81.01130730379829,78.99235209106405
65,81.00827997891993,78.96993237213042
65,81.00664858500022,78.99065795561008
65,81.01864597557093,78.9966140678018
65,81.02544755925572,78.98795634691811
65,81.00466858918169,78.97709055159922
65,81.01689877127859,78.97802726084291
65,81.01706492739032,78.98239175804416
65,81.01028223580256,78.98285296367519
65,81.00119050081732,78.9732463598085
65,81.01405209867373,78.96898435812349
65,81.01207493571025,78.99781432264169
65,81.00355235973585,78.98389025921261
65,81.0120860988133,78.98681840962242
65,81.00534147753764,78.97901006409701
65,81.01125084327897,78.99294906015047
65,81.00070750188469,78.98430963775456
65,81.01014623780317,78.98495066314565
65,81.0037597750406,78.97034279065542
65,81.01643016327745,78.99461647097395
65,81.00331731814833,78.9902407943784
65,81.02410652465036,78.98268734887684
65,81.00960205501381,78.98291322773329
65,81.02430120085288,78.98579399831858
65,81.01365344650162,78.96919250962173
65,81.00472384375577,78.98462075640339
66,81.00134618918453,79.00961377165437
66,81.01543923678787,79.00793350383032
66,80.99365699388375,79.00778877289305
66,80.98757624338974,78.99541025750365
66,81.00383436123202,79.0133042882514
66,81.0095620716854,79.01228749172213
66,80.99068855425547,79.01503971094542
66,80.99044974398824,78.99946263126905
66,81.01300049827275,79.01164952728887
66,81.00373554990983,78.99144605968542
66,81.00765216200824,79.01734880409177
66,80.99883502658257,78.99263727595655
66,81.00961448855014,79.00031530754961
66,80.99874362085322,78.98919374588364
66,81.00933554332141,78.99893992583881
66,81.00733971982692,79.00067916409927
66,80.99161747902987,79.0112007145945
66,80.99572880705371,78.9891742987394
66,81.00338760313143,78.99042213633886
66,81.00496972010518,78.99252618352939
66,80.99744091013451,79.00819449325058
66,80.99686224677794,78.9980624888024
66,81.0075958993404,78.99944780079515
66,81.00462210903248,79.0142377197835
66,80.9916044860354,79.0119613641388
66,80.99768534555223,79.01567902044323
66,80.99972258036215,78.99461176750125
66,81.00630283645958,78.9942960016205
66,81.01119937286653,79.00429785377136
66,81.00662977152214,79.0113646121475
66,80.99196965245311,78.99257847943113
66,80.98997645160905,78.99388978618748
66,81.00299674314563,79.0074957736253
66,81.01023776513726,79.00707409874826
66,80.9986104683117,79.01139698357042
66,80.99971806554575,78.99158046696132
66,81.00666567387348,79.01666439343272
66,81.00436224442687,79.01338974691396
66,81.0049496637853,79.01208480334707
66,80.9999848188455,79.00500387583298
66,81.00084076636284,79.00171158819431
66,80.99649328658529,78.99150319669722
66,81.00220946919194,78.9954888832094
66,80.99465352411359,78.99272419768008
66,81.01446797006187,79.0061296450507
66,81.0111441145134,78.99199972983195
66,80.99814241484722,79.01285913487305
66,81.01458146592117,79.00313375344494
66,80.99281980745947,79.00654960698894
66,80.9899362853849,79.00802053533506
66,80.9886678833515,79.01192861614801
66,81.00220750063254,79.0024079708043
66,80.98999474593445,78.99296560979053
66,80.99424543762387,79.00155588805694
66,81.0153288322173,78.99728520150504
66,80.99740330526656,78.99549790499611
66,80.99717512697056,79.01261528616247
66,80.99702930213431,78.99160956835395
68,80.99324189594904,79.0014564465197
68,81.00418031117468,78.99195604934586
68,80.99598077600596,78.9904569962555
68,80.99986170497402,79.01271018034491
68,81.00340925041971,79.01099457792644
68,81.00176117355171,78.9950893437604
68,81.00632536699521,79.01031600642517
68,81.00356312850373,79.0025159313531
68,80.99606731418996,79.00716336514823
68,80.99960695750487,78.99043170493404
68,80.9883128748945,78.99580784559411
68,81.00879378997436,79.00545751220973
68,80.99223019752577,79.0090490087459
68,80.98702649507732,79.00813832489068
68,81.00390904934277,79.01476164395845
68,80.98967965957988,78.99264879755373
68,81.01383371594889,79.00088177922763
68,81.00266119725616,79.01204811079397
68,80.99089728353877,78.99801957370791
68,80.99563171688024,78.99579235767757
68,80.99703612915056,79.01853850778316
68,81.00146903625256,79.00194063582768
68,81.00270286241917,78.99619389313904
68,81.00790210600161,79.00749973287311
68,80.99596037573893,78.99908645531818
68,81.01486424710052,79.0009748515503
68,81.00048022240622,78.98851934127715
68,80.99044290025553,79.00228166488924
68,81.0088900893524,79.00275523269475
68,81.01390289317942,79.00245518217199
68,80.98867773673648,79.00558549697594
68,80.99988845010469,79.01507875415236
68,81.00052153787634,79.0102063856443
68,81.00965128872414,78.9992566780728
68,80.98987433275776,79.00833852181654
68,81.00020258154517,79.00794522103601
68,80.99083412768795,78.99553889003535
68,81.00597464391664,78.98941309039779
68,80.99389446125873,79.00308375883534
68,81.00803542709228,79.00084158057737
68,80.99254905299853,79.00593949015449
68,80.99302732620951,79.00207783569417
68,81.0014087426642,79.00770664082086
68,81.00637986540174,78.99058862455259
68,81.00162082702124,78.99792576782944
68,81.00481621652625,78.99782788260178
68,81.00176117355171,78.9950893437604
68,81.0039678443064,79.00925091112765
68,80.99844019081868,78.99541829113636
68,81.0034356680134,78.9920947284176
68,80.99117153528984,79.01219916921144
68,81.01471085657715,79.0016791547248
68,81.00951941309002,78.99327711369982
68,80.99272338973795,79.00839476784924
68,81.0061246698271,78.99576327178217
68,80.99290343287798,79.0153842164464
68,81.00412587822028,78.99069121231402
68,80.99755328147577,79.00895497631203
68,81.0110483130914,78.99485331104923
68,81.0022829837481,79.01657601828909
68,80.9919341365369,79.0137591593669
68,81.00648276549234,79.01084982078241
68,80.99339021918433,78.99821908551579
68,81.0004646833958,79.00205638448445
68,80.99674676150727,78.99400175873218
68,80.99844019081868,78.99541829113636
68,81.00523255361243,79.01080992124639
68,81.00231378084615,79.00196217415068
68,81.0088440347127,79.01518526093032
68,81.00261373184638,78.98861183667749
68,81.00558762133956,79.00634180831479
68,81.0028069009238,78.99360813491502
68,80.99181489628768,79.0125290754264
68,81.01095372024956,79.00818671560923
68,80.99011998160161,78.99974314028667
68,80.99953645122056,79.01095119261709
68,81.00307429081082,78.99593541322896
68,80.98652855093412,79.00138426824024
68,80.99090105321571,79.00204370794081
68,81.00516478717459,79.01423933617245
68,81.00991666602253,78.9990962449545
68,81.01397729161661,79.0048061792956
68,81.0003695190413,79.0175671187725
68,81.0141306007391,79.0009711359984
68,80.99300384791496,79.00253558622141
68,81.01543443973664,79.00488715464917
68,80.99934788624132,79.01589847117212
68,81.00411964566413,79.00252574936611
68,80.99885773158131,78.99631663937015
68,80.99657352672496,79.00966715223034
68,81.00514455882166,79.00048309724465
68,80.99342554187392,78.9898575091235
70,80.98659446419735,79.0233682915211
70,80.98885385546765,79.00117127453471
70,80.97704624813043,79.02084190477392
70,80.98008596196202,79.0259092703746
70,80.98970012090587,79.00948405057868
70,81.00091568005509,79.00931305274221
70,80.98902427349653,79.0264990534295
70,80.97602246847575,79.00718754381344
70,80.97698174182091,79.02309707686184
70,80.98543332567736,79.00411448662358
70,80.98472692917746,79.01187638642433
70,80.97895027060599,79.02360605184332
70,80.99038253979442,78.99949933892275
70,81.00064595788943,79.01858320715804
70,80.99090105321571,79.00204370794081
70,80.99831605038578,79.021761904173
70,80.98205130291632,79.01687330581706
70,80.9860628556389,78.99857811728117
70,80.99638830283715,79.00765609755516
70,80.9793547307258,79.0095952860931
70,80.98140353669164,79.01425567718138
70,80.98870383664364,79.01752699063252
70,80.99004525925021,78.9994131854474
70,80.98375724579164,79.02056005201732
70,80.99472721078183,79.02401970091954
70,80.98992122713246,79.00829769851791
70,81.00075678350318,79.0050578068109
70,80.98119382905531,79.01424058791628
70,80.97508542880892,79.01401329774424
70,80.98265417196185,79.01316438029816
70,80.98371708829133,79.00146496509878
70,80.98686153103843,79.00673279358698
70,80.98345480479502,79.02529208456767
70,80.98884830627613,79.009355128113
70,80.97559698002577,79.00245880985398
70,80.99117482912696,79.0039954959788
70,80.98489388633713,79.0124404794918
70,80.98821033488782,79.00966871210665
70,80.97780340988386,79.00786658802699
70,80.99877388631666,79.00286499421593
70,80.98906010234319,79.02413775092624
70,80.99324349048332,79.00515013579228
70,80.9849731314205,79.01108911610565
70,80.97609093817601,79.01682988753424
70,80.97625876674665,79.00059051701378
70,80.99550961744532,79.01191131806175
70,80.9906111170486,79.01071129151454
70,80.99313415831689,79.02489831635543
70,80.99656247977818,79.01443013411938
70,80.99496210532035,79.01946852166937
70,80.9873045505975,79.00663239546876
70,80.98132674833523,79.01101980380253
70,80.9852592202819,79.01016149185607
70,80.99038253979442,78.99949933892275
70,80.98879606280592,79.0079139748887
70,80.99725736883508,79.00520307447434
70,80.97725252003248,79.00199958613989
70,80.98229823303407,79.01280381791398
70,80.99376481542339,79.02537749024206
70,80.99648873234206,78.9998836499542
70,80.99828610362287,79.00117418725017
70,80.99011368666761,79.00250958347458
70,80.99143388816914,79.00117708770412
70,80.98208749295878,79.00336070432084
70,80.98845675115808,79.02459794028186
71,81.01653801533158,79.0018356391854
71,80.98848235034373,78.99929746800053
71,80.99419862286388,78.99499262188829
71,80.99538545767032,79.0086227362115
71,81.01523438005826,79.00080750450032
71,80.99948259990973,78.99678990546595
71,81.01473377263427,79.00032329438864
71,81.01306704550095,79.0073896188569
71,81.0025214289181,79.00950997846228
71,80.99996506874103,79.00760751008455
71,81.00248596173812,79.01852379145267
71,80.99601387023992,79.00951543872615
71,80.98721957620823,79.00450050300377
71,81.00949178588617,79.01572212980349
71,80.98775044811451,78.99683982812553
71,81.00242781544561,78.99485010341633
71,81.00237065027991,79.01025873279644
71,81.00033705872674,78.99505186604979
71,80.99502054251808,79.00798225132161
71,80.9987240071479,79.00590591935843
71,80.99835157079109,79.01761988515557
71,81.00275644141945,78.99853028914289
71,81.0048900970369,79.00240404259235
71,81.00636568075552,79.01814314114233
71,80.99019482356091,78.99877659339991
71,80.99925351503443,78.99772913714764
71,80.98702996240567,78.99712932819173
71,81.003409079279,79.01109251370163
71,80.99960695750487,78.99043170493404
71,81.00852247398988,78.99057489100602
71,80.99531263066169,79.00420762150503
71,80.99912695145156,79.01655968215532
71,81.0009436474641,78.9904678260833
71,80.99083857638824,78.99211252984557
71,80.98655334305401,78.99726331772726
71,80.99072562684383,79.00366848623355
71,81.00398653769714,78.99607423124034
71,80.9938720373744,78.9924944819873
71,81.01071826483678,79.01281869668887
71,80.99944514059082,79.01467949451896
71,80.99877213258445,79.0080197714625
71,81.00131012767402,79.00622644185867
71,80.98606926315968,79.00793640711007
71,81.00055024839776,79.0110695328431
71,81.01510337781822,79.00588929352581
71,81.01177036207929,79.01394060786531
71,81.00462704813334,78.99561507689258
71,80.99925992712113,79.00719814460012
71,80.99462645196313,78.99328280735816
71,81.00944800007724,78.99563496941501
71,80.99473468512636,78.99494249751118
71,81.0143903834965,78.99866275743096
71,81.00911149653952,79.00335613470395
71,81.00350225533607,79.00451725327862
71,80.99847757314868,78.99982111247583
71,80.99438502226754,79.0064670071486
71,81.00381362703537,79.0120425625332
71,81.0040364364352,78.99198594736741
71,81.0062955725702,78.99709184062043
71,81.0027008279644,79.00351796325793
71,80.99135634462381,79.00753411002205
71,81.00625114399928,79.0015175261233
71,80.99550057475788,79.01409475565637
71,81.012187570961,78.9991463649649
71,80.9930995971325,79.01400420505342
71,80.99741128162897,78.99960334195546
71,80.99927597769263,79.01448137747373
71,81.00256844793884,78.98976402704314
71,80.99302832019659,79.01206967454912
71,81.0054253107588,79.01554989680224
71,81.00134618918453,79.00961377165437
71,80.99170021129737,79.00043779036699
71,81.00308246237968,79.00178818329427
71,81.00032403758786,78.996323622113
71,80.9911055041318,78.99787956462905
71,81.00052153787634,79.0102063856443
71,81.01011721014571,78.99771968187339
71,81.00478867942388,78.99484386027326
71,80.987287908195,79.01082544816197
71,81.00995966622385,78.99156699025195
71,81.00396295364801,78.99288853641448
71,81.00654668004616,79.01569130659189
71,80.99923861492769,78.99038508407122
71,80.99286506881779,79.01409491982287
71,80.9880383764623,79.00810322303718
71,80.99681213542185,79.0053978143812
71,81.00775071933423,79.00848835178464
71,81.0081394339861,79.0161959273374
71,80.98957979882408,79.00619964860554
71,80.99300177980946,79.00502817047585
71,81.0086134019326,78.99565274968289
71,81.00298523482552,79.0025637488319
71,81.0080951540652,79.0044425683155
71,80.99827039162078,79.00279766039992
71,81.01383966875372,79.00098165452589
71,81.00372967968323,79.00501905003674
71,80.99373383225968,78.99266241337087
71,80.99897534378266,79.01448933857147
71,81.00612023434923,79.01708107237445
71,81.00962710869017,79.01412785145416
71,80.9938720373744,78.9924944819873
71,81.00024834886163,79.00683658978673
71,81.00167798277262,79.00514835836083
71,80.9984814718188,79.0139388933358
71,80.9952577550499,79.00203045038398
71,80.9967543834083,79.00590294071878
71,81.01011575621287,78.99400588143013
76,81.00921657358327,78.99169357073575
76,80.998731880672,78.99062563404816
76,81.00090247085554,78.97176758974199
76,81.01096605619112,78.98550098828187
76,81.01899218449732,78.9871749385935
76,81.00439190430147,78.99541665442983
76,81.00221795217053,78.97969044395262
76,81.01763959766043,78.97892846623331
76,81.01625131312153,78.99008437494676
76,81.0103943094131,78.99808497194323
76,80.99794069349628,78.98884712373274
76,81.00346887898847,78.99628735661926
76,81.02114608064394,78.98609995370235
76,81.01118756795952,78.99746810344752
76,81.01086904757419,78.9754078050489
76,81.00510041733119,78.96875283707776
76,81.01385214478012,78.97573672701627
76,81.02119119626371,78.99015431050123
76,80.99910087371006,78.9786656088431
76,81.0063384152746,78.9864202436265
76,81.0058423743381,78.9830436837399
76,81.01563136100543,78.9777240407389
76,81.01122994157141,78.97865412159804
76,80.99700645561752,78.98171156475051
76,81.01616431225644,78.99623947077954
76,81.01727339689211,78.98926972826152
76,81.0088798639423,78.98101624107274
76,81.00225130578212,78.9898537763451
76,81.00877306971921,78.98589552906445
76,81.01362125755517,78.98074951361458
76,81.00495642995604,78.97167451751449
76,81.01027900543724,78.97847116881115
76,81.00643909196816,78.97286925805517
76,81.01826719060455,78.99623668350976
76,80.998342300557,78.98605499262753
76,81.0132838916575,78.99235569641492
76,81.01718661049706,78.96950692827706
76,81.01464478825015,78.99263851387691
76,81.01537786313372,78.98306401043587
76,81.00931659986921,78.98990183151618
76,81.0123884922278,78.99509012600068
76,81.019875814223,78.9723812772449
76,81.01257223101378,78.99039517709511
76,81.00880358301629,78.99652834946419
76,81.02270541067045,78.97328514973104
76,81.01482335603839,78.98727983465912
76,81.01577723596931,78.98458128187424
76,81.01180152867255,78.9962367929741
76,81.02147639549624,78.9917285616488
76,81.01489795119657,78.98389234154274
76,81.01479862129095,78.96957226170976
76,81.00281867549664,78.97900075666497
76,81.00549916356493,78.97412904352367
76,81.02123420277438,78.97619233187335
76,81.00124056548064,78.98256423436952
76,81.00338603460384,78.98954216953098
76,81.006144550136,78.97993509312101
76,81.01799510482932,78.97606026807425
76,81.01292662190596,78.97293941352919
76,81.01489795119657,78.98389234154274
76,81.02607744110834,78.98340731387607
76,81.01101791452588,78.98172632083948
76,81.0194858768923,78.98237388077824
76,81.0133568684014,78.97998263077648
77,81.0083920952511,78.97510403153551
77,80.99835147938967,78.97620630513872
77,80.99835147938967,78.97620630513872
77,81.01113340719822,78.99191203860518
77,81.00526870609617,78.97544251349372
77,81.00764937185211,78.99099044753146
77,81.01079067862702,78.96780666674557
77,81.01227066232447,78.98584167310908
77,81.01391936988922,78.99118272192459
77,81.00262318279228,78.9776710289103
77,81.02199782037897,78.98994270991899
77,81.01934452030866,78.97220824979338
77,81.00591763221995,78.98175719952073
77,81.00266240544956,78.98074872999793
77,81.01201648093476,78.97212495053519
77,81.02719985012004,78.98338728912508
77,81.01493780803328,78.96827017011573
77,81.02299714004117,78.97284687273552
77,81.02156433588381,78.97403916653006
77,81.01000775019844,78.97944957851044
77,81.01519191994385,78.97247182318202
77,81.00849244234718,78.97514559887917
77,81.02335008070736,78.97879097120985
77,81.00295005156276,78.98144077107912
77,81.01432427806539,78.98956849195136
77,81.0132870422391,78.98841782099996
77,80.99971131139988,78.99280830413865
77,81.01982259876935,78.97677165072086
77,81.01078895643495,78.97407806340209
77,81.00799171651767,78.97967956083234
77,81.0040117085602,78.99351888963713
77,81.00151262355428,78.98914121829299
77,81.01326914912237,78.98905956239466
77,81.0186203125741,78.98648953872082
77,81.01451239209773,78.99345770103832
77,81.01361033989475,78.96968307349314
77,81.00110401932002,78.98491298763723
77,81.02037140924503,78.993392656305
77,81.02178903649327,78.98576397410717
77,81.00450634296114,78.99091125478382
77,81.00434963268617,78.9846867414436
77,81.00170413965625,78.97264949316877
77,81.01519749748066,78.97654755514955
77,81.0007643440957,78.99300508367672
77,81.02657695536222,78.98054474764876
77,81.00751965965625,78.987475559363
77,81.02550924206034,78.9778374414409
77,81.00147728589226,78.9800742344481
77,81.00406715968107,78.98735086250717
77,81.00347847194128,78.98105785088441
77,81.01648571861644,78.99649334308272
77,81.0193484979753,78.98698183659884
77,81.00255441891257,78.98175073669353
77,81.0069657554186,78.97425060897318
77,81.01648571861644,78.99649334308272
77,81.0062634719742,78.99102739719649
77,81.01971289172674,78.97914608221383
77,81.02554181661401,78.98967979318749
77,81.02345160937777,78.99247197888153
77,81.0051086667014,78.9761548390388
77,81.02014231578295,78.9737177095149
77,81.01966060342188,78.9767786102031
77,81.00597464391664,78.98941309039779
77,81.0016638309472,78.97948210316558
77,81.02615349708586,78.9782934519139
77,81.02036225805887,78.97004257121803
77,81.01457813718841,78.97528522910781
77,81.01487335240391,78.99758740589917
77,81.01504181476993,78.97415843275196
77,80.99871533112066,78.99071133577867
77,81.02579174135725,78.98251935181128
77,81.00460586362071,78.99382019915859
77,81.01227790728015,78.99398940455286
77,80.99752309770305,78.98296946793559
77,81.01557270534876,78.99095558046115
77,81.01995761254261,78.99046596175815
77,81.01298798791676,78.96764879149818
77,81.00110257226153,78.98770105201659
77,81.01933147761955,78.99421805416915
77,81.00739529088365,78.98584073869554
77,81.01383518685805,78.986527182724
77,81.00419358625349,78.97874920190905
77,81.02682551850845,78.98567765996712
77,81.0125423081401,78.97942297484018
77,81.01346232425806,78.98498555489465
77,81.01116335921665,78.99642117473495
77,80.99772278154941,78.98566018009635
77,81.02205231845707,78.983574060132
77,81.00643909196816,78.97286925805517
77,80.99774265740503,78.98997862979753
77,81.00828101381951,78.98055721878737
77,81.00968608509828,78.997092554957
77,81.00495642995604,78.97167451751449
77,81.01783458310109,78.97337384880953
77,81.00274562758756,78.97506390729505
77,81.019875814223,78.9723812772449
77,81.01493432541933,78.99454161873655
77,81.01637745685082,78.98899735077794
77,81.01471415513426,78.97849986803153
77,81.01836036623712,78.99321070339606
77,81.00637316205655,78.98585749002073
78,80.99923970616493,78.98325512777272
78,81.00202408601803,78.98673702421935
78,81.01477969665379,78.98082880592858
78,81.00292720898341,78.97107661429423
78,81.00712051552539,78.99089955940038
78,81.01381216821386,78.98512697092757
78,81.00952178125033,78.96980172288505
78,81.004209230958,78.97980207870381
78,81.01757902145557,78.99601078955867
78,81.01143560944709,78.98242648328832
78,81.01700741916206,78.98914369424193
78,81.0035162434372,78.9834755358219
78,81.00010946049,78.97582192766555
78,81.01841877514906,78.9796393955854
78,81.00591002722082,78.96861524410211
78,80.99836738970342,78.97699049488779
78,81.0235022123597,78.97314672074589
78,81.01240225717524,78.9726875771921
78,81.02188740802595,78.98643834870228
78,81.0013226295186,78.9832945156799
78,81.00627898764118,78.98537527229362
78,81.0054270306241,78.98717901526052
78,81.02110097527463,78.9941812766562
78,80.9990580785406,78.9811537500414
78,81.01832112761561,78.96988380923887
78,81.02401582072284,78.97338326402986
78,81.01423268958683,78.99229929899167
78,81.02421233868046,78.98705996197046
78,81.01541503665675,78.99097097847769
78,81.01808723649702,78.980346927139
78,81.00251227900301,78.97860912764607
78,81.0039808095828,78.97466495782255
78,81.01270601267031,78.98404070279614
78,81.0092058584717,78.97617461522297
78,80.99876492328742,78.97938673990583
78,81.00620988238897,78.97454077533195
78,81.02024014566682,78.98094502902929
78,81.00124664603578,78.98490221062244
78,81.01677713095411,78.99125518974154
78,80.9974417863301,78.98298340454767
78,81.01197447684773,78.96816952460519
78,81.02064185973713,78.97850034266375
78,81.0108249232621,78.97189324851375
78,81.02062792239863,78.97768582272184
78,81.0218699966481,78.97171379757553
78,81.02525236270458,78.97710632292923
78,81.01849056291498,78.97774603703085
78,81.01254147841249,78.99010166430476
78,81.00721023501349,78.97801924059999
78,81.01785700439457,78.98532699795453
78,81.01818117360627,78.9891495637479
78,81.01488498658605,78.9745849740793
78,81.01027900543724,78.97847116881115
78,81.00448609920508,78.97705404362127
78,81.01431676042705,78.97513125675066
78,81.01176310981424,78.99419140268536
78,81.00797380112489,78.96940255199104
78,81.02278065974826,78.9929370253108
78,81.01247403524134,78.96862358382946
78,81.02114079788898,78.99001816857277
78,81.00833160354924,78.97708989969512
78,81.00509394397235,78.98342694807879
78,81.01916712946341,78.9951980464006
78,81.02125131450114,78.99193970729071
78,81.00589070500419,78.97858509648215
78,81.02125824465631,78.97844360885955
78,81.01115830422209,78.99033948340276
78,80.99874362085322,78.98919374588364
78,81.0214017156355,78.99446109776075
78,80.99764892339046,78.9758802263531
78,81.00689463706709,78.98533279614426
78,81.01979216315048,78.98292972439559
78,81.02358147595793,78.97400267049206
78,80.99693166398562,78.98190973072624
78,81.01322642988686,78.99716408214297
78,81.0024600537132,78.99306576198802
78,81.0033050862523,78.97556941833963
78,81.01594708209288,78.99604359162447
79,81.01080991086879,78.98632374195311
79,81.01425624274081,78.9821773822691
79,81.0156682189204,78.98451568038195
79,81.00423284444064,78.9723255724964
79,81.00146775986971,78.9840355963838
79,81.02444958120364,78.98010478370098
79,81.01677070192967,78.97489528381689
79,81.01332502093538,78.9692077302552
79,81.01452363684106,78.98033448929627
79,81.01691523793991,78.96843727746742
79,81.00905696119884,78.97012343731812
79,81.02621681839953,78.98361208183219
79,81.00897535692218,78.98034634156137
79,81.01440360907974,78.99673534395244
79,81.00756376809984,78.99129073675817
79,81.0123884922278,78.99509012600068
79,81.0062210648631,78.97912761921022
79,81.01514759816816,78.98409658949927
79,81.01036252535285,78.99396319914874
79,81.02539348968742,78.98456350359201
79,81.00880358301629,78.99652834946419
79,81.0125892177904,78.9969962136761
79,81.00208934561182,78.97318381732318
79,81.01747140346802,78.97415770444293
79,81.02104855887416,78.9754579873232
79,81.02117440678848,78.98672293543937
79,81.00374492455727,78.9783582844395
79,81.00338760313143,78.99042213633886
79,81.02664541365053,78.98139250162721
79,81.02052585170775,78.98033797117898
79,81.00121898576269,78.98731724974328
79,81.0216746921557,78.98188297645977
79,81.02518371828717,78.97612554491509
79,81.01331700337698,78.98529563393666
79,81.00577403648853,78.98564326528704
79,81.01540285866501,78.99816454026683
79,81.02253292850911,78.98075618417772
79,81.01474573428759,78.99027064533891
79,81.02243597262085,78.98868421056363
79,81.00507647124788,78.99409886328274
79,80.99620368568522,78.98583626353785
79,81.02123420277438,78.97619233187335
79,81.00016080394172,78.97836870491176
79,81.01712207684334,78.97084862243152
79,81.0073908993554,78.98443226985712
79,81.01295144056388,78.9939823285015
79,81.0222175464873,78.97711373018777
79,81.00186072030668,78.98738828004586
79,81.00746742137812,78.98945731810328
79,81.0141378260271,78.98309484095337
79,81.00997321718432,78.97676129637796
79,81.01488517650232,78.968369568105
79,81.00984324071878,78.9882827260369
79,80.9974417863301,78.98298340454767
79,81.02096376762985,78.9830778687545
79,81.01454300672573,78.9791221356763
79,81.00721023501349,78.97801924059999
79,81.0033734796804,78.98420742444341
79,81.01095957306903,78.96922445986519
79,81.01832112761561,78.96988380923887
79,81.00938736692491,78.9735014197056
79,81.01105431740814,78.99334226480511
79,81.01833068842996,78.97094741248053
81,81.02166274073015,78.97744168173918
81,81.00424555950362,78.9953669279308
81,81.0108249232621,78.97189324851375
81,81.0028069009238,78.99360813491502
81,81.01588118633371,78.99330027074956
81,81.00313079145002,78.98312771209226
81,81.01041200280203,78.97840633033599
81,81.01637745685082,78.98899735077794
81,81.00220591327866,78.99367830550965
81,81.02035498617664,78.99350848681325
81,81.02289996479182,78.99207175923559
81,80.99863513845717,78.97684233348238
81,81.02679781864829,78.98002755802744
81,81.02125824465631,78.97844360885955
81,81.01374025597435,78.98519788552728
81,80.9960527031824,78.98230195345685
81,81.0088798639423,78.98101624107274
81,81.00325921534758,78.98505263883939
81,81.00591969306983,78.97239817144208
81,81.00534147753764,78.97901006409701
81,81.01012586980174,78.98261653808235
81,81.01446558464013,78.98230142984045
81,81.02050629907123,78.97339928720321
81,81.0194207684677,78.98375233862453
81,81.0193484979753,78.98698183659884
81,81.00378804698494,78.97230459285336
81,81.01101769319534,78.99464665298241
81,80.99764892339046,78.9758802263531
81,81.00973709817109,78.9826848908422
81,81.01245995074447,78.97257964296762
81,81.01732936123476,78.98561801030566
81,81.02568610474813,78.97801607427658
81,81.02573024477319,78.97983487956891
81,81.01658275315695,78.98225610981233
81,81.01773248598192,78.97666534287919
81,81.02049642002348,78.97251970569347
81,81.00170413965625,78.97264949316877
81,81.0213345314963,78.99066202817262
81,81.01541503665675,78.99097097847769
81,81.02222939372307,78.98864820840107
81,81.02574871424677,78.9840770906004
81,80.99943404246962,78.98930059209223
81,81.01752860140975,78.96857992378595
81,81.00471295314235,78.99551823381026
81,80.99680764327941,78.9831032885247
81,81.01735122846647,78.98712890629481
81,81.01598385829777,78.99602453785455
81,81.0085344511938,78.98401291735796
81,81.01256553104648,78.96843344986588
81,81.01637745685082,78.98899735077794
81,81.00334678320674,78.98714372235088
81,81.0050382648992,78.97475371513156
81,80.99911832053101,78.99093149991047
81,81.01737865068412,78.9750678071157
81,81.02281652431972,78.98776081695185
81,81.0227215503904,78.97772335929453
81,81.01295555282867,78.98493163473469
81,81.01429033836268,78.99351169508373
81,81.00919220023995,78.98014063754869
81,81.01761914415704,78.98546117709667
81,81.02399363282761,78.98559419266032
81,81.01868425566745,78.9737730640945
81,81.00500080754036,78.97056900859371
81,81.00514365594556,78.97861769136375
81,81.02162366025246,78.9944375110813
81,81.01322642988686,78.99716408214297
81,81.02296421954222,78.9753902709431
81,81.01283569440545,78.99378691333754
81,81.012075274843,78.97362812754437
81,80.99865163031124,78.9905090763898
81,81.00182703271263,78.97589036819956
81,81.00775280785652,78.9774436793925
83,81.00188643163878,79.01240072222404
83,81.00617126302545,79.01030199152483
83,81.0141728067855,79.00756752119764
83,80.99791749708491,79.00894976345644
83,81.00951085831105,79.00954512043067
83,80.99582156218558,79.01003507974661
83,80.99908353194053,79.00342998984935
83,80.99627935473583,79.00792257364547
83,80.98891070106369,79.00834005914018
83,81.00233129069935,79.00601940389836
83,81.00839821317113,79.00803093189549
83,81.01171621411694,78.99294059377638
83,81.00356312850373,79.0025159313531
83,80.99661735140359,79.00381353540833
83,80.9943124799028,78.99949743733464
83,80.98553731925735,79.00120400580954
83,81.00461257373888,78.99808805233806
83,80.99825984334034,79.00164928141967
83,81.00102940652282,79.01600600609304
83,80.994702558922,79.01244373458671
83,80.9953407450842,79.00463094392605
83,80.98798546244771,79.00460935154526
83,81.00372317734674,79.00219468433757
83,81.01534893025008,78.99771658844645
83,80.99988845010469,79.01507875415236
83,81.01322642988686,78.99716408214297
83,80.99551157211441,78.99217754863699
83,81.0086180217953,78.99382161143983
83,81.00852247398988,78.99057489100602
83,81.00450634296114,78.99091125478382
83,80.99671004961108,79.00660087930092
83,80.99630529085341,79.00183407536501
83,80.99098250115625,79.00798296078936
83,80.99936131803857,79.01130172565506
83,80.99539195849309,79.00948421770768
83,80.9943124799028,78.99949743733464
83,81.0094954848372,79.0025596714453
83,81.00187553405631,79.01057081058742
83,81.00767726024321,79.00584284944912
83,81.0147761181018,79.00410749050022
83,81.00485239548841,79.00325222871939
83,81.00655382688143,79.0091447450886
83,81.01247792826581,78.99927551656084
83,81.01600360922933,79.00117900202194
83,81.00350225533607,79.00451725327862
83,81.00892629061259,78.99180147474789
83,81.00620063708796,78.98997275400669
83,80.98924463746977,79.00528220097357
84,80.99604915028695,79.01153082334847
84,80.99543944299538,79.00295837982598
84,80.9815296041875,79.02111592133556
84,80.97991212094135,78.99901189507268
84,80.99718717112808,79.01477747769326
84,80.97590891052371,79.00829815579142
84,80.97578645655234,79.01681689136527
84,80.99208678995537,78.99715474770085
84,80.99032725176052,79.00012805161202
84,80.98303061415685,78.99674300643177
84,80.98312761884526,79.0007703597892
84,80.98542025956577,79.02146125275527
84,80.99339021918433,78.99821908551579
84,81.00038903365352,79.01025256958951
84,80.99278950993904,79.01467827476533
84,80.99637412027799,79.01445289719855
84,80.98001782179219,79.01663970933727
84,80.98338088507452,79.00737180192621
84,80.98139049656439,79.02314523960302
84,80.98823980595736,79.01669574200639
84,80.99169130305465,79.01961734998913
84,80.98610790655495,79.01378190655086
84,80.98585226314393,79.02131669041019
84,80.99770387060668,79.01857158716194
84,80.99115452363183,79.01862595123251
84,80.97689602692184,79.00897407565334
84,80.98232803191814,79.01685884906075
84,81.0024354689086,79.01002586335673
84,80.98360902833501,79.0190100223524
84,80.99925992712113,79.00719814460012
84,80.98878841314547,79.00111286108095
84,80.97504528758095,79.00696334453541
84,80.97363056514891,79.00442088824848
84,80.99278950993904,79.01467827476533
84,80.980590362408,79.01260306200481
84,80.99847478777814,79.00917647916764
84,80.98065601166087,79.01085713611806
84,80.98007431221072,79.00555752421228
84,80.9973465647576,79.00421756054081
84,80.99220663135833,79.0129870979398
84,80.99913292140849,79.02115017879058
84,80.98754164909603,79.0040284373265
84,80.98132677163434,79.00714059826319
84,80.99460452524009,79.00549730911355
84,80.9867324342022,78.99644740822167
84,80.97866996822016,79.02294179181004
84,80.9793000391401,79.02278409034268
84,80.98413603960928,79.02237462336521
84,80.98990963604734,79.01285185295357
84,80.98514382306321,79.00064233454763
84,80.99446336506942,79.01738544891495
84,80.98113075679265,78.99817509326394
84,80.97748800994013,79.01855634749616
84,80.98022958823904,79.0101248463925
84,80.99034412847824,79.01226250210632
84,81.00050271438616,79.01983102274595
84,80.98360286778397,79.01415498503687
84,80.97700472515292,79.01412489758046
84,80.98618196850222,79.02074292762617
84,80.99399643849928,79.02091992928874
84,80.97381631340693,79.01690720616833
84,80.97803781947627,78.99935840978901
84,80.98366887070436,79.0035568967933
84,80.99346216456394,79.02120485654515
84,80.99524085132295,79.01670978286481
84,81.000783086672,79.010842241904
84,80.97702651925532,79.00848858779575
84,80.99435074940385,79.02348655998446
84,80.98904613737038,79.015784353546
84,80.99146665755578,78.99880925066095
84,80.9893705813789,79.00976646814233
84,80.99778979514761,79.01845440846687
84,80.9844593408637,79.0073115315626
84,80.9740547817568,79.00864102476096
84,80.99632011356839,79.0152239906309
84,80.9902661334238,79.01285474811594
84,80.98822885959633,79.02131655686536
84,80.99541836696342,79.02195499703814
84,80.98653846938618,79.02364898125465
84,80.98578230457278,78.99812583691643
84,80.98902219082714,79.02297154319155
84,80.98151542916048,79.01980554695791
84,80.98388238603371,79.01588280777663
84,80.99411203903378,78.99929718558417
84,80.99204872512821,79.00674848101791
85,81.0025214289181,79.00950997846228
85,81.01535682109312,78.99788695183058
85,80.99844677646105,79.00257648013334
85,80.99310734575654,78.99097846636006
85,80.99859204586022,79.005407365124
85,80.99094444965819,78.99894030857682
85,81.00908660189756,79.00315929474921
85,81.008865851852,79.00738770550268
85,81.00740064696964,79.00917851674866
85,81.00909932632501,78.99028504201331
85,81.00349956097202,78.99776501238702
85,81.00550629948584,79.0148982850161
85,80.98748503687962,79.00124284865723
85,80.99802744240883,79.01238863486977
85,80.99399622600109,79.01589399972217
85,80.99459960356717,79.00715202067356
85,80.99037963833602,79.0113983680167
85,81.00377374343346,79.01103467234854
85,81.00637761294156,79.00807445982855
85,80.99652487395726,79.01588065899129
85,80.99869591780445,79.0134411736048
85,81.00911149653952,79.00335613470395
85,81.0042155309641,78.99257041892291
85,80.99607500968806,78.9949387039191
85,80.99044498710661,79.01340057963942
85,81.00030123157923,78.99720111120882
85,81.0110026884327,79.00340481051235
85,81.00503917712562,78.99932490400965
85,81.00231378084615,79.00196217415068
85,81.0014087426642,79.00770664082086
85,80.99937690062428,79.00772843822854
85,80.9903874106281,79.01366156146702
85,81.00527163643432,79.01111423162122
85,80.99526695306872,79.00875861293618
85,81.00893861216906,79.00280918896006
85,81.00492971649118,79.00033851113633
85,80.98918731228628,79.00203593926997
85,81.00692610002804,78.9937028580209
85,81.0090093469067,78.99601292290583
85,81.0032859513599,79.0123297362073
85,81.00637761294156,79.00807445982855
85,81.01235007378833,78.99739573521522
85,80.99097478942384,78.9943339794871
85,80.99735518156795,78.99296491793541
85,81.01304917438397,78.99688781705878
85,81.00444770197312,79.00666408400389
85,81.00921657358327,78.99169357073575
85,81.00596859962519,79.00633800179617
85,80.99943313940112,79.01394163754033
85,81.01074521228742,79.01467266631528
85,81.01483028804466,78.99744781562123
85,81.00397384385039,78.99310662179705
85,80.99178080756099,79.00135917146115
85,81.00093857186361,79.00421032007186
85,81.00783060318729,78.99926018652397
85,80.99902207217215,78.99749548382343
85,80.99190418406337,79.00439929725749
85,81.01470923773118,79.00440644734883
86,80.98383795567118,79.00318038824489
86,80.99172488428897,79.00806899974057
86,80.97426026977277,79.0154348974118
86,80.98072805276978,79.01719271532417
86,80.99657058021442,79.01808921205642
86,80.99197668608018,78.99964608649807
86,80.99005792238465,79.00854092847162
86,80.97327566670111,79.00829241840758
86,80.99601387023992,79.00951543872615
86,80.99262551614595,79.0189069304595
86,80.97998676404035,79.02331561635134
86,80.99417841416675,79.01469663804295
86,80.98984248183093,79.0112164118911
86,80.9901380219645,79.01347934914838
86,80.97748800994013,79.01855634749616
86,80.9846013183395,79.01489784284708
86,80.9741597899581,79.01361504494643
86,80.98371890541702,78.99961092871956
86,80.99629551147264,79.01315066475058
86,81.00143900339125,79.01217704717828
86,80.98222322128942,79.00261120106806
86,80.99112148265384,78.99934044801604
86,80.99882831107945,79.02025395010033
86,80.99335277530574,79.01530079926252
86,80.99123344411004,79.00232194323036
86,80.98035532853129,79.01745564025221
86,81.00061628483778,79.00789374244164
86,81.00115489690059,79.01016427000509
86,80.99705028335947,79.02313205324727
86,80.99208275374433,79.01306647515176
86,80.97805183898534,79.00160186865564
86,80.99643455686255,79.00954870302952
86,80.97308411799892,79.0146196090381
86,80.97225001594461,79.01277907767565
86,80.994893855324,79.0103975489294
86,80.99533863016292,79.01340920937936
86,81.00028637839877,79.00695188733738
86,80.98920088091782,79.02537384595715
86,80.99365975706047,79.02224469627815
86,80.99608027881747,79.00311175099287
86,80.99797027343972,79.02116254734418
86,80.98618196850222,79.02074292762617
87,80.97424284611158,79.01968855917534
87,80.98915561965022,78.99986508860114
87,80.99763989658446,79.00199159084038
87,80.99359339542832,79.00675190112804
87,80.98990963604734,79.01285185295357
87,80.97348393170279,79.01235814647669
87,80.9801808150252,79.01253613672178
87,80.99784318399205,79.00567969649818
87,80.99413815559356,79.00090079691412
87,80.9793545954437,79.0052806962515
87,80.97711416046178,79.01255759412638
87,80.97530344839701,79.00959045315683
87,80.98421552227786,79.01244786474528
87,80.98905723038163,79.00500502644327
87,80.98816358402273,79.01658182940051
87,80.99297140407194,79.00364542159008
87,80.98993585783901,78.99732014786815
87,80.98939961616686,79.01303445181952
87,80.99545981059964,79.01073420725508
87,80.98244492767786,79.00980080571888
87,80.97445640788784,79.00640621112866
87,80.98431144890917,79.00221142879711
87,80.98463963967043,79.02081299785561
87,80.98845788055611,79.01670767432834
87,80.97554525823323,79.00921863561858
87,80.98175599172875,79.00049833648156
87,80.98075390219309,79.00718603794543
87,80.97618316141471,79.01491426332142
87,80.9899362853849,79.00802053533506
87,80.99630400258722,79.0108193669211
87,80.99692133240241,79.01566200206494
87,80.97998676404035,79.02331561635134
87,80.97776962583264,78.9997278599054
87,80.98018791265683,79.00485490803574
87,80.97303909931733,79.01584013100933
87,80.98001852047977,79.01890030916977
87,80.9808915935564,79.01985483983198
87,80.98585918825684,79.02074304006959
87,80.98798546244771,79.00460935154526
87,80.9932424138881,79.0065109981541
87,80.99434854357048,79.0096185367363
87,81.00098485651797,79.01118801000996
87,80.99291622433354,79.0171630391858
87,80.97197767679691,79.01647745943062
87,80.97757975619477,79.0055510697444
87,80.98326401268763,79.0068793440762
87,80.98233882013595,79.00165229733415
87,80.97334214658598,79.00497341106605
87,80.98529432054318,79.00650003763366
87,80.99174867698805,79.00063472297221
87,80.99196369385588,79.02583859755802
87,80.99028611488382,79.02172937727795
87,80.98870383664364,79.01752699063252
87,80.99412199777144,79.01513726941664
87,80.99278086084372,79.0121806098964
87,80.98208026591416,79.01647046084932
87,80.98109691567254,79.00050282594403
87,80.97865700819044,79.00245508895239
87,80.98295496666398,79.02046317203347
87,80.97273840643545,79.00862757598532
87,80.99254905299853,79.00593949015449
87,80.99004796652156,79.01676744263938
87,80.98234457637565,79.01266728812482
87,80.99025799565457,79.01083229468088
87,80.99927597769263,79.01448137747373
87,80.98119918592683,79.01855338671683
87,80.99037615140516,79.0205482146619
87,80.99591247110769,79.0016901997497
87,80.97668002071478,79.01753676152308
87,80.98478400431091,78.99777963129806
87,80.98559964238902,79.00986268232226
87,80.98145177034422,79.02379149538953
87,80.97350551834992,79.01040673771082
87,80.98166453366959,79.0140766597396
87,80.97901447207582,79.01586867233834
88,81.00154526695201,78.99464040863116
88,81.00460924764779,79.01083319186428
88,80.98699215191802,78.99821019455345
88,80.99677195119861,79.00981169432754
88,81.00433456463834,79.01282358382741
88,80.9967183862094,79.00281575716932
88,80.98964954133635,79.00060651818342
88,81.01209568497495,79.00613362951532
88,81.0036657033565,79.00257170535254
88,81.00982864741287,78.99985294045965
88,81.00028433611651,79.0045562306306
88,81.00912307911942,79.01231433805869
88,81.01601650477023,79.00048046053836
88,81.00485780166248,79.01223366040793
88,81.00665136387232,79.01337965657257
88,81.01034894551918,79.00613529248396
88,80.98704979209552,79.00623177020559
88,81.01279771583127,79.00748158318794
88,80.99827936886896,78.99887906931832
88,80.99156334543973,79.00708353441699
88,81.01222564670111,79.00383517161204
88,80.9885391086085,79.00778422332326
88,81.0075958993404,78.99944780079515
88,80.99375549102527,79.01606506989387
88,81.000299502302,79.008963594321
88,81.0127623077303,79.00318577461066
88,80.99681213542185,79.0053978143812
88,81.00057446284008,79.0041190136298
88,81.01069715619879,79.00695519684989
88,81.00903847435417,79.01565876355134
88,81.00005954391712,78.9952873056074
88,80.99072115653196,79.00635360979376
88,81.0135220248948,79.00958737222673
88,80.98939405020197,78.99920583699254
88,81.00012165949377,78.9954173319555
88,80.98856228187161,79.01082289678845
88,80.98938839768313,79.00473034381272
88,80.99404499625642,79.00195625457702
88,81.00229536745067,78.99519854551971
88,81.00691005036458,78.99800297518102
88,81.00483551232699,78.99990809085041
88,80.99206342553097,79.00063386114653
88,81.0039678443064,79.00925091112765
88,80.99962993808231,79.01640043785365
88,80.99765287589562,79.00736033200124
88,80.99879405622241,79.01157583864955
88,81.00671984236743,79.01129195649432
88,80.99160892566336,79.01304191632939
88,80.99620147134111,78.9896182746014
88,80.99299514538,79.00164530670168
88,81.00575312141109,78.99238414514211
88,80.9975939391274,78.99909510399137
88,81.00343392619264,78.99767440974833
88,80.99591247110769,79.0016901997497
88,81.01099745130993,78.99987412427392
88,80.99875797859104,79.01281552403785
88,80.99790295431328,79.00539388231776
88,80.99778966227316,78.99824044559941
88,81.00349360357549,79.0114464889975
88,81.01416602397394,79.00816757755848
88,81.00792252114884,78.993175310954
88,80.99620147134111,78.9896182746014
88,81.00099413488402,79.00096622221045
88,80.99927597769263,79.01448137747373
88,81.00414698963837,79.00689874125054
88,81.01307186768516,79.0080014190278
88,80.99014772712233,79.0032655391139
88,80.99748278648589,79.00134852375727
88,81.01017327911653,79.01471869153399
88,81.00911831157534,79.01612576988134
88,81.00443845359345,78.99919883264695
88,81.00605535222205,78.99473981439553
88,81.0125531212343,79.01022685137792
88,80.99788821333202,79.00891258443374
88,80.98779869218316,79.00536086120707
88,80.99963241081178,79.01463939949838
88,80.9925196651595,78.99158544407587
88,81.00471295314235,78.99551823381026
88,80.99174872319077,78.99108605040117
88,81.00524261495222,78.99497065055019
88,81.00484180863862,79.00301897918278
88,80.99422207376536,78.99544320048393
88,81.0016803318889,78.99471251468293
88,80.99902464984095,78.99267500014574
88,80.98977071462845,79.00731897601882
88,81.00648859973138,78.99080816231141
88,80.993579585247,79.00803434817206
88,80.9903874106281,79.01366156146702
88,81.00348275189097,79.00486035656176
88,81.00753674459524,78.990683100352
88,81.00099770734904,78.99294254693804
88,81.0062634719742,78.99102739719649
88,81.00017915814709,79.00468853510125
88,80.99940915164215,79.00936409080526
88,81.00254232223838,79.01490431501121
88,80.99247985277425,79.00150997660029
88,81.00797794007055,78.99725454949501
88,80.98889264061762,79.00984798008137
88,81.01227845273138,79.00322955426965
88,81.00983004719158,79.01408631963992
88,81.0007627522575,78.99341958709522
88,81.01095372024956,79.00818671560923
88,81.00979444896367,79.00262308040651
88,80.9967170169754,79.00012484706836
88,80.99055100272571,78.99726107493332
88,81.00343392619264,78.99767440974833
88,81.00325343220682,79.00333315119775
88,81.00729934959688,79.0008587789542
88,81.00190906862747,79.01854596799217
88,81.00726773686806,79.00001965193881
89,81.0173654232956,78.97367857844975
89,81.02194769165526,78.97968123542891
89,81.00418031117468,78.99195604934586
89,81.01931422205035,78.96984697596037
89,81.01625131312153,78.99008437494676
89,81.02409292059949,78.98650266564663
89,81.00823340389795,78.98827385011973
89,81.01522820914657,78.99046753496789
89,81.01152582368884,78.98317059536475
89,80.99911832053101,78.99093149991047
89,81.0173564081503,78.9785717219278
89,81.0174138611706,78.9801703854881
89,81.00476637731502,78.97768777420681
89,80.99976528813428,78.98192935488038
89,80.99890643695804,78.97690252904707
89,81.0016803318889,78.99471251468293
89,81.01605671976336,78.99627700325321
89,81.00660976929318,78.97614198164679
89,81.0188380513219,78.99301671793522
89,81.00146274114034,78.9930000907251
89,81.01973689118843,78.9962644608933
89,81.01767901125207,78.96862537548795
89,81.0067262231355,78.9777876126593
89,81.01451523247441,78.9830853339176
89,81.00396797983377,78.97330931324392
89,81.0199371309269,78.98762887912632
89,81.02221596141192,78.97932733200828
89,81.01310021206884,78.9731535034025
89,81.00642053790138,78.97635042321564
89,81.00855076572743,78.988377166774
89,81.01961287445376,78.98639726363263
89,81.01400021168135,78.9782796627602
89,81.00411478996179,78.96948232765953
89,81.01428468433056,78.99141811928068
89,81.02231407589778,78.98279381116325
89,81.01629551993388,78.98165552975794
89,81.0204902969399,78.99232909035325
89,81.00184753963575,78.981530263515
89,81.0224576239897,78.9885503321114
89,81.02511527423327,78.98515647715297
89,81.00892619161556,78.97812593132863
89,81.00129275983798,78.9752769192846
89,80.99799464052357,78.98007481556557
89,81.00645772434218,78.98063249821345
89,81.01103506309894,78.99154593671821
89,81.01226825228103,78.97150392594568
89,81.00484498796057,78.99176154164894
89,81.025623248496,78.98632841132535
89,81.00140669204275,78.99104877858187
89,81.00652246907539,78.98304088893337
89,81.02684342618733,78.97915083584077
89,81.00826934992114,78.97482028544539
89,81.01198542667434,78.97352930161543
89,81.02410652465036,78.98268734887684
89,81.01493432541933,78.99454161873655
89,81.025623248496,78.98632841132535
89,81.0204902969399,78.99232909035325
89,81.01541503665675,78.99097097847769
89,81.01351254525122,78.98431592248505
89,81.00804742510753,78.98139062734681
89,80.9984586433635,78.98337457310237
89,81.01210748352725,78.96897410456661
89,81.01784671187262,78.99084936982561
89,81.01936773790608,78.99339454575163
89,81.02468702591094,78.98093923617364
89,81.02635646805955,78.98308233264645
89,81.0199724622578,78.98974336688823
89,81.01474991208855,78.97431758111136
89,81.02379193597872,78.9855405396484
89,81.00451097845736,78.9931379649023
89,81.01394287066675,78.98535155961862
89,81.01662168303301,78.9724342023553
89,81.02206015094318,78.9836977191204
89,81.0141573721514,78.97361182357601
89,81.00707320365075,78.9844319161274
89,81.00791749946443,78.9960562584474
89,81.02135114065891,78.98141777968738
89,81.0119254384724,78.97793233105224
89,81.01611333596456,78.99078936135732
89,81.01283569440545,78.99378691333754
89,81.01993257286252,78.98169764745582
89,81.00689741488281,78.98192600242815
89,81.00229106375414,78.97465629983537
89,81.01334975383708,78.98980339281108
89,81.00897535692218,78.98034634156137
89,81.01709789659479,78.98097520786884
89,81.00146547042957,78.9797751195054
89,80.99876652881511,78.98487581394163
89,81.00069755602641,78.97998899597128
89,81.01764037823577,78.96977809659934
89,80.99680500401848,78.98391075002174
89,81.00873510296407,78.9777252296363
89,80.9994294593312,78.99276919511912
89,81.02023386333092,78.9749353353881
89,81.02525236270458,78.97710632292923
90,80.97603567513714,79.01548226110084
90,80.97299102457025,79.01584013585915
90,80.9927871952155,79.01296501076777
90,80.97417503997856,79.00932344021506
90,80.98070281953478,79.02337367177492
90,80.99815957418939,79.02124753013342
90,80.99280665080545,79.01417398194917
90,80.98391759196842,79.01684138947716
90,80.97303909931733,79.01584013100933
90,80.9923690383679,79.00088082870649
90,80.97917774947041,79.01237295322875
90,80.99018288400428,79.01472603551582
90,80.99533863016292,79.01340920937936
90,80.99229299036524,79.0103058203515
90,80.9991814024804,79.00332651616992
90,80.98906272076967,79.02540966954483
90,80.98419554512071,79.01367368214596
90,80.97757975619477,79.0055510697444
90,80.98595407380287,79.01485828648
90,80.99296885594603,79.01221202288275
90,80.9764655258627,79.00614608400531
90,80.9740086154123,79.0039080539466
90,80.99493110118327,79.02355047726762
90,80.97947098008663,79.01817854512377
90,80.99044974398824,78.99946263126905
90,80.98968232855101,79.01600010956714
90,80.97618642040497,79.02036628009483
90,80.99864387684005,79.02207949022855
90,80.98658155998345,79.02137249579737
90,80.98727753334533,79.00604719119991
90,81.00186631298409,79.01278486662757
90,80.97756794626449,79.01051833351767
90,80.98617454462268,79.0165355298075
90,80.98489226423031,79.02258733888249
90,80.98205337787105,79.01830204596283
90,80.98621885911034,79.02371679923867
90,80.99631908094236,79.02238519059539
90,80.97564061576834,79.01318498153199
90,80.9972247462603,79.01577892451886
90,80.99094444965819,78.99894030857682
90,80.98657351102284,79.01427492117838
90,80.98965904605052,79.02320589976307
90,80.9793545954437,79.0052806962515
90,80.98032102066237,79.01993759398857
90,80.98294876967488,79.00770698996809
90,80.99595235809862,79.00298206585245
90,80.99677195119861,79.00981169432754
90,80.9958959030276,79.00863327780476
90,80.98697658317586,79.00200295505005
90,80.98501386406112,79.00033368299924
90,80.9938706759414,79.00637384585991
90,80.98143272436278,79.02461678577767
90,81.00044239859706,79.00566502580135
90,80.97975719220968,79.02496992814676
90,81.00190055663872,79.01342195724453
90,80.99251578994776,78.99904287666182
90,80.98654923878371,79.01122580089749
90,80.99630405085365,79.01625459939444
90,80.98537247559105,79.01589307516491
90,80.97220192708487,79.01482182569663
90,80.98197622836341,79.0076209956569
90,80.97600637803237,79.00217611531438
90,80.98226477875066,79.00262939866198
90,80.97417503997856,79.00932344021506
90,81.00126625595631,79.01638435424903
90,80.98870185133835,78.99743354089303
90,80.99044498710661,79.01340057963942
90,80.99036857141355,79.01594962885775
90,80.99336941021409,79.01814745375576
90,80.97761194122673,79.01567433244381
90,80.98070110563258,79.02274262492799
90,80.98905586675028,79.00159619654508
90,80.9847317431834,78.9992565371863
90,80.98387819152181,78.99964642858225
90,80.98590703188493,79.01179781539679
90,80.98966530950227,79.02171377057341
90,80.99896532392529,79.00506942557186
90,80.99219795763584,79.02041970949062
90,80.98541704851641,79.0218728065036
90,80.97296643073206,79.01077952357032
90,80.98392639229463,79.00967464684224
90,80.98142661187188,78.99775872444356
90,80.99913292140849,79.02115017879058
90,80.97839756346286,79.00539974200316
90,80.97610515401057,79.02162689190155
90,80.99252761731488,79.00839876143483
90,80.98197455746647,79.02326249693895
90,80.98702673157884,79.0009825506161
90,80.98691286976177,79.01988799508457
90,80.99336705574612,78.99788550207029
90,80.98904220018895,79.02660312703372
90,80.97517547570764,79.02216329199562
92,81.00600502962294,78.99642756859149
92,81.00131012767402,79.00622644185867
92,80.99617261402094,78.99288434257532
92,80.98999474593445,78.99296560979053
92,81.01027359722737,79.0112677698912
92,81.00956045862246,79.00537774453811
92,80.98618645466794,79.00429718452813
92,81.01072528461452,79.00354739780535
92,81.01071159148258,79.00321351941375
92,81.00710200346202,79.01221819343985
92,81.01359702919258,79.0107153138419
92,81.00385186056734,79.01573311088158
92,81.0134073591116,79.01144031838321
92,80.99613496121425,79.01472219814522
92,80.98652302088865,79.00421933923505
92,81.00710200346202,79.01221819343985
92,80.99349893578062,78.9955840260287
92,81.01185934273718,78.99634690791225
92,80.9988001051798,79.01671792506684
92,81.00344389033279,79.00791559399106
92,81.01292860585609,79.00067849049542
92,80.990614603779,79.00447440160022
92,81.01072528461452,79.00354739780535
92,80.99138666638372,79.00890373991224
92,81.00129372170925,79.01134011202376
92,81.01016937598148,79.01586695271742
92,81.00935129339261,79.01062442329062
92,81.00692140147707,78.9935582426778
92,81.00552614530669,79.00993055220567
92,81.00430821892537,79.01534951263693
92,81.0138941760605,79.00660195781862
92,80.99792701753827,79.01684421631302
92,81.01201849232007,79.00375749877668
92,81.01113340719822,78.99191203860518
92,80.98821694934848,79.00958533954261
92,80.993579585247,79.00803434817206
92,80.99610870286176,79.01188636755451
92,80.99590773285814,79.00402046086161
92,80.99953645122056,79.01095119261709
92,80.9931877323261,78.99328145337351
92,81.01175082607779,79.01181932143054
92,80.99068496194087,79.00461461926488
92,80.99430962369799,79.00603984206822
92,81.00465103240471,79.01169672638885
92,81.01007042168125,79.01604899646948
92,80.99280665080545,79.01417398194917
92,81.01553120597649,79.00790444389345
92,81.00210569443428,79.0069623737008
92,81.00311433593872,79.00272904706101
93,80.98801330186342,79.00926990516913
93,80.9811663085692,79.02438871190772
93,80.98206499975494,79.00509920722978
93,80.99281980745947,79.00654960698894
93,80.99971100141309,79.00286564434916
93,80.9792559489264,79.01695462248135
93,80.9903874106281,79.01366156146702
93,80.97994377012196,79.02050523410145
93,80.97540390784204,79.01410952016944
93,80.98635156237076,79.00912633020228
93,80.98355314113685,79.00370014218929
93,80.98326460780608,79.00542663915436
93,80.99617882334407,79.00717719864932
93,80.99441931502167,79.0199311722447
93,80.97873428611771,79.01194117480642
93,80.98752636407919,78.99953002300484
93,80.97615156465983,79.01047747293042
93,80.99432646250432,79.02215180027605
93,80.99115518133222,78.99722487025412
93,80.98382958364965,79.00244342439751
93,81.00235973176068,79.01194555155917
93,80.97526648667683,79.01752892896285
93,80.98741219620571,79.01217725247945
93,80.99293942318727,79.02117596682973
93,80.99475983867133,79.00026920890845
93,80.99626518428562,79.0223876355301
93,80.99666926760383,79.01805740712338
93,80.99847478777814,79.00917647916764
93,80.97589433171363,79.0045164334587
93,80.994866629915,79.01664018537234
93,80.97525465947527,79.0041800765113
93,80.9759509909312,79.00276833194563
93,80.98848548409664,79.00681087005697
93,80.99194968786635,79.00808317854147
93,80.99968044500616,79.02098039036173
93,80.98478338764556,79.00063042318193
93,80.98135471420603,79.01609853546792
93,80.9761870905712,79.01504719742732
93,80.99539195849309,79.00948421770768
93,80.97336053481355,79.01529993485745
93,80.99186008876329,79.01067937773884
93,80.99082679353239,79.01169573975193
93,80.98947647204494,79.01750650031359
93,80.99016676909532,79.00109715491115
93,80.98299446428004,79.02477696049387
93,81.00116029923876,79.00832411595019
93,80.98681997247373,79.0079972252065
93,80.98075390219309,79.00718603794543
93,80.98478796075706,79.02082998343953
93,80.98643017515936,79.005618699433
93,80.99021350598925,79.00737434352821
93,80.98162408775971,79.00824912854857
93,80.98875540950156,78.9997380680735
93,80.98937603957923,79.00980756007641
93,80.97802287269312,79.00268921689936
93,81.0003695190413,79.0175671187725
93,80.98891070106369,79.00834005914018
93,80.97529858126131,79.01625510061065
93,80.98671307981918,79.01476388987645
93,80.99297140407194,79.00364542159008
93,80.9927700803809,79.0262735472152
93,80.99214050322043,79.02421043438328
93,80.98624963012179,79.01269247220323
93,80.9849731314205,79.01108911610565
93,80.98032940303297,78.99847556600749
93,80.98117820146432,79.01507598673108
93,80.98432346187677,79.00819179050136
95,81.00857002318998,78.98639079662907
95,81.01115830422209,78.99033948340276
95,81.0128112463991,78.99210755298208
95,81.00798581798523,78.97539468617073
95,81.00031673512981,78.98122162384003
95,81.01819444088082,78.99675413238211
95,81.01418779349014,78.97177629855761
95,81.01352899046314,78.98494981281941
95,81.00521285065784,78.9688617287923
95,81.00478867942388,78.99484386027326
95,81.01376085507252,78.96790904889232
95,81.02068427968761,78.98061260408357
95,81.01978677193783,78.98280371307757
95,81.00270761961015,78.9700572954726
95,81.02216483952094,78.98522878391904
95,81.01623665864291,78.98584607333866
95,81.00948517015608,78.97650360802349
95,81.01605671976336,78.99627700325321
95,81.02590373417199,78.97795552283421
95,81.00637986540174,78.99058862455259
95,81.00811924561815,78.99422136733938
95,81.00952700412373,78.97643723188911
95,81.0111321692865,78.98646367593845
95,81.01556286308059,78.97724888380036
95,81.01075301663515,78.97375839812386
95,81.00084274298604,78.97716929269097
95,81.01891248317332,78.98887164022499
95,81.0163902402287,78.98222661861307
95,81.01729973118115,78.97152959035513
95,81.01296642038965,78.98019417210158
95,81.00927613694233,78.98433658211202
95,81.01658002112771,78.97303406655152
95,81.01457813718841,78.97528522910781
95,81.00619119594862,78.96989924046574
95,81.02594875974333,78.9892987608652
95,80.99896282389203,78.9738849146634
95,81.02119910505903,78.97488567080548
95,81.02688212798505,78.98320142670279
95,81.00804742510753,78.98139062734681
95,81.00331731814833,78.9902407943784
95,81.01363552570015,78.97992700105466
95,81.00630997642055,78.99732598161688
95,81.02702268118523,78.98447781554557
95,81.01063834264255,78.98319937207945
95,81.01122457708367,78.98842909116439
95,81.02366145485074,78.9801155635126
95,81.01605498610141,78.99203844805646
95,81.00666752708452,78.97259444144576
95,80.99832223304088,78.99036148953195
95,80.99713156326695,78.98086704403545
95,81.01488498658605,78.9745849740793
95,81.00775736741836,78.97836336875879
95,80.99876652881511,78.98487581394163
95,81.00370233265669,78.98916024382821
95,81.0263738114498,78.98828171664269
95,81.0162388447772,78.9970482200891
95,81.0129281353238,78.97218613206351
95,81.00380229691055,78.99151924245047
95,81.01802481401073,78.98352638044503
95,81.01125666041841,78.982062060208
95,81.00855076572743,78.988377166774
95,81.00932585840782,78.98393885408689
95,81.00198442476785,78.98196832937508
95,81.02205231845707,78.983574060132
95,81.00346678587618,78.97432119492638
95,81.00898725734805,78.98231381514626
95,81.01406462662042,78.97746950578093
95,80.99972561680106,78.9882347144319
96,81.00005206402946,78.98797327145508
96,80.99555851738334,78.99429067303384
96,80.99384089005684,79.01666485518518
96,81.00379117448567,79.01853935282315
96,81.00844287505836,79.01263171008945
96,80.99483086066726,79.01727355265865
96,80.99293988212894,78.99764013158362
96,80.99407981523885,79.00329986950676
96,81.00710200346202,79.01221819343985
96,80.99724195871259,78.99764204731754
96,81.01583182605332,79.00575784855155
96,81.00262432123351,79.00089670401628
96,81.00120734191295,78.98828523540664
97,80.99650517890346,79.00343112545553
97,81.01192798745991,79.01037766011224
97,81.01553120597649,79.00790444389345
97,81.01289413728942,78.99535317621962
97,81.01092677821475,78.99199902561611
97,80.98979049260063,79.00316554309032
97,81.00908699748446,79.01211126079058
97,80.98981217221505,79.01009810381775
97,80.98902971536378,78.9986136077438
97,81.0128837451791,79.00818824220879
97,81.00156881704187,79.00651682267315
97,81.014781380775,78.99667162623936
97,80.99802248355516,79.01587902513448
97,80.99342023381216,78.98983958374465
97,81.00612023434923,79.01708107237445
97,81.00311959676489,79.01356903781057
97,81.00138932419476,78.99440337958914
97,80.99751257703754,79.00869908441034
97,81.00657627334117,79.00032608686521
97,80.99686964076842,78.99344717605395
97,80.988653930702,78.99437092851915
97,80.99592396338208,79.00955165827631
97,81.0010443074002,79.01305385271266
97,80.99671004961108,79.00660087930092
97,80.99227089400513,78.99145349692003
97,81.01377883404659,79.0021778664308
97,80.98742654111811,79.00518747501727
97,80.99406802969685,79.00221885519775
97,81.00397640837268,79.00927900253302
97,81.01283569440545,78.99378691333754
97,81.00188460120016,79.01301555737004
97,81.00854897764938,79.0131943154587
97,81.01268357563877,79.002324733356
97,80.99795403379686,79.00028128527148
97,81.0136947836171,78.99455808681358
97,80.98883796858655,79.00698328752594
97,80.99982084702258,78.9947215092802
97,80.99316587285837,79.00762726337376
97,81.0052442938827,79.01004736660686
97,81.00766590516616,78.9934064704288
97,81.00280157568731,78.99424078511926
97,81.0134243597713,79.01137802184633
97,81.00272764369001,78.99446675238637
97,80.99297314780597,79.00163707053609
97,81.01236606419796,79.00520357189491
97,80.99278086084372,79.0121806098964
97,81.00193140774749,79.00428759779288
97,81.00502446780897,79.00466258739522
97,80.9930872257506,78.9905656000143
97,81.00739392346149,79.01504694643148
97,81.00976284227079,79.00873943155644
98,80.97460942606894,79.01629908439217
98,80.97701630546817,79.00038677076526
98,80.98052238611301,79.01586357338071
98,80.97704624813043,79.02084190477392
98,80.99068940280313,79.01428102058333
98,80.98885385546765,79.00117127453471
98,80.99681213542185,79.0053978143812
98,80.9990880135991,79.01134205671737
98,80.98293697322782,79.00266411867881
98,80.98128367596048,79.00858911835456
98,80.9994984122075,79.01061602664053
98,80.99259028352508,79.0088229219014
98,80.99207800890254,79.00016041887811
98,80.99429769874072,78.99923524951726
98,80.99196369385588,79.02583859755802
98,80.98109546552053,79.02420331547773
98,80.9725042797886,79.01472962074254
98,80.99625112089288,79.00611032911272
98,80.97504528758095,79.00696334453541
98,80.98735638153909,79.01265243250191
98,80.99060186750862,79.01325219244576
98,81.00237065027991,79.01025873279644
98,80.98017073324172,79.00192134069324
98,80.9965528619936,79.01534673006032
98,80.97974175088432,79.00248093480698
98,80.99232274773209,79.00539838481832
98,80.99186008876329,79.01067937773884
98,80.98418338421186,79.01912804659784
98,80.97759459511991,79.0213654461779
98,81.0014087426642,79.00770664082086
98,80.98699215191802,78.99821019455345
98,80.988474552248,79.01267767536338
98,80.99556473099523,79.00555359335074
98,81.00162474149131,79.01081866539712
98,80.992359426551,79.00749596338963
98,80.99803992771724,79.00907224841986
98,80.98791593514284,79.00474912068675
98,80.99071816889565,79.00816228561278
98,80.98160563793782,79.00833342684702
98,80.98569827341389,79.0074330883106
98,80.97910810793284,79.01573092856071
98,80.9770501111259,79.01605170949648
98,80.97295364835861,79.011884184824
98,80.97290394114107,79.00720266364767
98,80.98833413763437,79.01019628526113
98,80.99710451072265,79.00681842948285
98,80.98758546640501,79.01420878020907
98,80.99130631355432,79.0094405624828
98,80.9847092579804,79.02309419203084
98,80.99430962369799,79.00603984206822
98,80.98170576276164,79.00475812469392
98,80.98153093688154,79.01842649141074
98,80.98214758034122,79.02511936591833
98,80.99416061666199,79.00591503756917
98,80.97761194122673,79.01567433244381
98,80.98774684288757,79.01897103050825
98,80.97948969881952,79.00779849025356
98,80.9877407159572,79.0138727441248
98,80.99613063490955,79.0185770754363
98,80.99777818116854,79.01855134071495
98,80.99038566283778,79.00559867746358
98,80.97445348871597,79.01618765582072
98,80.98722015448934,79.02279723749615
98,80.9809968280956,79.01586470566684
98,80.98833413763437,79.01019628526113
98,80.99142351474126,79.01212545060778
98,80.97279803578002,79.01356140214816
98,80.99525108196994,79.0175331362401
98,80.98476089589752,79.00353612764305
98,80.98851357843989,79.01823601330791
98,80.97661209927814,79.0143858538172
98,80.9872547796791,79.01865779463573
98,80.97844017768969,79.00162180424913
98,80.98809492956883,79.0218028829786
98,80.99021738998539,79.00804146942909
98,80.98735152770728,79.01944044430456
98,80.99412199777144,79.01513726941664
98,81.00102940652282,79.01600600609304
98,80.99896363796192,79.00821777617448
98,80.97307021090491,79.00810880308009
98,81.00036703519201,79.00927785127621
98,80.98885919831456,79.01070935909246
98,80.97603567513714,79.01548226110084
98,80.97638170317657,79.00661494383478
98,80.98083054849617,78.99914163591257
98,80.97853272821408,79.01693572787984
98,80.99509203540511,79.02520376585018
98,80.98268408795637,78.99715140480092
98,80.9782816018863,79.02309720281393
98,80.97378066804681,79.00644013594422
98,80.99172559013219,79.00671067838948
98,80.98516861657353,79.0069371492225
98,80.97188577833671,79.01520592804467
98,80.98757773807122,79.02162908551875
98,80.97351196581428,79.0038239744845
98,80.98907048409363,79.01989266467112
98,80.98315244324517,79.0157864821554
98,80.99267167190712,78.99866331132638
98,80.98536684048575,79.02410055536862
98,80.97810986304903,79.00364396368109
98,80.98703138360456,79.01628089329957
98,81.00135294553414,79.01025089143126
98,80.97752463787563,79.02187681328324
98,81.00036703519201,79.00927785127621
2,81.01668206142878,78.99210262579108
2,81.00469816721572,78.99784660776024
2,80.99662848307148,78.98566794908245
2,81.00054164251905,78.99325116111532
2,80.9939555877758,78.99329167779679
2,81.0053523864335,78.99172240242474
2,81.00042989699969,78.98184613175027
2,81.01285907401542,79.00306841058146
2,80.98979550969501,78.993651989873
2,81.00492971649118,79.00033851113633
2,81.01429033836268,78.99351169508373
2,81.0042155309641,78.99257041892291
2,81.01409487844208,78.99841437909556
2,81.00707629419989,78.98360028264851
2,81.00050087858328,79.00013746936511
2,81.01027900543724,78.97847116881115
2,81.01838166649586,78.98886897154298
2,81.0055104191597,79.0011438839502
2,81.01447725548867,78.99457457839975
2,81.00634758464521,78.9958366613801
2,81.00534147753764,78.97901006409701
2,81.0112796244509,79.0035603521697
2,81.01381216821386,78.98512697092757
2,81.0108644707055,79.00317524202357
2,81.00996196968782,78.9880976448089
2,80.99941401865945,78.99415748032283
2,81.00761016935398,78.99708366620649
2,80.99790592540448,78.9961899153793
2,81.0061799102966,78.99646591424872
2,81.00507647124788,78.99409886328274
2,81.00470109672634,78.99161676726857
2,81.00735819631369,78.98930780759098
2,80.99425555762609,79.01162254294331
2,80.99655806125536,79.01127078881393
2,81.0120860988133,78.98681840962242
2,80.9970430029386,79.00419637394249
2,81.0032687111415,78.97943452614444
2,80.99361407448285,78.99075004210454
2,81.00798581168472,78.99839628957622
2,81.00943872204662,78.99591309309817
2,80.99157703845196,79.00814871099452
2,80.99017578376545,78.99946305451358
2,80.99608535391143,78.98492641042229
2,81.0006728520117,78.98384671687808
2,81.01403501962427,78.99748155887956
2,81.00110911105149,79.0062425955905
2,81.00501849210589,79.00042203434226
2,80.99849047623469,78.98313039590236
2,81.01522820914657,78.99046753496789
2,81.00447558089711,79.00480561925248
2,81.00581743857585,78.97861503193857
2,80.98811789865347,79.00020410097791
2,80.9880383764623,79.00810322303718
2,80.98871077383707,78.99484996832916
2,80.99763848566151,78.99794051329985
2,80.99479682995938,79.01025948598345
2,81.00539911390878,78.9795804250334
2,81.00644581800913,78.98259400008413
2,80.99894566237978,78.98172762411578
2,81.01328530432471,78.98775571621418
2,81.01123510047205,78.99840399829758
2,80.99716828186808,78.98778203344418
2,81.00514455882166,79.00048309724465
2,81.00908660189756,79.00315929474921
2,81.01174495989007,78.98373658137035
2,81.00085097508462,78.98676700063335
2,80.99595901757257,79.00928930537619
2,81.00717417168623,79.00809979642462
2,80.99959335647182,79.00264075830054
2,81.01488889871888,78.9886078680609
2,81.01343846120852,78.98965132024311
2,81.00271525984138,79.00689270728809
2,80.9919712742407,79.0089007455078
2,81.00567162314486,78.99543900760595
2,80.98884253262602,79.00933141747106
2,81.0063384152746,78.9864202436265
2,81.01391979622927,78.99573590647839
2,81.00141297554707,78.99682947950213
2,80.99912518409877,78.9922127867111
2,80.98787075705287,79.00382716260187
2,80.99486961718068,79.0002286259623
2,81.01763681737097,78.98947885018168
6,81.00877262691588,79.00040993694921
6,80.98879372167829,78.99418166565346
6,80.98941635524284,78.99312352296332
6,81.00262432123351,79.00089670401628
6,80.99528396295985,79.0108264581405
6,80.98430286848397,78.99636825656268
6,81.00481621652625,78.99782788260178
6,80.99770438831709,79.00596292504945
6,81.00110748344416,79.00876999757318
6,80.98026226745435,79.01190006603522
6,80.99347803958955,79.0032093373611
6,80.9999064618282,78.99827473869287
6,80.98329225650869,79.01616767463159
6,80.99975316083398,78.99139228724579
6,80.98828505347846,78.99706131678194
6,80.98209997725237,79.01640514042026
6,80.99673422255795,78.99652705391398
6,80.99060186750862,79.01325219244576
6,81.0039975350346,79.00391423664331
6,80.98076427735872,79.00981773164435
6,80.98895831451709,79.00418292962425
6,80.98304659773949,79.00862827655315
6,80.99181263458117,78.99643189626254
6,81.00038903365352,79.01025256958951
6,80.99879988363969,78.99362761981621
6,80.9873045505975,79.00663239546876
6,80.98172326711182,79.00217972997307
6,81.00947034297334,79.00346841446958
6,80.99219795763584,79.02041970949062
6,80.9987675930756,78.99495305805183
6,80.99170021129737,79.00043779036699
6,81.00403815253414,79.00636103004078
6,80.98641663972319,78.99873626951745
6,80.9944546411429,79.00446569809633
6,80.99873491519318,78.99019890107776
6,81.00797997763145,78.99468638304722
6,80.99765127892873,79.01623332976627
6,80.99991957465546,79.00794828078142
6,80.99841278330727,79.01734802349173
6,80.98546348013348,78.99582943775731
6,80.98060693967187,79.00637109049154
6,81.00286821084894,79.00622828715167
6,80.97915233402668,79.008373090298
6,80.97981558881173,79.00350743828957
6,80.9813361349831,78.99976088677262
6,81.00820920395765,79.00521553643377
6,80.99175490751486,79.005846791187
6,80.9848805377878,79.00787184617303
6,81.00655382688143,79.0091447450886
6,80.98244492767786,79.00980080571888
6,80.98063531038785,79.0019101014541
6,80.9897159516439,79.01251034281577
6,81.0007643440957,78.99300508367672
6,80.98714985232512,79.0190204380547
10,80.98994105425774,79.00807444596478
10,81.00145740636064,78.99124885306865
10,80.98928604041706,78.99710140570203
10,81.01109965496089,79.00108492634945
10,81.00930515265827,78.99792070433253
10,81.01092591266962,78.9983063853704
10,80.9939653748374,79.00419951519874
10,80.98253457438561,79.00745059852221
10,81.00756376809984,78.99129073675817
10,80.99231213013427,78.99260633993738
10,81.00486885718753,78.99305585096182
10,81.00461069993459,79.00268942942054
10,81.0027882293423,78.99087550622906
10,81.00696268602164,78.99505307521648
10,80.98777937339587,79.00916441658661
10,80.99539392450411,79.00261912572802
10,80.98562052215503,78.99851263038036
10,80.99250035861772,79.0138530373778
10,81.00225130578212,78.9898537763451
10,80.9875808190781,78.99960756502115
10,80.99463421594376,79.01744441113543
10,81.0051895092894,79.00011751915214
10,80.99068855425547,79.01503971094542
10,80.99490518594429,79.01331197607094
10,81.01224378191569,79.00474075710885
10,80.99218938778884,79.006067169723
10,80.99744559856607,78.99614033253785
10,80.99933345548028,78.9995495588653
10,81.00462704813334,78.99561507689258
10,80.98237220217364,79.0136915844289
10,80.98391331082733,79.00376478105161
10,80.99731718629725,78.99306271062815
10,80.98506059058589,79.00112411704828
10,80.99343130656229,79.0065460301543
10,80.98833256247423,78.99305776122299
10,80.982601461822,78.99997764429153
10,81.0058105463726,79.00222716007525
10,80.98192530436398,79.00324492728618
10,80.98922188400606,79.01393054544026
10,80.99195260213743,79.01871180435866
10,81.00444636740353,79.0083483357272
10,80.99260769443023,79.00109952087105
10,81.00250128826649,79.00543051783926
10,80.98654923878371,79.01122580089749
10,80.99029492256048,78.99495009973462
10,81.01268357563877,79.002324733356
10,80.99318638540082,79.00201865915234
10,80.98991581379302,79.00023721895948
10,80.99471451923208,79.00123012919573
10,81.00228506023925,78.99741412078835
10,80.99117153528984,79.01219916921144
10,81.00538581383157,79.01311178603468
10,81.00233129069935,79.00601940389836
10,80.99234024688924,79.0167342734317
10,80.98812400655889,78.99641248897314
10,81.00550629948584,79.0148982850161
10,80.98325310674383,79.00598411957087
10,80.99281195747228,79.01519246065075
10,80.99300365611592,78.9951795589896
10,80.98927383149794,79.0038681044326
10,81.0016803318889,78.99471251468293
10,81.01028522908203,79.00861044145611
10,81.00220591327866,78.99367830550965
10,80.9829752146805,79.00663219619126
10,81.00299185469703,79.00337689749115
10,80.99526695306872,79.00875861293618
10,80.9880309552089,78.99660283163972
10,81.0019662338094,78.99233758891708
10,80.98553731925735,79.00120400580954
10,81.00440153235745,79.0109437732884
10,81.00478476862689,79.01207582689659
10,80.98476582860603,79.0036880961454
10,80.99606162846038,79.01006888822965
10,80.99440282123201,79.00676075732585
10,80.99538545767032,79.0086227362115
10,81.00789779669148,79.00112133811952
10,81.00461257373888,78.99808805233806
10,80.9937051989417,79.00635165683617
10,80.99616801463398,78.99088997410958
10,81.00256844793884,78.98976402704314
10,81.00930515265827,78.99792070433253
10,80.99245735018243,79.00804282010876
10,80.99749206263135,79.00129670435584
10,80.99010745510738,79.01474528894357
10,80.99822224528151,78.99630997061547
10,81.00030192443815,78.99252484683258
10,81.0045588431319,79.01320143239222
10,80.98537247559105,79.01589307516491
10,80.98114268758346,79.0106588919846
10,81.00992542014947,79.00365379167428
10,80.99218783445677,79.01544328367736
10,81.00637986540174,78.99058862455259
10,80.99786589115374,79.01710242708687
10,81.0031629142684,79.00614976683242
10,81.01110315209776,79.0086812100633
10,80.9895546304848,79.0062944309762
19,81.01517280407475,78.99778137793076
19,81.01002575544062,78.99232988279913
19,80.98748503687962,79.00124284865723
19,81.00578756585806,79.00100377356841
19,80.99590654568505,78.99633646370296
19,80.99332902131947,79.01251232742615
19,81.01399199023403,78.99156610177056
19,81.00881621673392,78.99691868335141
19,81.01447441693392,78.98785298423219
19,80.99502054251808,79.00798225132161
19,80.99528125347905,78.98817093051734
19,80.99342554187392,78.9898575091235
19,81.01389374801082,78.99302284611859
19,81.00662977152214,79.0113646121475
19,80.99564931706367,79.00139695058812
19,81.00055024839776,79.0110695328431
19,81.00692613596132,78.99555395369464
19,81.00350225533607,79.00451725327862
19,81.00877306971921,78.98589552906445
19,80.99822840497751,78.98899178027928
19,80.99814241484722,79.01285913487305
19,81.00993462489403,79.00017907830045
19,81.00479136878108,78.99484679461074
19,81.0073776333276,78.98995847976637
19,80.99897534378266,79.01448933857147
19,80.99497398012325,78.98731897444252
19,80.99058438283554,79.009608868678
19,81.0156024548569,78.99988896484392
19,81.00863445165669,78.99298165931563
19,80.99201290763256,78.99657144419041
19,81.00155416261163,78.98737115070796
19,81.00284364295953,78.99065509182849
19,81.01491499855241,79.00011595760148
19,80.99301707122808,78.9898733254487
19,81.01337900630757,79.00507785630359
19,81.00652543809154,78.99874682287899
19,80.98712664070966,79.00631608970453
19,81.00417766194708,79.0109841654474
19,80.98958956988089,79.00471773451852
19,80.99637429010268,79.00464332389721
19,80.9986468189472,78.98476077725756
19,80.99656247977818,79.01443013411938
19,81.00659869660042,78.99995044628778
19,81.00803476084855,79.00505544069672
19,81.01363056525636,78.9896606455792
19,80.99869401478274,79.01317823482421
19,80.99425555762609,79.01162254294331
19,81.00292058021063,79.00969514925477
19,81.00267154543626,79.0056667188142
19,80.99414578250494,79.00319181463959
19,81.0085344511938,78.98401291735796
19,81.00948665723978,78.98975394220496
19,81.00483551232699,78.99990809085041
19,81.00502446780897,79.00466258739522
19,80.99590566114202,78.99330867957873
19,81.00921316023751,78.99287101506015
19,81.00192886778511,79.00209116814924
19,81.00275453149406,78.99823039865078
19,81.00876371712702,79.005957700309
19,81.00984032938564,78.99648646687298
19,81.01187833966561,78.99927899994417
19,80.99339021918433,78.99821908551579
19,81.01397894043455,78.99421503256936
19,81.00984032938564,78.99648646687298
19,80.99869855165312,79.00153279548348
19,81.00492971649118,79.00033851113633
19,81.00227575106202,78.99831361793913
19,81.01122457708367,78.98842909116439
19,80.9993996757536,79.00282144963982
19,80.99982589356856,78.98907399995305
19,80.98917535262095,79.00218541717905
19,81.00149683983817,78.99185344597822
19,80.99490170429902,79.00888371284118
19,81.00036703519201,79.00927785127621
19,81.00245488013614,79.00849086533398
19,81.00457354399047,79.00646381767238
19,81.00892629061259,78.99180147474789
19,81.00486885718753,78.99305585096182
19,81.00179429355714,79.00378435417367
19,81.00187919233622,79.00965690335364
19,81.01278181206108,78.98602943839839
19,81.01561357928954,78.99150662467538
19,81.00338119605668,79.00705648788376
19,81.00654543618344,78.9983823855546
19,80.99518272394774,79.00775761610979
80,81.00411964566413,79.00252574936611
80,80.99621242063978,78.9894465777978
80,81.00869382008989,79.00592438887728
80,81.01039868104881,78.99415560996552
80,81.00325542957624,78.99157534271065
80,81.01127164025176,78.98375659256898
80,81.0022981620634,79.0048145984725
80,81.00662381850665,79.00025940128627
80,80.99253664221409,78.994574745143
80,80.99601900765337,78.99333951340974
80,80.99602621426769,79.00138825713401
80,81.00597413555268,79.00963620567688
80,80.98942493102628,79.00266424557708
80,81.00285967730437,79.0109456574418
80,80.99636272898333,79.00983653113974
80,81.00863413218421,78.99726806256709
80,80.99113752740514,78.99518871618893
80,80.99881760612575,78.9892192808027
80,81.0033471334244,79.00148842604598
80,80.98654818974033,79.00999334865347
80,81.00241040079632,79.00267543295647
80,81.01259188414002,78.99596275128988
80,81.01392440796309,78.99019357885597
80,81.00338760313143,78.99042213633886
80,80.98657723968668,79.00740612169044
80,81.0051471601083,78.9822779510939
80,80.98633453350548,79.00805496257452
80,81.01077992110694,78.98907886240522
80,81.01186977782903,78.99147300910064
80,81.00277088396672,79.0015165135708
80,80.99907204605616,79.0050725225168
80,80.99860562211366,79.00231022641822
80,81.00023182514202,79.00168498108013
80,81.00242103661479,79.00497380701356
80,80.98854605343641,78.99995254995221
80,80.99515978292825,78.99561376307975
80,80.99579727841339,78.98998085820728
80,81.00231153289788,79.00828957435482
80,80.9895546304848,79.0062944309762
80,81.00208330837404,79.0120112007282
80,80.9966794488886,78.9966487799191
80,80.999210835599,78.9963699123538
80,80.99776495038229,78.98971623284686
80,81.00630631210258,78.98974311903063
80,81.00808063188774,79.00693983419234
80,81.00517515694669,78.99502676920807
80,81.00836112556483,78.98926757106534
80,81.00316179346476,79.00639486350266
80,80.99627935473583,79.00792257364547
80,80.99459960356717,79.00715202067356
80,80.98998289557477,78.9972595521052
80,80.9932926343767,79.00607223908231
80,81.00212166053313,78.99664353213421
80,81.00408846901891,78.9832046599904
80,81.00837729737263,79.00080780287706
80,81.00991200101281,78.99832156902475
80,81.00654839093414,79.00682029091904
80,80.98654818974033,79.00999334865347
80,81.00020922049131,78.99988915730268
80,80.99351922594731,78.99160706043259
80,80.99700044391672,78.98842447059864
80,81.00630997642055,78.99732598161688
80,80.99811806806068,79.01322576608219
80,80.99531263066169,79.00420762150503
80,80.9980698005632,78.9873630191344
80,81.00397384385039,78.99310662179705
80,81.00572711004978,78.99038212530147
80,81.01471305215165,78.99022794759733
80,80.994893855324,79.0103975489294
91,80.9931877323261,78.99328145337351
91,80.9903966903968,79.01616191477267
91,80.99660723497865,79.00634691958622
91,81.00483627118311,79.00352194969462
91,80.98654818974033,79.00999334865347
91,80.99869765102862,78.99341530741815
91,80.99206522285567,79.01410660160252
91,80.98759081220628,79.00583847427578
91,80.99808318511911,79.01707216080727
91,81.0014087426642,79.00770664082086
91,80.98392639229463,79.00967464684224
91,81.00198718604118,78.99619316075984
91,80.98309391291586,79.00648716210195
91,80.99580642882047,78.99895200883195
91,80.99476761086116,79.00185207846036
91,80.99115452363183,79.01862595123251
91,81.00262128240648,79.0127783181669
91,80.99717512697056,79.01261528616247
91,80.99774644813482,78.99184191776664
91,80.9804719862145,79.00338126064315
91,80.99511502288884,79.0169207988876
91,80.9856340707562,79.00740409447837
91,80.99549495905529,79.00731833989114
91,80.99877213258445,79.0080197714625
91,81.00658368501902,79.0002689491761
91,81.00237065027991,79.01025873279644
91,80.99606752198842,79.01355824135547
91,80.99440282123201,79.00676075732585
91,80.99955766421523,78.99630356671464
91,80.98479709484418,79.01186322542583
91,80.99302732620951,79.00207783569417
91,81.002000650598,79.00926616845513
91,80.99234150000746,79.00779572712399
91,80.99937509301026,78.99786012757376
91,80.98588850291831,79.01659469679508
91,81.00608439284362,79.00494017997696
91,80.99436220602605,79.00186682684101
91,80.98749065661319,79.01693688501737
91,80.9866214450703,78.99985030459018
91,81.00459388498273,79.00086703326114
91,80.9801808150252,79.01253613672178
91,80.99315826208858,78.99935389087456
91,81.0027922047496,78.99761161110911
91,81.00592657069352,79.0074841550849
91,81.00231153289788,79.00828957435482
91,81.00469816721572,78.99784660776024
91,80.9862744310082,79.01902001598955
91,80.98777304487453,79.01358479284934
91,80.99225414362235,79.01676449074627
91,80.98022958823904,79.0101248463925
91,80.99188443800713,79.00205521364275
91,80.99894501183076,78.99598893833168
91,80.99912695145156,79.01655968215532
91,80.988653930702,78.99437092851915
91,80.99606162846038,79.01006888822965
91,80.99199857158916,79.00715597893404
91,81.00391026552074,79.00929072598974
91,80.9970430029386,79.00419637394249
91,81.0074216119438,78.99424021726986
91,80.99551608529869,78.99784123425343
91,80.98880599391038,79.01708974093472
91,80.98466454164698,79.01694095463286
91,81.0033471334244,79.00148842604598
91,81.00035765352979,78.99883328138742
91,80.99405985844325,79.01895982919433
91,80.99285290427807,79.00406423832376
91,80.98112343731115,79.01282565751545
91,81.00442845425967,79.00619824346462
91,80.99683619375462,79.01928183160776
91,81.00184962073655,78.99609965923877
91,81.00536234181315,79.01080954251951
91,81.00654839093414,79.00682029091904
91,80.98188071911586,79.01355062998779
91,80.98476582860603,79.0036880961454
91,81.0011550933459,79.00528241949004
91,80.99251578994776,78.99904287666182
91,80.99939400987475,78.9905545986962
91,80.99700808528459,78.99201748706767
91,80.98662165373159,79.01195258306502
91,80.98170961530215,79.00595335633699
91,81.00644178739817,79.00932949610842
91,81.00010327962808,78.99894130038842
91,81.00120431744422,79.01117079296993
91,80.98662586873418,79.00089810735946
91,80.9915824195677,79.0077806384371
91,80.98055227741922,79.00218802755397
91,81.00588362938315,78.99848869137057
91,80.9984925091637,79.01950638940163
91,80.9917737754519,79.00595058981621
91,81.00673357550835,79.0012459074427
91,80.99416917656963,79.00169593497476
91,81.00512840561257,79.00448697472139
91,80.98759081220628,79.00583847427578
91,80.9977752843211,78.99286122584208
91,81.00918782411529,79.00215740910276
91,81.00197248420422,79.0026175272301
91,80.99196621424606,79.01057601509328
91,80.98181201277285,79.00724490018472
91,80.9828173386641,79.01405500221671
91,81.00465103240471,79.01169672638885
91,80.98371708829133,79.00146496509878
91,80.98152019358476,79.00335398025518
91,81.00644178739817,79.00932949610842
91,80.98205337787105,79.01830204596283
3,80.97274290029524,78.9734365208386
3,80.98621397451896,79.04454452762035
3,81.01698379433978,79.02309833044009
3,81.02896931549193,78.97372252279018
3,81.00101938024204,78.99472808213794
3,80.99389074488789,78.99355436589862
3,81.02312551381466,78.95847400502936
3,81.00662338997986,78.96814951453676
3,81.00959705855045,78.96788761880902
3,81.00546481226124,79.04151986400717
3,81.02130796887657,78.99905842962029
3,81.00085551527023,79.03068894366231
3,80.97553806608538,79.02843992902947
3,81.02798201894406,78.98189179207591
3,81.00222489043759,79.04119371375161
3,81.01498444024979,79.04450691779036
3,81.0295402437786,79.01679879541342
3,81.03578088955831,79.03099223259701
3,81.01014623780317,78.98495066314565
3,81.01145799847394,78.98197314095025
3,80.99222354250223,79.04785068182514
3,80.98614301374893,78.95408608656719
3,81.0250896318649,79.04038619648185
3,81.04308327881373,78.99002181694664
3,81.02162419379144,78.98168243159202
3,81.00953665425628,79.04106222781385
3,80.9907404268425,79.04359023577373
3,80.96342633005501,79.01040783923281
3,80.97986193711367,78.97045095620248
3,81.0134770635454,79.02876028573539
3,80.99979108239155,79.01008556240897
3,80.99941115321982,79.01399884015194
3,81.02345778126386,78.9886954235662
3,81.01233032840315,79.0059555087613
3,80.98471898130201,79.00026031735779
3,80.97444155516692,79.00573584991082
3,80.9723587061447,78.9742033854247
3,80.98965323143993,78.96817523378786
3,80.99324349048332,79.00515013579228
3,81.01599425468721,78.99524403993868
3,80.97229125657917,79.03804351799025
3,81.02444464607031,79.02468644569967
3,80.9852592202819,79.01016149185607
3,81.00559270173873,79.00098698778721
3,81.0015756166136,79.02249305298606
3,81.00420361494945,79.00521310624991
3,81.04580706319067,78.98354059556829
3,80.9874203785649,78.99886867802464
3,80.98452824558278,78.9871104618718
3,80.97427161234633,78.97555240992492
3,81.00478738888498,79.0053696873604
3,80.95032968920843,78.99522538899467
3,80.988641399203,79.02113744407158
3,81.01972275085014,78.98257657226526
3,81.00070750188469,78.98430963775456
3,81.00856996930229,79.01728364021554
3,81.01820071702049,79.02026643400407
3,81.0268464510916,78.99126770867761
3,81.04236683422488,78.97999087483568
3,80.96727324356955,79.02302972228787
3,81.00723032531278,79.03394492904535
3,80.98772429348844,78.96179720695963
3,81.0059542099737,78.97352846522996
3,81.00140200898039,78.95901159283117
3,81.00908699748446,79.01211126079058
3,80.99413815559356,79.00090079691412
3,81.02161100227306,78.9705906175247
3,80.99321810964354,79.03795371590071
3,80.97590357279365,79.00919844737903
3,81.00390568021525,78.96424364866984
3,81.00121322006311,78.98347706942796
3,80.95403323073249,78.99983243083113
3,81.04349386159706,79.00064905491
3,80.97548838506346,78.98446418350606
3,80.98190123560002,78.96749975872208
3,81.00448795675041,78.98639895026776
3,80.9772516013076,78.97495851475365
7,80.9696437773884,78.98808829278127
7,81.03395345847063,79.02520874684521
7,80.99915992133764,78.96360236200927
7,80.98383795567118,79.00318038824489
7,81.00383575350381,79.03554045789863
7,81.00119437292982,79.04545574275963
7,81.00987353291069,79.0438595365331
7,81.01372513263476,78.96693605954599
7,80.96877240185349,78.99835692796857
7,80.97160489610313,78.97616643859028
7,80.97684501888739,79.01539057962762
7,80.99853658261974,79.04783890276
7,80.96811147287522,79.02778623812014
7,80.96316282076245,79.03267189940956
7,81.01030606853953,78.9715771961087
7,81.01161469351588,78.95915144983206
7,80.98027060693876,78.96033758731195
7,81.02899429977403,79.0017409927669
7,81.04017722354682,78.9720821643654
7,81.02656893588347,79.04230918901585
7,81.02599469702282,78.97503205116678
7,81.0490918762978,79.00432365320141
7,81.02727586639136,78.95822220045972
7,80.98656791096205,78.99339990241407
7,80.99736152002485,79.00440490626505
7,80.98325310674383,79.00598411957087
7,81.03148332300341,79.02535102165919
7,80.99054934035084,78.9849390871185
7,80.97365200241066,78.97240410823844
7,80.9925434474851,79.02621766185298
11,80.99530810591858,79.0080266309685
11,81.01835638282805,79.00510276077684
11,80.98285657315995,78.96760564781313
11,80.98229660341842,78.96293648482641
11,80.96641454867229,78.98066799802055
11,81.000783086672,79.010842241904
11,81.01240522239553,79.023820952013
11,81.03954370784541,78.99907480278208
11,80.98036017218604,78.97966118936822
11,80.99561022801198,79.00718565557514
11,80.99894979237898,78.9650942765489
11,81.01963814359422,79.03660366877698
11,80.99780090672112,79.00284360511526
11,81.0048555803871,79.01445103522427
11,81.02658071061776,79.03489162091383
11,81.0045443169251,79.0334399328588
11,81.01903847556757,79.03218352686778
11,80.99213882954525,79.03239593890349
11,80.9766481570625,79.0211481052684
11,80.96895059676399,79.00690573851185
11,81.01939904211564,78.9606454539242
11,80.95574440469643,79.01232666196553
11,81.00625642939767,79.04536798343204
11,80.99989122879384,78.99738305233028
11,81.00601541829573,79.01708008545344
11,81.00305674234339,78.9579073407528
11,81.01294713885144,79.0257706076119
11,81.03315629278516,79.02899977599773
11,81.01883964696353,79.00600754788007
11,81.00543435925142,79.03573419316012
11,80.98266031597112,78.98508871259321
11,81.01034453343065,79.00093047407009
11,80.9611304881732,79.00238098454128
11,81.01121990811843,78.99965043890099
11,81.03008095464426,79.0094197555621
11,80.97285191630718,78.97193466064854
11,81.0250443851979,79.01013211316496
11,81.03293587671735,78.9773164234153
11,80.97333675623844,79.03676817527932
11,81.01493992845458,78.98433323575082
11,81.02299515731461,79.0226489904375
11,81.00055237768106,78.9664546056206
11,80.95889616075594,78.9932237865491
11,80.99315826208858,78.99935389087456
11,80.97260128200551,79.02337199818002
11,80.99291398763708,78.95896090066138
11,80.99210578841142,78.97539388599745
11,80.99945829819642,78.95002634959383
11,80.97746504348831,78.95604292861539
11,80.99960946736921,78.99814424527654
11,81.04312273575547,78.98806879551064
11,81.02854709954761,79.00800787393479
11,81.00151626942709,78.96079537082284
11,80.96830950109782,79.02554560389778
11,80.9882202797384,78.97252144013588
11,81.02580505341025,78.9925103981088
11,80.98804918029059,78.9616639220052
11,81.01489795119657,78.98389234154274
11,80.99250073974667,78.96721066211751
11,81.01206407519777,78.9761999533165
11,81.0059495583261,78.9866650643259
11,80.9840884266173,78.96938009774273
11,81.04790714337646,79.00258477955677
11,81.03142769191564,78.98969891343586
11,81.02530280238436,79.0076112845502
11,81.01979042339532,78.9929370051336
11,80.99444601127436,78.96246664202566
11,80.98020596364839,78.98744224809047
11,81.02313925743746,79.03263009028615
11,80.9590328114848,78.99012779175978
11,80.95921550830526,79.00289057853995
11,80.961460849847,78.97305899485126
11,80.99463426941956,78.95669480776405
11,80.97912805874391,79.02663563022449
11,81.01228374759621,79.00753365309002
11,81.03722965395717,78.9818306292647
11,80.95940944090357,78.98692639394373
11,81.03480492400486,78.96456493960369
11,81.01763959766043,78.97892846623331
11,81.02161584040809,79.01966184060353
11,81.00732162675568,79.02621261253306
11,80.95439684155929,78.99970148183843
11,80.97008007349984,79.01033362698769
11,80.95839469478271,79.02274075255313
11,80.9906111170486,79.01071129151454
11,80.97813006469985,79.03303795594543
11,80.99550948962894,78.98565082748466
11,81.02334686618009,78.96072333276437
11,81.01026657348446,79.03532158842106
11,81.00374353221837,78.95626055841514
11,80.9819157886599,78.96202296223211
11,80.99504334572957,78.9868981840501
11,81.01183285265807,79.03728847010395
11,81.01848411734008,79.01392728611705
11,81.01809043349861,79.01555215162165
11,81.00367931925724,79.0143376299144
11,81.01011269754899,78.97633178113225
11,80.9790415067236,78.99236152875292
11,81.038485097724,79.02299542116897
11,81.04442334774073,78.99660411851816
11,81.02375736959424,79.03241109153889
11,80.99275377914599,79.0363331580768
11,80.99621173269244,78.98072231744503
11,81.02987409308186,78.9967846919956
11,81.04511295603751,79.02049795747564
13,81.022277463996,79.01753664824004
13,80.95859458920063,79.01892115110977
13,81.02818161323023,78.97911346142439
13,81.00414673812037,79.03917064145898
13,81.03106912813523,78.98255327216226
13,81.0298034022683,78.9993991857469
13,81.01596872751142,79.03621716940967
13,81.01101105482574,79.01848601086105
13,81.01768435262397,79.0397298899119
13,81.04012091577312,79.02777649487442
13,80.9806956292865,78.97162664626583
13,81.04883674553594,79.00109471244284
13,80.98649529877099,79.0281602409042
13,81.0393277209589,79.0069698351649
13,81.00270286241917,78.99619389313904
13,80.99909993031636,78.96204385409945
13,80.97892899606101,78.9604623453237
13,81.00188612534842,79.01978192010183
13,81.03250901902786,78.96730768728526
13,81.04485962799563,79.00066555369418
13,80.95973376379787,79.02025330010387
13,80.99715575772423,78.95122115150197
13,80.96579680807702,79.03496744822054
13,80.99742429338139,78.96682439119579
13,80.99024183583937,79.04504803456238
13,81.0218781873873,79.02857917089598
13,80.98505681632781,79.02497565049686
13,81.01700240117074,78.98732262955468
13,80.99235179684814,78.99965091169688
13,81.01486424710052,79.0009748515503
13,80.97560006644699,78.95864904221051
13,80.9890933035549,78.99037398385748
13,81.03757708147275,79.02944836453723
13,80.99659741705804,78.9717925794459
13,81.04316843923571,78.98187670362114
13,80.99982853964443,78.97528425851496
13,80.997895783423,79.03764116406653
13,81.00664321588754,79.01719755560255
13,81.02208743040954,79.01240831954914
13,80.98782660166965,78.98419273472848
13,81.02444958120364,78.98010478370098
13,81.02170100348549,78.97758637758467
13,81.00557571248962,79.04893404256856
13,81.02078875359793,79.01188772480621
13,81.03306289230062,78.98916985455122
13,81.0023476656309,78.99045542424167
13,81.04807698120317,78.99311309578788
13,80.97833996845131,79.00644209886411
13,81.03390762491422,79.00214603483566
13,80.99367867505991,78.96368512797032
13,81.0473983559185,78.98716547585352
13,81.01399199023403,78.99156610177056
13,80.98749879554673,79.0393065700074
13,80.98494198085201,79.01717961136775
13,80.98138432574358,78.95427817814134
13,80.99512745714273,78.98176948750708
13,80.96318408746055,79.00074048172473
13,81.04019311124496,78.98067535499094
13,80.9719926343815,78.97265164138543
13,80.95187363793652,79.00252834884776
13,80.99757020158908,78.9573927387026
13,81.01880025853211,78.96363774473791
13,81.03933707033967,79.02081445394009
13,81.03467221590353,79.01308848289139
13,81.02374141019834,78.97480226559301
13,81.03256705869136,79.00749973707954
13,80.98447519699076,79.042695427931
13,81.04504401218954,79.01640375068891
13,80.95218830495934,78.99536488390929
13,81.04427813952081,78.99484356424055
13,80.96447341009134,79.01333163872759
13,80.97211288771051,79.0301157958756
13,81.02137187535685,79.01553588609137
13,80.96488462025232,79.0199277284195
13,80.95081651464585,79.00190665702735
13,81.01947749706193,79.01224532948703
13,81.01581436390993,78.98826582863285
13,81.03111056096681,79.00002745841502
13,81.01718780466446,78.9754068040242
13,81.03017730641696,78.9758437742391
13,80.97103560146986,79.00317291206777
13,81.02709419067023,79.02834158837834
13,81.0055104191597,79.0011438839502
13,80.96503134535256,78.99031822456742
13,80.98655293392181,78.96163211097914
13,81.03210511370538,78.97029866407472
13,80.99862343979207,78.98256434903132
13,80.97102746660674,78.98972789085441
13,80.98216986610217,78.99911539649038
13,81.04852687401008,78.9942761936542
13,80.96085712157677,78.98443204833193
13,80.96675192413959,78.98315639029015
13,80.95665108960159,79.00574948089333
13,81.01431666180382,79.0185011455738
13,81.02569920276432,79.01593858162913
13,80.98700789484111,78.97272498950701
13,81.01773248598192,78.97666534287919
13,81.00548668301903,79.01855486394953
13,80.96077492174399,78.98907253857566
13,81.00823122733512,79.03997115673779
13,81.02774038599287,79.02812815028803
13,81.01668858102654,78.9594968248673
13,80.95940681716309,78.98584203794695
13,80.96539128256074,79.03045533226901
13,80.97344259342069,79.03824811486723
13,80.98322042768255,79.02895968141443
13,80.96887862397898,79.00238203432917
13,81.03691918014019,79.00944304999416
13,81.01936489590706,79.00907007706104
13,80.9903546786148,79.0325004050286
13,80.97800099592013,78.9673871866886
13,80.99139229329747,78.95286252335434
13,80.97364057469665,79.00799084307273
13,80.97777313776758,79.02423885523098
16,80.9973455884442,79.04397304773201
16,81.01406639829682,79.04030318387763
16,80.98847725430403,78.97800434935799
16,80.97390688586641,78.97731482999144
16,80.98236256138743,78.99812383311068
16,80.96889577005471,78.9990110025431
16,80.99674676150727,78.99400175873218
16,81.00913165367707,79.0251027157043
16,80.96277272826498,79.03204565387817
16,80.96484743718139,78.98987014123786
16,81.00830765290233,78.97749811815818
16,80.97584317275435,79.02556624016289
16,81.00592422056853,79.00399626416879
16,80.98517419873937,78.98597562230633
16,81.0252894099423,79.02988460131115
16,81.00228898662714,79.0323186059986
16,80.99108761012438,78.97459025072285
16,80.95312385978612,79.01079729902894
16,81.03050881634861,79.01770555063706
16,81.03186579617122,79.03705436372502
16,81.03635521280977,79.02039939606095
16,80.98583082276109,78.98186160803039
16,80.98852046864317,79.03473617486534
16,81.01922986996657,78.99750188645055
16,80.99923970616493,78.98325512777272
16,81.02593214441545,79.01509640320286
16,80.98986886982031,78.95823827838781
16,80.96072964723328,78.979930735897
16,81.00542291307428,79.02515255880996
16,80.98449966462181,79.03794027579583
16,81.03210130780252,79.02717214462629
16,80.96777036934924,78.99521911735648
16,80.96136902016245,78.98434331786568
16,80.98739434736943,79.03553483769329
16,81.03029829954092,78.98072620983748
16,81.00688369759777,79.04716622674648
16,81.03721375796972,78.99248708485842
16,81.01242025009624,78.97517354286236
16,81.01289996548037,79.01477245988961
16,80.99567182218472,78.99683763696765
16,81.04076101863588,78.99913845807303
16,81.00066825289228,79.02808666961491
16,81.01659526866999,78.98519304460946
16,80.96999165976572,78.97323074536752
16,81.0199011380707,79.0175273736198
16,81.00640295362209,79.02311515380396
16,81.0451211194788,79.0045286815337
16,81.03653713761737,78.97313360036657
16,80.9740413825605,78.9990119821792
16,80.97339413165828,79.01283409575493
16,81.00576399794873,79.04396883810941
16,80.98048078767036,78.9800615311047
16,81.00994342563912,79.03919533435548
16,81.02514004675953,78.9654337389226
16,81.0278864182715,79.00400694287238
16,80.98590912245261,78.97545745442126
16,80.97470481306387,78.97436623511338
16,81.02859158364457,78.98076447227595
16,81.01841790913205,78.99145733056271
16,80.9983893363899,79.0294383435519
16,81.04060841616806,79.01583124168694
16,81.01350644409592,78.98014908108698
16,80.97057001850645,78.97214611144105
16,81.00805832827463,79.00882273699332
16,80.96319510877171,79.02996097404254
16,80.96021084639328,79.01672626672756
16,81.02836236899209,78.9666529616785
16,81.02789146488041,79.0374922463723
16,80.98324700852685,78.97969123004525
16,80.96720433296736,78.96495829545813
16,80.99705577109171,78.97260823749615
16,81.02857192296968,78.98050131299583
16,80.98046276270557,78.9909324575205
16,80.96220510896448,79.02558215555217
16,81.00458572024434,79.03332496612053
16,80.97228295719384,78.97701619307838
16,81.0085734696335,79.01732438421605
16,81.00424272512744,78.95859663497822
16,81.03723962809181,78.99199943093006
16,80.95482675191552,78.98922997862383
16,81.00099909123634,78.99817236218905
16,81.01571209672983,78.98791270374387
16,80.95712966737875,79.0166995313985
16,80.98443438199327,79.02722762324497
16,80.99782469670473,79.04303895764524
16,81.0476976515823,78.99890470461645
16,80.98159379698265,78.98409315299212
16,81.02680205303109,78.99470365765433
18,81.02756993123954,79.03166527126713
18,81.01406639829682,79.04030318387763
18,80.98735613426214,79.03699114090645
18,80.99011466412533,78.98729159332085
18,81.02869386211928,79.04017404087955
18,81.03753150629998,79.01982321441852
18,80.98365969694957,78.98720908884425
18,80.98817742605098,79.02998533258611
18,81.00880477859926,79.03719692802167
18,80.98946302203811,78.99404547017906
18,80.96134312357215,79.00294195124832
18,81.0385792357423,78.98155799772984
18,80.98639059399382,79.01610947647295
18,80.99630405085365,79.01625459939444
18,81.01241338446086,79.00768860980862
18,81.02526786081752,78.9640326072144
18,81.00513366326695,79.03129046716289
18,80.96635810089124,79.03605783826833
18,81.0337431645488,78.97668436200478
18,81.02836440771473,79.03238516688606
18,80.96524617667664,78.9829275538686
18,81.01720187604127,79.02238843111869
18,80.9983696565593,79.03043750690152
18,80.96631960112535,79.02954970055316
18,81.00747164237445,78.96291712435959
18,81.03778028633745,78.99321966780897
18,80.99839287272901,78.95809230300237
18,81.03123705882832,78.995103319551
18,80.97150929775135,78.98555074823948
18,81.02875783962831,79.02374264815322
18,81.02598829081255,78.97652873006706
18,80.97095153968021,79.03074228908619
18,81.0350187044141,79.03454770275759
18,80.97614092999119,78.99700573159626
18,80.99156744765624,79.00521040227899
18,80.98671133629935,78.97904391849865
18,80.9960319436434,79.04566793842675
18,80.98404825431753,79.03052683356798
18,80.9976773811934,79.03821969209137
18,81.01359226894596,78.96102567789859
18,80.9987247893599,79.00979794289435
18,80.99579067746163,79.02617750937361
18,80.99739827996817,78.98145049769767
18,81.0152435407862,78.9556044105334
18,81.00417770567627,79.03364998632384
18,81.02185657901335,78.98043348275435
18,81.00002082870078,79.03809021460884
18,81.03148316510679,79.03328293208757
18,80.99746419603957,79.0284734947365
18,81.02217626712583,79.03098966397337
18,81.01203419013598,79.02054879282997
18,80.98593610430532,78.98969521165728
18,81.03473423261485,79.00034125568457
18,80.99433070857152,79.00135751488742
18,80.9696012013984,78.97531438116809
18,80.98548101494981,78.97695013893743
18,80.95978978461662,79.0125142012083
18,80.9550342988906,79.01627898525908
18,81.02336661133289,78.96712460368084
18,81.00797997763145,78.99468638304722
18,81.02455003073962,79.03520303786016
18,81.02037175655308,78.99617455831219
18,80.98437500448716,78.98212489839365
18,80.99662895356445,79.0193746706071
18,81.04098176410979,79.01210529205467
18,81.0111053665259,78.96421301269622
18,80.95895325617967,78.97793024084169
18,81.02229637293009,79.02288265092606
18,80.97985874911281,78.96952752619151
18,81.03572167973947,79.01560300866214
18,80.96590871770528,79.01375561276159
18,80.95290747852411,78.99476560803745
18,81.00959705855045,78.96788761880902
18,81.0429723043593,79.00056460322409
18,80.98851572633329,78.97262636874376
18,81.00976256668453,78.98136839795444
18,81.02317353973565,78.96005219261299
18,81.02055336017617,79.02614865536154
18,81.02104855887416,78.9754579873232
18,81.00200262636446,78.97418807674799
18,80.97244502304261,78.9681971662401
18,81.04506681114522,78.99536499015552
18,81.01806026374658,79.03936328831928
18,81.0361936788171,79.00743983789944
18,80.96446530276481,79.0121227502644
18,80.95531170097658,78.98169561205539
18,80.96890171333263,79.01602765496453
18,81.0209573851899,79.03363852354364
18,80.97148996685843,79.02910794561691
18,80.99384707326195,79.03415001025786
18,81.04722589504694,79.00131501750315
18,81.04012091577312,79.02777649487442
18,80.99477773017924,79.04338227589483
18,81.0413704839381,79.01407488929807
18,80.99301707122808,78.9898733254487
18,80.96444895501764,79.01900439218578
18,81.01285104003438,79.04339239308496
18,81.02936671623,79.03123855992445
18,81.04949827881167,78.99359799611834
18,80.98507051818044,79.02505391314398
18,80.9978703334273,79.00432454515142
18,81.04575917521318,79.00760024415521
20,81.00949458323176,78.95351794684602
20,81.0034356680134,78.9920947284176
20,80.97049063896287,78.98995443297412
20,80.95267126224128,79.00818768834607
20,81.00733967118201,79.02181540400093
20,81.01538818869923,79.00039215941597
20,80.99640708145391,79.0030187582628
20,80.9989996125099,79.02577452617263
20,80.97558853352186,79.0025757449504
20,80.9694871065032,79.02254871062573
20,81.01309496001151,78.98837631047324
20,80.97031677125169,78.99312384375571
20,80.98748015086379,79.03892703448598
20,81.0209573851899,79.03363852354364
20,81.00807346248098,79.00017222542346
20,80.97166339384951,78.99897602805224
20,80.96737141574332,78.98780415371446
20,81.04910813824569,78.99606107247189
20,80.98494426542462,79.00256934942642
20,80.99285290427807,79.00406423832376
20,81.01844987443273,78.96832609210709
20,81.01711453700406,79.00296127666651
20,81.0159099487668,79.04733394896694
20,80.97039253526263,79.02364851435496
20,80.98610745926965,79.00939543524139
20,81.0007640975583,79.02174715199068
20,81.00405026960482,79.02697751134276
20,80.99172488428897,79.00806899974057
20,80.99468063536726,79.02003945400048
20,81.02142291853586,78.98372903216885
21,81.00717276767925,79.00049274936465
21,80.99827039162078,79.00279766039992
21,80.98075390219309,79.00718603794543
21,81.03126106181662,78.98903878052101
21,80.96273742261607,78.97873169397658
21,80.99815957418939,79.02124753013342
21,80.99782660927326,79.03441624348172
21,81.01663648343379,79.04714996422453
21,80.97308437244976,78.98651531397239
21,81.0185878719038,78.99844308657451
21,80.98846260507086,78.98872299370312
21,81.04007996732945,79.01002037614484
21,81.00766659629224,78.98513832200489
21,81.00802801963962,79.04171623102539
21,80.9732740816907,79.01004955450496
21,80.95670878996624,78.97778859299025
21,81.0202766426481,78.99161618080642
21,80.96287517333315,78.99855835094294
21,80.96541902487454,78.99071444881638
21,80.99241158260584,78.97929003879291
21,81.04039784263658,79.00334152478241
21,80.96330704323788,78.99084598370803
21,81.02472317816,78.96042624132497
21,80.9705395112128,78.9794239765203
21,80.99931641296075,79.02276579716958
21,81.03410515393762,79.0249904221036
21,80.95057631133692,78.99630135087928
21,80.96176429956658,78.98518560360384
21,80.99309116840772,78.96271021762362
21,81.02824910535215,79.03000946195537
21,81.00877744265253,78.99027087875442
21,80.98528693293794,79.02026889896577
21,81.0397802603086,78.98134358500202
21,81.00742842557605,78.9515041974278
21,80.99008239242784,78.98627354185369
21,81.00104382082483,78.96036976895824
21,80.99184735470594,78.99461717211437
21,81.003163771202,78.97159735090364
21,81.02671416961908,79.03339236005492
21,81.01420124442923,78.97505006838355
21,80.99620992933892,78.96975781770867
21,80.99144700035806,79.04709463593494
21,81.00806187660547,78.97717033785356
21,81.03894062636604,78.98685404826577
21,80.99347803958955,79.0032093373611
33,81.00713322304283,79.0380680854446
33,80.99377637030582,79.02096264581003
33,81.03981039529462,79.02793008437885
33,80.98469997319721,79.02526926225434
33,81.0097771000789,79.01820464841089
33,81.0165267667591,79.04631269685933
33,81.01275870517408,78.96199013813911
33,81.01597964933028,78.95597298693059
33,81.03042338579645,79.03784891430347
33,81.03555442337121,78.97082093879983
33,81.01156769504277,78.99404144552797
33,81.0159603338138,79.01179807079724
33,80.95865857717645,79.02547066906436
33,81.03521279507632,78.98453308760118
33,80.99010745510738,79.01474528894357
33,80.99898729496172,79.02092212622314
33,81.04194152349237,78.99770533422999
33,81.00232919596719,78.98187984727664
33,80.98026222324765,79.02871279463511
33,81.00218113196074,78.95737380377263
33,80.95246026443994,79.01410691710333
33,81.03569583996207,78.97011217514748
33,81.03699783349168,78.98504162629487
33,81.02416123405251,79.03371394837484
33,80.98141585372481,79.0432158047438
33,80.99032924692003,79.01340545915298
33,80.96304212548547,78.9831062366694
33,81.00286979128468,78.99742698150052
33,81.02616434789627,78.96028042748546
33,81.00188612534842,79.01978192010183
33,81.03769522358962,78.9775002671288
33,81.0155944401759,78.98352343657382
33,81.0269755132804,79.03607315156948
33,80.95822527868607,78.99597835179503
33,80.98216257846188,78.97160694439663
33,81.02745499799882,78.97981854653995
33,81.00346887898847,78.99628735661926
33,80.98159379698265,78.98409315299212
33,81.0053523864335,78.99172240242474
33,80.99530369606774,79.01793917227207
33,80.96928783026891,78.97515284786553
33,80.99965548952704,79.02093259398328
33,80.95663183292264,78.99399518630017
33,80.97705378805496,79.00133652619324
33,81.0458089087205,78.99360704451814
33,81.00443129999239,79.00744562037379
33,81.01363512375845,78.95561137340131
33,80.98537328102867,79.00267176852694
33,81.03684473745619,79.0239763271734
33,80.97783850488302,78.96280783374976
33,81.04639551720845,78.98346864078313
33,81.04189178020215,79.02116674981828
33,81.00316287544577,79.04228077958017
33,81.00387777864397,78.97963765733695
33,81.0153288322173,78.99728520150504
33,81.02447719371312,78.99907421975216
33,81.020905708176,79.03418286813024
33,80.960489176242,78.9756299985675
33,81.03333488864402,78.97933589427821
33,80.99477120315508,78.97683011727247
33,80.99787443436821,78.98041654545938
33,80.99847478777814,79.00917647916764
33,81.04027903820113,78.97634901653419
33,81.01970943797218,78.99714527413249
33,81.00198718604118,78.99619316075984
33,81.02802819862548,78.97198651882877
33,80.98403657009224,79.02439792496722
33,81.01419561837385,78.98124523980633
33,80.96160863664203,78.9753091871471
33,81.02296424641933,79.0351882297123
33,81.00837478317443,78.97153189923766
33,80.96993240837921,78.97668697591033
33,80.99555694615124,78.96124101126773
33,80.99386723728652,78.97347087008882
33,81.03307890389793,79.00346642285017
33,80.97051714772824,79.03153596255852
33,80.95656128756092,79.01373970678713
33,81.00928698887071,79.03126711551384
33,80.96299380970297,79.03317935257164
33,80.99679877286911,79.04540335971446
33,81.00374320979945,78.98584028962641
33,81.00167680240561,78.96311857909541
33,80.9938761765309,78.98363486508833
33,81.00188643163878,79.01240072222404
33,81.00136486975788,78.97012877110821
33,81.02006163129906,79.01803577545384
33,80.99406802969685,79.00221885519775
33,80.98775982513867,78.97593277071742
33,80.98431949040399,78.9884721935582
33,80.96795122236914,79.00080843303341
33,81.02635740485003,79.02494831040578
33,80.96151937876834,79.02114072851478
33,80.99082621986703,78.97200444081078
33,81.00739407399696,79.03057510288049
33,80.97180885252534,79.03587835550934
33,80.97318980324681,78.98426459051393
33,80.98433312577413,79.0378310676995
33,80.96724590667475,78.97112961836477
33,80.96279773303425,79.00221418909331
33,81.00430506665195,78.95764196326964
33,81.0235260258501,79.0038652430781
33,81.02747089848526,79.01610338677368
33,80.98627568342363,79.04551752069837
33,81.0432539205015,79.02476513310113
33,81.01667632382527,79.0189817649676
33,80.98919822242097,79.03214553950485
33,80.99552977506352,78.95051595097394
33,80.9837872176751,78.95365827728227
33,81.00211205568951,79.04568635073822
33,81.04728742679525,78.99434705640918
33,81.0347733444024,78.97611309856268
33,80.9772977599872,79.01672114211406
33,81.00898725734805,78.98231381514626
33,81.03533101171094,78.97735285640829
33,80.98854622382699,79.0049644254357
45,80.97803081472867,78.97412321911374
45,81.0370214039889,79.01289340110178
45,80.9826283651451,78.96101861263102
45,80.9922648052995,79.03733747450525
45,81.01276154670755,78.98995697939951
45,81.01982334978257,78.97959928915863
45,80.96291514864002,78.99431665509849
45,81.00877687910081,79.00669949940767
45,80.97544911775249,78.96810420280941
45,81.02742441190398,79.00579768692103
45,81.01263262814224,79.03768283206287
45,80.97335566109503,78.98125441121172
45,81.01595711530015,79.03941330195678
45,80.97821930548889,78.9887412838198
45,80.96270490467995,78.97747907016259
45,80.99922178449127,79.02623647360079
45,80.9653881473075,78.965840530218
45,80.98450902837925,78.97384981262695
45,80.98981333397758,78.95123145202096
45,81.00438443466189,79.0253681041927
45,81.00927519183405,79.00502583841742
45,80.97239142775612,79.0188709671428
45,80.96719425082581,78.9659152802541
45,81.00063439803765,78.96054422864486
45,80.97500558168211,79.03322483670401
45,80.99829247950906,78.9914400846506
45,80.97495856343288,78.99757990991687
45,80.98549947790544,78.96616196893706
45,80.98539666213459,79.0352675659681
45,81.01352962148317,78.99216706896712
45,80.96977558586516,79.0369715621721
45,80.96263277413414,79.0015836127221
45,80.97875622579896,78.97028488135506
45,80.98430286848397,78.99636825656268
45,81.00424736863327,79.00813701311037
45,80.97446697759509,78.98135320720465
45,80.97886752512304,79.03739476659655
45,81.00922160550476,78.98412121044734
45,80.9538259758232,79.01897339515368
45,80.97371586670883,78.99986404677404
45,80.95750404110186,78.98317741585501
45,80.97135896000768,79.0206278888841
45,80.97169146915004,79.03021319501019
45,80.9711102201742,78.98603112463762
45,81.04403594314527,79.00218828714324
45,81.00727530450195,79.0148116788056
45,80.95246863786504,78.9907038762845
45,81.02025831747873,78.96638080257269
45,80.9528310178005,78.98927670769307
45,81.02000909035257,79.02736556462003
45,80.9949970369472,79.00720911387036
45,81.00159577452821,79.02302162221058
45,81.01082143614505,79.0399379832985
45,81.04598603614573,79.01194660115547
45,80.97062954193117,79.03728411279073
45,80.99012143865271,79.028231959267
45,81.00543435925142,79.03573419316012
45,81.03264484365128,79.0323062825331
45,81.02752270284343,79.01639871308225
45,81.00499704097055,79.02505941097353
45,80.98551272123557,79.02252633590983
45,80.96078779841773,79.02411391349536
45,80.98706062091019,78.96771784615348
45,80.97482653652717,78.96661126504235
45,80.98248021289693,79.04656495925619
45,80.9934017339467,78.97966109096528
45,81.02260702008729,78.97910815371576
45,81.01929004028338,78.98028807795987
45,81.02445617119771,78.97799602558132
45,81.0435553550272,79.00959253469289
45,81.03753821385733,78.97664738784867
45,81.01201788894126,78.96250211627992
45,81.04625611489074,79.00287466402752
45,80.99861943233141,79.02582090193035
45,80.9838400719976,79.02711950902825
45,81.02808125560561,79.00828797693312
45,80.95677625310393,78.98348239846092
45,80.96605437764012,79.03176681767263
45,81.02062792239863,78.97768582272184
45,80.95224758234308,78.9902052329625
45,80.9534679584702,79.01020262410819
45,81.03869501524393,79.00694344171124
45,81.0003086159407,79.02259195142872
45,80.99189721821415,78.97901793255647
45,80.9770206049674,79.0241371327659
45,81.0132558006754,79.02830168117367
45,81.0043885503444,78.9632291474321
45,80.95830114591521,78.98801401202054
45,81.01054331345586,79.00733645786049
45,80.97472428221658,78.97707226865292
45,80.97296283493439,78.96235182853573
45,81.03811888495804,78.98194482892991
45,81.00360856307867,78.96276833355675
45,81.01814187467593,78.9688914111205
45,81.03426648018336,79.02057584914003
45,80.98255041002332,79.00583225860039
45,81.04089027498195,79.01642386793914
45,80.97602710497691,79.01353505516157
45,80.96753954770489,78.98974401430135
45,81.0344048652298,79.0100776499222
45,81.00632590902687,79.02196027129278
45,81.03572343723383,79.01430524708677
53,80.98702363015539,78.9936742084148
53,80.97516262851804,78.97406321676267
53,80.9930046289155,78.99343808159092
53,80.97577460064998,79.0006741045914
53,80.9903546786148,79.0325004050286
53,80.99657709894691,78.97534853197163
53,80.99214358642104,78.95896752988914
53,81.02053264168033,79.0027582010944
53,81.03499124019635,78.98732654312244
53,81.01683628038418,78.95667136491473
53,81.02704644183143,79.01710984201407
53,80.96508633922372,79.03335554281574
53,80.97998535528032,79.00774168807528
53,80.98713798769629,79.02766536384405
53,80.98184474732977,79.02128945133471
53,81.03136499387207,79.03059720416049
53,81.01446558464013,78.98230142984045
53,80.98496646087382,78.98447783939251
53,80.96756874287306,79.02677665042609
53,80.96981818596043,78.96620321309116
53,80.97917503587084,78.99278632041548
53,80.96373046044789,79.029440522021
53,80.95895325617967,78.97793024084169
53,80.98638716769908,79.00241594269505
53,81.03474461027032,79.00141740192961
53,81.03351994166015,78.96296923295432
53,80.9825629415673,79.00595734051478
53,81.02446175858107,79.0134970523164
53,81.03605523686791,79.01276521814401
53,80.98505822539944,78.98738705477889
53,80.99572525168522,79.0471798082473
53,80.9598035516907,78.99630046895409
53,80.97080424695467,79.04000603111449
53,81.0111135085522,79.04022246155152
53,80.98103808447983,79.03804282712518
53,80.97643864750786,79.02506345925606
53,81.00056086510428,79.01251212434464
53,81.02839628971734,79.01876296238702
53,80.95197786323361,79.00615572373287
53,81.01605498610141,78.99203844805646
53,80.9963519913468,78.98288605860239
53,81.0197440109331,79.02642530746522
53,80.98827306725735,78.98662771323482
53,81.03883055624938,79.02263824727524
53,80.95029643190865,79.00143965610611
53,81.03901877517396,78.99701122233228
53,80.96520207579586,79.0138549847224
53,81.03428120949481,79.01269865800766
53,80.99599926165372,78.95338645068804
53,81.00949547900098,79.02537727141724
53,80.99416336826388,78.96146341182096
53,81.00275453149406,78.99823039865078
53,80.97139631586272,78.9993466041048
53,81.04266225165257,79.00709993079234
53,81.03031897967898,79.02720129883639
53,80.96939647701961,78.97005628370383
53,81.00271586110445,79.00295616900524
53,81.01843465996619,79.00378305271867
62,81.00798914883813,78.95524404238414
62,81.03240820000805,79.03558724501002
62,80.97912147980257,79.00038073916515
62,81.02562301901617,79.02797595557611
62,81.00584892615018,78.9658634845584
62,80.97999083781669,78.98016300065197
62,81.01285003761107,78.97364252039203
62,81.00895000222135,78.98918687686478
62,81.04172124774644,79.02382467100958
62,81.001032174764,78.95383077746833
62,80.97807457726884,79.00328723473808
62,81.00236307683929,79.00965171098672
62,80.97916081856842,79.01751312351522
62,81.00518690404051,79.00451942369759
62,81.02001053486804,79.01892932371925
62,80.96273742261607,78.97873169397658
62,81.01242655528958,79.04243554253085
62,81.00756044158382,79.00942853201894
62,80.99550952730303,79.04107332317912
62,81.0172450698111,79.00911890460749
62,80.95891499571837,79.01249363526104
62,81.0111054334726,78.9513389341465
62,80.99991265946393,78.97248854467091
62,81.00088981399209,79.03159999162666
62,80.97783951705317,79.00689370970674
62,81.0398590343145,79.01024107742536
62,80.97321642489952,79.00820632494289
62,81.04418728015752,79.0077177167916
62,81.03669696093131,78.97717542089117
62,81.00227869474637,78.98088761498497
62,81.00362871218407,78.95979398915046
62,81.02954304708251,79.0265368057327
62,80.96409894076092,78.9720094783455
62,81.0086427992182,79.02208280122967
62,80.97733867087692,78.97207551703454
62,81.04298001864575,79.0229610168329
62,81.02132564074435,78.96334064500569
62,80.99687121585566,79.02157340129251
62,80.98076308710169,78.99041957836742
62,80.95887737987834,79.02522892425725
62,80.96949175030497,78.96189855003273
62,80.97958909473228,78.99516516897893
62,80.97480221427091,79.0194998125656
62,81.00973911598868,78.96989029990014
62,80.97415351439658,78.986531897312
62,81.01382521595158,79.00218131283145
62,81.00827072373758,78.95482321502236
62,81.02234183540637,79.0163590032792
62,81.0322076688591,79.02036200071409
62,80.97047729882443,78.97712921060314
62,80.97040085739167,79.03253776393257
62,81.00890907741966,79.04629316530229
62,81.03928895588,79.02376370990939
62,81.00823122733512,79.03997115673779
62,81.0103141963515,78.95127801211895
62,80.97030461939322,78.96692307518049
62,80.99937044024179,79.0395523129858
62,81.0476687452388,79.0121256909885
62,81.02118222989932,78.99952610530912
62,80.99159093387796,79.04448016494425
62,80.99589184103485,78.96939372069045
62,81.01940474820229,79.01679451057446
62,80.99778979514761,79.01845440846687
62,81.0354483404687,79.03488359578945
62,80.98838851054343,79.01969757242821
62,81.02628227261363,79.03450728625371
62,81.00169582185463,78.99129649953387
62,80.96699005133789,79.0101227458779
62,80.97990744828549,78.99431473112656
62,81.03894632243238,78.99098652064245
62,81.00620878216455,79.04122784497949
62,81.00256844793884,78.98976402704314
62,81.04303800636383,78.99712412597181
62,80.9678447691518,79.00391164253013
62,80.98229840337426,78.98063803886228
62,80.98270020621808,79.02451948052895
62,80.98229823303407,79.01280381791398
62,80.98263747288514,78.98550074020518
62,80.96096879411802,78.98605457701753
62,80.96384514686959,78.98669077626192
62,81.01365914456954,78.99019243030523
62,81.00256844793884,78.98976402704314
62,81.01009457286028,79.04268485202788
62,81.02004437520512,79.04057731021175
62,80.98193995076532,78.99142103489984
62,81.0188768480585,79.03326292034811
62,80.95901459624535,79.01164594412336
62,81.04243946589193,79.01391005657125
62,81.00856268284952,79.03862487712048
62,81.01074387724982,78.99476792419543
62,81.00899674116509,78.98024130091922
62,80.9639644085236,79.0039676347925
62,81.02754029842743,79.01531218042787
62,80.99241843778432,78.97670196091609
62,80.96566745971278,78.97035830621444
62,81.01438351081883,78.99054241133857
62,81.00878193709609,78.99429738380672
62,80.95671788831682,78.99007606674786
62,80.99144878190184,79.00818888191284
62,81.02442293316793,78.98329428528788
62,80.97878377181782,78.99777882571107
62,80.99311989206706,79.02120925454483
62,80.99515773284531,79.03892179227597
62,80.97109874966007,78.9786878662388
62,81.0336242854711,78.96594225375638
62,80.95966951329693,79.01684418341677
62,81.00299302295288,79.02582757934996
62,80.98911293681954,78.95992497047156
62,80.99960695750487,78.99043170493404
62,81.01027836596191,79.0172838322891
62,81.04090688586929,79.01326359155095
62,81.02264093781898,78.95866719042616
62,81.02731019485316,79.0177672983125
62,80.97245300100359,79.02779763969399
62,81.01143243126721,79.02087414242926
62,81.00513366326695,79.03129046716289
63,81.00369792922947,79.04921462993234
63,80.9648948140209,78.9862084240805
63,81.03072682993171,78.98624662316242
63,81.01587239168826,78.97296112329866
63,81.00091470411716,78.97005931835626
63,80.9959233094955,78.95222937371634
63,81.00473314951236,79.03124315891962
63,80.9992313900493,79.02931022664532
63,81.02648236474062,78.9990310680809
63,81.00388428200237,78.97044862915381
63,80.97382323123693,78.9943251918924
63,81.0205261991404,79.03759500069629
63,80.98356065246223,79.03013796900913
63,81.00132090408412,78.98980140409886
63,81.01793906462551,78.97552816243417
63,81.0051575958684,78.96674091446643
63,80.97400853767667,78.97497584860852
63,80.96664266316293,78.99037469814552
63,81.039418428437,79.00977215157302
63,80.99328189055502,78.98048612877379
63,80.95312385978612,79.01079729902894
63,80.95978312979317,79.00588405586853
63,80.95354420226866,78.9856896849629
63,80.99671291634382,78.96326701749673
63,81.0008014759963,78.9858591317399
63,81.04883674553594,79.00109471244284
63,81.02323443483368,79.03875469125855
63,81.02790150826938,78.97058085386217
63,81.03766512140497,79.0031792805808
63,81.03611196410998,78.98051128393067
63,80.96332285678304,79.01759617586518
63,81.02102288412925,79.00396481883676
63,81.01604217930014,78.99124013315782
63,80.9972701829639,79.0116236788205
63,80.96795714969915,79.03652291909026
63,81.00676630456293,78.98323652501959
63,80.99989122879384,78.99738305233028
63,81.02899849480569,79.01879002954564
63,80.96895138887635,79.02010242616923
63,80.97570792887058,79.01258413630552
63,80.98768223453283,79.02518436571441
63,80.96935748671919,79.02946818161341
63,80.95785060265398,78.99233009795397
63,80.9843956930213,79.04749662730433
63,81.04306566035862,79.02051101332941
63,81.02186828932619,78.97080947445666
63,80.95754550253969,78.9739798406327
63,80.99989889147655,78.96158557597677
63,80.96410765224182,78.96762750068388
63,80.99924225159363,78.95096327604772
63,80.95544637040986,78.99521151518249
63,80.98203269469572,79.00389303810822
63,81.02279159993591,78.97652334085947
63,81.01316820648418,79.0287852705367
63,81.00879451645606,79.03593648593213
63,81.03849910723032,78.97689195000355
63,81.01446800559579,78.96279444599395
63,81.01983970363693,78.97997278649342
63,81.00065365499687,79.03382602136234
63,80.96647073299694,79.03643397152612
63,81.04321486456487,79.0189000472638
63,81.01466013876214,78.99631180203943
63,81.0171844396569,78.95338158213927
63,80.99227361159826,79.01649749304016
63,80.99077669136939,78.98897459349507
63,80.98978351421654,78.98306622540706
63,81.01975455609863,79.01797560943959
63,81.04523591600689,78.98607226308204
63,81.00402848657214,79.02099348209249
63,81.03862579562518,79.02815189516883
63,80.97640041312332,79.00315255080794
63,81.02427845586995,78.96915027535165
63,80.97494238652844,78.97551603017237
63,80.99045445066547,79.00729641027027
63,81.00606476421368,79.01975470311262
63,80.981685250733,79.0309425687716
63,81.01989547643939,78.99409154812321
63,81.00910674998401,79.00294101259213
63,81.04670643410547,79.00815252485539
63,80.98583865418738,79.01625686397556
63,81.00293459329943,79.0387212213386
63,81.01144531567229,78.99205335297766
63,81.03943207831007,79.00769996685567
63,81.0293007706389,79.02393956693017
63,81.00012042246759,78.9874329070689
63,81.01688588979644,79.03853426178999
63,81.01177879281123,79.04818221712698
63,80.9766716275734,78.97866006813388
63,81.00831194945754,78.98755751796291
63,81.02828173944299,78.98059715197708
63,80.97970933507149,79.04272124824638
63,80.98056657054991,78.99613839812125
63,80.97037971526001,78.96676808905453
63,80.99827936886896,78.99887906931832
63,80.9749545962251,78.99414302747395
63,81.02953230638391,78.97294635953801
63,80.97895137379281,78.95941750276988
63,81.04877933713605,78.99844213802912
63,81.00657627334117,79.00032608686521
63,81.04048928318801,78.97863376643508
63,81.02336856555159,78.98726314198181
67,81.0154983887237,79.04683055786055
67,81.04934372124198,78.99730448811538
67,81.03038533890246,78.98991906666956
67,80.99465264006605,78.97641431577108
67,81.0133000282708,79.03249473897294
67,81.01864281015148,78.9603577342693
67,80.96109819235802,79.02918059547422
67,81.01772035056985,78.9582288257815
67,81.02112836889741,79.01203261235378
67,81.04175424860205,79.01040502177172
67,81.01468444964854,78.95855129844826
67,80.99435813205442,78.96594412118102
67,80.99620240113808,79.03246818805074
67,81.02623876744849,78.96553215767449
67,80.95708144785561,79.01718897335648
67,80.95792082202998,79.00241737907058
67,81.00831079010044,78.96719677611134
67,81.02368730615474,79.036170017608
67,81.02624530239733,79.02111424040196
67,80.98975542368593,78.9564973302107
67,81.02551053300246,79.04182053533125
67,80.96990687150276,79.02517490604879
67,80.98837469206363,79.03262497542067
67,81.00808367575834,79.0484911904254
67,81.0091575185227,79.03291264334142
67,80.95304181404812,79.0079346196713
67,80.99320704373574,79.02581544355928
67,80.97389959625872,78.98979256241775
67,80.98632568571965,78.95616372723319
67,80.9590960278263,79.02792069210095
67,80.98280663652072,79.04670127318882
67,81.02816277502421,79.01848814172962
67,80.97711843509634,78.9724414740851
67,80.97635549622836,79.0112970281677
67,81.02772906997888,78.99795443888767
67,81.00063105616815,79.04041427341751
67,81.01001991774882,78.97148689300676
67,81.00480644722855,78.96171312796015
67,80.96325323879815,79.02866085186929
67,80.98556419432484,79.04041590579203
67,81.00225160456208,78.98817586543812
67,81.00157225489487,79.0070182623453
67,81.02024628848362,78.9965468291418
67,80.97163751199727,78.9637582661267
67,80.98197455746647,79.02326249693895
67,81.01036899630465,79.00750502744216
67,81.01902789660187,78.96315675458702
67,81.02719500531838,79.01658579217445
67,81.00739258810661,79.02451100788133
67,80.9846464507438,78.9918528844112
67,80.96577591469564,79.03572772406775
67,80.97366642773086,79.0357944856863
67,80.9791361399792,78.97347505677607
67,80.98109691567254,79.00050282594403
67,81.02133795199288,79.03849203066511
67,81.00172698993127,79.013452778007
67,81.00538627297342,79.04854711203203
67,81.0004082801546,79.00207244584163
67,80.95327884523489,79.00253497894758
67,81.02759364285235,78.95838882014704
67,80.98233439139528,79.03332237435764
67,80.97073162579045,79.03234169903422
67,80.97990876266354,79.03868118622069
67,81.02723997466744,78.95932209679872
67,80.98606691170204,79.04473559087322
67,81.0217630071842,78.99122567849166
67,80.98767227621128,78.98751442416565
67,80.96296216935266,79.01388052619754
67,80.98476277927085,78.96631410335118
67,81.00440927240074,78.97733397994406
67,80.99002869860372,79.00563411085484
67,81.02781848392684,78.97700279332054
67,80.9848596944561,79.0378144104546
67,81.01982989255406,78.98930261328184
67,81.00820920395765,79.00521553643377
67,80.98216285529026,79.036395001725
67,80.99672512208485,79.04743792679116
67,80.98103641054382,78.96534068138777
67,80.9856378777779,78.98506968516993
67,81.04370264110044,79.01018039645014
67,80.98150536789309,79.03419529391438
67,80.9639541213459,78.97575463348339
67,80.96287677209486,79.03103296110027
67,80.99713674002236,79.01146466042232
67,81.00082663527715,78.95633515758387
67,80.99005881981552,78.99855507459132
67,81.01321152472245,79.03674644164344
67,81.03433631341343,79.01106399494871
67,80.9612987229755,79.01239983821826
67,81.01941849380619,79.03779258282707
67,81.0247613978539,79.00695869065069
67,81.00852247398988,78.99057489100602
67,81.04768822056863,79.00585777209001
67,81.02407618325375,79.00600199309011
67,80.97380560744367,78.97738181083034
67,80.99660229291737,79.04001860324435
67,80.99413528972961,78.9854743826961
67,81.04631813198208,79.01421867212491
67,81.03128245025965,79.01147666979543
67,80.96322607622727,78.97711039150128
67,81.0300769671944,79.03812036841036
67,80.97740622891176,79.04402976952862
67,80.98023663082178,79.00786301112082
67,80.985899350902,78.97449353428739
67,81.02531343383683,78.98610288305167
67,81.02053132312065,78.95815498360048
67,80.98409822153515,79.02001859265651
67,80.98081861800475,78.9930261000854
69,80.98702673157884,79.0009825506161
69,81.04170720833567,78.97669059538708
69,80.99566609002052,78.9536883963467
69,80.95114995203222,79.00105448311493
69,80.9658290698745,78.96736746281852
69,81.02241813041469,78.97310967505355
69,81.01075357489637,79.0289102635928
69,80.96932439419527,78.99278334037152
69,80.98677797020932,78.98816881283497
69,81.00648859973138,78.99080816231141
69,81.00876782667068,79.03281968866685
69,80.96574247993564,79.02848519949345
69,80.953104722057,79.00433167306693
69,80.98018861858279,79.02351931264218
69,81.02634073173293,78.98405633903144
69,81.00263412426503,79.03452995217404
69,81.00031335933866,78.97537087412296
69,81.03006712645059,79.02927354976192
69,80.98816619827933,79.02287857115087
69,80.97525653777198,79.00516018065686
69,80.98904215342239,79.03082612687074
69,80.96034740625402,79.01567017964726
69,81.04673170568812,78.98795684701489
69,81.0064076487019,79.02605935977047
69,80.96466811068812,78.97290824779354
69,81.01492317761537,78.96500432649563
69,81.03755004204666,79.01474306104726
69,81.03994027955305,79.00308175275882
69,80.96114724688555,79.02948973870107
69,80.9867361327918,79.03492380668206
69,80.99376209756805,79.04380634706088
69,81.00447558089711,79.00480561925248
69,80.95453009506238,78.97929273012265
69,81.00146645431964,78.99584745370717
69,80.9659290225708,78.97420544310258
69,80.96410282305504,79.01253058295534
69,81.03245941644931,78.98279752574183
69,80.99056555879986,78.95196481668764
69,80.99766539504306,79.01295241766064
69,80.96693182308334,79.00178945044446
69,80.98356294584816,79.00493642010464
69,80.99653284988378,79.02988659362862
69,80.97976494251553,78.95864455459798
69,81.04667223017465,78.99116142891225
69,81.01083834289753,78.99571546767133
69,80.95607882806239,79.01158844535526
69,80.98472399518296,78.9986414013373
69,81.00939360414273,78.95174590603521
69,81.02172461449338,78.96874272975798
69,81.00377975169904,78.96806161071561
69,81.02513198567429,78.97620129765453
69,80.9546872056295,78.99631946139506
69,80.96588578712344,78.97765188210394
69,81.02632508323298,79.03390854251055
69,81.01915599817481,79.03669986480797
69,80.98548163125477,79.04270676583816
69,81.02236423106856,78.98823897169754
69,80.95519477887893,78.98348795805043
72,81.0268464510916,78.99126770867761
72,81.0135568486526,78.99099177463034
72,81.00420071389301,79.03996510704155
72,80.97535137980856,79.02537718392786
72,80.98550369262358,78.95866966346915
72,80.99434775493694,78.95118734405212
72,81.01740539220351,78.98055998799444
72,80.9763287134311,79.03400714108822
72,80.98688866909463,79.0422467215586
72,81.00643676288077,78.95771695951584
72,80.99099089973438,78.95640525971464
72,80.99790394447547,79.04701332009596
72,81.0077068414324,78.95765769002071
72,81.01167239335561,78.98222174703135
72,81.0397802603086,78.98134358500202
72,80.95760136545806,78.99867241432449
72,81.02412728367112,78.96779301682395
72,80.98770212375526,78.99025027214198
72,81.0314108327149,78.97663194096592
72,81.04540173025106,78.98242265791997
72,81.01783716093249,79.01163273720758
72,81.02191813580347,79.005752853426
72,80.99473468512636,78.99494249751118
72,80.96060780586788,78.97478803986384
72,80.95469658284524,78.98330865477097
72,80.98602912682514,78.97568335948797
72,80.97232060313559,79.00620378055989
72,80.98870505591822,78.98977348259001
72,80.99423440844713,78.97643181461656
72,81.0404405484807,78.98220628230614
72,81.01127371106399,78.97414033227662
72,81.02338694034114,78.98527140101118
72,81.03318231893088,79.00952756475864
72,80.98979490830048,78.98858201884352
72,80.98286804279515,79.04556886594915
72,81.03584571423956,79.03357362564999
72,80.96090658148619,79.0134575959693
72,81.03903514408552,79.01285668080939
72,80.97946400762066,79.02174952776346
72,80.98651297617738,78.96684404389818
72,81.01827568149994,79.01885439765844
72,80.95351412573928,78.98241368768645
72,81.04173167505,78.98917929669851
72,80.99718911482267,79.02621525002264
72,80.98082036168958,78.99827370526604
72,81.01327800474208,78.97353456333714
72,81.0007009085701,78.96701212597844
72,80.98216028344503,79.02812290294645
72,80.98189026133792,78.96771495042711
72,81.03781092953768,79.02183969326181
72,81.01717240800546,78.96220449570124
72,80.96587116229479,79.02429111717274
72,80.96635311917949,78.97184386379706
72,80.99024773984799,78.99835575382052
72,81.04182629650774,78.9869544100244
72,80.99775238280132,79.00749884977637
72,80.97268190361343,78.98726152593818
72,80.98792374146628,78.95444745922987
72,81.04288948634088,78.99360573645772
72,81.02179215580226,78.95601902064216
72,81.03996020879262,79.02626934434379
72,80.96193876910242,78.9785469335286
72,80.98409372738473,78.98020055755717
72,81.00486533835465,78.96189997617448
72,80.98710033646879,78.99774863670348
72,81.0266103197545,78.9853602868435
72,81.00448795675041,78.98639895026776
72,81.01430640797773,78.97864378372941
72,81.00587001757609,79.03188813365941
72,80.95891164008371,79.01568982991958
72,80.99294593263551,78.97845113675639
72,80.99744091013451,79.00819449325058
72,80.99631885082388,78.96650811469287
72,80.97939457655502,79.02420217654242
72,80.97002044395906,78.99746237603178
72,81.04290062451864,79.01597028541937
72,80.95227740408545,78.98661558831355
72,81.03073937713805,79.01312486796161
72,80.98040803138444,78.97098817397627
72,80.97959736149242,79.03926222352739
72,81.02105042866239,78.96923330831082
72,81.02497772307314,79.01099136229047
72,80.9966110053407,79.04108573257213
72,81.00020258154517,79.00794522103601
72,81.03314500403364,78.99428553938691
72,80.97609044417308,79.02665046925166
72,80.98824259237243,78.95955316697477
72,81.00262432123351,79.00089670401628
72,80.96430176584845,78.98534439601202
72,80.98559080329906,79.03865144526866
72,81.01321947083144,79.03728570471607
72,81.029987289708,78.99873994096815
72,81.04247944447626,79.01533326624492
72,81.02717317019086,79.00021994425184
72,80.97804238323813,78.98245132534396
72,80.98242826151318,79.02535331090093
73,81.04332188366271,79.01611395862629
73,80.99726329352069,79.01249791287889
73,80.95295315183522,78.99796409277822
73,80.99252141978381,78.9886269203304
73,80.95906950305503,78.98574307543379
73,81.03808319231929,78.98382614238334
73,80.96101827211665,79.02008874656494
73,80.97995950149947,79.03434551182526
73,80.97381631340693,79.01690720616833
73,80.99780090672112,79.00284360511526
73,81.00668376012524,79.01873389919758
73,80.99063436849403,78.96664401628058
73,80.98636013369314,78.99029888333699
73,80.96152063696732,79.00592963853448
73,80.96661454104107,79.00766441210145
73,80.97051360463219,78.99506165562121
73,81.00155756565631,78.96841780635867
73,80.97035543516587,78.97910794709605
73,80.98269512618171,78.97752016219133
73,81.0488696859834,78.99674825981052
73,81.04039733281957,79.00669840465679
73,80.98213635422043,78.97986497870065
73,80.99046217779191,78.98416503107478
73,80.97387352386907,78.95769923593384
73,80.96658405703658,79.03279859013634
73,81.01955608855066,78.97770054929404
73,80.9645483341669,78.97503847523828
73,81.04141104463241,78.98733650058398
73,81.01938222986776,78.96918345848009
73,81.03391920665528,79.02373306645391
73,81.0096032154968,79.04875037648625
73,81.03199514945096,78.98536493631873
73,80.97943957542591,78.97949119401365
73,80.99607756267969,79.04199715195818
73,81.02174298906624,78.97802852609831
73,81.0226577320977,79.03935864134128
73,81.04332892039527,78.9846421620088
73,80.98786321556753,78.97658473815237
73,80.9881233866204,78.95213917352943
73,80.99155360789571,78.97319827755805
73,80.99389442159541,78.95782761349732
73,81.01182225174468,79.01974606445683
73,81.00668345552731,78.98466797744747
73,80.97077195672287,78.96153358835319
73,81.04485962799563,79.00066555369418
73,81.00876782667068,79.03281968866685
73,81.01682920266168,78.96844371633485
73,80.99895097955671,78.97286029059461
73,80.9602719587607,79.0145385661804
73,81.00982864741287,78.99985294045965
73,81.00403991864576,79.03072377596281
73,80.97769337509968,78.96381144348291
73,80.99346899941797,78.99083021095468
73,81.00068671834198,79.04096535578535
73,81.02405740610409,79.03095183311234
73,81.00270286241917,78.99619389313904
73,81.01536089596217,79.02334460192695
73,81.0341556678972,78.99498679906863
74,81.0327947939972,78.99271029685094
74,81.02114608064394,78.98609995370235
74,81.02924527335438,78.96753247339976
74,81.04630124119592,78.99248772195703
74,80.99333722427133,79.0427646193315
74,81.03577065324387,79.02496803162347
74,81.04138530326337,79.00379025391406
74,80.96711902310925,79.0371491436946
74,80.98595047902482,79.0366560319868
74,80.96807284649587,78.97526099131652
74,80.96793030419362,79.0030150036812
74,80.971090351188,79.03109496540084
74,81.04236353396391,79.01560386641088
74,81.04714459489237,79.01206544697435
74,81.04733108191863,78.98571807463279
74,81.02270541067045,78.97328514973104
74,80.9932416665318,78.98878410055435
74,80.9866078318546,79.02281589882648
74,80.9600532848848,79.01759507247215
74,81.01389374801082,78.99302284611859
74,81.0175918259814,79.00938377947516
74,80.99648873234206,78.9998836499542
74,81.00625114399928,79.0015175261233
74,80.97632460658542,78.97152164916969
74,81.01289413728942,78.99535317621962
74,81.02299340199538,79.01786426172097
74,81.02701605335392,79.0238566180641
74,81.01352955705343,78.99045807257795
74,81.03895835692579,78.99679858249122
74,80.97799357751485,78.970668758253
74,81.00644831281888,78.97363153462517
74,81.01484220631355,78.96417598855786
74,81.02477758277915,78.98128596574374
74,81.00806511935001,79.0292107464342
74,81.03305603342253,79.01377839482518
74,81.01476407954202,79.02600466053725
74,80.98232448160833,79.04378945506998
74,80.97925197031884,79.02296937085724
74,81.03810959263079,78.99773217872601
74,80.96171697198723,79.0047239584168
74,80.99570779770468,78.98738385658092
74,81.0053288295022,78.99108514300839
74,80.97720200554446,79.00783944028845
74,80.9991064620781,78.96014115662604
74,80.97066935317216,78.997798748135
74,80.98637510844274,78.9712439222105
74,81.00961578582948,79.02494096588016
74,80.99911273714314,79.04924621936074
74,80.99477839291032,79.01699817198997
74,80.9907212923496,78.96904615648953
74,80.99987816659396,78.96058760377443
74,80.97784510044345,79.0405972305919
74,80.99960932995917,78.99730731971565
74,80.9570776019933,78.9841778461319
74,80.96950054805043,79.00369504722906
74,81.02196198471454,79.0397963298375
74,81.04898649925185,78.99790505205682
74,81.03349975578936,79.0148118813834
74,81.03317151831112,79.02425389310838
74,81.02215291252834,78.97033996927806
74,81.01668308255013,78.99767555008673
74,80.99630400258722,79.0108193669211
74,80.99769868590236,79.03818126300659
74,80.95014903802635,79.0003336670326
74,81.01683540327048,79.02233343621816
74,80.96411777076877,79.03060291015619
74,81.03692270977388,79.03069223913165
75,80.98609586338246,79.01863849975985
75,81.0310690952693,78.99684532170359
75,81.0194135500401,79.00048485887758
75,81.04623876103099,78.98507000227762
75,81.02243070775101,78.99029747459475
75,80.98139884325832,79.00363088420089
75,80.99416056872028,78.9685994796502
75,81.00870441944173,78.99201404032902
75,80.95908163087769,78.97877647288438
75,80.9990412149068,79.02260349524875
75,80.98740477394159,79.0253906952321
75,81.00354273080183,79.01602050800903
75,81.0306515567938,78.96663931670545
75,80.99197455446269,79.03291243236883
75,81.00759864446253,78.98369693705843
75,81.01068491160339,79.0214891001526
75,80.97082869731375,78.9703059452159
75,80.99295668226132,79.04804101268348
75,80.96060780586788,78.97478803986384
75,80.99865458773772,78.97955200157314
75,81.03989741133087,78.99136804969162
75,81.02756577948196,78.96562877737193
75,80.95616516891093,79.02077884425049
75,81.00404799390417,78.9575925029607
75,80.99446770383484,79.00568730615487
75,80.96181954815302,78.979322609285
75,81.01085035285503,79.02401923772814
75,81.03723962809181,78.99199943093006
75,80.99252536347282,79.02479371687377
75,80.9783494848686,79.02869215111203
75,80.98383252474909,79.03831411959074
75,81.01148064423752,78.97290209488165
75,80.98125434977045,78.9659644463536
75,80.99555247761295,78.9592051067502
75,81.02020798595986,79.0175283961218
75,81.00224533967898,78.9855323335147
75,80.97323139819672,78.98891374149373
75,80.99623417898653,79.0353836556503
75,80.96197874139249,79.02485105138712
75,80.97158443824647,79.01614414861987
75,80.96188690704656,79.01706567554345
75,81.02372398388681,78.96215385530974
75,81.02944797256023,79.03541121078305
75,81.03215482670046,79.01500716250563
75,80.96826397796357,79.03851497546903
75,81.04450130964638,78.99052503113272
75,80.95649579608653,78.99357093679329
75,81.0334838379644,79.03652412234122
75,80.95865312308507,78.99532295671702
75,81.03587306144352,79.01132128005368
75,81.03883285187322,78.99570481952158
75,81.0017446721264,78.99509508027228
75,81.00510037045997,78.97016740776702
75,80.95694821814745,78.98396477846482
75,81.00835514466259,79.005412193121
75,80.97166064331064,78.97581573255059
75,81.04422393863827,78.98799833438113
75,81.01505919197949,79.02429946236916
75,81.03164218171294,78.961839606225
75,81.01848411734008,79.01392728611705
75,80.97724941445911,78.95723302703527
75,80.97486885337824,79.0399755578608
75,81.01283454652354,79.00212193396662
75,81.0335822531127,78.97273119523213
75,80.98558963864757,79.0063644191692
75,81.03074035917332,79.00506148177882
75,80.97420466080541,78.9745153876137
75,80.97679351061568,78.97363379396519
75,80.97272734908138,79.00786302799382
75,80.97156114706095,79.01082365663204
75,80.97466443543338,78.96534388162013
75,80.97228456518239,79.00232071136662
75,81.00660059896344,79.0459265397923
75,81.03596184210409,78.97847177130431
75,81.02825564221096,78.97684156231055
75,80.95824289674962,78.99829562029896
75,81.02405740610409,79.03095183311234
75,81.04219746715026,79.01210153411726
75,80.98194988593484,78.97780806881191
75,80.9690379511181,78.98639151397717
75,81.03641422502885,79.00334663690661
75,81.00558709977169,79.03214097327904
75,80.96962794385843,79.03601122491848
75,81.01012527487178,78.99433090312107
75,80.96609366512773,79.03615829354001
75,81.01169075365031,79.02246182953297
75,81.01728437154529,78.97377186704097
75,81.0395148841578,78.98634939806588
75,81.03470227597535,78.97408480399233
75,80.98452494042338,79.00011307825147
82,80.96421769301058,78.9674190760688
82,81.03862029168879,79.00867373689562
82,80.97591342526046,79.00347451224728
82,80.98558589803237,78.99456346404257
82,80.99828760735356,79.00550612171409
82,80.9592566551439,79.01695047366091
82,80.96232006940707,79.01513386447972
82,81.01486174999813,78.96636959458003
82,80.99348605658813,79.0380197653524
82,80.95540759873593,79.01447249297567
82,81.03375099441055,78.9730032462967
82,81.03248181592974,78.99413534447584
82,80.95744129964689,78.99045421373864
82,80.99495223433033,78.97173298213437
82,80.99737574110308,78.96183398879839
82,80.97876089775043,79.03853463176917
82,81.01393191460967,78.97931261333237
82,81.02665858728771,78.98493443302746
82,81.02498146350847,78.99262326567117
82,81.04214582280383,78.9752173829739
82,81.03160808457726,79.0366002665261
82,80.97424885676095,78.97058450310595
82,80.999847226018,79.0387484341743
82,80.98305992884735,79.02193125344186
82,81.02186213120547,78.98795169403742
82,81.0295859166205,78.96751478161718
82,81.00349956097202,78.99776501238702
82,80.98571371725282,78.99164579483973
82,81.03199989870296,78.9688617169066
82,80.9770298161886,79.03053839721585
82,80.99815666052064,78.98718932126067
82,80.97075851542311,78.97020315385971
82,80.97153731386722,79.02674098745022
82,81.02709419067023,79.02834158837834
82,80.99310654698854,78.95580167707283
82,81.02180572417092,79.00730334962671
82,80.98340332161507,78.98278850211743
82,80.98366338708172,78.97850912243764
82,80.99322128815125,79.00460881318438
82,80.99613111199493,79.00449471951211
82,81.0445543539866,78.99625536364124
82,80.99923987560226,79.03201647557482
82,80.9813691845429,79.04382372002394
82,81.02813161046545,79.03465028606132
82,81.00343392619264,78.99767440974833
82,81.02230727157979,79.00493485313147
82,80.95205953647381,79.00473439916605
82,81.01655970933591,79.0036719834372
82,80.96766053643536,78.98184001256905
82,80.96526018569485,79.0286725067158
82,81.00623129704852,79.02503758334234
82,81.00709340645061,78.95608534767703
82,80.97495751982312,79.00520526259434
82,81.04041214770011,79.02800554388774
82,81.00131326295424,79.01206160213363
82,81.04204311159464,78.99592464489487
82,81.02543117769622,78.97925770405509
82,80.9753590110235,78.9884120378025
82,80.9903954317873,78.9611377530846
82,81.01423855104166,78.99057500516011
82,80.95810262790029,79.00956391356011
82,80.97694518451955,79.01637646462788
82,81.03368601157962,79.03186713198035
82,80.97130630500912,79.0183318928554
82,80.9710490905875,78.97593153571782
82,80.9659290225708,78.97420544310258
82,80.9697582482497,78.99635628626832
82,81.03091145695565,79.03185799132216
82,80.97688060979559,79.02415434484875
82,80.98053493197747,78.98915662359974
82,81.00814905731698,78.97887097249782
82,81.01963119602699,78.99316672421101
82,81.0248708837905,79.03259738143186
82,80.99114331248383,79.01986115832682
82,80.99954177411121,79.006076916452
82,81.03601848904147,78.98393268950967
82,80.9775365109742,79.04269444941319
82,81.04211504148918,79.01035723401124
82,80.98486383647294,78.97925790485937
82,81.00286565909101,79.00695668585855
82,81.01107484382923,79.01649387394536
82,81.00053152195137,79.03028486581417
82,80.96752809766951,79.03623166695833
82,81.02208743040954,79.01240831954914
82,80.96229659847592,78.99164901984453
82,81.00959973140517,79.02579317560813
82,80.99905580047394,78.9853313088998
82,81.00830765290233,78.97749811815818
82,81.01255979304551,78.96684991029942
82,81.04746601352096,78.99071754309013
82,81.0279112263948,78.99939274408769
94,81.02745522619571,79.01198207911462
94,81.03590006761591,79.0304617810019
94,81.01149608961879,78.99581224849037
94,81.04735205118513,79.00158428905038
94,81.00949083213409,79.01771266514626
94,80.96862732570654,78.99058367182599
94,80.97371586670883,78.99986404677404
94,81.01822860136778,79.03037472383114
94,80.96923055041528,78.9613777792367
94,80.99120023018544,78.98719808052962
94,81.00922364815804,78.95748815914753
94,80.9609240939719,78.99065557328376
94,80.99465207095122,78.99214781693007
94,80.99606333185311,78.9597061371689
94,81.00445358565,78.95520609264953
94,81.03677978475356,79.01868563101908
94,81.01261406049106,79.0466576954017
94,81.02860162140949,78.98888140614216
94,81.02090406313597,79.02266369447243
94,80.97760842983905,79.00943952115043
94,80.95918491093323,79.00840564013903
94,81.0137625467515,78.98280691850307
94,80.99055605499403,78.99016641238867
94,81.00720237713917,78.99377248837935
94,80.9507192630449,78.99880736313213
94,80.99200447692328,78.96819579629083
94,81.02491533977425,79.00844427366961
94,81.0199502998836,78.96274851899241
94,80.9727736709623,78.97961141261446
94,81.02090406313597,79.02266369447243
94,80.98390593828208,79.00942717935082
94,80.98729098212725,79.01685298507823
94,80.98466613349859,78.99636565371279
94,80.98703968543224,79.02590320498008
94,81.02858215072585,78.9940980305804
94,80.995157837806,78.97957812241327
94,80.9856677703338,79.03474516230587
94,80.96429256755849,78.99547542354377
94,80.97584431858807,79.00327661214348
94,80.96365606428554,78.97750736794751
94,80.95644040397629,79.007487491235
94,81.01798556341932,79.0266893597983
94,80.97846989531524,78.99375270389282
94,80.97688060979559,79.02415434484875
94,80.97869410992986,78.97488266369182
94,80.99945856158226,79.02888851554789
94,81.04264871276267,79.01361208298059
94,80.9897805049014,79.03393679562735
94,80.99710866175472,78.95726182856625
94,80.96117671406802,78.96978622814542
94,80.95948158217412,79.00747796977736
94,81.03607007103021,78.98367593899098
94,81.00135652219447,78.98332039902006
94,81.0189381863136,79.02018236415213
94,81.01093516143,79.04060692414167
94,80.97588700770808,78.95644525077333
94,80.97264395290742,79.0131065209356
94,81.03912870129493,79.0092413057793
94,80.97325551431206,79.02631153170972
94,81.03287748377271,79.00685920839838
94,80.96416021862308,78.96821529276858
94,81.0444737468702,79.01054992245327
94,80.99174545757074,78.97320921064711
94,80.9694381323568,78.98708227807577
94,81.01056676185318,79.0260365711873
94,81.03940002405122,78.98669791715926
94,80.95991308727089,79.00864493522879
94,81.01574389663323,78.95953520739441
94,80.9653758805765,78.9658712092777
94,81.02466655585519,78.97046509957744
94,80.98792185227641,78.97918195821464
94,80.96374603924185,78.97100888692317
94,80.97968667945594,78.95801514329919
94,81.02345160937777,78.99247197888153
94,80.99146429802389,79.00525301992602
94,81.01780175946296,79.00197600261308
94,80.9880903477458,78.98073258854006
94,80.97278688156068,79.00219177063062
94,80.95875154899903,78.97987264897435
94,81.0306063604094,78.97026947500242
94,80.97106679542313,78.96255342847496
94,81.0451211194788,79.0045286815337
94,81.00022215674632,78.95089489187626
94,81.03608098130016,78.97287788777928
94,80.98219619153342,78.98709618294825
94,81.0426314403299,79.00143569369845
94,80.9821936266315,79.00104736357272
94,80.99866785885568,78.99653068602656
94,81.00932735391022,78.99515804344672
94,81.04124799049676,79.0088879856651
94,80.96481012652985,79.00902999700054
94,80.98767227621128,78.98751442416565
94,81.00138240679968,78.99724682758323
94,81.0050409409885,78.97054143140016
94,80.99101057556834,78.99739095543134
94,81.00573052626528,78.96651477712422
94,81.00424555950362,78.9953669279308
94,80.99664795210002,78.99700697404208
94,80.98327827412663,79.0419594979282
94,80.9661397490311,79.03178107160194
94,80.97410796195155,78.97820704451864
94,81.01340921217181,79.04426739652547
94,81.03600219475024,78.97624001741471
94,80.97578430126639,79.01660765707746
94,80.97998886533173,78.9914523751632
94,80.98055068149566,78.98625540100785
94,80.98945310808824,78.97155456995996
94,80.96624698893918,79.03685248581891
94,81.01819116914376,78.99772473650211
94,81.00220159804631,78.97625897432125
94,81.04668639006415,78.98620707637832
94,81.00996992486394,79.02612339955509
94,80.97844177028831,79.04209026309573
94,81.02588209461751,79.0384165613708
94,81.04312638073858,78.9950185626437
94,80.95482675191552,78.98922997862383
94,80.99474739181883,79.04603457670474
94,81.01868605984181,79.01002006213
94,81.00176254754605,79.00624074891287
94,81.00711418024677,79.03188732061427
94,81.017325440963,79.00334116486282
94,81.02634456719682,78.9970433896944
94,81.03845479390681,78.97408872173102
94,80.96134235345271,79.01845613541803
94,81.00987228598922,78.99644836874847
94,80.98610790655495,79.01378190655086
94,80.9864641820989,78.964803289212
94,81.0167562160813,78.9991482932684
94,80.97730175601774,78.97278588564045
94,81.03166603932318,78.98093628381024
94,81.01821434133018,79.00073489045361
94,80.95411570697708,78.99971395685856
94,80.9841676110261,79.00782189953699
94,80.99843409528305,79.02594639194697
99,81.01950575119348,78.98249931617866
99,80.99420519329242,79.03784674078759
99,81.00549529013922,78.98017028871605
99,81.01973195861822,78.95440022280837
99,81.0339033921182,79.01037606799086
99,81.01800391759006,79.01845673098227
99,81.02557727440103,79.02533615466288
99,80.98922188400606,79.01393054544026
99,81.02096376762985,78.9830778687545
99,81.02709419067023,79.02834158837834
99,81.00645999948712,78.96223957044123
99,81.0388679475017,79.00018469358837
99,81.0378824221811,78.96981055040726
99,80.99959256077011,79.03141853535837
99,80.98693988218335,78.95641237943383
99,81.02987075002973,78.9622690310635
99,80.9792640501871,78.9832176690795
99,80.99649845374198,79.0378390310862
99,80.97256781819506,78.96009872059011
99,80.99315835742159,79.04796596783643
99,81.01054331345586,79.00733645786049
99,80.98383252474909,79.03831411959074
99,81.04534069892631,78.98183948241295
99,80.98305788100315,78.97277396710187
99,81.02215311839592,79.0375788196243
99,81.02774328771955,79.03753584090965
99,81.0053807890944,78.9910595363374
99,80.9857326392228,79.0463507955405
99,80.98326360856387,79.04008157136846
99,81.00191040028919,79.04084304075707
99,81.01238270720445,79.02451602850604
99,81.01870902837906,78.98215752297756
99,80.9984173995487,78.95390875064008
99,80.98242431603343,79.03714024487456
99,80.97414728908392,78.97001258382275
99,80.96692207215592,78.96900251759146
99,81.01415424055175,79.03290995024646
99,81.03427103015781,79.0195564982275
99,81.03623227921148,79.03085111651066
99,81.00236719719005,79.003781362764
99,80.98139414570618,78.98719074946531
99,81.01646395971106,79.02394971746581
99,80.98908632900665,78.96862515182656
99,81.00727603848608,78.9567366077761
99,81.04653525697465,78.98242901770637
99,81.00795515735345,79.03715150685747
99,81.02139625879909,79.025410292376
99,80.98353380163668,79.02804818537996
99,80.97205228797498,79.00650445305719
99,81.00866943906466,78.96493081079421
99,81.04622541556019,79.00843230607965
99,80.97218181011387,79.03792588565636
99,81.03523001203574,79.02762189064568
99,80.9660946276793,78.98954867471323
99,80.96509343158652,79.01316628608214
99,81.03650791793378,79.02988051922576
99,80.9922684139961,79.02243985729385
99,81.04668639006415,78.98620707637832
99,80.95152084997318,79.01118309632102
99,81.0100395753488,79.02953748866035
99,80.97611630947027,78.96660511722627
99,81.04000078094718,78.99365509336778
99,80.95170133449531,78.99390279932125
100,81.03612955404907,78.99712627221672
100,81.02084049588795,79.02341099251393
100,81.01784914807591,79.00278763786008
100,80.98695865913244,78.95883997834574
100,80.9679919818612,79.03010949859234
100,81.02882328033392,79.0125161483938
100,80.9862744310082,79.01902001598955
100,81.02634365415929,78.96476682146245
100,81.03573750563791,78.98906857876489
100,80.9905920643607,78.97852242224981
100,80.98971223560939,79.0187318895135
100,80.99187389067357,78.98645219007136
100,81.00897258213134,79.04039436119805
100,81.03755525896804,79.02170862919674
100,80.97976468075139,78.98501065714404
100,81.02584590539426,79.02187760011095
100,81.03529459039738,79.00489923701085
100,81.01416602397394,79.00816757755848
100,81.01746087678771,79.0339569135101
100,81.02719500531838,79.01658579217445
100,80.96994120583183,78.96828611463069
100,81.01746266948264,78.95579640121451
100,81.00542291307428,79.02515255880996
100,81.0244414045301,79.00433912195844
100,81.0094954848372,79.0025596714453
100,81.02774038599287,79.02812815028803
100,81.03006712645059,79.02927354976192
100,80.97952753416592,78.98643368170883
100,81.00576822813898,78.95850417802569
100,80.98860631364893,78.98986017869971
100,81.0033380668243,79.04226089417631
100,81.02149443119362,79.03510019674394
100,80.9601252332389,79.02001812399045
100,80.98692622699639,79.02776989115924
100,80.95860107303736,79.02105005475963
100,80.98138906784637,79.04040276409295
100,80.97196358386832,78.99756274775878
100,81.02898886221188,78.9904904254109
100,81.01652446256213,78.96183954859785
100,81.04149166486344,78.98405255761585
100,81.0330012333909,78.97398842989436
100,80.98151743290389,78.96668657917397
100,80.98136490380475,79.03349766392172
100,81.02348818811603,79.00504023514554
100,81.02337006167286,79.04190877754297
100,81.02331215566267,79.01600719617906
100,81.03281719399291,79.0018373187231
100,80.97342220500896,78.95970058825738
100,80.9761200726448,79.01920801319574
100,81.01121990811843,78.99965043890099
100,80.98113618101179,79.00764219870746
100,80.98900848241816,78.9673938216067
100,81.03456911398749,79.02934621397007
100,81.00377374343346,79.01103467234854
100,80.95924126342196,79.00372746228398
100,81.00471751760314,79.0273808725398
100,81.03699564870912,78.97980162735148
100,81.04023290609533,79.01715693631682
100,80.98013998609035,79.00608609012616
100,80.96827026487342,79.02316110501461
100,81.01708568209901,78.97769864948938
100,80.95548200246837,78.97913019247434
100,80.98354563658485,79.03457584495713
100,81.03623145587025,78.99079797623563
100,80.99885618332772,78.99918555095859
100,81.03417140445568,79.01484043625872
100,81.00789321425412,79.02883048484965
100,80.9985590898784,78.97718288839327
100,81.03001136749528,78.98173816063758
100,80.99823934990872,78.97117132596884
100,81.01292662190596,78.97293941352919
100,81.03090680696779,78.98355540624213
100,80.98738630427817,79.0059589502521
100,81.02019082608868,79.02774870419455
100,81.04147933048121,79.00981471836442
100,81.01188407187477,78.96044716973367
100,80.97122381500346,78.99383115098635
100,81.0343803382291,78.99299029667239
100,81.00869721179913,79.01402888918975
100,81.02916453101973,79.0177062886269
100,81.00507418365258,79.02712433014652
100,81.04089027498195,79.01642386793914
100,81.01899262151498,78.98029578015311
100,80.98589795881492,78.9987900649431
100,80.9647979347126,78.97490973083504
100,80.99578794385337,78.9573695558055
100,81.01499296787033,79.04392732333373
100,80.96319726904208,78.96745058516052
100,80.97295077387713,78.96617447963817
100,81.04809161906114,78.99230133954866
100,80.95434710857414,78.98460099150229
100,80.96938305646063,79.02717724252025
100,81.04502016346709,78.98408466539966
100,81.03075298856065,78.97718095514034
100,80.97036579535707,78.98835690371578
100,81.00408574965647,79.02201360111084
101,81.03524990592761,78.97671423982678
101,81.0098731437501,79.04866200335202
101,81.0036657033565,79.00257170535254
101,80.98655382693757,79.04447969686028
101,80.96681163529085,78.98810293116321
101,81.00804396893339,79.00181410101742
101,80.95778987824497,79.01241607318654
101,80.96889501798627,79.01050855696067
101,81.04510618471446,78.9990658770796
101,80.96800812777862,78.9702178913054
101,80.95452056974185,79.01403954554422
101,80.96958464499761,78.99121384173375
101,80.97369473003205,78.97344125160365
101,80.99555601453312,79.01942237678777
101,81.00653199503469,78.95960954539441
101,81.00232352846191,79.04582967941421
101,80.95033053204463,78.99993537544238
101,80.98297944129968,78.99261220658212
101,81.02818007855977,78.9674154045522
101,81.03777973151072,78.97597264185934
101,80.99570240207241,79.00077883172148
101,81.00995966622385,78.99156699025195
101,80.986185501106,79.02350037999767
101,80.99204876382025,79.03220456649781
101,81.0222709215606,79.01035909392937
101,80.95889995363045,78.98747323081234
101,81.0055104191597,79.0011438839502
101,80.99532905653798,78.96685036406038
101,81.00733967118201,79.02181540400093
101,81.04905842508643,79.00061610552288
101,80.9929530139658,79.04379624279406
101,80.98025989015977,79.02135670003352
101,80.98825169828918,79.0335164416714
101,81.00791725058018,78.98489058856816
101,80.95138769429806,78.99092694062075
101,81.01794171983603,78.99158623469583
101,81.03155115062128,79.02351856914454
101,81.00218113196074,78.95737380377263
101,81.00480215032935,78.97113840797819
101,81.04277928680791,79.01958333467144
101,81.02262803396457,78.97682985712181
101,80.98239278737944,78.9567475992309
101,80.95382520109855,78.98849320805309
101,80.99419819167066,78.9836067371086
101,80.98189026133792,78.96771495042711
101,80.9937323729201,78.99685783956997
101,80.99487434283354,79.02249474353445
101,81.01717370249197,78.9929336727729
101,81.03510654019149,79.02075844913549
101,80.97911682997643,78.95807950048996
101,80.9956196569626,79.04134234354173
101,81.0127559481111,79.02470800615059
101,80.96876349356937,79.0147726144665
101,80.97869410992986,78.97488266369182
101,80.96576693357893,79.03572128162057
101,80.9669791916026,78.9764320288011
101,81.01240637357041,79.0350458534282
101,81.01159831414571,79.03624156244271
101,80.98747241014188,79.02843396898359
101,81.00854401099994,79.0261438175945
101,81.03641797817806,79.001595822662
101,80.99431102919867,79.04331466127496
101,80.96124779791667,78.97531394097305
101,80.98052238611301,79.01586357338071
101,81.0224576239897,78.9885503321114
101,80.98968983848357,79.0130188760165
101,80.9823615069865,79.03129793762724
101,81.02430089398138,78.99518205449843
101,81.04224003609441,78.99868500169069
101,80.9923116222163,79.02169573870599
101,80.97719157790742,79.03780973152342
101,80.99988193029043,79.01142219484608
101,80.98646680004795,78.98263305680322
101,80.99206956766501,78.96190262753377
101,80.96903557264311,79.00403355600172
101,80.99749363141758,78.95040065043167
101,80.99331117776568,79.0465454293229
101,80.95689413896612,79.0032621755076
101,81.03659098619504,78.99068640300625
101,80.97344259342069,79.03824811486723
101,80.9949848926086,78.96045267675444
101,80.99704322668426,78.96845473046453
101,81.04420384833779,78.99839374743011
101,81.02520354862938,78.96496655864033
101,81.01625218027628,79.0212282731658
101,81.00657976995137,79.02504265429174
101,81.01538931194713,78.98935199004225
101,81.02204556958367,78.98119746686113
101,80.98796028671147,79.03086872893955
101,81.02457086255627,79.01037751305849
101,80.97889968692314,78.9683003653382
102,81.00801364787286,78.96800854432011
102,81.00143900339125,79.01217704717828
102,80.97662812734423,78.98782087050425
102,81.03482703166911,79.00329704204864
102,81.02976730543588,79.0258168167835
102,80.98759280024386,78.9519697259808
102,81.03748747842153,79.02688635506595
102,80.99462217157149,79.04649417358799
102,81.00954499846596,79.02797713642018
102,81.01434676037974,78.9551107969165
102,80.99501336900818,78.96669102491158
102,81.02561914964915,79.01724955632746
102,80.95144590680935,78.9971325873111
102,81.01510582566125,78.9958959341945
102,81.01437590608836,79.01881342311982
102,80.99351459146551,78.98954261566301
102,81.00256995275127,78.98328319212212
102,80.96488290802716,78.97828659083319
102,80.96018882118749,78.98081420957185
102,80.96766861639743,79.01622983435996
102,80.98391331082733,79.00376478105161
102,81.01322246544504,78.96982219555416
102,80.98289938663638,79.02211239351948
102,81.00255311001752,79.00584308537833
102,81.02270426999424,79.01945478809868
102,81.00153658186723,78.95815808092259
102,80.98225388205623,78.98707599974574
102,81.03364816218736,79.03637214848094
102,80.9647233005898,79.00352613916274
102,81.02729098789992,78.99417192701262
102,81.01732987569368,79.02292759213722
102,80.99014601338715,78.95234937990409
102,81.01707346926604,78.98889703693027
102,81.01343288315032,78.96066981812429
102,81.04260376826228,78.98920500962878
102,80.9935692397214,78.96125097400352
102,80.95958532100813,78.99835582961681
102,81.00150874654406,78.95415901748667
102,81.03530572369604,78.9931578076332
102,81.01152987094194,79.04804469104842
102,80.9510196684423,78.9918136589247
102,81.00696404556962,78.96583507647011
102,80.9513301090514,78.99526366025053
102,80.9643285726222,78.9965812308493
102,81.00307070264988,78.96727950126372
102,81.00169594117651,79.03554788216567
102,81.00974063375887,78.9981748527734
102,81.01624325241703,79.00714337537937
102,80.9648751174128,79.02972714334078
102,80.9746533387056,78.97822188852214
102,81.02424849410556,78.97870176654885
102,81.04735689528616,79.0030476102774
102,81.02138378116736,78.9699756687917
102,81.0303772368747,79.03810904562755
102,81.02982099789651,79.03387482456002
103,81.03755233188745,78.9882484200471
103,80.98873664231233,79.039369777541
103,80.99842223974271,79.01400261382317
103,80.96673049582358,79.00583293399987
103,81.0280422952462,79.0017133098523
103,81.03000489632264,78.98620707191279
103,81.00806936039196,79.0481282260583
103,80.97935527398315,78.96602621635344
103,81.01417926762431,78.96176099453322
103,80.97765372899477,79.00194682047942
103,80.98650601328897,78.95442447485216
103,80.97203036251686,78.98363038323365
103,80.98009562132518,79.03714445476977
103,80.97149056061983,79.0195991715394
103,81.0103684030881,79.03078278682584
103,80.96962732532656,78.9819181708363
103,80.99417993537963,79.00609202200758
103,80.98642930062584,78.97950846653823
103,81.02943427421032,79.02878454687254
103,80.97361097276718,79.00642781012023
103,80.97308437244976,78.98651531397239
103,80.99368631425908,79.04512479759904
103,80.95612982413824,79.0200175607923
103,80.98632433390148,79.01735378017477
103,81.00061261004872,79.01977774152606
103,81.02293506040982,79.0169393203098
103,81.00073317869571,78.96039373910808
103,81.01199448447122,78.99825968989202
103,81.03058216906622,78.98427352414211
103,80.98233224439278,78.95991078317932
103,80.97966262490598,78.97966763412403
103,81.00987374322717,79.03575306880315
103,81.02107758969663,79.02499883262855
103,81.03019709996337,79.01747965398411
103,81.03605418934798,78.97401510160316
103,81.00261921561179,78.9785063848638
103,80.98109680098578,79.00296115881929
103,80.9798729903432,79.00871095723069
103,81.01950820221171,78.9620058429867
103,80.99846052791428,78.9801936815678
103,81.01707633133985,79.02550712914926
103,80.98324067501429,79.0407056655079
103,80.95812063680238,78.98194930750186
103,81.01940417555146,79.04033248404785
103,81.01002503953406,78.96854079029313
103,81.00048437738916,79.0447960623823
103,80.99465207095122,78.99214781693007
103,81.00234361794404,78.98872908532095
103,81.00305674234339,78.9579073407528
103,81.00480644722855,78.96171312796015
103,81.04327742750803,78.97849428663484
103,81.00589621268591,78.95078575701368
103,80.99402473601025,79.03584373349838
103,81.0064076487019,79.02605935977047
103,81.02444464607031,79.02468644569967
103,80.99908353194053,79.00342998984935
103,80.97944270808587,79.01297013569763
103,80.97553363576547,79.03964126606448
103,81.02970584107254,78.99956623360626
103,81.02891877368133,78.99841769228327
103,81.02536721144247,79.00300573821855
103,80.97575284832915,78.99175614833696
103,80.95218245208015,79.0135621999366
103,80.98851061603463,78.97154657573843
103,81.00839863215946,79.04768634201763
103,80.98519203879249,79.02265333653729
103,80.97974175088432,79.00248093480698
103,81.008591663891,79.01919052252335
103,81.0301320284651,78.9862532270315
103,81.03594436101774,79.00406114949388
103,80.98260034729822,78.97055418115278
103,80.96811807980832,79.02394686433024
103,80.98692748081962,78.9794829864585
103,81.0445543539866,78.99625536364124
103,81.01257901867872,79.04565722440861
104,80.97611601147922,79.02413980780764
104,80.98593459702889,79.03336697765316
104,80.9761916927463,79.00502343543367
104,80.98038873269913,78.99910330937828
104,80.97864383438436,78.98520390384512
104,81.01616408998784,79.03421495002466
104,80.99861020616505,78.98016619707236
104,81.03032656709773,78.9667883767516
104,81.02099517175871,78.96553119147478
104,80.97067917742338,78.96067401416987
104,80.98943171988786,79.01523988428573
104,80.97022560785967,79.03644980791044
104,81.04096678192877,79.01078893727639
104,81.01948456021879,78.96452409120889
104,80.97597226908778,79.0130865204623
104,80.96090106291231,79.00391180631358
104,81.00841313774437,78.95905540815573
104,80.98356065246223,79.03013796900913
104,81.0192370167683,79.01789695296112
104,81.01985647546907,79.03380765189974
104,81.02922938204938,79.02824675424198
104,80.994508363222,79.03424138015087
104,80.97012705038867,79.00752221775545
104,81.01020216477562,78.98468484886922
104,81.04679276722072,79.01744844395017
104,81.03074627502681,79.01075277750138
104,81.04037305638873,79.02338626187243
104,80.95495987118576,79.01669572596448
104,81.01706886729004,78.98458174601414
104,80.9728047225853,78.98084014313807
104,81.02574308000976,78.9604733936722
104,81.01071159148258,79.00321351941375
104,81.00591365883945,79.04101773927451
104,80.98901817522223,79.03761116875013
104,81.00631952054223,79.02894870402056
104,81.00193159352798,78.97110331310631
104,81.01344600205697,79.03612514802325
104,81.04804579923258,78.99072116698002
104,81.00589115780213,79.04622803041958
104,81.02657695536222,78.98054474764876
104,81.02340275971424,79.0404306729353
104,80.99569258773577,79.0233743742038
104,81.04180691325381,79.02681920864057
104,80.99409333570826,78.9571733643461
104,80.97979434564942,78.99762724213082
105,81.00952178125033,78.96980172288505
105,81.00606476421368,79.01975470311262
105,81.02488431034615,79.03820544928533
105,81.00696268602164,78.99505307521648
105,81.01828781616685,78.998997503559
105,81.02477525146742,79.01651742540786
105,80.98908577314208,79.03905401115927
105,80.98077572696657,79.0456620041842
105,81.04620195808528,78.98987983212785
105,81.03573940244321,79.02341832496899
105,80.98622002429107,78.99722220045763
105,81.04738924388775,78.99373882463053
105,81.00077366375635,78.97668188636554
105,81.02142929371165,79.00050365436907
105,80.99501267457315,79.0402677767877
105,80.98583052704308,79.01896828456486
105,80.98857874521313,78.97601569079002
105,81.00217638578913,79.02455495610907
105,81.00184656949844,79.00942066074745
105,80.99917782202125,79.04751073246001
105,80.96714710601174,79.03178776150231
105,80.99144874886406,78.97950094987071
105,81.00162467386318,78.9919036153833
105,81.04062567186678,78.99599259811706
105,80.96932093079181,79.03609752041403
105,80.98978351421654,78.98306622540706
105,81.03720891748911,79.02705087972502
105,81.0290720698488,79.01673749965276
105,81.04449570165227,78.98513649403753
105,80.95491742590755,79.0207078900316
106,81.0044394251033,78.95995151522857
106,81.0192370167683,79.01789695296112
106,80.98130389101705,79.00921737274513
106,81.02591454863087,79.03090676782315
106,80.99409333570826,78.9571733643461
106,80.99094775316014,79.03454622952532
106,81.00555975323657,78.95287995992759
106,80.98535162832164,78.96196479671097
106,81.00225458677922,79.00720784895003
106,81.03974352523987,78.97701873129863
106,80.97358904793053,79.00273027421926
106,80.98948510175816,79.04721139631157
106,80.95585178481204,79.00752251219166
106,81.02585756473344,79.01862344033053
106,80.97579307658879,79.031121895646
106,80.97739830696385,78.99787452392553
106,81.00750638421451,78.98859445975539
106,80.96078559915902,78.99511235764783
106,80.9934204792041,79.00280375466487
106,80.96422713136667,79.00671860406544
106,81.04303840611938,79.02347269226009
106,80.99113755424119,79.02478643102448
106,81.02381458737565,78.99659299693056
106,80.99958912794004,78.95104692933627
106,81.00619620589197,78.97369483273317
106,80.97986547968226,78.99204386961225
106,80.9590365171849,79.01831593419688
106,81.01455944216933,78.97431390886456
106,80.97858351282001,79.04134846634736
106,80.99130631355432,79.0094405624828
106,80.97655159843245,79.02355828553003
106,80.98639703312536,78.97405318443968
106,80.95447584648907,78.99372021482186
106,80.96744991333415,79.01323485101791
106,81.01139807233386,79.04341314914717
106,80.99459795869919,79.04900705813539
106,80.99108131718191,78.99167444591275
106,80.97410928120684,78.97230599907857
106,81.01078895643495,78.97407806340209
106,80.9901380219645,79.01347934914838
106,80.98360715200769,78.98995812404753
106,81.00649111518909,78.96702767061686
106,80.97971471309503,78.99702293862433
106,81.04374840404998,79.01684125402986
106,81.01513540169624,79.01915314441388
106,80.97843864388942,78.98948597465737
106,80.98899906661651,78.98640020813467
106,81.04089633370869,78.99750930485021
106,81.01681811542997,79.03972264600235
106,81.02268081364993,78.96432099654395
106,80.96667619852373,78.99685996938771
106,80.98054438071568,78.97572556224989
106,81.00604507361336,79.04250285742309
106,81.03678856724324,79.02823288917685
106,81.00078685343502,78.95066328485936
106,80.9932342420315,78.96332261466013
106,81.01290075046448,79.03438961812824
106,81.03862018182193,79.00198770659706
106,81.01384794891548,79.00888923930816
106,80.96541957489855,78.98240395014153
106,81.00213994972269,79.01459489277921
106,81.00346224138225,79.04960045156079
106,80.97390077288827,78.96770421083488
106,80.99406821163058,79.00467235791838
106,80.98451784810685,79.03728589464001
106,80.96169077455794,78.97822762575943
106,80.97991763457655,78.95679180806849
106,81.00390600550351,79.04444442350076
106,81.00041317611294,78.97843266419974
106,81.0202089954001,79.0251235606381
106,81.0449838958493,79.01057050089152
106,81.02837531950877,79.01763719810108
106,81.0188656902074,79.01141757035582
106,80.96816286548828,79.00718610797738
106,81.01357102140813,78.99715902269651
106,81.002907569978,79.00849498347179
106,80.97115758575275,79.0160958427002
106,81.0025214289181,79.00950997846228
106,81.04796957650025,79.00426676051728
106,81.0303632888997,79.01960668530786
106,80.97244502304261,78.9681971662401
106,81.03804654067876,78.9734786837213
106,80.98215981781263,78.99566175246359
106,81.01369165794922,79.02886111847364
106,80.99181263458117,78.99643189626254
106,80.99405445588823,79.01401923924792
106,81.02915449103187,79.00409533493003
106,80.96651456176674,78.98787219539999
106,81.02630755644182,79.02057449544756
106,80.96287600533319,79.00463195242187
106,81.0338392350141,78.98898658812213
106,81.03179864038013,78.97497810130068
106,80.9621833015393,78.99278025182291
106,80.97243630149318,79.02607792566604
106,80.99175641248779,79.00758703100252
106,80.96603284351566,78.97005491375864
107,81.01095957306903,78.96922445986519
107,81.02887193578,78.96538740666355
107,81.03205139616794,78.9943880068442
107,81.0337841988424,79.00549597405133
107,80.95888237688965,79.00395811706927
107,80.98054610023925,78.97036307760962
107,81.01496366358094,79.02922345431243
107,81.00969938485304,79.02427985560298
107,80.9672249016452,78.98442399696195
107,80.9613201117579,78.99924736240418
107,80.97979166082827,79.0403656212832
107,81.02003126743375,78.989867005592
107,81.00382403027693,78.95045556596341
107,81.01129872322664,78.98957439433185
107,80.95833799672685,78.9962502605767
107,80.98489208761444,79.02074523638848
107,80.99601636640081,78.97840382240496
107,80.9749377010399,79.00284098580448
107,80.97721573876757,78.98120864516521
107,81.00069787733966,79.03318618923075
107,80.98400885778777,79.02421030612258
107,81.01043938322653,78.99943090517775
107,81.03338253637017,79.0289476633679
107,80.98366186113722,79.04007987825624
108,80.96474773481285,79.01236815422729
108,81.02099997866547,79.04460045342702
108,80.98143719785205,79.03781255433667
108,80.95807252222546,79.0184079147876
108,81.03888511417658,79.01096233581858
108,80.96410813893743,78.96888254765375
108,80.97465605627015,78.97096763723509
108,81.0025214289181,79.00950997846228
108,81.04510618471446,78.9990658770796
108,81.02397039623625,79.03962912694382
108,81.01623655818717,79.03277033297677
108,80.95420141387139,79.01538587659175
108,80.97323558349972,78.99087396409672
108,80.99869855165312,79.00153279548348
108,80.99727670742708,78.95827671079273
108,81.0072765231109,79.0248143773374
108,80.98314245066697,78.98259624542226
108,81.01310089563086,79.0109074368197
108,80.98537891657591,78.96718642120523
108,80.95904208875635,78.97397706315074
108,81.0159627394275,78.9779846451519
108,81.03768864730642,78.98430854294631
108,80.96957490349017,79.02088861867863
108,80.96454048599095,79.01754358962394
108,81.04314889315685,78.99751093259034
108,81.00240805567206,79.0126805798609
108,81.04877933713605,78.99844213802912
108,81.0330571143237,78.9777704616335
108,81.00357423204169,79.00312369729032
108,81.03295553271413,78.98394636281769
108,80.97048434054227,79.0297348636509
108,80.9869841627699,78.97237220638574
108,81.02154047500999,78.99974461769067
108,81.0021096948239,78.99102826209463
108,81.01634904638003,79.00540107075702
108,80.97187602520242,79.01651481237879
108,81.01815279043284,79.01948436035875
108,81.00199889117839,79.00889696751733
108,81.0295850299817,78.99888224099807
108,80.96188064009459,79.02338324973462
108,81.02993423802658,78.99193435128176
108,81.03725384899855,78.98893652958402
108,81.00686586605417,79.00843704053635
108,80.9910623874056,79.04481687401747
108,80.99188443800713,79.00205521364275
108,80.96079975252557,78.97371281722465
108,80.99207918501382,78.95706342849715
108,80.9902222070554,79.04825871016082
108,80.97441441653332,78.98448224925798
108,80.96802515811027,79.02369373641564
108,80.97370327261748,78.99633344483105
108,80.95836495364892,79.00606807704641
108,80.99868708554834,79.02479132410441
108,80.95695364883409,79.00353083344359
108,80.99916431889264,78.96539728816724
108,80.9703991662089,78.96843747781115
108,81.01766865377434,79.03169750283753
108,80.97744400769028,78.9877798408267
108,80.96396362587855,78.99210457577087
108,81.03440806216078,79.02939612007131
108,81.01464478825015,78.99263851387691
108,81.01398689187324,79.04314092425015
108,81.0354171547654,79.00292740088175
108,80.9794735749326,78.96783059146662
108,80.96802266433612,78.98481338017184
108,81.01727168410102,78.9865945593367
109,81.03846816535969,78.99270870848608
109,80.96430670287691,78.97315130219539
109,81.0115593586722,79.04534355748696
109,81.01700137732729,78.98925148022943
109,81.02722553502952,78.98023635837933
109,81.02414600201956,79.03732512070539
109,81.02807777839155,79.03276244765361
109,81.0002499907013,79.04965158165442
109,80.9742190725332,79.02418662378454
109,80.97312729966713,79.02724155976331
109,81.00204992799465,78.97342024159123
109,80.97587480485755,79.00037781812853
109,80.9832478361122,78.99537670003437
109,81.02750161267292,79.0195553640396
109,81.00908699748446,79.01211126079058
109,81.01720406382138,79.03713000221653
109,81.03028234324653,79.03932637768052
109,81.03182924331917,78.9770490104968
109,81.00443845359345,78.99919883264695
109,81.02827919237146,78.96061496445445
109,80.98086734549885,79.0306352871026
109,80.96789536469144,78.9831346184387
109,81.0346979845281,78.97402356611782
109,80.98150797648512,79.03257287573823
109,81.00764937185211,78.99099044753146
109,81.010701179763,79.03024214688747
109,80.96027210932694,78.99968589903064
109,80.98059247563374,78.99477549482917
109,81.03638261509478,79.00602617557915
109,81.0324999258162,79.00794695006955
109,80.97379453624276,78.98347930816662
109,81.0322931988467,79.00485380181598
109,81.00758867033753,79.04755988606038
109,80.9984814718188,79.0139388933358
109,81.03784824699751,78.98542569141314
109,80.97953901326929,79.02340174638036
109,81.03207567855222,79.0044310249266
109,81.03278867029651,79.02579044047008
109,81.01495203990116,79.01994319355688
109,81.01208544619584,79.03453326818357
109,81.01079629760491,78.97947443445186
109,80.99252761731488,79.00839876143483
109,81.03559400136066,78.97608788882329
109,80.98748874917212,79.04765047398054
109,81.00211622171895,78.9651796095846
109,80.97977064918551,79.04007228671178
109,81.0443812038738,79.00479757348816
109,81.00949458323176,78.95351794684602
109,80.97073983267387,79.00418162932786
109,81.0111135085522,79.04022246155152
109,80.95729496284603,78.99870872898691
109,81.04055320815556,78.98332369731513
109,81.0320843763802,79.03465547368079
109,81.00007934487367,78.98774747483222
110,80.98444268678493,78.95554295551449
110,80.9946576432508,78.97515178839758
110,80.98714021399906,78.96178451806264
110,81.00916707430636,79.03309360937592
110,80.97939457655502,79.02420217654242
110,80.99032725176052,79.00012805161202
110,81.0440267244495,78.99686914346941
110,81.00554515387641,79.034562686668
110,81.01212813963365,79.04494113671002
110,81.01325119113562,79.02323330311323
110,80.9969754736092,78.99227860397342
110,81.01066018554788,79.02858517873453
110,80.9507608728691,78.99436294297357
110,81.04166476631204,78.98757786407174
110,81.01145799847394,78.98197314095025
110,81.00492971649118,79.00033851113633
110,80.96700416437777,79.02641498665015
110,81.04151281939544,78.98738057293454
110,80.95881953323483,79.02816312527328
110,80.97233753310033,79.00387978495128
110,81.00231999072808,79.04926924142956
110,80.95244067262972,78.99106140110187
110,81.03183194915887,79.01583848849444
110,81.01428347813842,78.96259349413074
110,81.04366371698686,79.01589427844148
110,80.99155360789571,78.97319827755805
110,80.99998875345882,79.04915289410484
110,80.99699909136658,79.0026217521781
110,80.99907302213,78.95625746720778
110,81.0107141869031,78.98448165873398
110,80.97328500324785,79.0021068008674
110,81.0158395322175,79.01820564197271
110,80.99027454096678,78.98989029475703
110,81.01803925866302,78.97933866447354
110,80.99420519329242,79.03784674078759
110,81.01348919706385,78.96053078729187
110,80.99115368964809,79.01276777223494
110,80.99087038446746,78.96379526821094
110,80.9941664219427,78.98039370024043
110,81.01664204533844,79.01645785268568
110,81.00239648635534,79.02670402845943
110,81.02869182175196,78.96470651962653
110,80.97636683405582,79.04257937953729
110,80.99953838027379,78.9632753323881
110,80.99530388380968,78.98855135288117
110,81.0466825587707,79.00439612156912
110,80.96642827394918,79.02237939738092
110,81.00709362924768,78.96290620707023
110,80.97511438571134,79.027542454236
110,81.02894966867582,78.99752939511589
110,81.01348148318247,79.04440275567237
110,80.96523299478882,79.03390802747072
110,81.03783928477112,79.03004097454856
110,81.03708603440687,78.9907024214738
110,80.96891895445101,78.99768064836819
110,80.97303218856,78.97555861706813
110,80.99772036811348,78.98042265272133
110,80.96407843135145,78.97180186634445
110,81.00628755041555,79.03066054409902
110,81.01850424538462,79.03499996487852
110,80.98796028671147,79.03086872893955
110,80.96752570957854,79.00538646732358
110,80.97337950450216,79.03455678988645
110,80.9982397594042,78.97230711778538
110,81.04324389292383,79.01781985390551
110,81.02513198567429,78.97620129765453
110,80.98410379987467,78.9898259705481
110,80.98902094852704,78.9911240890335
