gene,x,y
1,67.0155325285568,60.00091408387904
1,67.01536896622197,59.99189907249536
1,67.00468407689644,60.00208049716836
1,66.99650212057718,59.98087578118117
1,67.0086401253755,59.98162485673336
1,67.01181616201454,59.99904661874658
1,67.01307017446672,60.00359754016048
1,66.99751567368065,60.00304520708901
1,67.00786845018354,60.00244788684505
1,67.00425352972033,59.98856082885139
1,67.00854710282455,60.00453629381737
1,67.00199567242379,59.99052201327614
1,67.01903580779205,59.99396522970211
1,67.01292737207369,60.004864764392636
1,67.00090412076068,60.00170461760155
1,67.01104354784353,59.97780078614605
1,67.0009648146825,60.00599605115859
1,66.9994105133023,59.98566415522268
1,67.00325387118772,59.9891417870364
1,67.00043900129829,59.992796492723656
1,67.00418024286716,60.00360648203147
1,67.01045803621952,60.00222083159933
1,67.00406427184815,59.99753029961778
1,66.99884452242279,60.00072817505406
1,66.99236123199405,59.98386766550545
1,67.00523499302076,60.002969171085134
1,67.01951873760069,59.98986027575883
1,67.01858437715835,59.99764727029221
1,66.99701649254897,59.980052627794365
1,67.00552159674659,60.0056827229998
1,67.0076833782081,60.00516209087023
1,67.01020754898933,60.00143416557621
1,66.99825627261673,59.99188745191167
1,66.99891216542909,59.98478177082612
1,66.98914235600775,59.98993497609926
1,67.01951873760069,59.98986027575883
1,66.98968869879332,59.997279411033176
1,67.01808987740671,59.99747603423751
1,67.00127614562331,59.98942048923435
1,66.99187378398351,59.998214257764076
1,66.99236148361028,59.99618143037584
1,67.01447873159088,59.98042635798995
1,66.99372708776292,59.996425139859
1,67.01566799888626,59.99206940582226
1,67.01154127916044,59.98474779594068
1,67.00868764050603,59.99046447897301
1,67.01586647370857,59.987485850568
1,67.01424655926827,59.99120141784503
1,67.01473855539965,59.982523564794
1,66.9970149253043,59.99429044533849
1,67.0141399268474,59.98068015977741
4,66.99248052073705,60.01371225838958
4,66.98892221717625,60.00516450485947
4,66.99712808918702,60.00979188803102
4,66.98406977622204,59.99417527518631
4,66.97412479131624,59.99449267930737
4,66.97605609039967,60.0058193618875
4,66.98290456217316,60.002560201971356
4,66.98771803418173,59.99485984485935
4,66.98436507340747,60.003389283443646
4,66.97376160048664,59.99762887104849
4,66.98412356515146,59.995158221681756
4,66.97962139434746,59.99946354652313
4,66.99529812655432,60.00715902095366
4,67.00120883912061,60.00199610438816
4,66.9888221286698,60.014800924447066
4,66.9962870225623,60.002680322079605
4,67.00234435646802,59.99954457781994
4,66.97908163499554,60.0067335652136
4,66.99515197404608,59.99079137174657
4,66.99789981625699,59.999457140478164
4,66.99016463976325,60.01519137638891
4,66.9935354661081,59.993900290985096
4,66.98554336938872,60.00750890369239
4,66.99514254206606,59.99159373008497
4,66.99419065238587,60.00610279419405
4,66.98329872249914,59.996157834693605
4,66.98107855165033,59.995460401246085
4,66.98826224795712,59.99398513194401
4,66.98112155368902,59.99623106083716
4,66.99062291180675,59.998255551861604
4,66.98635884090628,60.00346662797465
4,66.98667880562655,59.99727307360694
4,66.98491664298953,60.00605932700015
4,66.99892792611999,59.99385992331148
4,66.98675792664328,60.004124302974404
4,66.99182673324611,59.98838745195755
4,66.99698080537632,60.0001437859546
4,66.97416842653465,59.99876939718139
4,66.98784890276295,59.98894906366799
4,66.99165944830906,60.01215541597107
4,66.99735837884177,59.99965235782228
4,66.99767672080452,59.99921916649444
4,66.99190257130469,59.989174426576234
4,66.99931344047074,60.01011790696749
4,66.9940443931972,59.994681593094064
4,66.97801497118087,60.00294023669026
4,66.98240546515798,59.999009104045626
4,67.00258221634081,60.00432393380027
4,66.98475834462658,60.004589048562146
4,66.98947735426641,60.00026380043582
4,66.99412665151219,60.00761504209161
4,66.9772475320826,59.99571365067548
4,66.99407516583496,59.99262524080349
4,66.99153092743957,60.00763224755785
4,66.996668387542,60.00574049988656
4,66.97364681619848,60.0063099136686
4,66.98571009314513,60.01198699641048
4,66.99084045750536,59.99232040133226
4,66.98036374125704,59.99589894160702
4,66.97566052307354,59.99682630362616
4,67.00233089534184,59.998971112273345
4,67.0013320747714,59.992327980533716
4,66.97497447077208,60.00534416698729
4,66.98816056912337,60.005581323991755
4,66.97634791192397,60.00753803176614
4,67.00158739940274,60.0034661142943
4,66.9749517731806,60.003539022634286
4,66.99448908107904,59.996664426603864
4,66.9939499598298,59.99329154443028
4,66.99703810907624,59.98958959355037
4,66.98332999965909,60.01068720324455
4,66.98707593299824,59.995438704705535
4,66.99188839862539,60.007969792137146
4,66.99846507961468,59.9908467666591
4,66.98708916925544,59.990099051630324
4,66.99411147513567,59.99712023396373
4,66.99409619328551,60.00859864837696
4,66.97674456187373,60.00166584168256
4,66.9970149253043,59.99429044533849
4,66.98624980177536,60.00901763951451
4,66.98744176934777,60.01580917777844
4,66.9886780356393,59.984949506323346
4,66.97398156986641,60.00716199344676
4,66.982948776644,60.00365311134741
4,66.98627170137269,59.99016443594155
4,66.99289611875048,60.01193104341693
4,66.9979154026293,59.99836347122814
4,66.99889955689278,60.007517071421034
4,66.98538853415893,59.992639927365865
4,66.98924400504113,60.00148678311397
4,66.97405383202553,60.00498644576249
4,66.99971842432413,59.99014952388711
4,66.9879537132139,59.99738182507099
4,66.98682230444652,60.01453202725615
4,66.99917731982333,60.010177205914815
4,66.97793059801603,60.008819901981695
4,66.98797894622435,60.003138614727845
4,66.9893285118306,60.00537223325386
4,66.99415798216802,59.994261308742374
4,66.97515441112148,60.006239589513015
4,66.97448886143775,60.00778367549728
4,66.99794455044446,60.00265031628595
4,66.99634722569267,59.98773111100584
11,66.98597983572745,59.995083467257636
11,66.97038101375371,59.98617805869485
11,66.97314124165825,59.97489681722947
11,66.97855562153417,59.972804220585424
11,66.98335904078023,59.979602304372456
11,66.97462970965415,59.987169698543
11,66.98960762416324,59.97192811546887
11,66.98798294038252,59.97897861234686
11,66.98662366728954,59.9774611308254
11,66.98238574849606,59.98638332219755
11,66.98381208888891,59.97991306922518
11,66.987033210769,59.99596519827531
11,66.99083425520487,59.99179912794277
11,66.96950415558207,59.977459754671756
11,66.97080480136749,59.97738776079597
11,66.98204803539394,59.98947182495625
11,66.99483304363346,59.98063770822553
11,66.97062436330751,59.97522304395764
11,66.98146398575344,59.99101609128965
11,66.9910557660191,59.98222657297432
11,66.97881349707336,59.99289158003634
11,66.97400489533463,59.97584357508043
11,66.97892177054445,59.99504310267992
11,66.97155643498434,59.991931271679846
11,66.98237163806868,59.9825626787129
11,66.97789828541227,59.974165150654414
11,66.97287909467784,59.98267174972862
11,66.97409941128288,59.97883065034602
11,66.98484784195242,59.99806044095666
11,66.98284279400548,59.977945256330024
11,66.9816882077856,59.970149026808684
11,66.98144760849405,59.96902580373737
11,66.99519511350766,59.99275118536059
11,66.99225705621788,59.97267552388448
11,66.9859842604995,59.98969226203634
11,66.97720000233872,59.97186653172203
11,66.97583346756493,59.97567889314842
11,66.99228710896932,59.974168855281285
11,66.98486990216712,59.97319162121961
11,66.98105111838102,59.97847583311082
11,66.98137847664843,59.98203013796679
11,66.97769005833159,59.987925386017665
11,66.9797558528964,59.97375733752949
11,66.99483894788887,59.97421409265278
11,66.97426177566754,59.97826769484354
11,66.98257194113675,59.982479921004156
11,66.97525424371605,59.99524097265471
11,66.97647867109364,59.9839490834839
11,66.98243717277671,59.977659016772286
11,66.98747093543236,59.991368667672496
11,66.99681640916413,59.99211863844057
11,66.98130243022602,59.98826632196546
11,66.97968724663367,59.99573372801612
11,66.97307138345892,59.98246067128254
11,66.97690080866653,59.98396738545285
11,66.98475227594582,59.98637851738894
11,66.99276360435036,59.976149628948654
11,66.98311751891956,59.977542947865345
11,66.96864709108874,59.98421643085011
11,66.98891483013227,59.98857018803783
11,66.98615621343076,59.99163768727643
11,66.97186096337711,59.978869357955006
11,66.99796195609625,59.98581327992452
11,66.97625325022112,59.99532054920372
11,66.98416133894888,59.9987331818684
11,66.9701822259864,59.982854869554394
11,66.99015927415046,59.96944595569596
11,66.99670102317769,59.97812696965587
11,66.99703810907624,59.98958959355037
11,66.981514218359,59.97706446703414
11,66.9968147568706,59.98310316938946
11,66.9712292277764,59.98186409878757
11,66.98982496649934,59.990714314864
11,66.98300765908337,59.96752682870969
11,66.98791288750742,59.98078503046014
11,66.97282008996335,59.97553088837045
11,66.98150378192092,59.976695441096915
11,66.96916616340464,59.98361645176349
11,66.98656901997701,59.991248083154126
11,66.98963748265982,59.980937126176805
11,66.98046811630532,59.976829944639185
11,66.97342515226892,59.982152100426
11,66.98511644816354,59.99710983417269
11,66.99380235968844,59.98175399252251
11,66.99115490112595,59.98169660311225
11,66.98808181468918,59.97720627575329
11,66.96983766140802,59.982656890670775
11,66.99443503407109,59.976038728236055
11,66.99443503407109,59.976038728236055
11,66.96893637012717,59.98197533118735
11,66.98056259922973,59.975824751517294
11,66.97770398021324,59.98771586968779
11,66.98791288750742,59.98078503046014
11,66.98437911517468,59.976038798468764
11,66.98541056814028,59.99576941971233
11,66.97903885865372,59.97997207641021
11,66.98092248776634,59.97353283925745
11,66.99360069520797,59.99426186504611
11,66.97694153346134,59.978313645238856
11,66.99225978553402,59.98105034819757
11,66.97762908929893,59.99526795164646
11,66.99361356941311,59.99138026630781
11,66.98715051966786,59.97341726150784
11,66.98870327060867,59.98152102845801
11,66.97983418170622,59.97572217861248
11,66.98720246619175,59.98074620930315
11,66.9971355873256,59.98903622893274
12,66.99743529769148,59.978252747111306
12,66.99300973539843,59.9869514210285
12,66.98994998050628,59.96979364501631
12,66.97542311178677,59.97157216732515
12,66.99444333459066,59.993303780506075
12,66.99225705621788,59.97267552388448
12,66.99691757496889,59.98576118425444
12,66.995061065558,59.99306301034632
12,66.99104022459836,59.98012296041678
12,66.98681889985652,59.99107350987325
12,66.99443503407109,59.976038728236055
12,66.99140192810977,59.995793333957245
12,66.9815528278196,59.99298330571587
12,66.9868417980747,59.99275882027621
12,66.97668017098552,59.98315804766287
12,66.99675442661936,59.977761892061494
12,66.97437516411365,59.97510872330891
12,66.99071288440436,59.97713994610645
12,66.98400255010391,59.9766665527415
12,66.99487381678996,59.98917908481109
12,66.99108171495608,59.98720390258028
12,66.98618213552318,59.98570591782322
12,66.97809840785813,59.97336084874577
12,66.9847691097645,59.993349799682846
12,66.97347681105994,59.982440739092105
12,66.99267953710965,59.98181320675304
12,66.97609354804209,59.978619837174946
12,66.99762152141845,59.99036318823303
12,66.99435475488822,59.989508090877116
12,66.97262891056667,59.974845550831944
12,66.98207328305938,59.97531051579968
12,66.9753040275491,59.985564010552615
12,66.98678242539204,59.974220079420526
12,66.97055973343177,59.98167887859335
12,66.99293960820822,59.986316450009575
12,66.97645330722712,59.978076672972044
12,66.9891550490232,59.99181280482737
12,66.97744032319564,59.99093660976524
12,66.99425044584927,59.975172734685
12,66.98605708478749,59.98356205019369
12,66.97883202971278,59.969040912847106
12,66.99117115114474,59.98959940167966
12,66.98917168768999,59.99479345395812
12,66.99412210811933,59.989866122565374
12,66.99589443905785,59.97998791204118
12,66.9885367700543,59.98562952021029
12,66.97260159936093,59.9866667676027
12,66.98362274254801,59.98821195570772
12,66.97456268412697,59.9839809983623
12,66.98557487441168,59.98345708586179
12,66.97231738183477,59.985205576715856
12,66.98975339003869,59.97596815404615
12,66.9922376042582,59.97677250431693
12,66.99521260926957,59.98736571834682
12,66.99233787816813,59.99239601207806
12,66.98259803052363,59.9847322985554
12,66.97705343169626,59.99276216519797
12,66.98727150109679,59.9843181660353
12,66.97833701924088,59.99553219103699
12,66.98690588812816,59.97834649820989
12,66.98312799087908,59.992318723965994
12,66.99422756733469,59.98689051113924
12,66.9932112545564,59.99465370967541
12,66.97757838677055,59.99736358086381
12,66.98199521809217,59.99099896514762
12,66.99813185272322,59.98556166972064
12,66.9900630268955,59.970639145160895
12,66.98867227953228,59.97627328161178
12,66.96962072620788,59.98301393166921
12,66.9820340095411,59.97994340826172
12,66.97631382757368,59.98265099358798
12,66.99408317958618,59.98504964130505
12,66.98063786233591,59.99334586636232
12,66.98978174593748,59.97722046719465
12,66.99113776646664,59.978284606333574
12,66.97340216764134,59.98908562116855
12,66.97441297757709,59.98382085909913
12,66.9884078636013,59.984444208951444
12,66.97811725067831,59.97482356866067
12,66.9788201467522,59.97860896808059
12,66.9878100655515,59.98953206831161
12,66.98228062477405,59.97364588129999
12,66.99346171419764,59.98764487861096
12,66.97534008401028,59.978101261367115
15,67.01223822850444,59.982881442008704
15,67.01556270400792,59.99039558073103
15,66.99547849837963,59.99248749250106
15,67.00373250589821,60.006597310563976
15,66.99836407949196,59.98122803478858
15,67.01268850011802,60.002171091774876
15,67.01374605614276,59.98054682275699
15,67.00810355530002,59.982021579048016
15,67.0165888186213,59.98354385491871
15,67.01676440028889,59.98199850632643
15,67.00955094935428,59.98969266503307
15,67.00441357069495,59.98578583580345
15,67.00645483600566,59.98307815345077
15,67.01820784937772,59.999761045101366
15,67.00648653820994,59.98847716656606
15,67.00424429847423,59.98410738019671
15,66.99764230794793,59.98763863801469
15,66.99698145360206,60.003009928372286
15,67.01659015387416,59.988375237901145
15,67.01083409263472,59.98490131890368
15,67.00679620661428,59.98072172999215
15,67.01671694201453,59.993517938978165
15,67.00037159837649,59.977305273083445
15,66.99260926681639,59.99059165559323
16,67.00170809085601,59.99723728700181
16,66.99851345063206,59.99389930730282
16,66.99100431593928,59.994109671567415
16,67.01659604324901,59.99580465186649
16,66.99857702756802,59.99731903333322
16,67.01820610525625,59.984294742813475
16,66.99859256418466,59.9894592409663
16,67.00898426473358,59.990447165408725
16,67.01191597091275,59.99282219475948
16,67.00612181283383,59.98974027660661
16,67.00129870341148,59.98937527881933
16,67.00566073617854,59.982634451349156
16,67.01452141080385,59.999337670638674
16,67.00974110290717,60.00055591368409
16,67.01577144754734,60.00104615743588
16,67.00396311029488,59.98203456859483
16,66.99918294842175,59.976903668712325
16,67.01185720350259,59.998112998742826
16,67.01556270400792,59.99039558073103
16,67.01918076137052,59.99562857984356
16,67.01187797200387,59.98752621726732
16,66.99359952538883,60.003273511499465
16,67.00393830702942,59.993137344317724
16,67.00081399591066,59.99999638690834
16,66.99197832503695,59.9963554871405
16,66.99407516583496,59.99262524080349
16,67.00334312158928,59.98934774707358
16,67.00369491611951,60.006254672024326
16,66.99182673324611,59.98838745195755
16,67.0075080619887,60.00739091995942
16,67.01634957509752,59.99982350443019
16,67.01433345086015,59.981906138976285
16,66.99931544717043,59.99932372488352
16,66.9987866857118,59.99309689371198
16,67.00712755926055,59.977003422236805
16,67.00708077617404,60.00662805076636
16,66.99928906901027,59.99972030727768
16,67.01160824382049,59.981424515920374
16,66.99758001809182,59.99727271145485
16,67.00789983597093,59.98322200070463
16,67.0136010136361,60.0033685785124
16,66.99219020016822,59.99576229765385
16,67.00882588529795,59.98160453815403
16,67.00334312158928,59.98934774707358
16,67.00638540056444,59.9829469359147
16,67.00495199352405,59.97962626121377
16,67.00192635801295,60.00089369923252
16,67.00544959400952,59.98907972558633
16,66.99416095777352,59.99798442288663
16,67.01833977970922,59.98502854426297
16,66.99767672080452,59.99921916649444
16,67.00647090737091,60.0034202450961
16,67.01777122533724,59.990988333574826
16,67.00359280147076,59.99352086232094
16,67.0107725760463,59.989818242769324
16,67.00712986743989,59.976885618364065
16,67.00647090737091,60.0034202450961
16,66.99208169813994,59.983732468425636
16,67.00512373915659,59.99140960411576
16,66.99299564058374,59.99856764129341
16,67.01723021450941,59.989350121780085
16,67.01658792839203,59.98183630175063
16,67.0114747746658,59.99523915758175
16,67.00637300728562,59.984868265610196
16,66.99647797336918,59.982777628535565
16,67.00659632504161,59.9996638050765
16,67.00531379477974,59.99930280188029
16,66.99935344182353,60.00286623541688
16,67.0055352009402,59.99924828591364
16,67.00898591491365,59.97710287725202
16,67.01362121909685,59.99105861385911
16,67.01129900837448,59.98317415173985
16,67.01708186394599,59.99399639426191
16,66.99582043945965,59.98325627150613
16,66.99946855650151,59.994187058872825
16,66.98885176810604,59.99300675510166
16,66.99982594566397,59.98116587882842
16,67.01654401268172,59.99821363295565
16,67.01565999378928,59.98815133158089
16,67.00905864491938,59.99932512805285
16,67.01827609450103,59.98786746873586
16,67.0033765631147,59.993150363844926
16,67.0007878632206,59.98900928636237
16,67.01100889841949,59.99769108098963
16,66.99473482054792,59.987660501500706
16,66.99450930324839,59.97993328083205
16,67.00987786352857,60.005358865448414
16,67.01794615473739,59.98868141583218
16,67.00437490051338,59.98394774697697
16,67.0111163375659,60.00261849758589
16,66.99819308698292,59.99168353092239
16,67.00870099382847,59.99482422530532
16,66.99990336513034,60.006485934171046
16,67.01077490636371,59.98270244057733
16,67.0024063232989,59.998150199748
16,66.99948164720398,59.986692859121696
16,67.00108634573996,59.98498450052512
16,67.0011230164158,59.979097262757556
16,66.99929112149766,60.001126113028846
16,67.00221006234511,59.98785131571084
16,67.0182612758726,59.98388801393237
16,67.00320479440991,60.00342887454234
16,67.00393830702942,59.993137344317724
16,66.98890387498753,59.99258311762084
16,67.00889256486856,59.98261930262393
16,67.0056721735393,60.00096684139662
16,67.02012202525057,59.988863633898426
16,67.00569942710955,59.99596477555265
16,67.01683022962688,59.993764917387196
16,66.99925325225844,59.9875171746797
16,67.00391886211867,59.99612986594104
16,67.01017578244678,59.98843445605112
17,66.99957924431078,59.98896098976276
17,67.00772720149247,59.99097804064131
17,67.00582689064004,59.9891752806853
17,67.00970281951012,59.98285476864905
17,66.99277232309153,59.9977255591094
17,66.99579072705347,59.99289832808052
17,67.01294936338103,59.98725898749847
17,67.01521252449047,59.99152366476014
17,66.99432207164118,59.98722706502908
17,67.00495563229057,60.002408917013604
17,67.00503513112159,59.99675739306021
17,67.01401981714966,60.00133420930487
17,67.00382782097056,59.993980467199655
17,66.99633205479152,59.98588630555317
17,67.01819374638345,59.99909554181104
17,67.00873676201014,59.99382409133541
17,66.98992901000997,59.995289353021825
17,67.01139870848351,59.985515419680155
17,67.00562967811193,60.00117784121015
17,66.99758001809182,59.99727271145485
17,66.99961337135214,59.977719848713036
17,67.01617754180089,59.99281904314715
17,67.00323938314679,59.98004558148051
17,67.00320479440991,60.00342887454234
17,66.99845445119904,59.98955495128205
17,67.00167518352244,60.00227095293698
17,67.01647051671075,59.98391732117049
17,66.99634395019694,60.00336689573643
17,67.0012064859898,60.005087559112646
17,67.01903580779205,59.99396522970211
17,67.00333315235255,59.97905513855118
17,67.00205056435398,59.98723563690059
17,67.01360134106865,59.9881912489552
17,66.99690774660573,59.985082019588994
18,67.00440746721436,59.983934294697875
18,67.01507002357869,59.994670255710844
18,67.0020589402031,59.992352094487366
18,67.0044528084544,59.984808347980824
18,66.99950460943586,59.983733189482145
18,67.01227384906873,59.99334203184622
18,66.99004348422649,59.991111059399486
18,66.99930037680578,59.994100347221845
18,67.00972620153638,59.992810221610995
18,66.99494828086158,59.985724340862674
18,67.00445861049141,59.99837473704666
18,67.00589699653112,59.999165890559404
18,67.01378543878903,59.98626955309651
18,67.01424655926827,59.99120141784503
18,67.00410545076241,59.99723378257686
18,67.01423670410038,59.998241433318604
18,66.99521268381874,60.00266167034963
18,67.0032271809897,59.9887588959959
18,66.99535076774875,59.99895598290081
18,67.0026639029701,59.985227898681735
18,66.99797234728686,59.999987073145995
18,67.01622758093583,59.98880735956251
18,67.0142211412685,59.99910880895212
18,67.01752133080564,59.9918309892841
18,67.0107725760463,59.989818242769324
18,67.0003147861724,60.004655482492716
18,66.99501372655888,59.995827296025745
18,67.01134081627066,60.00072640525404
18,66.9998287506448,59.991534432362286
18,67.01355258243422,59.985025670514894
18,66.99769727111007,59.982685878496135
18,67.00642077526626,60.00121019089769
18,67.0151872888769,59.98066375281339
18,67.01216023537584,59.9870984245953
18,67.00177909885527,60.00490428120119
18,66.99399977115144,59.99329633315593
18,67.01601476376227,59.98581846688362
18,67.00668001429193,59.98142031115174
18,66.99935189296293,60.00392762103573
18,66.9962574187578,59.99516738659191
18,67.01779836798458,59.9984272483851
18,66.99965621261121,60.00581130060724
18,66.99903443366624,59.990537524008545
18,67.00190394841024,59.98714316792411
18,67.01243866719227,59.99884415534308
18,66.99469699205447,59.98619091369197
18,67.01732252683553,59.98595280633254
18,67.01224582131606,59.982105019216625
18,67.00323938314679,59.98004558148051
18,67.00767678351976,60.001409935953845
18,67.01864486720667,59.9905964198157
18,66.99645669776648,60.004737634488116
18,67.01597386000634,59.984224355920304
18,67.00939064484365,59.98647831218666
18,67.01355258243422,59.985025670514894
18,67.01451917637937,60.00152075688152
18,67.00033593995481,59.99820831912173
18,67.00311945027126,59.99336721195607
18,67.01057352046813,59.99192518567407
18,66.9983512900372,59.97864334883305
18,66.99789981625699,59.999457140478164
18,67.00026537595596,59.9808935795207
18,67.01877912669791,59.994063511878075
18,67.01322035123474,59.993996942005936
18,66.99812715824825,59.9972550303797
18,67.01213913200331,60.001801238716396
18,67.00107827971931,59.97711942303821
18,67.00131897337785,59.986975445244425
18,66.99738678421832,59.99567972931819
18,67.00921673372298,59.99096119619453
18,67.00752816564332,59.99925579084093
18,67.00617952306246,59.98050373715618
18,67.01643693850676,59.98409332328852
18,67.00590092254726,59.97919260008001
18,67.00077851836947,59.99285216887803
18,67.00859562085135,59.98354476842753
18,66.99711796407496,60.005499495198556
18,66.99359952538883,60.003273511499465
18,67.00938112340349,59.98450672696581
18,67.00648929055895,59.99016235240478
18,67.01707493413421,59.99153097272697
18,66.99993576544306,59.977426913480464
18,67.01963321377137,59.988879760119424
18,66.99850091739816,59.98269246145625
18,67.01677406647983,60.0004260682792
18,66.9971355873256,59.98903622893274
18,67.0080680229018,59.98621660509361
18,67.0080680229018,59.98621660509361
18,67.00767704477849,59.981074475117076
18,67.01543674731165,59.98074386929065
18,67.00825686249321,60.00124600608621
18,67.00706294397193,59.99542888502174
18,67.01621251820691,60.00237828909404
18,67.0062986858173,59.979445897496824
18,67.0177110301229,59.99239453144718
18,67.00042342113423,59.9862834944313
18,67.00669918667954,59.989495195687525
18,67.00660539121868,59.99832107821027
18,67.00728462430415,60.005678196503204
18,67.01089022184304,59.99148973273099
18,67.00994429467318,60.003428532783595
18,67.00960130696622,60.00269529718244
18,67.004798725446,59.99986245834702
18,66.99950933691835,59.99862785101246
18,67.00462688159048,59.982594684097954
18,66.99801793699613,59.981053243497215
18,67.00359280147076,59.99352086232094
18,67.0109452269,59.99047260549734
18,66.99768487857605,59.99840050261628
18,67.00603291616507,60.00031793537929
18,67.0058230136279,60.004180761815434
18,67.00042823728617,60.00333745385642
18,67.00447781074466,60.007005813007126
18,67.01279520854385,59.999218332101776
18,67.01042508699867,59.98907661996115
20,66.97993472732529,59.98009015987713
20,66.98901917450445,59.97757416536479
20,66.98854687646885,59.99031978648917
20,66.99688384515936,59.980238733915
20,66.98335352662308,59.973190680862125
20,66.98462015036161,59.97279452996939
20,66.99615739284197,59.97979040157206
20,66.97835331996716,59.99096823066741
20,66.9860107837665,59.98040650024821
20,66.97914242200272,59.997313505861754
20,66.97925990118952,59.99579429930842
20,66.99133819240416,59.995204252604985
20,66.98333245342607,59.996244736713024
20,66.98879205754034,59.97159737722964
20,66.97894313057773,59.99504646577969
20,66.98656901997701,59.991248083154126
20,66.9872881382298,59.96777157964257
20,66.97730419643847,59.98324821529728
20,66.99859321157139,59.97938707561143
20,66.99002514452364,59.977387325654036
20,66.98708354069619,59.994319229831284
20,66.99859321157139,59.97938707561143
20,66.99029312642031,59.991857446987595
20,66.97781851598573,59.97953217340696
20,66.99380404304726,59.98019110327036
20,66.9886199102254,59.98708369264203
20,66.98516212328164,59.97114777466952
20,66.97566773761574,59.9929685458192
21,66.99838845837583,59.99517230861448
21,67.0114084507596,60.001218673399194
21,67.00283859031767,59.99292184025252
21,67.00866995304922,59.97893480176624
21,67.01661936654861,59.98712038193064
21,67.00979967329037,59.98992039507576
21,67.00642082080377,59.97647339682317
21,67.00799202176032,59.98882367061633
21,66.99434560635137,59.99380274586255
21,66.99925325225844,59.9875171746797
21,66.99309230895346,59.99026714715192
21,67.00574528700925,59.98730355322403
21,67.01160824382049,59.981424515920374
21,66.99059072882137,59.988957885455356
21,66.99847677068087,59.986705505850466
21,66.9991190987515,59.985807997767544
21,66.99505692826042,59.98352803432491
21,66.9946404323661,59.993075285307015
21,67.0036058712003,60.00286331830969
21,67.01447556905538,60.00143187255434
21,67.01515046897605,59.99892624384536
21,67.0070278167179,59.98219584990551
21,66.99426442456793,59.98410432479704
21,66.99105069761508,59.98790795487984
21,67.0158479113693,59.985589649435845
21,66.99907483340621,59.99298713754238
21,67.00525412186475,59.98756161587835
21,67.00787254693739,59.97887213165407
21,67.0098035190791,59.99960506750741
21,67.00339880461922,59.996432280343065
21,67.00996578893056,59.99139491051945
21,67.01501031410146,60.00086171373762
21,67.00947500007636,60.002206210844356
21,67.0094624967588,60.00351022307683
21,67.00441749234942,59.991073669896025
21,67.0146662998573,59.99548698391789
21,67.00259031204503,60.00062725811396
21,67.00280537936399,60.00668600380893
21,66.99412210811933,59.989866122565374
21,66.99918294842175,59.976903668712325
21,67.0146072243026,59.99585397088683
21,67.00719265554834,60.00564960815572
21,67.002535447021,59.978036410389215
21,67.00341546528553,59.990691900335264
21,67.01091798790242,59.98902762587754
21,67.00938112340349,59.98450672696581
21,67.01005240429161,59.984533564990606
21,66.99160091527399,59.99188071943604
21,67.0153946006088,59.98631946370006
21,67.0131705004994,59.99836559502782
21,67.00326350088352,59.982366971155045
21,67.00289439774494,59.97895481903365
21,67.0062946851338,59.98635004955816
21,66.99163752858183,59.986515177078665
21,67.01357122187903,59.98762849443569
21,67.00048127165304,60.00158637374805
21,67.01046802769572,59.99229018849239
21,66.99504465098511,59.98927940337999
21,67.00195074957094,59.99649968854992
21,66.99566588533158,59.979895644066616
21,66.99781327298102,59.992379022524275
21,67.00994190555237,60.004302269670774
21,67.01197372121875,60.00435974552684
21,66.99522624686826,59.98054330648516
21,66.99816270693776,60.00430010511588
22,66.98160610408439,59.991626861884285
22,66.97532980434951,60.00645346760548
22,66.98484784195242,59.99806044095666
22,66.9782535893074,60.00586132624792
22,66.9873882989863,59.99664134400777
22,66.9980267488845,59.99132165521003
22,66.99622730787134,60.01004539147913
22,66.98122619986303,59.99189225643033
22,66.99361250418727,60.011205033571294
22,66.98388699608728,60.00967611788175
22,66.99140442397066,60.014537664593945
22,66.98207982228813,60.00097452678248
22,66.9780604862744,59.98829260491051
22,66.98901987623589,59.998628582499734
22,66.98598300659616,60.00984764984241
22,66.99889955689278,60.007517071421034
22,66.99125217864959,60.01240369119109
22,66.98789211190444,59.996835259056176
22,66.99094759187832,60.01422169577255
22,67.00019347747762,59.99333985092376
22,66.99769179679082,60.00442520290469
22,66.98031142278184,59.99405363648723
22,66.98202926851742,59.987692834145236
22,66.98204803539394,59.98947182495625
22,66.98810321054748,59.985135695124114
22,66.98149194433161,59.98663906647841
22,66.98628682702987,60.00529460896197
22,66.99518377983496,60.00037238118555
22,66.99147654825917,59.986701130557904
22,66.99854550256856,60.00381427498413
22,66.98167436270757,59.98775806568649
22,66.98512362633126,60.01325818497554
22,66.97868320218598,60.01136832017637
22,66.99982159850565,60.010204324513786
22,66.99686323319546,59.987912247653775
22,66.97917913735726,59.99122154841319
22,66.99553458845986,60.00866512066149
22,67.00139356264302,59.99876058693567
22,66.97637794072001,60.006433367978524
22,66.99891941058613,59.99418926914405
22,66.9994818980095,60.0058926505268
22,66.97801297090199,59.99951736548077
22,66.9954224281,60.000450375800426
22,66.98231915189587,59.99837215415364
22,66.98672060231064,60.006662044942324
22,66.98189556683776,59.99134463066507
22,66.99142089529555,59.99466728687457
22,66.99833485393152,60.005826637900064
22,66.9813714956359,59.99749820515427
22,66.98810884150967,59.999394568336086
22,66.97981436511726,60.00840471199483
22,66.98788438091407,60.01317344045967
22,66.98691731624179,60.01458058361849
22,66.98044672319058,60.005316822624934
22,66.99889955689278,60.007517071421034
22,66.98147586816758,59.994243861658845
22,66.98918136984678,60.0120089638037
22,66.97666774862628,60.00191061799057
22,66.98370042102016,60.00231894042424
22,66.99383875320328,60.00796913289057
22,66.99456832779558,60.00166805077789
22,66.98366206574606,60.00380620311964
22,66.9763907101261,60.00241834927024
22,66.98533522451852,60.0015859212123
22,66.99092303568847,59.997591024815954
22,66.98387419616095,60.01423089415667
22,66.99765495786188,59.9926650656638
22,66.99302356232795,60.00798594538834
22,66.98849896185092,60.01190963367467
22,66.99634395019694,60.00336689573643
22,66.98156431915379,60.0044693022451
22,66.98766187658575,59.993718541287556
22,66.98788767000855,59.99272148480685
22,66.98517113556211,59.99212861130741
22,66.99389936792488,59.99380392487421
22,66.99396532192107,59.99796174916257
22,66.97564022981074,60.00895255801179
22,66.98801963319755,59.98456729086806
22,66.99500482101597,59.986286446386394
22,66.98393602218006,59.99933919651135
22,66.99045439042159,59.986429433913074
22,66.97669338981737,59.99570685744854
22,66.97537175706302,60.00648934459069
22,66.99679599860012,59.996441492762855
22,66.98688164265496,60.00939415064194
22,66.99765197169182,59.99127810379449
22,66.99543640659756,59.986660534376604
22,66.98917778242485,59.98554114851097
22,66.99416980880956,59.99591144862085
22,66.98260420328856,59.98904358203748
22,66.98821341746174,60.00389273529717
22,66.9869257460457,59.99684347609118
22,66.98005761181652,60.00274359124463
22,67.00123419117436,60.000466262489276
23,66.97996127481105,60.01167995168939
23,66.9782535893074,60.00586132624792
23,66.97319849001806,59.99715584108041
23,66.99509369802603,59.98668501285474
23,66.98051963174137,59.99994053006951
23,66.99529812655432,60.00715902095366
23,66.97431010018607,59.9926498313882
23,66.98348533584789,60.01049271782006
23,66.97775283471152,59.98845094508611
23,66.99142412371765,59.99971187764768
23,66.99529231327891,60.0112866210158
23,66.98934915203355,60.01027933322875
23,66.99036734566228,59.991044953123385
23,66.99412416789055,60.00119634487166
23,66.99817127599793,60.000363041991434
23,66.97282985121366,59.99668365203488
23,66.99825627261673,59.99188745191167
23,66.98612727392494,60.00532964158999
23,66.97835322251612,60.002139097039155
23,66.99188661775737,59.98969144545576
23,66.99765197169182,59.99127810379449
23,66.99698145360206,60.003009928372286
23,66.98360905063001,59.99848171024914
23,66.99114236100856,60.00776862457792
23,66.99747580613199,60.00097877195299
23,66.98734177939883,59.99321378032624
23,66.99862194588492,59.99532629153267
23,66.98238363743384,59.99024789037436
23,66.98439422179354,59.994927695752054
23,66.9836884259175,60.0041443699837
23,66.99623906286874,60.002447144385556
23,66.9949909466882,60.010878001923544
23,66.9898586369133,59.9954580975816
23,66.99859310827735,59.99171429747021
23,66.98392488046984,59.98558539465832
23,66.97369641299161,59.994050520011434
23,66.9827324311267,60.002098472220986
23,66.98508926532325,60.014952766404114
23,67.00152430749822,59.99736034319919
23,66.9772231474175,59.9897764868316
23,66.98296517428487,60.01434801241245
23,66.97388123777037,59.995496548625844
23,66.98316303988561,60.008510406504875
23,66.9947747869492,59.99743118863849
23,66.98682307336767,60.01106433269586
23,66.98379858238297,60.007060419513316
23,66.99714852847907,60.00112231252637
23,66.97713223267596,60.003586934183545
23,66.98732638137186,59.99774111362394
23,66.98446016818954,60.0114587155335
23,66.97613440939739,59.99033136814873
23,66.99353494224421,59.989813604879686
23,66.97480628624615,60.0008727258596
23,66.97625325022112,59.99532054920372
23,66.99971842432413,59.99014952388711
23,66.97225374147476,59.99851309733888
23,66.97630920034025,60.010512361838394
23,66.97313999995679,59.99735756175233
23,66.98520468229802,59.991663745787456
23,66.99327485730504,60.01443045597502
23,66.97761492891898,60.00078301083914
23,67.00037884752093,59.99229608819759
23,66.97995825053496,59.99132413648002
23,66.97886115361128,60.004478416400964
23,66.97532936162129,60.00139658654735
23,66.97566773761574,59.9929685458192
23,66.98692234937462,59.992328017240425
23,66.99687694667325,59.99104478950563
23,66.98725692829349,60.011432072818316
23,67.0028154168505,59.99891156545405
23,66.98497745297985,60.00629760453353
23,66.99862194588492,59.99532629153267
23,66.99028613333513,60.0020560196173
23,66.97546221132778,59.99775650710342
23,66.98153182310797,60.007582675462515
23,66.98355342768161,59.99458182716309
23,66.98866433977072,59.99081186709312
23,66.98264677662426,59.99698692087606
23,66.97525540145865,60.00157950060532
23,66.98684561817419,59.994380813847364
24,66.97813950488782,60.00778477631811
24,66.9982495257172,59.99213325307565
24,66.99899563366338,60.00075271857924
24,66.98708354069619,59.994319229831284
24,67.0007687051679,59.99637090462393
24,66.99932840957057,60.00521096687861
24,66.99727201045935,60.008451771879216
24,66.98885176810604,59.99300675510166
24,66.99676121191892,60.010565684546144
24,66.99827382973578,59.991315092201496
24,66.9802828176409,60.00163772086652
24,66.9977412042733,59.99510290150343
24,66.98886021973061,60.01174004956297
24,66.9843764068163,59.991188510167035
24,66.9995403804003,59.999160355530705
24,66.98145225623247,60.0054897136024
24,66.9746766047645,59.993955826805795
24,66.97569529062785,60.009898999880654
24,66.99803064580284,59.99364678393202
24,66.97917913735726,59.99122154841319
24,66.99889651281414,59.994104881333
24,67.00057065478182,60.00023794708148
24,66.97564022981074,60.00895255801179
24,66.97884321195747,60.01158556266319
24,66.98000177182782,60.009778426871996
24,66.99334719031648,59.99006504347477
24,66.99033935969504,59.99082042559645
24,66.99344100842008,59.995889960100484
24,66.99854550256856,60.00381427498413
24,67.00049422535645,60.007613126110655
24,66.99058116559831,60.01192802529693
24,66.99088143071619,60.00942792889636
24,66.99671596776966,59.987953153637775
24,66.98533467844669,60.009306001060956
24,66.99344497637622,60.00022710361549
24,66.98648189785179,59.99066449550195
24,66.99110412254291,59.98890745579805
24,66.99350779991148,59.98652481387982
24,66.99799877401216,60.008499272037945
24,66.99413269761456,60.00466837587035
24,66.98597260204075,60.00336471793973
24,66.98408318244978,60.00217930613537
24,66.99039096375165,60.01525547875889
24,66.99264688254361,59.98904167515295
25,67.01012600631051,59.98866170285799
25,67.0054194143787,59.97672921639519
25,67.01683022962688,59.993764917387196
25,66.9996406527802,59.99050371717436
25,66.99986070139403,59.976648267088635
25,67.00969709995013,59.9901243170706
25,67.0070160157305,59.98712048135427
25,66.99428080701699,59.987173009427934
25,67.00115494666312,59.994981312259625
25,66.9986454937352,59.987429871660126
25,67.00507041163974,60.00534812666534
25,66.99441567629803,59.98392517311006
25,66.99918668012216,59.98720532570343
25,66.99315989401468,60.00192876459887
25,67.0152774648229,59.99894510547736
25,66.99102580146074,59.98884764802628
25,66.99630948036253,59.996415481803325
25,67.00933397356273,59.98898955736253
25,66.99626456232087,59.98790066046599
25,66.99870168918072,60.00221841303116
25,67.00141913957957,59.985579730037166
25,67.01213913200331,60.001801238716396
25,67.01187797200387,59.98752621726732
25,67.00958407702059,60.002609010199215
25,67.00272750995624,59.99727250748925
25,67.00250278627115,59.98823912835863
25,67.00178133015392,59.97897403289377
25,67.00005245112946,59.991201873525895
25,67.01190495431032,59.998770758959814
25,67.00224894858013,59.978854478500125
25,66.99032298470713,59.993633733945295
25,67.01939472888134,59.990727371348456
25,67.01597386000634,59.984224355920304
25,67.01280107995962,59.994045770127975
25,67.0179108916922,59.99279331089846
25,67.00127034905259,59.97975673800918
25,66.99920782232375,59.99591775636239
25,67.0098068892531,59.98849582625073
25,67.0003147861724,60.004655482492716
25,67.01828631396678,59.994822075766834
25,67.00026564595434,59.980425925402585
25,67.01221470797167,59.98544183731566
25,67.00922477083003,59.98837330020785
25,67.0200243507392,59.99374021555954
25,67.01477880435019,59.986275996018
25,66.99803948221484,59.99875888881232
25,66.99891941058613,59.99418926914405
25,67.00855415227011,60.00355437755531
25,67.00535478128911,59.98024717045281
25,67.01082220513203,59.98165325776986
25,67.01307017446672,60.00359754016048
25,67.00029523549851,59.98875310551604
25,67.0114747746658,59.99523915758175
25,67.00530055707809,59.99891938057145
25,67.01958385473054,59.989604789118054
25,67.00922477083003,59.98837330020785
25,66.99676384093448,59.99645789138034
25,67.00148162893737,59.98192460397583
25,67.00799552810693,59.982775901601734
25,66.9997837856466,59.991872982595545
25,66.99842619650195,60.000936524447674
25,67.0176740622717,59.98615918878522
25,67.01007138663904,59.984047579640794
25,66.99844592165422,60.002554426795726
25,67.00294988230897,60.00363357926481
25,67.0058230136279,60.004180761815434
25,67.01241293064132,59.9914836339845
25,67.00948690336882,59.98659407185202
25,66.99515197404608,59.99079137174657
25,67.00022366958684,59.99145019017938
25,66.99346171419764,59.98764487861096
25,67.00728577917216,59.99576922642732
25,67.00060352551208,59.99050094153658
25,67.01000287126945,59.988584534135704
28,66.97434458947625,59.9930598301082
28,66.97873531793314,59.969619960422705
28,66.97948331264409,59.979957994345554
28,66.97056293986935,59.98004036309995
28,66.99045439042159,59.986429433913074
28,66.98148221411692,59.979921335888704
28,66.97434458947625,59.9930598301082
28,66.98911222721361,59.99295892016562
28,66.98340457703323,59.97086853478524
28,66.9763472210993,59.98785433907077
28,66.99231047037618,59.99395294232811
28,66.99076993010668,59.973442391376764
28,66.98944081695657,59.996684286233524
28,66.97708532819348,59.99655473582869
28,66.98440674560305,59.979724965121925
28,66.99806559261914,59.98306848769047
28,66.9900771527892,59.98626619926163
28,66.97694181694904,59.975765642092774
28,66.99612185849371,59.99013407352821
28,66.98478578006981,59.98346744385138
28,66.99059072882137,59.988957885455356
28,66.98610649829375,59.98550950172947
28,66.98725299729026,59.98536827917565
28,66.97631382757368,59.98265099358798
28,66.9878664433544,59.98046338625673
28,66.98392285717536,59.97778056262049
28,66.98178144724461,59.97799474162202
28,66.97479464916667,59.986478790696246
28,66.97932529693165,59.9845102950306
28,66.98820615004684,59.98404074479529
28,66.97548575265921,59.98850021276007
28,66.99098385999963,59.97056249980556
28,66.98304014055925,59.98425904777456
28,66.98107855165033,59.995460401246085
28,66.97824129754127,59.988837592871604
28,66.99378429356271,59.98416191708372
28,66.9707206769601,59.98231633488545
28,66.99656582617642,59.97567234857272
28,66.97778318216334,59.97209132160977
28,66.99230413180865,59.99093618935182
28,66.97319094197283,59.98495660579879
28,66.98340457703323,59.97086853478524
28,66.9935024120542,59.98733076119451
28,66.98481692019111,59.993139988136
28,66.97568593418187,59.982593596383566
28,66.98178144724461,59.97799474162202
28,66.98054442395579,59.98580742214671
28,66.98627170137269,59.99016443594155
28,66.98596039276883,59.97223734040918
28,66.99830972402216,59.987031970341235
28,66.98635557559409,59.98683809969958
28,66.98879126485379,59.9935101632645
28,66.97122428805451,59.98088374005591
28,66.98428236095366,59.99235744439937
28,66.99386544125082,59.981810406073755
28,66.98668144787348,59.98532054574018
28,66.98241408436803,59.991520901951816
28,66.98818476181194,59.9924977775222
28,66.98763086581805,59.981832828760716
28,66.98274997551782,59.98010243568423
28,66.97779820401382,59.995138382073456
28,66.98584758334898,59.97382814481419
28,66.96917689558029,59.984607725089546
28,66.97022512578606,59.985374054028355
28,66.9846054475028,59.98545490705778
28,66.98447554842201,59.987385666153855
28,66.9884731442767,59.97743583368877
28,66.9861119968428,59.98167385677066
28,66.97303809856093,59.97685112138917
28,66.97843742806701,59.97123953678085
28,66.97647867109364,59.9839490834839
28,66.98993757646845,59.99415986181225
28,66.97086305419157,59.98579159308888
28,66.9818106546365,59.967633918666934
29,66.97801653587007,59.985025156341614
29,66.98259803052363,59.9847322985554
29,66.98484784195242,59.99806044095666
29,66.9913843654564,59.975756934954724
29,66.99221358725251,59.981935773461935
29,66.99174892679709,59.9906041345507
29,66.97552730027986,59.98547496089145
29,66.98327195779395,59.96946791895835
29,66.99611414902962,59.98740266630316
29,66.9966163743814,59.98033421466243
29,66.97383434496048,59.981041295942504
29,66.99591003955605,59.98833900013349
29,66.98690775604378,59.9874214260207
29,66.98671973010777,59.97018600205486
29,66.98853321143876,59.982235640227195
29,66.97126727215696,59.97821812546681
29,66.98541056814028,59.99576941971233
29,66.99599570996693,59.99049351649356
29,66.99322821087924,59.983474663763076
29,66.97701092343365,59.98031075007834
29,66.9846054475028,59.98545490705778
29,66.97716942311928,59.99090508880658
29,66.9877664047644,59.98990280525947
29,66.9816663951853,59.97902365809495
29,66.97552730027986,59.98547496089145
29,66.97222728872379,59.98279763395032
29,66.9772475320826,59.99571365067548
29,66.98866105823164,59.990320604373515
29,66.97650210113692,59.98018685251065
29,66.98188783307742,59.983699788824396
29,66.98389291263483,59.97052020037882
29,66.96864709108874,59.98421643085011
29,66.99105348595978,59.99158415517275
29,66.9740666843629,59.99076349233556
29,66.98762503451051,59.96835392411058
29,66.98410760658642,59.97298088096707
29,66.97961528688725,59.9874722185369
29,66.96844277687262,59.98329664556782
29,66.9863929567097,59.98524690476719
29,66.97030347886987,59.98369187731434
29,66.9823166610441,59.98712354937819
29,66.98350384382893,59.981537014799244
29,66.9803656023093,59.97109497129105
29,66.9742251670809,59.971283098071666
29,66.9732605404463,59.987287356088984
29,66.98897567528432,59.97204064655129
29,66.98720442697105,59.98250309446622
29,66.99191320942475,59.981270347359235
29,66.98220564342755,59.99068716840941
29,66.98826224795712,59.99398513194401
29,66.97279997077354,59.98064963275015
29,66.9767896436548,59.97823463215375
29,66.98370600343114,59.986667999260845
29,66.98043926152522,59.97647347238464
29,66.98632417434641,59.99609291891446
29,66.99487019019438,59.98032033872119
29,66.9908747172381,59.98670708134643
29,66.98384274877213,59.9921196632081
29,66.9872881382298,59.96777157964257
29,66.97987876043979,59.97979954081825
29,66.98281031476688,59.979995458660866
29,66.98539100836727,59.972095922107826
29,66.98449215525491,59.99099468689778
29,66.99066206282501,59.9770986977175
29,66.97655232865914,59.97218040875168
29,66.97019031794892,59.98795344739269
29,66.98178680312728,59.984041774321426
29,66.98381208888891,59.97991306922518
29,66.97004918073713,59.984022597602525
29,66.98979943818505,59.974590748407195
29,66.9922237786701,59.98359288287947
29,66.99414238777999,59.97942823344781
29,66.98311862183984,59.97490709503183
29,66.99325158879645,59.97710361212623
29,66.99027490384563,59.977974998761276
29,66.98901917450445,59.97757416536479
29,66.97961384943164,59.968998719851456
29,66.99582043945965,59.98325627150613
29,66.97011256389894,59.98401613768685
31,66.96907920754826,59.98158818274317
31,66.97790662450731,59.992947041533256
31,66.98643309982236,59.97949459286207
31,66.9814908095072,59.97766449899058
31,66.98328150129268,59.972033055186586
31,66.98793579115764,59.98192713569271
31,66.97892989977463,59.97133215753572
31,66.97749076261158,59.99233400481376
31,66.98438621867122,59.994606028057355
31,66.99055669570679,59.99382667855604
31,66.98426241043639,59.97222196405279
31,66.98618213552318,59.98570591782322
31,66.98681889985652,59.99107350987325
31,66.97921320272893,59.971868489771865
31,66.97780565245387,59.975564616549526
31,66.97423267424907,59.992851336372944
31,66.99039910814832,59.98624117511527
31,66.97818566571367,59.98240650967646
31,66.97869895318848,59.992924790547534
31,66.98668144787348,59.98532054574018
31,66.9707206769601,59.98231633488545
31,66.99794579488955,59.98382901234826
31,66.98723299607047,59.998065406213655
31,66.99422318020832,59.97342417908253
31,66.99537126196087,59.97808778577896
31,66.99849673365082,59.97848089412618
31,66.97459126637413,59.993046145186135
31,66.97927302809835,59.99590608400957
31,66.9928152367806,59.97574647773142
31,66.9760041768818,59.98684287934194
31,66.97868638452859,59.97466191804882
31,66.97820120861219,59.97475978508859
31,66.97701092343365,59.98031075007834
31,66.97757898352086,59.97121173929525
31,66.9916746855392,59.9731148119289
31,66.98294535209035,59.975382074038635
31,66.9837266670584,59.98181205412434
31,66.99175685373207,59.97875992541221
31,66.99218108941963,59.98778572362352
31,66.98222926474071,59.992172618228444
31,66.97547116980964,59.98748958756562
31,66.98615621343076,59.99163768727643
31,66.9719856382766,59.98976344424104
31,66.993640855015,59.97991006164196
31,66.97831894815077,59.97976335626304
31,66.97415761335536,59.98118053409972
31,66.97043932491668,59.98527598528505
31,66.98494883152775,59.983053934652055
31,66.99136158405207,59.99608217429429
31,66.99018116496482,59.97706711840215
31,66.9897784974965,59.98627535067654
31,66.98752090198697,59.99480911466855
31,66.97537540560845,59.97758023371929
31,66.98716828518512,59.98947103058235
31,66.97336654922995,59.98058927574587
31,66.97326545837164,59.98735470533918
31,66.97707261022481,59.97815055859495
31,66.98617729343958,59.97238271229624
31,66.9954818474451,59.98824065183862
31,66.98514886736048,59.99532880493305
31,66.98708916925544,59.990099051630324
31,66.99521594524475,59.989240732954414
31,66.98439104495124,59.99190062245188
31,66.98447554842201,59.987385666153855
31,66.96889163736887,59.982026018545945
31,66.98523099375703,59.995704009228035
31,66.98403895484192,59.99673202368714
32,67.00703086387763,59.988473825984315
32,67.01813785864734,59.99769855026842
32,66.98938139605835,59.99567936454934
32,67.01552860959677,59.996047158611155
32,67.01062885777377,59.97926215044484
32,66.9995346761486,59.98777326968478
32,66.99792698160793,59.99341686048063
32,67.01260604315445,59.99113469062384
32,67.00261673727624,59.99469536163876
32,66.9980860220873,59.983428152943844
32,67.00424238645084,59.98749456583252
32,67.01038417467285,59.996034840799844
32,66.99650467029797,59.981635946474654
32,67.00418792499231,59.99783042831873
32,67.0068982791811,59.997280128624766
32,67.00519947082906,59.980768538608075
32,67.00864329308237,59.98633337087386
32,66.98968588333898,59.99349670293077
32,66.99808851953563,59.98366298513358
32,67.00129870341148,59.98937527881933
32,66.99964446703514,59.98765132897308
32,67.0008441286788,60.00644626710545
32,67.00194393126651,59.981713021099864
32,67.01231886052449,59.979093635155415
32,67.01949011430628,59.99299509567339
32,66.9982495257172,59.99213325307565
32,67.01623420474152,59.99386799916235
32,67.01407837048399,59.9831432882825
32,67.00782778510202,60.0062573173164
32,67.00768214609953,60.002999733788045
32,67.00105497779293,59.99891550311519
32,67.0134876476478,59.9898159115467
32,66.99392077783143,60.000069666407796
32,66.99846507961468,59.9908467666591
32,66.99191283740684,59.99589277284718
32,67.01948536872192,59.99561884119141
32,66.99353494224421,59.989813604879686
32,66.9986721586652,59.97818055091967
32,66.99882234360005,59.982330115337916
32,66.99031054598466,59.99057429109344
32,67.01017252136886,60.0027114682953
32,67.01403519925373,59.99737489227291
32,66.99277030049787,59.989551614845304
32,67.01828244110416,59.993970271505155
32,67.00127206692899,59.98244088130372
32,67.00780928339584,59.990290028150426
32,66.99608448684945,59.99355833562729
32,67.01082742821819,59.991058376101
32,67.00859269978909,59.98717899184148
32,67.01302491448239,59.99453996284548
32,67.0082850396588,60.00276326701591
32,67.00215522874542,59.9868695371742
32,66.9979958737443,60.005883111472635
34,66.98572416647242,60.002727673306154
34,66.9964329932274,60.00686609628834
34,66.97338255466137,60.0037513777493
34,66.97400322539852,59.99927179353293
34,66.98784284404758,59.99356085031332
34,66.97564022981074,60.00895255801179
34,66.99126125853269,60.01247044316704
34,66.98850088232992,59.99908725226595
34,66.99743919810022,60.00642497241319
34,66.9789365118307,59.991461826384075
34,66.97595310390382,59.995045665134796
34,66.99068252997772,60.00895266387476
34,66.98255249549156,60.00087676690011
34,66.98619434011111,59.999668955886996
34,66.98781657066598,59.999688534529355
34,66.98968588333898,59.99349670293077
34,66.99772214115245,59.99177236722353
34,66.99440888089966,60.01374249872575
34,66.99474403776523,59.98846989420253
34,66.9818487703791,59.998192993330164
34,66.98666172327496,59.99285653744026
34,66.97940363966718,59.99840350259521
34,66.9780313403215,60.000706650280584
34,66.97781234777618,59.99769904574021
34,66.98315213084864,60.011826896633764
34,66.99477555307061,60.002390345612795
34,66.99015399845686,60.01359625540775
34,66.98719403344778,60.00477765905363
34,66.98183579140024,60.003433395933335
34,66.99997599596162,60.00294219254561
34,66.99392077783143,60.000069666407796
34,66.99164079787575,60.01117049615793
34,66.97492914018424,59.99849488574444
34,66.98689903614263,60.005557887055915
34,66.99398081882147,59.98807218025624
34,66.97256002691876,59.9982625362329
34,66.98283587178985,59.99471909162589
34,66.99309076745554,59.99579983084833
34,66.99103637595047,59.999163650508855
34,66.97369641299161,59.994050520011434
34,66.99060632975261,60.01498626468385
34,66.99964558953894,59.99226652404504
34,66.97720834546463,60.00892213333623
34,66.98238716832577,60.00483491519745
34,66.98103491475192,59.989307809020836
34,66.98652701600984,60.004511290650115
34,66.97828234876233,59.98865514503636
34,66.98669933188849,59.99438965531333
34,66.98604981381462,60.009156265144476
34,66.99687694667325,59.99104478950563
34,66.9800819306506,60.001887621841846
34,66.99477040045824,60.007535759670155
34,66.9869257460457,59.99684347609118
34,66.98810321054748,59.985135695124114
34,66.99396532192107,59.99796174916257
34,66.97251574350551,59.996758988549715
34,67.00043900129829,59.992796492723656
34,66.98446408111285,59.98935414207497
34,66.97252968147063,59.997584858141195
34,66.98977862727322,60.004643676587634
34,67.00039907424674,59.994864742647124
34,66.98184149593455,59.998428693025076
34,66.98604981381462,60.009156265144476
34,66.99825627261673,59.99188745191167
34,66.98250422069533,59.991207728169236
34,66.97976167862606,60.00312259417284
34,66.98996957217507,59.999541441548736
34,66.97295610166023,59.996861095879986
34,66.98936335667572,60.00900039547878
34,66.98874055004174,60.00050465595569
34,66.98732392248806,59.99694341642188
34,66.98063786233591,59.99334586636232
35,66.99422236598444,59.98315677186563
35,66.97570491959979,59.98920252490621
35,66.99040063672194,59.98108097357256
35,66.99464856132039,59.98405956026895
35,66.99271584110303,59.99258083636158
35,66.98947570893752,59.98003125408797
35,66.97981253469324,59.9756203372732
35,66.9824157030995,59.98071353183214
35,66.98165249248183,59.97545551014041
35,66.98292645103376,59.985417369585825
35,66.98630201712466,59.97292800100864
35,66.97428087892348,59.98407347871531
35,66.97835331996716,59.99096823066741
35,66.98723299607047,59.998065406213655
35,66.98944712291255,59.97625199452033
35,66.98608690593774,59.98001618779656
35,66.98146398575344,59.99101609128965
35,66.98056632756162,59.98790068229064
35,66.9701822259864,59.982854869554394
35,66.99914001582022,59.98290323002647
35,66.99650212057718,59.98087578118117
35,66.99522606139965,59.9851422052641
35,66.98608690593774,59.98001618779656
35,66.99411817918102,59.99146755716964
35,66.98782213939951,59.985926807398286
35,66.9818487703791,59.998192993330164
35,66.99436231488673,59.98012355111273
35,66.98893399470865,59.970674275201205
35,66.99848537301071,59.97827446388763
35,66.98535532488069,59.998386317324425
35,66.9859608352552,59.97894627413078
35,66.9832293719137,59.97043738161253
35,66.98197251266009,59.9772644118076
35,66.97519944227922,59.972065930266965
35,66.98910240425387,59.994317743261696
35,66.97099885766015,59.979790486427994
35,66.99407516583496,59.99262524080349
35,66.99758200208285,59.98138591693065
35,66.98759690614719,59.99110884228664
35,66.97863692947135,59.983675171835095
35,66.98712029599064,59.97510938856455
35,66.98001025388359,59.99501741217375
35,66.98584741569805,59.96950991565509
35,66.99769727111007,59.982685878496135
35,66.98654569573833,59.99282559766228
35,66.98182895224653,59.983724500232555
35,66.97257079310612,59.99307231192304
35,66.98096926548861,59.97437590666923
35,66.98001930379039,59.98424045638437
35,66.97705343169626,59.99276216519797
35,66.9964585274658,59.989869843662625
35,66.98375608783114,59.9697896067132
35,66.98029596448123,59.976664560799314
35,66.98859101317318,59.96792087684886
35,66.9855730252655,59.995546968002245
35,66.97307138345892,59.98246067128254
35,66.97108291426133,59.98659943479179
35,66.98700288020925,59.98697810665339
35,66.9896330543818,59.98973663313646
35,66.97903885865372,59.97997207641021
35,66.97292653840843,59.98531716904349
35,66.9780372353649,59.98416233251213
35,66.98566350780085,59.979188858155226
35,66.97310119455199,59.990765565873296
35,66.9699217820475,59.98834194155872
35,66.9791446312614,59.97202790255222
35,66.99545607016731,59.97455091794079
35,66.97639659691555,59.98058345362343
35,66.98160635408574,59.970188322497954
35,66.97638660585326,59.99151213201342
35,66.9780372353649,59.98416233251213
35,66.98355965338322,59.98910703214785
35,66.9708339270241,59.98043313097894
35,66.99946393808253,59.98252443136143
35,66.9908648814424,59.98698266707248
35,66.98329872249914,59.996157834693605
35,66.99037937919883,59.99424995206338
35,66.98943002461753,59.97901270086337
36,66.976033994992,59.98325140315821
36,66.97370364355743,59.98139891695569
36,66.97771232250986,59.972068716470254
36,66.98049665897317,59.974908607163016
36,66.99109182332224,59.98868259252236
36,66.98584303740569,59.98481394337072
36,66.98674968348978,59.99411360209729
36,66.99241105023354,59.990121744051734
36,66.99519511350766,59.99275118536059
36,66.99241105023354,59.990121744051734
36,66.98366635527222,59.99004043843825
36,66.9879537132139,59.99738182507099
36,66.97514549695238,59.98906105129967
36,66.96847014329332,59.98495153131032
36,66.99285389263662,59.98560847327385
36,66.98193322055326,59.98928103468388
36,66.99066206282501,59.9770986977175
36,66.99690774660573,59.985082019588994
36,66.98728352120295,59.98846074396933
36,66.99779665219832,59.98587861303152
36,66.98386624797786,59.984892346370884
36,66.98170910070488,59.98666397350876
36,66.98654569573833,59.99282559766228
36,66.98966338533485,59.988816564158924
36,66.98299439412189,59.98884474122025
36,66.99443503407109,59.976038728236055
36,66.97537540560845,59.97758023371929
36,66.98860936770218,59.99252242386207
36,66.97137823187676,59.97414324516665
36,66.97540827353708,59.97713422670088
36,66.98076369289633,59.993003119006275
36,66.99687694667325,59.99104478950563
36,66.98143268464395,59.9675048686203
36,66.9931372878086,59.974062075971865
36,66.99849673365082,59.97848089412618
36,66.97423973762567,59.99393525170442
36,66.97678104189858,59.99325130313878
36,66.99615058071873,59.97395725245625
36,66.99001625013983,59.98403085086201
36,66.99423935403325,59.97552994456243
36,66.9739513016374,59.97342389764813
36,66.98451129073507,59.99224713229221
36,66.99653966745062,59.985690994739244
36,66.97116774250331,59.97849588266474
36,66.98402168685863,59.989917453867264
36,66.97931463353586,59.97174013523398
36,66.98688765880752,59.990907873503744
36,66.98796927865189,59.970639659218854
36,66.98560705640764,59.99673526410538
36,66.97420633266425,59.991071407785434
36,66.99002721749667,59.9694004840049
36,66.99284049875106,59.99108233742954
36,66.97069534160192,59.977845191632476
36,66.97042877599283,59.98696376781174
36,66.99210249532912,59.98652731557433
36,66.98533832273337,59.97233899844948
36,66.98830174803233,59.97694587979052
36,66.9823166610441,59.98712354937819
36,66.98632458505027,59.97932318325096
36,66.97057206716322,59.98520882441602
36,66.98475041173691,59.979103761470235
36,66.97760085367416,59.990694838698026
36,66.97336654922995,59.98058927574587
36,66.99814467653196,59.98493505961515
36,66.9836234789391,59.99580188421509
36,66.99069610078033,59.98569753670663
36,66.97732419649962,59.98214202175096
36,66.98450367044474,59.98132105280236
36,66.98216693750852,59.99155109014195
36,66.9962085703406,59.983411881924205
36,66.97457821282813,59.97536738434127
36,66.97814879609903,59.979078037178944
36,66.98746569901436,59.98654909737916
36,66.97441712545927,59.974420650745735
36,66.9979850378528,59.97793989418307
36,66.99613364887267,59.9864159578119
36,66.97541951250047,59.99475559798887
36,66.99296528471893,59.98517654901029
36,66.98517784172887,59.994561770057835
36,66.9875993663432,59.972260124897744
36,66.99121386956124,59.993911268955294
36,66.98485059851717,59.972233026170414
36,66.99109405614422,59.96975432103907
36,66.98706053512005,59.993776141781545
36,66.98788923852567,59.98894401720945
36,66.99705615032408,59.974971131579224
36,66.97970574226395,59.968301888122014
36,66.98481183829024,59.98313050812001
36,66.99095894374337,59.98832743804142
36,66.99181191476218,59.98507064804903
36,66.99031054598466,59.99057429109344
36,66.97741033256203,59.99107698578341
36,66.97857166185896,59.996783467814154
36,66.98493314043435,59.99477512290174
36,66.98926608986984,59.99078205412196
36,66.99411933822498,59.98270466734072
36,66.9793248959138,59.972011394222456
36,66.98234107156087,59.99844384812933
36,66.99109405614422,59.96975432103907
36,66.9884731442767,59.97743583368877
36,66.97857485276367,59.98358488999933
36,66.98914765372287,59.980363139607945
36,66.97579829122526,59.9845332339438
36,66.97998915372625,59.97116075867845
39,67.00876983529675,59.99419306029997
39,67.00430581654157,60.00461100897402
39,66.99882735647778,59.98609746799537
39,66.99750489151496,59.99454228930823
39,67.00732396394942,60.00441846492746
39,66.99755395053707,60.00286125563327
39,66.99724643480793,59.981763833991124
39,66.99491334769446,59.99111131236054
39,67.00289439774494,59.97895481903365
39,66.99764481500623,60.00482070686593
39,66.99352896698811,59.98536482313325
39,67.00591504801295,59.98361000245508
39,67.01049173702222,60.00255567929785
39,67.00807327711742,59.9773421026616
39,66.99920237965723,59.98169450810683
39,67.00507041163974,60.00534812666534
39,66.9973881002061,60.00166478943314
39,66.99742103683067,59.98005023893467
39,66.99168712296157,59.9847634990108
39,67.00672544408935,59.97887991808944
39,66.99280918576173,59.99191047440342
39,67.00203279877168,59.988263544121736
39,66.99612591251831,59.98571500123168
39,66.99770424712247,60.00206175296219
39,67.01246858985009,59.988154394074265
39,66.99853467893361,59.978796246035834
39,67.01180562136034,60.000942348574746
39,67.00749658433551,59.99314650931253
39,67.00479076216303,59.99955103706111
39,66.99578352019996,59.98794315246187
39,67.0166673847552,59.985477585003565
39,67.01638916998056,59.98670289021648
39,67.00979402908762,59.99499375496674
39,67.00333186420023,59.98240998008001
39,67.00712986743989,59.976885618364065
40,66.98114093631091,59.99081335892377
40,66.98057157051812,59.99510103689144
40,66.98375608783114,59.9697896067132
40,66.98863564569211,59.9773651650939
40,66.99234521376077,59.99166336881576
40,66.97904568734245,59.9887153491239
40,66.96983766140802,59.982656890670775
40,66.99098385999963,59.97056249980556
40,66.98541017204617,59.976990865760364
40,66.98374058843513,59.97732243037745
40,66.99807631847135,59.97948688834791
40,66.97249471483603,59.9872514604182
40,66.99894506602051,59.97933579526757
40,66.9950354689904,59.99177740952758
40,66.97519648206234,59.97005242591137
40,66.99240096431609,59.977649646885574
40,66.97515375201324,59.9752936645656
40,66.98930322706333,59.99439485091135
40,66.98469013112937,59.969593349984294
40,66.99732244666721,59.97716069384222
40,66.98216693750852,59.99155109014195
40,66.99696214541574,59.98820519335447
40,66.99233787816813,59.99239601207806
40,66.97481311670633,59.98169303332718
40,66.98682944529116,59.99646992485141
40,66.99128721032667,59.97632078404882
40,66.99408054577198,59.993475486331405
40,66.99075956899632,59.990526767213545
40,66.98025743234274,59.99407077964678
40,66.97372023914068,59.979627246465654
40,66.97694153346134,59.978313645238856
40,66.98180173187572,59.98500654493343
40,66.97595310390382,59.995045665134796
40,66.97431588119134,59.98153584168088
40,66.97583346756493,59.97567889314842
40,66.990075048393,59.99568147504038
40,66.98881817554584,59.98408219396212
40,66.97545728897259,59.97741178776992
40,66.98850654297858,59.97182294088201
40,66.9848202433071,59.98547929592819
40,66.98095907264342,59.997069886326265
40,66.98778131478643,59.99405250704817
40,66.9942707702148,59.97209372634045
40,66.99134958537336,59.99348377763499
40,66.98537394832705,59.9913144055292
40,66.98600537363053,59.96816935277758
40,66.9756921262684,59.980222938477674
40,66.98340639129852,59.97593355704915
40,66.98326337294826,59.97320098020862
40,66.98367070895007,59.997130962470564
40,66.98693447623998,59.97292075683871
40,66.98742067527442,59.97167841648142
40,66.97427816201771,59.981318517719046
40,66.99314397250687,59.98804055019706
40,66.9831861280805,59.98554338396948
40,66.98754075963927,59.97706958811454
40,66.99031054598466,59.99057429109344
40,66.97011607784619,59.980204824609146
40,66.9955365950687,59.977514322619584
40,66.99640584278072,59.98713315296805
40,66.9838713299889,59.97520453239091
40,66.98926507211353,59.99001048902532
40,66.97989354870678,59.99076806070639
40,66.97593674746051,59.982212890847215
40,66.98571632968167,59.99502856716595
40,66.98450911627084,59.9738809044611
40,66.98190523927585,59.98840025733013
40,66.99100413199592,59.99567964780819
40,66.97545762063466,59.994385350100195
40,66.97689605034631,59.98004267532065
40,66.99297942831673,59.99436167868373
40,66.97817199215865,59.98545989572257
40,66.97167479159498,59.988703260450684
40,66.99309230895346,59.99026714715192
40,66.99000796283678,59.97697867804356
40,66.97265613230785,59.98083658603658
41,67.0022173640231,60.00437578843029
41,67.01948536872192,59.99561884119141
41,66.99105348595978,59.99158415517275
41,66.99739485809475,59.979782209157875
41,67.00026537595596,59.9808935795207
41,66.99208169813994,59.983732468425636
41,67.00037428828519,59.989496496597525
41,67.00689770495794,59.98183944188401
41,67.01212071917651,59.99772329094672
41,67.01510661175308,59.990247979999396
41,67.01582081061292,59.998592765848606
41,67.00376807067612,59.996100293350686
41,67.01309385780189,59.97876419406052
41,67.00554392129762,59.984956907415715
41,67.00259031204503,60.00062725811396
41,67.00955094935428,59.98969266503307
41,67.00859638849465,60.001214025504396
41,67.01882127932059,59.98823086866818
41,67.00098171714245,59.981388681053566
41,67.01081663952452,59.98576930854115
41,67.00327492645908,60.00342930071477
41,66.99970595516248,59.987627243113934
41,67.01674419978812,59.99770422226408
41,67.00625770700239,59.99899524892165
41,67.00366321601776,59.98687893612542
41,66.9927119964916,59.99128085084243
41,66.98999615121318,59.993242985929946
41,66.99197832503695,59.9963554871405
41,66.99966289978929,59.99185883939398
41,67.01445063505219,59.999249418189486
41,67.01672585925687,59.98679118131731
41,66.99417354779366,59.98993008230638
41,67.00285631919249,59.98628734716307
41,67.01257008642145,59.983433997303436
41,67.00415689687404,59.989085584547986
41,67.01620599203413,59.9949151319935
41,67.01387666537869,59.98432539647187
41,66.99817127599793,60.000363041991434
41,66.99948276659104,60.00150459881668
41,67.00807648178566,59.99422275413072
41,67.01634957509752,59.99982350443019
41,67.002535447021,59.978036410389215
41,67.0044280111497,59.988881827103384
41,67.00990502559043,59.99256118271457
41,66.99587890935537,59.981623200899406
41,67.01051799906071,59.99160902255553
41,67.00204062170839,60.00145333931744
41,67.00033675367638,60.00041193042078
41,66.99669173476964,59.99638093058578
41,67.01007138663904,59.984047579640794
41,66.99821540443367,59.98030983186122
41,67.0111967330943,60.000068153781754
41,67.0091742602923,59.99044703600256
41,67.01389765653012,59.99441192519424
41,66.99729806353919,59.99269794405671
41,66.99157240044653,59.98503313912038
41,67.00732910705636,60.002135422449456
41,66.99625780538963,60.00082956285856
41,67.01131387389759,60.00493786266667
41,67.01120724648614,59.98517547771492
41,67.01043994387784,60.004581375113865
41,67.0060474028973,59.98292922056523
41,67.01498288215585,59.98319923035574
41,67.01313860068592,59.985216624097816
41,67.01344121130116,59.982905723191465
41,66.99456832779558,60.00166805077789
41,66.99483304363346,59.98063770822553
43,66.98428236095366,59.99235744439937
43,66.98210838270721,59.986632198026534
43,66.99028613333513,60.0020560196173
43,66.9947433541392,59.98947792866052
43,66.99110677410914,60.01218794430078
43,66.99110677410914,60.01218794430078
43,66.9940443931972,59.994681593094064
43,66.97564022981074,60.00895255801179
43,66.9996406527802,59.99050371717436
43,66.98341550329832,59.997121353312345
43,67.0005100608403,60.00686126184423
43,66.98538853415893,59.992639927365865
43,66.98758762737792,60.0034793961357
43,66.98801525867755,60.01281588934156
43,66.98319509438059,60.00838812751034
43,66.98910444281802,59.99240499305372
43,66.9987866857118,59.99309689371198
43,66.98237551325036,60.0094127902133
43,66.97404681842075,59.99626989600108
43,66.98676517604163,59.99980154375722
43,66.99978582954763,60.00379962104151
43,66.9768794810384,59.99301678173188
43,67.00219806252564,59.99531021727493
43,66.99053331820124,60.004487442787095
43,66.9842135727228,60.01251113715091
43,66.98540930758612,60.00400882563765
43,66.99489116352204,60.00508808075944
43,67.00047853944318,59.99499864624735
43,66.98446893181458,60.01214393237896
43,66.98602546833928,59.994304266790216
43,66.98869081341371,59.98478689233738
43,66.987251275625,60.000397399549676
43,66.98733127800945,59.991185031314025
43,66.99370535612566,60.00478733552336
43,66.98962994394229,60.013031575783906
43,66.98324724001473,59.992946393154064
43,66.98610678544381,59.993150480025854
43,66.97705057221998,60.00434584249731
43,66.98626794396884,59.988358240118835
43,66.98112155368902,59.99623106083716
43,66.98403895484192,59.99673202368714
43,66.98802611886151,60.01382543970107
43,66.98316249067588,60.005146701088876
43,66.9800819306506,60.001887621841846
43,66.98236873317526,60.00869054723706
43,66.99242096207706,59.98945716476284
43,66.98589229153427,60.005180584779154
43,66.99007923331611,59.99625693164002
43,66.99319968699452,60.00931322504719
43,66.98933705976096,60.012469451660515
43,66.99685611705684,59.998011266874904
43,66.98174901148288,59.99885481445406
43,66.98305909687392,59.99144317839021
43,66.99935902160064,59.99749257875234
43,66.99739586631729,59.98955294860365
43,66.97848662594856,59.988754574167906
43,66.97605609039967,60.0058193618875
43,66.98482512794872,60.01157949700605
43,66.9996357340663,60.00032885188195
43,66.97933919034084,59.99273221583333
43,66.97479802416173,60.0086501731688
43,66.99935189296293,60.00392762103573
43,66.99112679846283,59.994657812412626
43,67.00010630908132,59.99308426619489
43,66.98147586816758,59.994243861658845
43,66.9848202433071,59.98547929592819
43,66.9924953802832,60.01106726901314
43,66.99578352019996,59.98794315246187
43,67.0030822650967,60.003879098149156
43,66.98467619610963,59.98955834969639
43,66.98391230763093,60.00406770780828
43,66.98699215955014,59.99105427337253
43,66.98947735426641,60.00026380043582
43,66.97372641772313,60.00158313700594
43,66.98985678567894,59.99439991672522
43,66.97756612976909,60.00374213863639
45,66.97571447456146,59.9712545072018
45,66.9820117724511,59.97484719954244
45,66.98829405333538,59.99747635866189
45,66.97690080866653,59.98396738545285
45,66.99689331444377,59.97972447855398
45,66.9951716049842,59.99138138170078
45,66.99191283740684,59.99589277284718
45,66.9854282289709,59.984933399287144
45,66.9954683849666,59.99327938316903
45,66.97361346998066,59.973929421143396
45,66.98864041432574,59.99588636378156
45,66.97376445368351,59.989861285708166
45,66.97182842737665,59.98211327170495
45,66.99858795843772,59.97797876070789
45,66.9855730252655,59.995546968002245
45,66.99650467029797,59.981635946474654
45,66.98616229086335,59.98993657843164
45,66.98189564051101,59.97252495019565
45,66.98766187658575,59.993718541287556
45,66.97996223711345,59.975594155143426
45,66.98258135030956,59.983962266051186
45,66.9814908095072,59.97766449899058
45,66.97486457631157,59.97110265460856
45,66.98413594377757,59.98070387616676
45,66.97498556212321,59.970853667815966
45,66.98067031704551,59.978853057782885
45,66.97798792471377,59.99291705460423
45,66.98126569232221,59.99242025018482
45,66.99681640916413,59.99211863844057
45,66.97412479131624,59.99449267930737
45,66.99073851847933,59.982554200909526
45,66.98659499342158,59.99497202028384
45,66.97957743407527,59.980052757153665
45,66.97821730193918,59.99340790899857
45,66.99457436330647,59.975118284479336
45,66.99168712296157,59.9847634990108
45,66.99781900223252,59.979759971037716
45,66.9777676686778,59.980344309484856
45,66.98373534225057,59.98814507487852
45,66.98968807474263,59.98806610720332
45,66.9757040725239,59.97273945693657
45,66.97365389764721,59.97886363682322
45,66.99210249532912,59.98652731557433
45,66.98374058843513,59.97732243037745
45,66.98335456289297,59.967671724031895
45,66.98678242539204,59.974220079420526
45,66.99337602214119,59.99040292942568
45,66.99719902196064,59.97509110033115
45,66.9988315130319,59.98781384736556
45,66.99717463761063,59.984029093210886
45,66.98315020309231,59.97734791478572
45,66.9740233312963,59.9904351179078
45,66.99894506602051,59.97933579526757
45,66.98205246968557,59.98365849429301
45,66.99655611066068,59.97419953512567
45,66.9793018553921,59.98489717841664
45,66.97336072243174,59.98374810817074
45,66.97818693851593,59.98058890591979
45,66.9752395804089,59.98966948998925
45,66.98961910248185,59.99756499711631
45,66.97773963292153,59.98609606020338
45,66.98264852266576,59.97907845129947
45,66.98043926152522,59.97647347238464
45,66.99298702485203,59.978941011209834
45,66.99037775587935,59.97967881690541
45,66.97963608086232,59.98783221266297
45,66.97650556128788,59.99508274154551
45,66.97288765642564,59.98366966482535
45,66.98517113556211,59.99212861130741
45,66.976349499717,59.9806975879101
45,66.97880775766647,59.96806520434031
45,66.96945335910719,59.97771837412985
45,66.99689102092944,59.9774625591424
45,66.9838429590462,59.979537807587654
45,66.99829782143351,59.976306766165564
45,66.99509369802603,59.98668501285474
45,66.9951404403366,59.98564166291356
45,66.99249870858188,59.98557176543053
45,66.99412210811933,59.989866122565374
45,66.98451129073507,59.99224713229221
45,66.97190539042249,59.97962532901288
45,66.97108013239107,59.978532117774535
45,66.98571473622424,59.98860923945963
45,66.98260118161217,59.973429605770086
45,66.9879537132139,59.99738182507099
45,66.97011342201519,59.98094808337709
45,66.98684561817419,59.994380813847364
45,66.99057830039644,59.98074939948279
45,66.98032792546331,59.97157846586556
45,66.97182888971538,59.98717457804997
45,66.98513080152954,59.98420248439139
45,66.99784126518718,59.98634171486255
45,66.99606155925072,59.9758451325168
45,66.98801963319755,59.98456729086806
45,66.97758729484444,59.980793729693865
45,66.98329502528428,59.99607106283145
45,66.98450367044474,59.98132105280236
45,66.97625984302826,59.98360256509669
45,66.98201171744844,59.99139718909642
45,66.98379633987712,59.9862124635222
46,66.9928233985664,59.98856404060989
46,66.98238363743384,59.99024789037436
46,66.99743529769148,59.978252747111306
46,66.98335904078023,59.979602304372456
46,66.97371671516949,59.99222847889332
46,66.98113265183049,59.99370204379321
46,66.99760189246555,59.98778208955584
46,66.98493768921983,59.97629662997734
46,66.99527702729912,59.989524660536404
46,66.98854687646885,59.99031978648917
46,66.98017205491789,59.97326585094329
46,66.97200442352994,59.985374108942324
46,66.99056422814355,59.976837532127036
46,66.98457556735839,59.97665592004911
46,66.99408317958618,59.98504964130505
46,66.9860107837665,59.98040650024821
46,66.9931340199898,59.979404216314755
46,66.99970902416119,59.98408775317061
46,66.97334030043332,59.98790432999274
46,66.98791288750742,59.98078503046014
46,66.98517933542374,59.986497032569446
46,66.97290796351484,59.97610968654318
46,66.97996223711345,59.975594155143426
46,66.97216220634405,59.98564478119446
46,66.99521260926957,59.98736571834682
46,66.97818773187433,59.98245148999807
46,66.99579072705347,59.99289832808052
46,66.99914001582022,59.98290323002647
46,66.97927303710078,59.97376009881797
46,66.97820120861219,59.97475978508859
46,66.97625325022112,59.99532054920372
46,66.98456498725446,59.974741283906155
46,66.99240096431609,59.977649646885574
46,66.98671326984372,59.9857797614604
46,66.9931094811125,59.97794955903032
46,66.9878376476241,59.985723732272675
46,66.98114633753578,59.99163651810204
46,66.98438239662386,59.99634939981744
46,66.97840951092789,59.988867872629875
46,66.98400255010391,59.9766665527415
46,66.97485665094189,59.98919348082448
46,66.99807631847135,59.97948688834791
46,66.97583723492345,59.99220982816059
46,66.96890847819671,59.98113277688561
46,66.98275845521117,59.980965831107895
46,66.97628031537685,59.983079337704254
46,66.98856554612638,59.989941666371664
46,66.99346407567245,59.97163908500672
46,66.9783927029184,59.975625546429605
46,66.97673139439756,59.986844810610805
46,66.98757821531919,59.975388719328876
47,66.98813504787017,60.006468703150944
47,66.97819484823758,60.01098989855141
47,66.9952317891541,60.00767158902235
47,66.98583201705685,59.99385261778405
47,66.98547865225018,60.00513189999866
47,66.97504129092296,59.99843884765222
47,66.99085756494019,59.98555195887818
47,66.98000426683303,60.00010464324264
47,66.98446016818954,60.0114587155335
47,66.98816639119028,59.99939466046808
47,66.99053997533699,60.0087734266306
47,66.97525424371605,59.99524097265471
47,66.98074960211774,60.01163970446899
47,66.99404125465806,60.0092248574676
47,66.99462742103584,60.00878568425669
47,66.97868562043303,60.00450346405633
47,66.98885451148958,60.012379841945794
47,66.98290456217316,60.002560201971356
47,66.98205194105249,59.99234689137516
47,66.98376088424479,60.005035199078044
47,66.98062327290349,59.98881871946738
47,67.00267563727917,59.99583383100141
47,66.97970318568989,60.00994732104674
47,66.98885176810604,59.99300675510166
47,66.99948934779556,60.00336803109854
47,66.99893488324567,59.991890111799066
47,66.97864838865287,60.005995402691994
47,66.98837891689178,60.01527451797504
47,66.99356226069128,60.008007838741904
47,66.9952441411165,60.0081861729128
47,66.99160900420675,59.992059090043874
47,66.97375292505474,60.00604103676059
47,66.97766814691748,60.01099732131037
47,66.990741697818,59.9859916407098
47,66.9852327649579,60.00250555570104
47,66.97861621743436,60.00585807472619
47,66.99053739305603,60.010879433957214
47,66.97868562043303,60.00450346405633
47,66.99695249506001,60.00024725353167
47,66.9916786226698,59.987005748022895
47,67.00057065478182,60.00023794708148
47,67.00129403116898,60.003702282873554
47,66.98628583438249,60.00682869549892
47,66.99238918234792,59.998739814261455
47,66.98718860766976,60.010335291470604
47,66.99479018568779,59.99277535467684
47,67.00184227134709,60.00723004204526
47,66.99404125465806,60.0092248574676
47,66.99727597335836,59.988195437944334
47,66.97503597026991,59.99360978909801
47,66.99134166207034,60.003891507921615
47,66.97390814792956,59.99326988352375
47,66.9850461701851,60.01190436844751
47,66.99553782075469,59.99091940073375
47,66.97798792471377,59.99291705460423
47,66.97480899210633,60.00468420684169
47,66.97982464640715,60.00781858646119
47,66.97832940106902,60.0057540706266
47,66.99717696418185,60.00176977390282
47,66.98082266918556,60.0073255125579
47,67.00142316650985,59.99993702868388
47,66.98120871552153,59.99384591566384
47,66.99173563814725,60.0109534404854
47,66.99267598220814,59.9995816757044
47,67.00068211262621,60.00660843131625
47,66.98632555950165,59.9948883519991
47,66.98795518901558,59.99455755079228
47,66.99018431359184,59.996839799432784
47,66.99071836679789,59.993231109631914
47,66.97732048596377,59.999237298073545
47,66.9930584485243,60.00400170949866
47,66.9793311884663,59.99947092991762
47,66.97536563565072,59.99219726493828
47,66.98498263087164,59.98996880877095
47,66.99163007741099,60.01416067487131
47,67.00020600702274,60.001124020811076
47,66.97817834331062,59.99831818163813
47,66.99279188503759,59.99176547943036
47,66.98142320652742,59.989391461131376
47,66.98535532488069,59.998386317324425
47,66.98748213387891,60.015068765067994
47,66.98155586105828,60.00410602374461
47,66.98216693750852,59.99155109014195
47,66.98942691842149,59.9936074192903
47,66.99167521987813,59.99203860116673
47,66.98809838424236,60.00559797576569
47,66.98271293224522,59.994955963287374
47,67.0007687051679,59.99637090462393
47,66.9976453801806,59.99222043536262
47,66.97817834331062,59.99831818163813
47,66.98518071585791,59.999383960040504
47,67.00169456039124,60.00409375560001
47,67.00005245112946,59.991201873525895
47,66.98886021973061,60.01174004956297
47,66.99812715824825,59.9972550303797
47,66.97497447077208,60.00534416698729
47,66.98148879553641,60.009665276590226
47,66.9982495257172,59.99213325307565
47,66.9894356093452,60.008358222485796
47,66.97892177054445,59.99504310267992
47,67.00192635801295,60.00089369923252
47,66.97727666692283,60.010748413487306
47,66.98139379597924,60.0012524307156
47,67.00255179430263,60.00418190754667
47,66.97407120359199,59.998688802136584
48,66.99056422814355,59.976837532127036
48,66.98715815872582,59.996809271016296
48,66.97699379211127,59.98796296666951
48,66.98255204952197,59.9747327958286
48,66.9935354661081,59.993900290985096
48,66.9937819295915,59.98093589436142
48,66.98715815872582,59.996809271016296
48,66.9785238200207,59.98848040138918
48,66.97805621170758,59.98206796395124
48,66.98673376476552,59.9847486282275
48,66.97386246232146,59.98913513337993
48,66.99338190571726,59.982180560109626
48,66.99509793424663,59.98078606084903
48,66.98184149593455,59.998428693025076
48,66.98292645103376,59.985417369585825
48,66.98315020309231,59.97734791478572
48,66.98095451993991,59.983747732595354
48,66.97802822076362,59.99250759131582
48,66.98006793288467,59.9684302698183
48,66.9937881286451,59.980013672772685
48,66.99696214541574,59.98820519335447
48,66.97152601313276,59.97568850009641
48,66.97527262869941,59.99067051264791
48,66.99706622775057,59.981341666567296
48,66.98243717277671,59.977659016772286
48,66.97567037692164,59.993486393618696
48,66.99412008260309,59.992837383093445
48,66.97666820301374,59.973666104443105
48,66.9852287807612,59.99478608910582
48,66.99184909110863,59.99144769741706
48,66.97438613235616,59.990730489617974
48,66.98968588333898,59.99349670293077
48,66.99946393808253,59.98252443136143
48,66.9819226026681,59.98361131836421
48,66.97965162763957,59.98523976285886
48,66.97249636232891,59.985392075469015
48,66.99227966963893,59.98478303784749
48,66.98846978574882,59.98701504446463
48,66.9854282289709,59.984933399287144
48,66.98815340496647,59.988189384660835
48,66.97312884053689,59.988756187588294
48,66.9800476155905,59.992687425545206
48,66.9777062897494,59.9741817711157
48,66.9827737258861,59.98764656862231
48,66.9868055115516,59.98308896146364
48,66.98714534297432,59.980805546146996
48,66.9951716049842,59.99138138170078
48,66.97019031794892,59.98795344739269
48,66.99855688542374,59.988430917545585
48,66.98616229086335,59.98993657843164
48,66.99131303052496,59.98016279886128
48,66.9723526859509,59.990616310460396
48,66.98859101317318,59.96792087684886
48,66.99743529769148,59.978252747111306
48,66.99131182678286,59.97091759360195
48,66.98250422069533,59.991207728169236
48,66.97069607025443,59.990116737012535
48,66.97755964899952,59.99283447826844
48,66.97672732130663,59.98100475718388
48,66.98340457703323,59.97086853478524
48,66.99396048364126,59.98332847798185
48,66.97370364355743,59.98139891695569
48,66.97541356365623,59.995081927902476
48,66.98654263683827,59.98410650553982
48,66.9743539938652,59.995451999052555
48,66.98197753622016,59.990876789268924
48,66.98279377838149,59.99398439072547
48,66.98416133894888,59.9987331818684
48,66.99142572701757,59.976402570345705
48,66.97347237433475,59.984401037537054
48,66.97904568734245,59.9887153491239
48,66.98781646393248,59.98604629628486
48,66.97780565245387,59.975564616549526
48,66.99076993010668,59.973442391376764
48,66.99452562561738,59.99466059803318
48,66.97834789084895,59.99682022421831
48,66.99579072705347,59.99289832808052
48,66.98607918023885,59.97619800121176
48,66.98691911926015,59.98758749301263
48,66.98633181338927,59.97742277860606
48,66.98891534673314,59.97018067698728
48,66.9948010712785,59.97345329054125
48,66.98880434715835,59.97539155596135
48,66.99264315797191,59.994697323527085
48,66.97857485276367,59.98358488999933
48,66.97145016865848,59.99119424122344
48,66.98364984992784,59.97468826978979
48,66.9788270725655,59.97222492682636
48,66.98205246968557,59.98365849429301
48,66.97393023709692,59.99080906060694
48,66.99309945278341,59.99097018088873
48,66.98254255977093,59.982207172512695
48,66.98032377922806,59.98705006925772
48,66.98854129176851,59.9918146270751
48,66.97609354804209,59.978619837174946
48,66.98367232062743,59.993939905928364
48,66.98637967936114,59.97928428804242
48,66.9780082081942,59.97929693037245
48,66.99160505882851,59.970265057988705
48,66.98339932788461,59.99376350496373
48,66.9790464232063,59.97775052282387
48,66.99167521987813,59.99203860116673
48,66.978541741535,59.970633194622366
48,66.98924717405635,59.994287213700645
49,66.97909416518321,59.997385506438455
49,66.9946908665301,59.98536432093736
49,66.97212549082961,59.974319882059135
49,66.98432797165172,59.996130953484304
49,66.97543551497186,59.98740294460583
49,66.97876807007175,59.98730571232202
49,66.98153847029624,59.99743147022765
49,66.98943002461753,59.97901270086337
49,66.97112596032987,59.9873860582001
49,66.99585374082174,59.97667973447701
49,66.98866433977072,59.99081186709312
49,66.9754201947498,59.98839607899259
49,66.97230549181273,59.975462838115874
49,66.98616470903269,59.9942537690405
49,66.9914218325254,59.98053174022525
49,66.97526893722768,59.97642576209116
49,66.97689605034631,59.98004267532065
49,66.98275195267989,59.987102073704584
49,66.98404633436874,59.985889884930465
49,66.98975539851163,59.982934983655184
49,66.97028141449792,59.983910244223694
49,66.99004357424049,59.9791978561244
49,66.98742067527442,59.97167841648142
49,66.97240171167465,59.98712269144698
49,66.9966163743814,59.98033421466243
49,66.97824129754127,59.988837592871604
49,66.99788361553095,59.98063566419275
49,66.97566098539025,59.98479068418069
49,66.98425502079972,59.97109556821943
49,66.98129968455413,59.980823479344956
49,66.99010932224402,59.99120130312572
49,66.96981363165462,59.98200513883599
49,66.9763530950443,59.97599105361993
49,66.98790857912647,59.9860887475089
49,66.97595310390382,59.995045665134796
49,66.9791846531754,59.991161870538555
49,66.98917547581084,59.98991961534351
49,66.97117963491282,59.974078086661834
49,66.99179926229527,59.97596058953618
49,66.98791288750742,59.98078503046014
49,66.99318414161021,59.974477765364306
49,66.976033994992,59.98325140315821
49,66.98078804794875,59.98450950520755
49,66.98439104495124,59.99190062245188
49,66.98182895224653,59.983724500232555
49,66.97696342332391,59.984589750047135
49,66.98992122124507,59.99448139963672
49,66.99061447790402,59.99551894959581
49,66.98167436270757,59.98775806568649
49,66.97383115414527,59.98882633068269
49,66.98669933188849,59.99438965531333
49,66.9753747923743,59.97107866954676
49,66.97307745738074,59.972584278082586
49,66.99852739966406,59.98255762345076
49,66.98994998050628,59.96979364501631
49,66.96917894692437,59.98453784631668
49,66.97745155740388,59.99724447268004
49,66.97356981940233,59.99477960473786
49,66.99670102317769,59.97812696965587
49,66.98983865548995,59.98410977321978
49,66.97679272747321,59.9754352631931
49,66.98386296531007,59.98893356710535
49,66.98699215955014,59.99105427337253
49,66.97968724663367,59.99573372801612
49,66.97347868401053,59.989985368347924
49,66.97325324027318,59.97388357959302
50,66.9979924002533,60.004532087645366
50,66.98581100343108,59.99754186820654
50,66.99594118187056,60.01120821190665
50,66.97833280425371,59.995722438351194
50,66.97701107452502,59.99776330592989
50,66.98930322706333,59.99439485091135
50,66.98983379544771,60.014356476338946
50,66.99578330789947,60.01100762398315
50,66.98993174014657,60.01295589831388
50,66.99820764255495,60.01122714970901
50,67.00252003541551,60.00266698564703
50,66.99011073206515,59.99291851489629
50,66.99572113139972,60.01203315678857
50,66.99058116559831,60.01192802529693
50,66.98698689387561,60.01250668309373
50,66.98424686458725,59.99587572962043
50,66.97305478860088,60.00192577598458
50,66.98152400295267,59.998222400760774
50,66.98566959675766,60.01182884631096
50,66.99799877401216,60.008499272037945
50,66.99448119589648,59.98987341560039
50,66.99063427798079,60.00111172192864
50,67.0009048855972,60.00495056539978
50,66.97575746323416,60.00397442003195
50,66.99739586631729,59.98955294860365
50,66.9780604862744,59.98829260491051
50,66.98240308647824,60.00482931625887
50,66.98305909687392,59.99144317839021
50,67.00022015276826,60.00815714933749
50,66.98906460664567,59.99870121706846
50,66.9941911637757,60.005664520135376
50,66.98159424396525,60.0100825484907
50,66.9814825556314,59.99568683172443
50,66.99510118001263,59.98950965520211
50,67.00112595581113,60.00203691937438
50,66.97899214073821,59.997978630272755
50,66.99720542811222,59.99673045628694
50,66.98427180364806,60.00204241868539
50,66.99001014525852,59.9946604413315
50,67.00122094801877,60.005591192326655
50,66.99090541189497,60.01529666418013
50,66.97602833362528,59.99099427408374
50,66.98619694239969,60.008996505859194
50,66.98732392248806,59.99694341642188
50,66.99462490996868,60.01231833728235
50,66.994272927091,59.989097004746924
50,66.97723472737245,60.0031954168518
50,66.99474403776523,59.98846989420253
50,66.99375796423944,59.99842446705835
50,66.98271678009928,60.00304456008321
50,66.97757838677055,59.99736358086381
50,66.97690585835464,59.9900748616949
50,66.98781646393248,59.98604629628486
50,66.99703382264444,59.98907294583587
50,66.98588772694539,59.98656767513146
50,66.98063786233591,59.99334586636232
50,67.0009039412799,60.00082216480221
50,67.0004572953136,59.99073075169154
50,66.98880072453483,60.00511934213929
50,66.9877062390854,60.01305350845881
50,66.98435722835424,59.994975794859094
50,66.99452562561738,59.99466059803318
50,66.98370452255014,59.985037458000676
50,66.99501987827352,59.99614620374869
50,66.98141385703808,59.999139507835416
50,66.98495887073949,59.997327946451165
50,66.9787706719647,60.00545075940213
50,66.99148344128461,60.0040722716496
50,66.99854550256856,60.00381427498413
50,66.97641907766335,59.990229773319335
50,66.9749958238166,60.00633415224656
50,66.98433883638435,60.01377023374416
50,66.99688720919502,60.00443699558938
50,66.9837741386993,60.007739584354255
50,66.9968724822147,60.00777424444213
50,66.97915027899847,60.00414629716968
50,67.00205333619404,60.00241194629099
50,66.99149543020266,59.99696865605608
50,67.00204099916199,60.00434665460668
50,66.98524206473496,59.9890708740833
50,66.99874236392048,59.99716997250413
50,66.98079420609996,59.9947705648532
50,66.98717504432292,59.99416973484653
50,66.97957585672243,59.995547925693735
50,66.98421100325851,59.993340469322966
51,66.98413594377757,59.98070387616676
51,66.9738694560464,59.972023816480274
51,66.97736024993277,59.98340564986739
51,66.9925449033911,59.99465268204827
51,66.98690588812816,59.97834649820989
51,66.97885709215697,59.99428447757699
51,66.98404633436874,59.985889884930465
51,66.98297580827646,59.98910208641831
51,66.98375416940075,59.97325526448856
51,66.99611223893766,59.97455453404439
51,66.98093149876948,59.994386364400725
51,66.98869901854457,59.978395425963704
51,66.9736104929329,59.97656386509004
51,66.98540018424355,59.98279024251391
51,66.97821730193918,59.99340790899857
51,66.97519648206234,59.97005242591137
51,66.98649249061728,59.970552168559
51,66.99153269452533,59.9884956733513
51,66.98167203816067,59.96944641724165
51,66.98753786747864,59.98407648307712
51,66.97216539746692,59.985757737164576
51,66.9897347134189,59.98968245840593
51,66.97959333692765,59.978460738033675
51,66.98299439412189,59.98884474122025
51,66.97782141054121,59.986463503461415
51,66.98580500037868,59.98140859187329
51,66.97473257243453,59.995449464799755
51,66.98673376476552,59.9847486282275
51,66.97994787588044,59.98774686468435
51,66.98114093631091,59.99081335892377
51,66.97916645741792,59.98836778483995
51,66.9941995547216,59.984779203466545
51,66.99160505882851,59.970265057988705
51,66.99339533261977,59.99382240883169
51,66.97433792416393,59.99359537262962
51,66.99632091117199,59.98867328904909
51,66.97377925001648,59.977389482433956
51,66.99429327353077,59.97542388360496
51,66.98715815872582,59.996809271016296
51,66.98906839578204,59.97879985220325
51,66.97519648206234,59.97005242591137
51,66.98891119279425,59.99751972210758
51,66.98600537363053,59.96816935277758
51,66.97908991052074,59.995454687799416
51,66.97875111244207,59.97647173850944
51,66.97836919443148,59.98180487621492
51,66.97141606610012,59.98478416214757
51,66.98768309268395,59.992078011749676
51,66.97208956841456,59.97582916681642
51,66.98910618933468,59.97573779845765
51,66.97439788216147,59.98918974383841
51,66.98981160101472,59.98784673139675
51,66.986484157807,59.984383710360106
51,66.97901300517336,59.983392395493
51,66.98637967936114,59.97928428804242
51,66.98378456440615,59.973360973295925
51,66.98667880562655,59.99727307360694
51,66.97513912547909,59.98222813092178
51,66.99532337981131,59.98445730445237
51,66.98066963002117,59.97540115378597
51,66.97116774250331,59.97849588266474
51,66.98107735551153,59.984709268847304
51,66.9824975466297,59.98100646529252
51,66.99303920305263,59.97770171374727
51,66.9886780356393,59.984949506323346
51,66.98866433977072,59.99081186709312
51,66.9865847271438,59.977534214119665
51,66.97548575265921,59.98850021276007
51,66.98946383399469,59.991639876929874
51,66.99205299000465,59.98114500301167
51,66.99852739966406,59.98255762345076
52,67.00503685855269,59.99587608544276
52,66.99499791508559,60.000488785752125
52,67.00588593490733,59.99557001892926
52,67.01020342512318,59.98920096778268
52,67.00142316650985,59.99993702868388
52,66.9986910937793,59.98292015319194
52,67.01310780320377,59.98342664161268
52,66.99098318393834,59.98862698641473
52,66.99792698160793,59.99341686048063
52,67.01062982603902,60.00161475391532
52,67.00483663500695,59.98840371623839
52,67.01566799888626,59.99206940582226
52,67.01622758093583,59.98880735956251
52,66.99691757496889,59.98576118425444
52,67.01296078586215,59.993649608657165
52,66.99248837095148,59.99331308782599
52,66.99794455044446,60.00265031628595
52,66.99891941058613,59.99418926914405
52,67.0003147861724,60.004655482492716
52,67.0176746537184,59.986932689389434
52,67.00660500068442,60.0056716019443
52,67.01117124806255,59.99665116854744
52,66.99576787454366,59.99460797082983
52,67.00601544967277,59.98706303970937
52,67.01131906815928,59.993420508753296
52,66.99633254720301,60.00297294423943
52,67.0035722965419,60.00424565756548
52,67.00157115513119,59.98721207095141
52,67.00939354931798,59.98298588788064
52,67.01767390526543,59.991209198448594
52,67.01178732704413,59.977877082147984
52,67.00526561766807,59.99943867009187
52,67.01192299810403,59.98677295385126
52,67.01646967759753,59.99626118828217
52,67.01421445409473,59.9951677652689
52,67.01898170626413,59.99213227789019
52,67.00993290974884,59.978931174701664
52,66.99541894267588,60.00107312248319
52,67.01498288215585,59.98319923035574
52,67.00672788320011,59.9861478974757
52,67.01240842599456,59.98822492045856
52,66.99899563366338,60.00075271857924
52,67.01214313550516,59.99632673864067
52,66.9956052338399,59.98153544080194
52,67.01464426538696,59.994966625120036
52,66.99519492482615,59.983857122865025
52,67.0068982791811,59.997280128624766
52,66.99976066002644,59.992540093681185
52,67.01316777458685,59.98867320744563
52,67.00658061436083,59.984576380255646
52,67.00660539121868,59.99832107821027
52,67.01167946438088,59.98929605459318
52,66.9954903618715,59.99304719830001
52,66.99830574551117,59.98030255361376
52,67.00856501575343,59.995284199238746
52,66.99712747166683,59.981852173593175
52,66.99518377983496,60.00037238118555
52,67.0105957649714,59.99054399293209
52,67.00585573303928,59.980501060546814
52,67.00531379477974,59.99930280188029
52,66.99625392232569,60.00541291083984
52,66.9934972304924,60.00041779643968
52,66.99812715824825,59.9972550303797
52,66.99470293504952,59.997721676534596
52,66.99866722484097,59.990968941388125
52,67.01424366164196,60.00077028093557
52,67.01529821559922,59.99195304010876
52,67.00967103408182,59.98499533167185
52,67.01779524735694,59.99576332129395
52,67.00013055227804,59.98228135451895
52,67.01004045782112,59.98177781705149
52,67.01854097910422,59.996929250985545
52,67.00324582026307,59.98714477812725
52,66.99045439042159,59.986429433913074
52,67.00954583952011,59.976854149812894
52,67.00306454383583,59.99735332873256
52,67.01335564344757,60.00193858297064
52,66.99396532192107,59.99796174916257
52,67.00687073728668,60.00023823835845
52,66.99105348595978,59.99158415517275
52,67.00452137437404,59.99114574628775
52,67.00318894766949,60.00581926614735
52,67.01142601478992,59.99399271025049
52,67.0107805201803,59.97862794384211
52,67.00462051732895,59.98703194045369
52,67.01419211008226,59.994824656594396
52,67.01653917166418,59.98954469827021
52,67.01645605187355,59.9993077099187
52,66.9950354689904,59.99177740952758
52,67.00544959400952,59.98907972558633
52,67.00123472842257,59.99511114717103
52,67.01132011011292,59.9958215074602
52,66.99017116377603,59.98926340547558
52,67.01597386000634,59.984224355920304
52,66.99414799827218,59.98319211301643
52,66.99118802472086,59.99252462918757
52,67.0114847200402,60.00374954219849
52,67.00648653820994,59.98847716656606
52,67.01360134106865,59.9881912489552
52,66.99669173476964,59.99638093058578
52,66.99964374479019,59.99380500837429
52,67.00662489261688,59.98123923167592
52,67.00535336255835,59.977941849335195
52,67.00117058069613,59.99475036391784
52,67.00074558356643,60.00406692630011
52,67.01449980275932,59.9853827864007
52,67.01346831945928,60.00251605393367
52,66.99895444511144,59.98021592192221
52,67.01091588478351,59.99351458825095
52,67.013166563042,59.9926644587903
52,66.9956714426578,59.983164478899056
52,67.0042894765308,59.990644981357306
52,66.99610988189424,60.00047747149373
52,67.01616601695763,59.989317436176066
52,67.01392227004072,59.98810842043328
52,67.00441749234942,59.991073669896025
52,66.99640584278072,59.98713315296805
52,66.99946393808253,59.98252443136143
52,67.01941843024579,59.9940354191265
52,67.00264660670047,59.993805399421866
53,66.99893488324567,59.991890111799066
53,66.99576787454366,59.99460797082983
53,67.00974110290717,60.00055591368409
53,67.00929811726785,60.005239345608786
53,66.99815792048972,59.9932279089178
53,67.00949580882065,59.98437220207688
53,67.00882588529795,59.98160453815403
53,67.01659679904232,59.99451587823114
53,67.00137621385878,59.98880709169463
53,66.9934814699162,59.99719292409299
53,67.0134072106676,59.99540930885623
53,66.9971355873256,59.98903622893274
53,67.00695525312088,59.97622753998481
53,66.9981442936673,59.99139540301538
53,67.00653789307479,60.004344989991
53,66.99007923331611,59.99625693164002
53,67.00787804810255,59.97712640453715
53,67.00334521828758,60.00465500899118
53,67.00569942710955,59.99596477555265
53,66.99778041858387,59.98680244713581
53,67.01575847039094,59.984650542430636
53,67.00490012209748,60.00507057102893
53,67.00488414877584,59.979293376960484
53,66.99221358725251,59.981935773461935
53,67.00238021687306,59.99250552728633
53,67.0189165219155,59.99213286957796
53,67.01011791208349,59.977565088249705
53,67.0111163375659,60.00261849758589
53,67.01010689641839,59.9919647149992
53,67.00129870341148,59.98937527881933
53,67.00452302437269,59.98300921552118
53,67.00565451633801,59.991281456527304
53,67.01785107866324,59.98942337744382
53,67.00787062779665,59.98986186193148
53,67.00324582026307,59.98714477812725
53,66.99612591251831,59.98571500123168
53,67.01925415366293,59.993696326097144
53,67.0111039593994,59.98069834069395
53,67.00501153870613,59.99679437542812
53,66.99841316439351,59.99695340449456
53,67.0124709648935,59.999916900025276
53,67.01552944432143,59.99798593889988
53,67.019036953089,59.99382439218172
53,67.00204248838736,59.9795506879623
53,67.01335564344757,60.00193858297064
53,66.99731172919384,59.99932739860415
53,67.00437847800424,59.97863538898985
53,66.99801527411856,59.98897273080305
53,67.0090762622153,59.98490016763814
53,67.0084675411711,59.99964105400817
53,66.99418949169245,59.994372125572475
53,67.00267459316048,59.979768706232306
53,66.9896330543818,59.98973663313646
53,67.01421445409473,59.9951677652689
53,66.99491334769446,59.99111131236054
53,67.00435724466476,59.99048456447291
53,66.98966338533485,59.988816564158924
53,67.0032271809897,59.9887588959959
53,67.00476681773435,60.007243042601914
53,66.99541471796203,59.982892046407486
53,67.01818056744898,59.99888115295027
53,67.0172654455995,59.99444720114389
53,67.00625770700239,59.99899524892165
53,66.98930944550469,59.99007965216511
53,67.01597579284093,59.99317249771779
53,67.01167946438088,59.98929605459318
53,66.99714852847907,60.00112231252637
53,67.01459280598608,59.99404092541374
53,67.01830887548121,59.9970157070398
53,67.0151229658544,59.98381362318114
53,67.01044880864167,59.98733458146687
53,66.99754447861719,59.99760485356713
53,67.00933397356273,59.98898955736253
53,67.00581413023748,59.983963241636715
53,67.00083551689389,60.00324686788607
53,66.99296164888653,59.98926847394794
53,67.01117124806255,59.99665116854744
53,66.99761429669834,59.99333606247248
53,67.00997832673818,59.9918782142997
54,66.99934160663025,59.99717229897898
54,66.9829939593338,60.00175258220378
54,66.97482234026053,60.008139072341706
54,66.98728213925247,60.00909642911365
54,66.98630153084797,59.98939842388744
54,66.9986514124495,59.99596532718645
54,66.99646472893397,59.988159840053235
54,67.00080785986059,60.008348583871054
54,66.98090974604993,60.009796384967785
54,66.99769179679082,60.00442520290469
54,66.98293595934233,60.01144045776981
54,66.9781353786862,60.00084336954101
54,66.99100074818787,59.99932340156683
54,66.99534797528885,59.99373843872865
54,66.9963463318389,59.99164879679509
54,66.98418871749388,59.98482610481271
54,66.98467619610963,59.98955834969639
54,66.98778131478643,59.99405250704817
54,66.99139502311755,60.002409687520526
54,66.98920354862796,59.99838148851773
54,66.98968869879332,59.997279411033176
54,66.99473482054792,59.987660501500706
54,66.98312180514775,60.01316708563788
54,66.97613440939739,59.99033136814873
54,67.00074558356643,60.00406692630011
54,66.97755400415329,60.00890747259791
54,67.0015972041869,59.99538502111196
54,66.99928906901027,59.99972030727768
54,66.97468732399554,59.99834169014864
54,66.99554274839946,59.98839555423432
54,66.97983961816588,59.99463308939777
54,66.9894356093452,60.008358222485796
54,66.97978494859551,60.00559460247171
54,66.9922581629209,59.99822638597394
54,66.97791624155609,60.00675390043592
54,66.98823796081352,60.01184373789743
54,66.99116049436408,59.99386632387496
54,66.98433883638435,60.01377023374416
54,66.98205194105249,59.99234689137516
54,66.98217307510829,59.992627242446694
54,66.99030424690784,60.007789432688945
54,66.98795518901558,59.99455755079228
54,66.97473257243453,59.995449464799755
54,66.98250422069533,59.991207728169236
54,66.99692752268237,59.98803868118064
54,66.99585496635692,59.99985158540588
54,66.97547272438673,60.00498111202539
54,66.98445968008247,60.01126698537027
54,66.97528882031082,60.00108029394927
54,66.98666172327496,59.99285653744026
54,66.98646198545613,60.008459013051876
54,66.99319968699452,60.00931322504719
54,66.98215074736441,60.00536667281462
54,67.00303489027729,60.00339166636976
54,66.98418710560058,60.000967096107615
54,66.98063786233591,59.99334586636232
54,66.99469699205447,59.98619091369197
54,66.979287385623,60.00178438412287
54,66.98137802840479,59.99866915332215
54,66.98615621343076,59.99163768727643
54,66.97412479131624,59.99449267930737
54,66.99509705312225,60.0065862837292
54,66.97982464640715,60.00781858646119
54,66.97917905817184,60.00603502666509
54,66.98122619986303,59.99189225643033
54,66.98739839327048,60.00490392447398
54,66.98057749632481,60.00449742786486
54,66.98475030175145,60.006336647314164
54,66.99694212329828,59.99815802371994
54,66.9838266368064,60.01410081092072
54,66.98329665831275,59.98841657341892
54,66.98329872249914,59.996157834693605
54,66.97844269135798,60.01071675127038
54,66.98355342768161,59.99458182716309
54,66.97313999995679,59.99735756175233
54,66.99215401323904,60.007553189493414
54,66.9854282289709,59.984933399287144
54,66.98914235600775,59.98993497609926
54,67.00029632749062,59.999476145210544
54,66.98396808439317,60.00234247223824
54,66.99473482054792,59.987660501500706
54,66.97384236101102,60.00221552976412
54,66.97793176508955,60.00325651514774
54,66.98276480979789,59.999867418490346
54,66.97932810020504,59.99867441580955
54,66.98740976224742,60.01319388301793
54,66.98691253329872,59.98465119072605
54,66.99462742103584,60.00878568425669
54,66.98795312995439,60.000647326408675
54,66.98228462007062,59.99671746235923
54,67.00157846213784,60.0011483051684
54,66.99412416789055,60.00119634487166
54,66.99309076745554,59.99579983084833
54,66.97315912003337,59.994505047327536
54,66.97498607442049,59.99546273515942
54,66.99844592165422,60.002554426795726
54,66.97756612976909,60.00374213863639
54,66.99992063752966,59.99332273175962
54,66.98590312568105,60.00318033347153
54,66.9815242744524,60.01183882987615
54,66.97744032319564,59.99093660976524
54,66.98594366102235,60.01448508301556
54,66.9799889677684,60.00670174864017
54,66.98908436133442,60.004780034157065
54,66.9791846531754,59.991161870538555
54,66.99445569050108,59.99690702253463
54,66.97717431684276,59.99100785971966
54,67.00056188821688,59.993791844376254
56,66.98341550329832,59.997121353312345
56,66.9837266670584,59.98181205412434
56,66.98924316921,59.991587162025716
56,66.9900069523865,59.98185542108231
56,66.98678046675322,59.9754891270701
56,66.98573018221433,59.99243667142688
56,66.98287929714118,59.98191051646032
56,66.99788196958829,59.98955532652619
56,66.99779760583579,59.97943882985676
56,66.98912437164687,59.98101692543875
56,66.98478007466113,59.97501876784959
56,66.97236550259396,59.97555685349965
56,66.99059805652652,59.97733066989233
56,66.97659335533281,59.98612913302123
56,66.9706628378302,59.98313730624562
56,66.9824667821195,59.991276806314744
56,66.97925990118952,59.99579429930842
56,66.97088893605793,59.983388680428504
56,66.99781900223252,59.979759971037716
56,66.97672281844108,59.990094402613025
56,66.98670707810254,59.97339812598552
56,66.9805616198352,59.98327411310283
56,66.9776178340399,59.970473814020366
56,66.97069607025443,59.990116737012535
56,66.9695989834464,59.9853169027515
56,66.97948331264409,59.979957994345554
56,66.9889459999504,59.99387034166941
56,66.97511304718968,59.98326983664387
56,66.97744035942785,59.96934793830645
56,66.98106343042396,59.994089764271436
56,66.97381093349696,59.97842340948172
56,66.97504647674985,59.98026851560836
56,66.97274054376726,59.988227029795446
56,66.98696783977502,59.99665892291558
56,66.97772755223932,59.990577418343456
56,66.99109405614422,59.96975432103907
56,66.98001132689207,59.97851783066209
56,66.98220564342755,59.99068716840941
56,66.97461208103998,59.9855476576291
56,66.98325874827067,59.96788321790249
56,66.98598401501604,59.96750406308796
56,66.97481311670633,59.98169303332718
56,66.99830574551117,59.98030255361376
56,66.99519511350766,59.99275118536059
56,66.98801241617925,59.990499152040925
56,66.9772475320826,59.99571365067548
56,66.987230860802,59.97506054978197
56,66.97770398021324,59.98771586968779
56,66.98126569232221,59.99242025018482
56,66.98867004881276,59.98636669820475
56,66.98757232573722,59.97603398351082
56,66.98853988859732,59.97885854537285
56,66.98237085889673,59.97035431406627
56,66.98233425403309,59.983105453502965
56,66.9692622691579,59.97753229794597
56,66.97314301901156,59.972083801723926
56,66.98373534225057,59.98814507487852
56,66.99068548693035,59.97302940324555
56,66.99018679914673,59.970806470694505
56,66.980579042777,59.985735520733016
56,66.98129968455413,59.980823479344956
56,66.97714333898541,59.97270579925861
56,66.98403895484192,59.99673202368714
56,66.9763472210993,59.98785433907077
56,66.99600770969796,59.97296574670102
56,66.98619560204143,59.98001722734695
56,66.97141869973026,59.97942973070915
56,66.9877664047644,59.98990280525947
56,66.98173713515645,59.97526581401905
56,66.98602089583194,59.98595517851805
57,66.9743539938652,59.995451999052555
57,66.98449203011353,59.997941469623406
57,66.99055542342965,60.00986660465426
57,66.98606782781447,59.9990699176772
57,66.98032377922806,59.98705006925772
57,66.97643680688248,59.99503355640752
57,66.97840017349638,60.008186659143895
57,66.98736561153156,60.00316054517253
57,66.99793370619703,60.00885897326555
57,66.97841582362993,59.98842083752125
57,66.99662246848574,59.99026708662693
57,66.99731172919384,59.99932739860415
57,66.99751203805295,60.00705867481514
57,66.97886115361128,60.004478416400964
57,67.0007687051679,59.99637090462393
57,66.9945918577444,60.01203211161697
57,66.98972315049627,60.00232568778188
57,66.99453031121388,60.00319125033121
57,66.99502812028541,60.011743103074046
57,66.97924651827937,60.0109039723186
57,66.99412416789055,60.00119634487166
57,66.9885367700543,59.98562952021029
57,66.99764481500623,60.00482070686593
57,66.98696783977502,59.99665892291558
57,66.99703810907624,59.98958959355037
57,66.97839439324692,60.008967541465495
57,66.99044564212642,60.00844805957052
57,66.98673136132241,60.00993960990556
57,66.98155586105828,60.00410602374461
57,66.98188643022517,60.00817479476091
57,66.98567864528265,60.00737516750344
57,66.98209889404738,60.00206810967425
57,66.98731495713234,60.00063058281566
57,66.99194091868151,59.98848263482714
57,66.97419968100061,59.99562811259516
57,66.99891941058613,59.99418926914405
57,66.98645405921928,60.01437369118892
57,66.98416133894888,59.9987331818684
57,66.98936335667572,60.00900039547878
57,66.98260267303029,60.01208782151644
57,66.98097108145917,60.00542561290643
57,66.99660743660978,59.99386394829244
57,67.00035371340591,59.99083134405688
57,66.99017719664106,59.987525423430206
57,66.9840021458787,60.01084971597214
57,66.98781396714642,59.99722610221521
57,66.99713786358856,60.01168637020405
57,66.99125440416991,59.999682834836015
57,66.97947051398873,59.99991151839974
57,66.98330614702313,60.0012118855824
57,66.99174892679709,59.9906041345507
57,66.98797894622435,60.003138614727845
57,66.9875247674917,59.99761294767433
57,66.99976066002644,59.992540093681185
57,66.99697748729815,60.0041720646599
57,66.99864734492562,59.98989412095195
57,66.98331395382723,60.014307971685945
57,67.00024996490275,60.00113565480183
57,66.97412479131624,59.99449267930737
57,66.99803948221484,59.99875888881232
57,66.97634722394012,60.01031958542798
57,66.99743574885368,59.98997172593356
57,66.97790065898198,59.998454726085164
57,66.98665492849939,59.99237817187556
57,66.97762777769319,60.01029285650812
57,66.98826224795712,59.99398513194401
57,66.99128061670231,59.99235199342881
57,66.99533246641904,60.00404977798379
57,66.98651590263154,59.99063802299733
57,66.97975414048678,59.987425244784944
57,66.9770655247299,60.00146512419815
57,66.98681311577182,59.98825264520909
57,66.98961910248185,59.99756499711631
57,66.98626794396884,59.988358240118835
57,66.99122188640244,60.00988963510738
57,67.00123419117436,60.000466262489276
57,66.98720619669018,60.012018229447335
57,66.98377686222616,59.999061271380185
57,66.99609677192512,60.01128395701456
57,66.98456490122874,59.988062673669795
57,67.00202069216114,59.99942617814024
57,66.99586286161508,59.99924018121769
57,66.98370600343114,59.986667999260845
57,66.99178807421333,60.00161019742653
57,66.97303460508041,59.996215688252796
57,66.98358181480904,60.0151619017968
57,66.98784890276295,59.98894906366799
57,66.97606023957593,60.008775707797874
57,66.98745850168639,59.985793670831754
57,66.99407336227276,60.00458777972818
57,66.98233280698197,60.00039056156306
57,66.99696214541574,59.98820519335447
57,66.98666172327496,59.99285653744026
57,66.97945253353372,60.011662364033725
57,66.98656901997701,59.991248083154126
57,66.98936335667572,60.00900039547878
57,66.99142084536315,59.996087751337576
57,66.98113265183049,59.99370204379321
57,66.97604418498214,59.99866822551361
57,66.99748448535941,60.00310586437713
57,66.99407516583496,59.99262524080349
57,66.98723299607047,59.998065406213655
57,66.99004015546201,60.004204782609314
57,66.98456905376621,59.989690369166574
59,66.98025408455833,59.992996132448255
59,66.98011969134264,60.011141529018005
59,66.97509396285142,59.99973288571855
59,66.97705740982076,59.99067488927066
59,66.98305909687392,59.99144317839021
59,66.98090153989968,60.00471547056972
59,66.98342997076267,60.014335093100534
59,66.9851944367658,59.990647377463134
59,66.99539597944381,60.00863239842321
59,66.98883678360266,59.99187403550788
59,66.99253374336931,59.990281495793155
59,66.99208326103347,60.00921432408894
59,66.98518071585791,59.999383960040504
59,66.98778131478643,59.99405250704817
59,66.99974811622384,60.006039002431194
59,66.99673371347913,59.991760010608694
59,66.98932693809218,60.00380973900212
59,66.99230413180865,59.99093618935182
59,66.99043741858753,60.00033026521091
59,66.97552141654074,60.00165243197283
59,66.97938736584405,60.00277460901887
59,66.98222926474071,59.992172618228444
59,66.98854129176851,59.9918146270751
59,66.98570327381806,60.0031914384716
59,66.98037474878514,60.00555985346925
59,66.97848050393407,59.9880140816876
59,66.9908648814424,59.98698266707248
59,66.98616478437863,59.99785441423555
59,66.99442956648139,60.00571764461652
59,66.99513948957886,60.00003159160419
59,66.98811706582963,59.994074771189595
59,66.98886021973061,60.01174004956297
59,66.9928454194777,60.00098067070676
59,66.98252936615168,59.98936665552501
59,66.98861598858416,59.98985237748016
59,66.98644627544208,59.98524176326356
59,66.97797770214909,60.00240793409932
59,66.9978261910148,60.00142876512235
59,66.99034194096053,60.0105377753521
59,66.97501522186066,60.00606353637443
59,66.9993487021364,59.99956745002672
59,66.97867940552425,59.99158835826487
59,66.98042950478555,59.98839397747164
59,66.98418120619745,59.98929143084876
59,66.98588772694539,59.98656767513146
59,66.98033741427957,60.00116474247866
59,66.98153182310797,60.007582675462515
59,66.97291767786659,60.00402165543925
59,66.97878465956731,60.007839359426924
59,66.99113871186582,59.9875122972785
59,66.9814983897172,60.000028101083814
59,66.99344497637622,60.00022710361549
59,66.99979780146639,60.004296502467746
59,66.98538853415893,59.992639927365865
59,66.97524482297825,59.99605837513424
59,66.98606782781447,59.9990699176772
59,66.97917905817184,60.00603502666509
59,66.99938581260577,59.99076366374081
59,66.98384691585186,59.99725600171319
59,66.99181191476218,59.98507064804903
59,66.99374215217875,59.9926508054826
59,66.97331527562278,59.99511880134645
59,66.99111640421098,60.01502278509561
59,66.98379858238297,60.007060419513316
59,66.98676517604163,59.99980154375722
59,66.97798792471377,59.99291705460423
59,66.99140192810977,59.995793333957245
59,66.98801963319755,59.98456729086806
59,66.99997416383894,60.0071759269255
59,66.98616470903269,59.9942537690405
59,66.9884402287465,60.011692178699
59,67.0009648146825,60.00599605115859
59,66.98682230444652,60.01453202725615
59,66.9911378357714,59.9957295003687
59,66.99433498344193,59.99919182196435
59,66.97701376991525,59.99845314614665
59,66.99939507015382,60.00609290136304
59,66.9772231474175,59.9897764868316
59,66.98753717133796,60.00189438667668
59,66.98422030638669,60.0111892524553
59,66.98810321054748,59.985135695124114
59,66.98892221717625,60.00516450485947
59,66.9859815420442,60.00859567193194
59,66.97674456187373,60.00166584168256
59,66.98409645107449,59.99015196400921
59,66.98524574173484,59.987485487800235
59,66.97701376991525,59.99845314614665
59,66.98450784353791,60.010371099385694
59,66.98226016821688,59.99344623093578
59,66.99252404079498,60.00983492372224
59,66.99419065238587,60.00610279419405
59,66.98039968923794,60.000754161339366
59,66.9830057410332,59.98864739033511
59,66.99712808918702,60.00979188803102
59,66.9804490428084,59.99841504616254
59,67.00202069216114,59.99942617814024
59,66.97671359460115,60.006308072132114
59,67.0018470002348,59.99420510392159
59,67.00154844591889,60.00347077318669
59,66.97917913735726,59.99122154841319
59,66.98312799087908,59.992318723965994
59,66.97718589947947,60.008987143226896
59,66.98676517604163,59.99980154375722
59,66.9920043019286,59.99505029941022
59,66.98980040107912,60.00326112111238
59,66.98209889404738,60.00206810967425
59,66.99765746707016,60.00282073849996
59,66.99120200352853,60.00884245584442
59,66.99468209768814,59.995855063366946
62,67.0033279169729,60.00364957495224
62,67.01101479401862,59.98199366443989
62,67.00316675072038,59.978008413875024
62,67.00090611684587,59.98238370279618
62,66.99055669570679,59.99382667855604
62,67.00212436548044,60.0065592471814
62,67.01011242925978,60.00097215418961
62,66.99369264025053,60.00275714678906
62,66.99242096207706,59.98945716476284
62,67.00233089534184,59.998971112273345
62,67.00421213964978,59.98862155001699
62,67.00955094935428,59.98969266503307
62,67.00454054832268,59.987996776916624
62,67.01101225033497,59.99567129217266
62,66.99473482054792,59.987660501500706
62,67.00223387011054,59.984691918484394
62,67.00947266261298,60.00521570627176
62,67.01551674322603,59.989169955522854
62,67.00408511804068,59.98525258498659
62,67.0047133237539,59.99477728384342
62,67.01329088176688,59.990310173185705
62,67.01153664030049,59.987880011970134
62,67.01423417426685,59.98689851087607
62,66.99357432973024,59.99846569210801
62,67.00347763109129,60.003413209514
62,67.01203563120997,59.998340055793896
62,66.98880749490863,59.9903688243771
62,67.00529749453158,59.98242088262495
62,67.01551674322603,59.989169955522854
62,66.99964374479019,59.99380500837429
62,67.00093477796122,59.986832451798975
62,67.01049173702222,60.00255567929785
62,67.01359193561508,59.99830066316697
62,66.99882234360005,59.982330115337916
62,66.99833663994383,59.989139027871715
62,66.99519511350766,59.99275118536059
62,66.99232862392242,60.00012022125432
62,66.9986624726684,60.00545586569837
62,66.99150438771825,59.99156098833272
62,66.9922034749593,59.98839795439153
62,67.00385099547802,59.9988362030923
62,67.0130633744046,60.00446411663293
62,67.00385099547802,59.9988362030923
62,67.00026931505832,59.993312007406765
62,66.99931544717043,59.99932372488352
62,66.99774117725177,59.978449166709225
62,67.00385099547802,59.9988362030923
62,67.00867733142807,59.97672517429606
62,66.99869064300286,60.0026774346385
62,67.00854712340038,59.993990149589784
62,67.0111925242363,59.9902119282974
62,66.99996842985087,59.98031002874902
62,67.00948690336882,59.98659407185202
62,67.01579672578966,59.98506605417801
62,67.01048777284825,59.97975325591395
62,67.00870099382847,59.99482422530532
62,66.99976940713516,59.981576582964784
62,66.9951404403366,59.98564166291356
62,67.01833977970922,59.98502854426297
62,66.99436231488673,59.98012355111273
62,67.00254442794595,59.99498248487449
62,67.00288096732092,59.98996624965898
62,66.99849667676696,60.00161003999654
62,67.00495199352405,59.97962626121377
62,67.0065105459874,59.99959716787585
62,67.00627820703671,59.98092807366887
62,66.99554932128149,59.98157680686747
62,67.01625952274703,59.99755797382795
62,66.99745818676571,60.00200471833956
62,66.99953362714459,59.986946413730536
62,67.00468880187194,60.003904438436415
62,67.01197372121875,60.00435974552684
62,67.01185720350259,59.998112998742826
62,66.99017719664106,59.987525423430206
62,66.99699753481855,60.00354829657345
62,67.01120086322682,59.97741396809076
62,67.01171864028824,59.98307247088779
62,67.01552997285424,59.98496209294155
62,67.00093682635304,59.978779755013214
62,67.00058695481256,59.986686536037254
62,66.99919179132678,59.98215601828593
62,67.00617952306246,59.98050373715618
62,67.00324610667461,59.98021611461197
62,67.0059800509605,59.988874785458215
62,66.99432825406335,59.990594845072046
62,67.00275276324254,59.987731960685664
62,66.99167521987813,59.99203860116673
62,67.0119122600334,59.97784563076028
62,67.01206240080349,59.98667566548194
62,66.99786433017434,59.99655172506137
62,67.00117455240203,59.98508218834986
62,66.99381863059509,59.981999423598886
62,67.00053229267048,59.98259460391077
62,67.01548786929332,59.9945008603897
62,67.00042342113423,59.9862834944313
62,67.00879019331175,59.98667115812508
62,67.00239148726315,59.99383102587923
62,67.01023274064319,60.00191251843212
63,66.98302735010607,59.997058669748576
63,66.99230308822791,59.974507382382434
63,66.97765249220845,59.98810966739786
63,66.98535945047793,59.98608699956766
63,66.98643578907728,59.98407552066819
63,66.98381713634903,59.99555709413204
63,66.97898418402895,59.972189568205884
63,66.98114651502675,59.989974776552046
63,66.98713480063408,59.98740915107357
63,66.97735960354541,59.97797947892373
63,66.9928233985664,59.98856404060989
63,66.98310717702886,59.98509094005354
63,66.98105496986926,59.990197597378334
63,66.9962643524703,59.97394044283867
63,66.97291595221122,59.97351547900382
63,66.98994998050628,59.96979364501631
63,66.97108013239107,59.978532117774535
63,66.97386820096706,59.97709988853662
63,66.9812920345324,59.98052819052257
63,66.98702710417322,59.97818317948989
63,66.9975159864275,59.986207959295406
63,66.97054179652515,59.98093217886877
63,66.97351334448177,59.978938314502926
63,66.97801653587007,59.985025156341614
63,66.97744032319564,59.99093660976524
63,66.97541356365623,59.995081927902476
63,66.98989680075651,59.991886604768666
63,66.9810410941432,59.98477305686378
63,66.97045462513383,59.98657872636515
63,66.98614438217388,59.97448944034238
63,66.99091208070217,59.971079157055236
63,66.97723575570392,59.97028163551012
63,66.98911222721361,59.99295892016562
63,66.98238363743384,59.99024789037436
63,66.9866811026035,59.983167122827496
63,66.99076993010668,59.973442391376764
63,66.97625471313226,59.977079476927024
63,66.97424733528355,59.983886106497444
63,66.9959412930379,59.97514023081039
63,66.98093073326251,59.97491618071073
63,66.98360905063001,59.99848171024914
63,66.98670707810254,59.97339812598552
63,66.97371327385903,59.99110292481623
63,66.98014554892299,59.97700549455025
63,66.97038930656147,59.97814391796518
63,66.98737533821753,59.97858736381317
63,66.98653343978485,59.9975838960406
63,66.9848202433071,59.98547929592819
63,66.97279678016103,59.98925970099146
63,66.99196634924341,59.98635902558702
63,66.97291595221122,59.97351547900382
63,66.97519648206234,59.97005242591137
63,66.98129968455413,59.980823479344956
63,66.98340639129852,59.97593355704915
63,66.99296164888653,59.98926847394794
63,66.98856316547851,59.99524394200186
63,66.98475041173691,59.979103761470235
63,66.98507345361874,59.971748382810055
63,66.97983961816588,59.99463308939777
63,66.98570034754135,59.97877659437505
63,66.98108849937724,59.98739521498069
63,66.98879487820639,59.9747430855175
63,66.9695989834464,59.9853169027515
63,66.99842995451428,59.97919738251774
63,66.97569431786752,59.98353862671417
63,66.96904519363241,59.98671048592587
63,66.98244436799864,59.9947458577216
63,66.98386624797786,59.984892346370884
63,66.99225427693106,59.974158917753826
63,66.97216220634405,59.98564478119446
63,66.9758088422817,59.973698910870766
63,66.98910444281802,59.99240499305372
63,66.97672732130663,59.98100475718388
63,66.97542311178677,59.97157216732515
63,66.98870327060867,59.98152102845801
63,66.9977868219958,59.97958802471125
63,66.97567037692164,59.993486393618696
63,66.98889235703284,59.98092863825504
63,66.99225978553402,59.98105034819757
63,66.99742103683067,59.98005023893467
63,66.98843746565487,59.97326862328512
63,66.96969954574834,59.979267428008185
63,66.98948049155197,59.97734768508284
63,66.97426177566754,59.97826769484354
63,66.97909295178458,59.97648032366143
63,66.98072028567586,59.98388103497294
63,66.97898111122856,59.97861666578445
63,66.9808762983953,59.97931308033842
64,66.98610678544381,59.993150480025854
64,66.98063191190359,59.98181594848654
64,66.9924240094019,59.971007685467804
64,66.9952740601943,59.97439284229678
64,66.96847014329332,59.98495153131032
64,66.9913843654564,59.975756934954724
64,66.98044874761091,59.98868389290591
64,66.99702059164271,59.978369777437734
64,66.987570009054,59.978006812056286
64,66.9770787329875,59.97814278048842
64,66.97524972056864,59.985311926468384
64,66.9831861280805,59.98554338396948
64,66.97987876043979,59.97979954081825
64,66.9871949321742,59.98853356302798
64,66.98311751891956,59.977542947865345
64,66.98858525727495,59.969945660181416
64,66.97609354804209,59.978619837174946
64,66.97316330458455,59.973466045288376
64,66.98072028567586,59.98388103497294
64,66.97931463353586,59.97174013523398
64,66.98258197030466,59.971024298772
64,66.98879126485379,59.9935101632645
64,66.98795518901558,59.99455755079228
64,66.97780699608565,59.98974738603295
64,66.98715926390145,59.97658461026791
64,66.99104022459836,59.98012296041678
64,66.97516565218838,59.97219895129808
64,66.9950354689904,59.99177740952758
64,66.97233729106179,59.9868417768908
64,66.97545296889837,59.995505977693654
64,66.97879007253864,59.98627999059837
64,66.98687452048165,59.97878258335867
64,66.99865940954855,59.97928939612285
64,66.9786132081248,59.99037822274213
64,66.97039699227419,59.982944080261035
64,66.98481183829024,59.98313050812001
64,66.9819139946996,59.99138983942695
64,66.97473688089056,59.9952023359031
64,66.98077163177169,59.97884531125345
64,66.98630153084797,59.98939842388744
64,66.9905170594921,59.9696396688093
64,66.981514218359,59.97706446703414
64,66.99836407949196,59.98122803478858
64,66.98793579115764,59.98192713569271
64,66.98103432332384,59.99309837271192
64,66.97857633997278,59.98961205739107
64,66.97057206716322,59.98520882441602
64,66.99059805652652,59.97733066989233
64,66.97672732130663,59.98100475718388
64,66.98112720765198,59.96911663509991
64,66.99089581786347,59.97136279303086
64,66.97769156889545,59.99140036837544
64,66.97293436654505,59.972157225269044
64,66.97788151653226,59.989903385391074
64,66.99697639883917,59.97468021272321
64,66.98187670999457,59.98542437057676
65,66.98781396714642,59.99722610221521
65,66.99788196958829,59.98955532652619
65,66.97853737411134,59.9992209337971
65,66.98832272158492,60.010942314304835
65,66.98738232916311,59.986681111278656
65,66.97455380724404,60.003887789295504
65,66.98521870498806,60.008349513070634
65,66.98885829260686,60.000170043280626
65,66.97398156986641,60.00716199344676
65,66.98237594462175,60.00388656854362
65,66.9998897419905,59.99248880848436
65,66.98528701959322,60.00703080178627
65,66.98358181480904,60.0151619017968
65,66.99455692165826,59.99246388247066
65,66.99529299872212,60.00886444525193
65,66.97554358527249,59.998871715652555
65,66.98891847996205,60.00967097802957
65,66.9993487021364,59.99956745002672
65,66.98035181925006,60.01271471685534
65,67.0015972041869,59.99538502111196
65,66.99307055844261,59.98594958736221
65,67.0029519427213,60.002937845431056
65,66.99721128558645,59.995429511039205
65,66.98148879553641,60.009665276590226
65,66.98598086770274,59.994189885532066
65,66.99060664058136,59.98514682027488
65,66.98423529304029,60.010262883726945
65,66.98238716832577,60.00483491519745
65,66.97638660585326,59.99151213201342
65,66.97512039321421,60.000799381879176
65,66.98327915033481,60.004607290116674
65,66.98240546515798,59.999009104045626
65,66.99943791161358,59.996901362960564
65,66.97989354870678,59.99076806070639
65,66.98628682702987,60.00529460896197
65,66.99319968699452,60.00931322504719
65,66.99950933691835,59.99862785101246
65,67.00281740742068,60.00225908750511
65,66.97778354127131,59.989047268276586
65,66.99567289874611,60.003970864899685
65,66.98914235600775,59.98993497609926
65,66.98422691116188,59.987320066979564
65,66.99997416383894,60.0071759269255
65,66.98460889460625,59.99032307096207
65,66.976160895809,59.99978560544489
65,66.98648189785179,59.99066449550195
65,66.98518071585791,59.999383960040504
65,66.99377628316499,59.988455966881574
65,66.99214200755108,60.002978118096934
65,66.9977412042733,59.99510290150343
65,66.9874866814121,59.9984841645622
65,66.9903696658053,59.99322534495779
65,66.98999615121318,59.993242985929946
65,66.98570327381806,60.0031914384716
65,66.99506968648089,59.98750485065295
65,66.9787706719647,60.00545075940213
65,66.9897579224136,60.000839089368434
65,66.99794101686618,59.98845351513953
65,67.00184227134709,60.00723004204526
65,66.99714852847907,60.00112231252637
65,66.99279645779683,59.99596622923879
65,66.99384682472201,59.98854527919266
65,66.9951013674141,59.98837420160215
65,66.98009145191831,60.01236886986258
65,66.97281151193135,60.00256731761186
65,66.99771036860945,60.003681963053495
65,66.97805443307819,59.99741424358358
65,66.9903696658053,59.99322534495779
65,66.99463085326897,60.01024534993753
65,66.98034206092059,60.004694839575876
65,66.97947411350547,59.98901468845127
65,66.9954224281,60.000450375800426
65,66.97790662450731,59.992947041533256
65,66.97536659181112,59.9925032707365
65,66.98936335667572,60.00900039547878
65,66.98566959675766,60.01182884631096
65,66.984154402318,59.99543673667524
65,66.98733127800945,59.991185031314025
65,66.99570307416539,60.00127214377873
65,66.98731495713234,60.00063058281566
65,66.97741134368593,60.006905142142024
65,66.9859842604995,59.98969226203634
65,66.98733127800945,59.991185031314025
65,66.99415798216802,59.994261308742374
65,66.98492972438929,60.00556715589406
65,66.97843210735286,60.0119245607513
65,66.97761492891898,60.00078301083914
65,67.00202069216114,59.99942617814024
65,66.9934129051221,60.002059519201744
65,67.00123472842257,59.99511114717103
65,66.9937995371065,60.00087869322377
65,66.9884410685414,60.012192663832316
65,66.98158391945586,60.00316269394146
65,66.99473482054792,59.987660501500706
65,66.98653713799553,60.00798135403828
65,66.98683212585112,60.01221247462691
65,66.97541951250047,59.99475559798887
65,66.97331527562278,59.99511880134645
65,66.9798576332435,60.00187076353184
65,66.9876954060643,60.009859619609294
65,66.97756113580978,60.00954889014911
65,66.99932129114082,60.00998989435839
65,66.982092676347,59.99936423434339
65,66.9978768143054,59.98919211017338
66,66.99285809282581,59.97735492267066
66,66.98482524209902,59.96973555111372
66,66.9894886881867,59.96934995419393
66,66.98983461097068,59.97854160344004
66,66.97996223711345,59.975594155143426
66,66.98328150129268,59.972033055186586
66,66.97255380183071,59.991638206201166
66,66.98937122448913,59.993968757132
66,66.97252610051468,59.991961912890254
66,66.9740078273963,59.98637444798036
66,66.99010932224402,59.99120130312572
66,66.9900069523865,59.98185542108231
66,66.9767865544034,59.97933310752567
66,66.98150378192092,59.976695441096915
66,66.97781126369851,59.978656092617825
66,66.99771374782205,59.981415522811005
66,66.98791288750742,59.98078503046014
66,66.97689746034362,59.984674283954526
66,66.96950415558207,59.977459754671756
66,66.96939358897451,59.97852200682936
66,66.99616415923543,59.979432033650355
66,66.98113265183049,59.99370204379321
66,66.99398081882147,59.98807218025624
66,66.97927302809835,59.99590608400957
66,66.979909344278,59.98632227824888
66,66.97844429349527,59.977984193500255
66,66.97842242974038,59.97301056510322
66,66.9867400887683,59.98335775304567
66,66.98201171744844,59.99139718909642
66,66.9768794810384,59.99301678173188
66,66.97871368810142,59.98529474783442
66,66.98120871552153,59.99384591566384
66,66.97707261022481,59.97815055859495
66,66.98606364659751,59.96959469592863
66,66.99017809428875,59.970270837077656
66,66.9826940164514,59.984961070086285
66,66.97476249767483,59.97344075203732
66,66.98437326246192,59.99860598268367
66,66.986243717861,59.99528409712841
66,66.97011256389894,59.98401613768685
66,66.98076888556487,59.9792344704106
66,66.97416599833325,59.977692468582646
66,66.99879083101101,59.97759804130838
66,66.9817467889433,59.99466022415818
66,66.97869895318848,59.992924790547534
66,66.97015041308688,59.980624707058354
66,66.96883435737834,59.98206513407638
66,66.99914001582022,59.98290323002647
66,66.97173817508727,59.97974891221993
66,66.9692622691579,59.97753229794597
66,66.99279036408578,59.99331781738564
66,66.97776730770315,59.97318983881156
66,66.99039883041823,59.97376001884817
66,66.97918633076453,59.98691247866849
66,66.98140265154859,59.99730495865251
66,66.98078169773922,59.97904491948235
66,66.98910618933468,59.97573779845765
66,66.99703382264444,59.98907294583587
66,66.97735960354541,59.97797947892373
66,66.98357880464702,59.98759269373894
66,66.99378163766636,59.97498593608401
66,66.98526879239952,59.96783373227763
66,66.9783740750183,59.99110335464181
66,66.98950898040952,59.995472855989995
66,66.97924986281603,59.99021388790169
66,66.99565980715093,59.990061241416534
66,66.99128721032667,59.97632078404882
67,66.97949139694126,59.979901343901794
67,66.98667136848921,59.969805201274795
67,66.99008429148539,59.97339428339831
67,66.97730419643847,59.98324821529728
67,66.98049026060558,59.977831633644115
67,66.9778765384694,59.98095225792656
67,66.96914884977599,59.979327502663
67,66.99704208219174,59.986274932017686
67,66.99168712296157,59.9847634990108
67,66.98673501689089,59.97814837409558
67,66.97570491959979,59.98920252490621
67,66.97668017098552,59.98315804766287
67,66.9855557612173,59.97661402444429
67,66.9975389750732,59.9786889790688
67,66.9824259306575,59.97262006780408
67,66.98610649829375,59.98550950172947
67,66.99007307285261,59.980710483103586
67,66.9838215219947,59.96880022564534
67,66.98968807474263,59.98806610720332
67,66.97176742346464,59.98280303367345
67,66.97438362801894,59.983056150752745
67,66.9979850378528,59.97793989418307
67,66.98666172327496,59.99285653744026
67,66.98287929714118,59.98191051646032
67,66.97402687360851,59.98892940006987
67,66.9714898829249,59.97719425902308
67,66.97112596032987,59.9873860582001
67,66.97700922795009,59.983219374563284
67,66.97735960354541,59.97797947892373
67,66.97626997407977,59.976379361175155
67,66.97652339622407,59.97130497166642
67,66.97963608086232,59.98783221266297
67,66.97441938368156,59.979389994756694
67,66.99314256344708,59.97654612024762
67,66.9857439435897,59.986796775643086
67,66.98123828503496,59.98058254690271
67,66.9778765384694,59.98095225792656
67,66.9757374671407,59.984663184641626
67,66.99314435519598,59.982001165264776
67,66.97129251316733,59.979045605906
67,66.98153155263772,59.9803251310957
67,66.97110181492216,59.98519729173434
67,66.98022786850382,59.99018547725953
67,66.98056346576992,59.99643884346328
67,66.98509875803944,59.982582619758645
67,66.99002721749667,59.9694004840049
67,66.97291323043376,59.97277103966704
67,66.99486242970019,59.981121195583675
67,66.97798792471377,59.99291705460423
67,66.99311227212142,59.98209756209841
67,66.9978768143054,59.98919211017338
67,66.99497198718724,59.982025194176714
67,66.98841016128524,59.99007269924037
67,66.99415798216802,59.994261308742374
67,66.99068548693035,59.97302940324555
67,66.98853778347129,59.9735038305164
67,66.9844287657722,59.96818191541414
67,66.98869901854457,59.978395425963704
67,66.97921204920641,59.97143003822
67,66.97914242200272,59.997313505861754
67,66.9907706016646,59.97009465064183
67,66.98708354069619,59.994319229831284
67,66.99043058979011,59.98370020529752
67,66.99370000411066,59.98033332997863
67,66.98362369110949,59.98616442189048
67,66.9878376476241,59.985723732272675
67,66.9747946491103,59.98822476864364
67,66.98667880562655,59.99727307360694
67,66.98177656096425,59.97667451388832
67,66.97652004822395,59.969444218935415
67,66.99690774660573,59.985082019588994
67,66.98317830876132,59.99393320481628
67,66.98142320652742,59.989391461131376
67,66.98757854910525,59.98579075622972
67,66.98123095403925,59.99792765682504
67,66.98751853847591,59.97336870447213
67,66.9889459999504,59.99387034166941
67,66.99068454500717,59.99401290656779
67,66.99806559261914,59.98306848769047
67,66.98057854663985,59.96837611287767
67,66.98498263087164,59.98996880877095
67,66.97541120669503,59.97234788727927
67,66.99612591251831,59.98571500123168
67,66.9931094811125,59.97794955903032
67,66.9832260452433,59.97990461774926
67,66.98720246619175,59.98074620930315
67,66.98114633753578,59.99163651810204
67,66.97829558647547,59.99215912303852
68,67.01751403176712,59.983461313988684
68,67.00238532988895,59.97644132824357
68,66.98914235600775,59.98993497609926
68,66.995061065558,59.99306301034632
68,67.00966096296152,60.006004820114214
68,67.01527242913113,59.98015237271516
68,66.99368827398474,59.992703262691634
68,66.99420264189588,59.999552820159245
68,66.99196634924341,59.98635902558702
68,67.01794615473739,59.98868141583218
68,67.00508957699066,59.9811731678586
68,66.99889651281414,59.994104881333
68,66.9981448657754,59.98107714856563
68,67.00369491611951,60.006254672024326
68,66.99165583280303,59.98559070915599
68,67.00888619331357,59.99023795790276
68,67.01204041686313,59.99475718441517
68,67.00525254833603,59.983488310354176
68,67.01316777458685,59.98867320744563
68,67.0140267918515,59.9918071524469
68,67.01701763201166,59.984179170340695
68,66.99873097639366,59.9840419509866
68,67.00534578803908,60.00536630748674
68,66.99844191651665,59.99965403688376
68,67.01961388800474,59.98954931546403
68,67.00530302620841,60.00594612219829
68,67.01677694833961,59.988299762971394
68,67.01459280598608,59.99404092541374
68,66.99322821087924,59.983474663763076
68,67.01038417467285,59.996034840799844
68,67.01500492811341,59.996284078981354
68,66.99803948221484,59.99875888881232
68,67.00035298657714,59.987045340595365
68,66.9934972304924,60.00041779643968
68,67.01674419978812,59.99770422226408
68,66.994272927091,59.989097004746924
68,66.99810162498365,59.994486856829845
68,66.99714776073132,60.001717765690564
68,67.00994429467318,60.003428532783595
68,67.00645483600566,59.98307815345077
68,66.99762159244393,60.0022576680758
68,67.00768214609953,60.002999733788045
68,67.01270649729999,59.98627758454624
68,67.0070482161864,59.98302609680668
68,66.99094210318542,59.99100697229648
68,67.01810888276748,59.98758348376213
68,66.99644378627025,59.983521388887766
68,67.00940438077897,59.999642762136865
68,67.00482410361118,60.00163669766734
68,67.00364926870226,59.98725288695276
68,66.99385888803093,59.98963486021751
68,67.0018470002348,59.99420510392159
68,66.99389936792488,59.99380392487421
68,66.99968334410879,59.99181402798127
68,66.99910485108896,59.97843291080728
68,67.01873347902168,59.99227708381479
68,67.00474482864496,59.995298196597595
68,66.9987866857118,59.99309689371198
68,66.99420264189588,59.999552820159245
68,66.99032887545457,59.99258534601494
68,67.00644519074469,59.99069046462991
68,67.00734778705468,59.98244553194659
68,67.00090611684587,59.98238370279618
68,67.00554538629582,59.9958693110388
68,67.00544008043651,59.993780762087816
68,66.99835275974846,59.987619877427534
68,66.99481372974685,60.00289252098973
68,66.99700483068833,59.98160589057705
68,67.01101610183082,59.99538411654225
68,67.01102266849978,59.99374427159635
68,67.01223839540974,59.982759186693386
68,67.00166466810323,59.99430517928712
68,67.00912175930094,59.98279801753395
69,66.9722823194133,59.97557654056978
69,66.99378163766636,59.97498593608401
69,66.98216693750852,59.99155109014195
69,66.98720020047675,59.9719139247251
69,66.99724758784532,59.97504706538067
69,66.98805414068111,59.9682849737951
69,66.98493314043435,59.99477512290174
69,66.98181328620166,59.97446094549608
69,66.97885709215697,59.99428447757699
69,66.98742067527442,59.97167841648142
69,66.98340857565765,59.97878175303877
69,66.97606163138515,59.97700607730452
69,66.97400489533463,59.97584357508043
69,66.98042950478555,59.98839397747164
69,66.99378429356271,59.98416191708372
69,66.98438239662386,59.99634939981744
69,66.98057157051812,59.99510103689144
69,66.98485686566426,59.99609916028859
69,66.9866762507127,59.98083279154154
69,66.98279377838149,59.99398439072547
69,66.97433792416393,59.99359537262962
69,66.97342515226892,59.982152100426
69,66.98728275811654,59.9814607088893
69,66.9825249664415,59.98811056839095
69,66.97625984302826,59.98360256509669
69,66.9842598514473,59.98740945990933
69,66.98228139162221,59.980081556243526
69,66.99472074816345,59.971782619213975
69,66.97963830675653,59.9851753369919
69,66.98461540031313,59.97253982308931
69,66.9801107539909,59.97989116849163
69,66.99474403776523,59.98846989420253
69,66.96924127656585,59.980117785336525
69,66.99115172698929,59.98934221610447
69,66.97088893605793,59.983388680428504
69,66.9858867732162,59.9912087833326
69,66.99711944032964,59.982464238602404
69,66.9946404323661,59.993075285307015
69,66.98728585199466,59.971223725622764
69,66.97842214764133,59.97325918847182
69,66.98451129073507,59.99224713229221
69,66.9859608352552,59.97894627413078
69,66.9738953634267,59.98733251621784
69,66.99702059164271,59.978369777437734
69,66.98290146421982,59.98345004355028
69,66.99143298915644,59.97113391013736
69,66.9772747194419,59.98386329917289
71,67.0098008322207,60.000070597931796
71,67.00531379477974,59.99930280188029
71,67.00435956190277,59.98967256426397
71,67.00724573808242,60.00080710347717
71,66.98950898040952,59.995472855989995
71,67.00058695481256,59.986686536037254
71,66.99522624686826,59.98054330648516
71,67.01191597091275,59.99282219475948
71,66.99167521987813,59.99203860116673
71,66.99102152826059,59.98669569973187
71,67.0138657744722,59.992963567457394
71,66.99762159244393,60.0022576680758
71,66.9978630704823,60.00439195088417
71,67.0114747746658,59.99523915758175
71,66.99061447790402,59.99551894959581
71,67.01351232319394,59.9905152857521
71,67.01219522959684,59.9827012682514
71,67.00041685537985,59.982460591552865
71,67.00603880082278,60.00119109438078
71,67.00589699653112,59.999165890559404
71,66.99953362714459,59.986946413730536
71,67.02012202525057,59.988863633898426
71,67.01549671617207,59.99220430605091
71,67.00540328394794,59.99473525747122
71,66.99389936792488,59.99380392487421
71,67.01254780879859,59.998116281736266
71,67.0087228735682,59.99060756614519
71,67.00437490051338,59.98394774697697
71,67.01197372121875,60.00435974552684
71,67.00944805826079,59.994085138574455
71,67.0082850396588,60.00276326701591
71,67.01019181899842,59.99249283650497
71,66.99703238107041,59.99752898760208
71,67.0062628222205,59.9810474093761
71,67.00060352551208,59.99050094153658
71,67.00416756317047,59.99803858813103
71,66.99623906286874,60.002447144385556
71,67.01596656923907,59.99624366920165
71,67.0135500711513,60.00012162692189
71,67.00234435646802,59.99954457781994
71,67.00371005958023,59.98220476896966
71,67.00726674706905,60.005619122753814
71,67.00887104601247,59.98617042431529
71,67.01181990936236,60.00440631599088
71,67.01464426538696,59.994966625120036
71,67.0080089009006,59.978726122866966
71,67.01397668588005,60.00231855893498
71,66.99778041858387,59.98680244713581
71,66.99010932224402,59.99120130312572
71,67.00122490464913,60.006031472506244
71,67.0019504065426,59.982973484708424
71,67.01743100629068,59.99661792054315
71,67.01017513050908,59.978249729083416
71,67.00802740723911,59.9907240150632
71,67.01017787271208,60.00642673128453
71,67.00804871085465,60.00409337634933
71,67.00877999313559,59.980210676817016
71,66.99333478284251,59.98914299178834
71,67.01249331668235,59.98118213208521
71,67.00508419531106,60.00684567395135
71,66.9981376513151,59.9775048336569
71,67.00501153870613,59.99679437542812
71,67.00679220259573,59.99029283065252
71,66.9951013674141,59.98837420160215
71,67.00416277184661,59.99458667007006
71,66.99541958478393,60.003546229912025
71,66.99922064947606,59.98054878316555
71,66.99102580146074,59.98884764802628
71,66.9981448657754,59.98107714856563
71,66.99309945278341,59.99097018088873
71,67.0082699241307,59.989235541675214
71,66.99533804317767,59.98307772672102
71,67.00694389597959,59.990342912719825
71,66.99810848151303,59.990460133838596
71,66.98898342348252,59.99194794798037
71,66.99974811622384,60.006039002431194
71,67.00659632504161,59.9996638050765
71,67.0098035190791,59.99960506750741
71,67.00470132067919,60.00664709688816
71,67.0007614762733,60.00698248479679
71,66.99780211223847,60.00418992680543
71,67.01049173702222,60.00255567929785
71,67.00993964666704,60.00129862413157
71,67.01847192568658,59.986505324676514
71,67.00030789666185,59.99650916403058
71,67.01539881742534,59.99659878873893
71,67.01215655569497,60.00403299273211
71,66.99499791508559,60.000488785752125
71,67.01257008642145,59.983433997303436
71,67.01548786929332,59.9945008603897
71,66.99553782075469,59.99091940073375
71,67.0093681145412,59.97967759273465
71,66.99605467232317,59.979862895056044
71,67.00009053645392,59.97748933085289
71,67.01224723521693,59.99215059018341
71,67.00601824751216,59.99647761706773
71,67.01454753403723,59.98021249133618
71,67.00873676201014,59.99382409133541
71,66.99461832944199,59.992305038510445
71,67.00508178097539,59.999712743223064
71,67.01305170999589,59.99150287215969
71,67.01104217225408,59.97779048471137
71,67.01219522959684,59.9827012682514
71,67.00534041529191,59.98728609086967
71,66.99781470303157,59.988779883361744
72,66.99615257033008,60.001025827082394
72,66.9980267488845,59.99132165521003
72,67.00884662083439,59.99981338431496
72,67.01299840968817,59.990168465575536
72,66.98867654058404,59.992022998099756
72,67.0060474028973,59.98292922056523
72,67.01212946936377,60.00214230493487
72,67.0028956544568,60.00550875213768
72,66.99965204796302,59.98537299252544
72,67.01473512961377,59.99456072015379
72,66.99844959424296,60.00136776422662
72,66.99965052464286,59.990005593793896
72,67.01677131384348,59.990793302786564
72,67.01371845644742,59.99937019478038
72,67.01089022184304,59.99148973273099
72,67.00455317744654,60.00109828101716
72,67.00311964771076,60.00216072142754
72,67.01683022962688,59.993764917387196
72,67.00895632913833,60.00066847362218
72,66.9969165262932,59.97917003281426
72,66.99898645122904,59.978795059738424
72,67.01680806928397,59.992116163058206
72,67.01120724648614,59.98517547771492
72,67.00403787613577,59.98012722116189
72,67.00514783660907,60.006260206347235
72,67.01735390087985,60.000010671162
72,66.99632091117199,59.98867328904909
72,67.01208937091734,59.99506078354383
72,67.00204062170839,60.00145333931744
72,67.01682938177109,59.9875578652667
72,67.00876983529675,59.99419306029997
72,67.00655470225593,59.996779894213496
72,67.0032271809897,59.9887588959959
72,66.99497198718724,59.982025194176714
72,66.98885176810604,59.99300675510166
72,67.00919443469738,60.00229820528734
72,66.99788361553095,59.98063566419275
72,67.00081399591066,59.99999638690834
72,66.99210249532912,59.98652731557433
72,67.00529749453158,59.98242088262495
72,67.00604979337676,59.98690229026407
72,66.99547727861243,59.993759490334185
72,67.01593552039516,59.997968747524865
72,66.99929791012315,59.98557141556919
72,67.0114391996594,59.98921777660897
72,66.99671596776966,59.987953153637775
72,66.99354049729911,59.99396238973972
72,67.01516169895781,59.990753015781316
72,67.00997540651964,59.991484916682055
72,67.00696775765661,60.00245964632891
72,67.00728234680942,59.980893438420246
72,67.00481073960958,60.005588743022905
72,66.99416628790286,59.99376805597158
72,67.01316515213944,60.005197272637574
72,67.00288096732092,59.98996624965898
72,67.01195666887381,59.979666410507626
72,66.99032887545457,59.99258534601494
72,67.01272904632974,59.99358722950595
72,67.00303489027729,60.00339166636976
72,67.01642056528544,60.00152395197196
72,67.01402180841109,59.98100168196948
72,67.0066499835341,59.97997208709154
72,66.99789981625699,59.999457140478164
72,67.0056721735393,60.00096684139662
72,67.0155325285568,60.00091408387904
72,67.00767704477849,59.981074475117076
72,67.0151872888769,59.98066375281339
72,67.0030397978137,59.979905221416885
72,67.00512373915659,59.99140960411576
72,67.0014079295934,60.003998653013696
72,67.00156663842883,59.9828487656419
72,67.00819315822729,59.990715671136144
72,67.01270982820093,59.98265130479798
72,67.00540101026208,59.997593731463816
72,66.99622834830174,59.98906128178542
72,67.00280588937143,59.9866911747479
72,67.00341081952192,59.982728986931406
72,67.00554538629582,59.9958693110388
72,67.01840171155389,59.997489857140216
72,66.99851516743644,60.002257289960255
72,67.00407110232238,60.00353553493428
72,67.01443243846359,59.99671463826522
72,66.9962870225623,60.002680322079605
72,67.01354912017668,59.99423434105992
72,67.00772748279516,59.99549019967388
72,67.01268850011802,60.002171091774876
72,66.9996357340663,60.00032885188195
72,66.99194091868151,59.98848263482714
72,66.99219020016822,59.99576229765385
72,67.00508178097539,59.999712743223064
72,66.99059072882137,59.988957885455356
72,66.99770880784202,60.00017265481154
72,66.99805945270924,59.99553925637473
72,66.99153690591102,59.99766636091124
72,67.01214195613689,59.99363797402095
72,67.00020617780288,59.995131590715
72,67.00367086389612,59.9888320589455
72,67.01882127932059,59.98823086866818
72,67.00678226449378,59.996752413643634
72,67.00872397132039,59.98951526641806
72,67.017244007197,59.98718032437274
72,67.00463309423536,60.001478384128866
72,67.0011785281764,59.98733932922571
72,67.01909356230381,59.99259337073574
72,67.01427564875681,60.001649321749525
74,66.99202507678655,59.99130778411611
74,66.99199398085092,59.99887283216238
74,67.00543010676694,59.998809237583956
74,66.99879083101101,59.97759804130838
74,67.00794909358855,60.00522205710059
74,67.00433530042582,59.97926142019186
74,66.99314435519598,59.982001165264776
74,66.99365562185194,59.98779121826166
74,67.00068594459835,59.980663708059474
74,67.00455317744654,60.00109828101716
74,66.99641464943467,59.98065881909119
74,66.99622834830174,59.98906128178542
74,67.01436296403975,59.9942574692682
74,67.004798725446,59.99986245834702
74,66.99412416789055,60.00119634487166
74,66.99929112149766,60.001126113028846
74,67.00454476237427,59.97802630857111
74,66.99264688254361,59.98904167515295
74,67.0002426436009,59.99160915340938
74,67.01368808125389,60.00445730025462
74,67.00262440966958,59.98750664554638
74,67.01093560872285,59.99173929396332
74,67.00962475705327,59.98614536973311
74,67.00035371340591,59.99083134405688
74,67.0070160157305,59.98712048135427
74,67.01083461113981,59.97781966257076
74,66.9924057145353,60.000594220388066
74,67.00551637049463,59.988515064314115
74,67.01091586160788,60.001271567058694
74,66.9922237786701,59.98359288287947
74,67.01317110882174,59.99912467280482
74,67.00035622000793,59.99096148493686
74,66.98884474345459,59.99136950694765
74,67.00076407608387,59.98729272307666
74,67.01711193387024,59.99557665533913
74,67.01181616201454,59.99904661874658
74,67.017650712781,59.990882348514326
74,66.99748448535941,60.00310586437713
74,66.99684558266155,59.99152449355713
74,67.0082688003388,59.976959900090534
74,67.00828286756702,59.98418567197409
74,67.01447873159088,59.98042635798995
74,66.99375279602897,59.997614415537434
74,66.99771374782205,59.981415522811005
74,67.00224961495628,59.98983458942776
74,67.00019434697131,59.99637305320857
74,66.99264315797191,59.994697323527085
74,66.989309166386,59.99427316969964
74,67.01088997301778,59.99999675640881
74,66.99782393750587,59.98296480488625
74,67.00866995304922,59.97893480176624
74,67.00929296225756,59.98168661940336
74,67.01556270400792,59.99039558073103
74,67.01606999061568,60.00132123318505
75,66.9965780545986,59.98594465331491
75,66.99803948221484,59.99875888881232
75,67.00562967811193,60.00117784121015
75,67.00408920000031,59.98153631624926
75,67.01029516543089,59.979502116303784
75,67.00703086387763,59.988473825984315
75,67.01576534185197,59.996152719967185
75,67.01456119110486,60.00054731892173
75,67.00466878172162,59.990253194209856
75,66.99513948957886,60.00003159160419
75,67.00536605186149,59.98793570698971
75,67.00658061436083,59.984576380255646
75,66.993802041446,59.98355574199217
75,67.00204248838736,59.9795506879623
75,67.00325387118772,59.9891417870364
75,66.99631598028122,60.00008855121645
75,67.00186484415165,59.99865757360504
75,66.99595281584284,59.982755855209106
75,67.01575847039094,59.984650542430636
75,67.01317259784993,59.9977251619187
75,67.01038417467285,59.996034840799844
75,66.99071836679789,59.993231109631914
75,67.00718136306503,59.98457790517139
75,67.00854712340038,59.993990149589784
75,67.00139356264302,59.99876058693567
75,67.003169613765,59.99275294401122
75,67.01814525669344,59.991893188493826
75,66.999072767181,59.985788663912466
75,67.00143493698337,59.99127714574981
75,67.01797666359208,59.99764839052746
75,67.00702397509356,59.98755096490476
75,67.01965181584481,59.98900600904484
75,66.99208169813994,59.983732468425636
75,67.01192274393196,60.002613436640324
75,67.0138048483441,59.99193161529774
75,67.01292397354764,60.00440189305366
75,67.00210168267652,59.99193214792739
75,66.99803678763843,60.00152610742879
75,67.01761004587098,59.98604615862885
75,66.99984748038939,59.98944537261394
75,66.99456832779558,60.00166805077789
75,67.01471324076316,59.99726671487174
75,66.99735837884177,59.99965235782228
75,67.00133822054487,59.99276460795826
75,67.01029516543089,59.979502116303784
75,66.99074481690894,59.99574327012939
75,67.00586516715107,60.00263467568752
75,67.00210909967537,59.978957944713045
75,66.99983411106098,60.0034118451135
75,67.01514110225197,59.98031883026926
75,67.0111039593994,59.98069834069395
75,67.00009053645392,59.97748933085289
75,67.00726674706905,60.005619122753814
75,66.98926507211353,59.99001048902532
75,67.00420922733625,59.99239384813233
75,67.0092826958934,60.003391393716356
75,67.00093477796122,59.986832451798975
75,67.0037649305409,59.989843037493365
75,67.0073281682975,59.9838968245292
75,66.99866057650885,59.9909501411764
75,66.99660743660978,59.99386394829244
75,67.01272904632974,59.99358722950595
75,67.01445063505219,59.999249418189486
75,67.01017787271208,60.00642673128453
75,66.993802041446,59.98355574199217
75,67.00178133015392,59.97897403289377
75,67.01106005933988,60.005237653431266
75,66.99344497637622,60.00022710361549
75,66.99579072705347,59.99289832808052
75,66.99372708776292,59.996425139859
75,66.99610282924597,59.98399154702366
75,67.01392909581092,59.99720643628744
75,66.99396048364126,59.98332847798185
75,67.00039907424674,59.994864742647124
75,67.00152703458384,60.00516274055455
75,67.0044280111497,59.988881827103384
75,67.01750267828346,59.98460102949229
75,66.9978624688067,59.98354226102476
75,67.01819374638345,59.99909554181104
75,67.00707869786413,59.987975761006865
75,67.00192635801295,60.00089369923252
75,67.00969211509046,59.98073556984747
75,66.99729806353919,59.99269794405671
75,66.99298255821283,59.99464167040047
75,67.0000364497441,59.98670775835376
75,66.99293920253723,59.984262911044446
75,66.99533804317767,59.98307772672102
75,67.00570728599814,59.98123190596269
75,67.00364797431659,59.979078068209006
75,67.00820717314915,59.98329304756416
75,66.99242293982361,59.99510778621423
75,67.0066499835341,59.97997208709154
75,67.00334222457549,60.000612946887
75,67.00651958583471,59.991762516384824
75,67.00204248838736,59.9795506879623
75,67.00821816244434,59.97667479796662
75,67.00649031402546,59.98042482848028
75,67.01747723572647,59.99162781992345
76,66.97173817508727,59.97974891221993
76,66.97011256389894,59.98401613768685
76,66.98482321793587,59.99813017561827
76,66.98960208811785,59.97190324254304
76,66.97805443307819,59.99741424358358
76,66.97551328514596,59.98347938482618
76,66.98928636667573,59.97426586370793
76,66.97583723492345,59.99220982816059
76,66.98149194433161,59.98663906647841
76,66.97200442352994,59.985374108942324
76,66.98918983341068,59.9710418284048
76,66.98462015036161,59.97279452996939
76,66.96986264760297,59.98465245553872
76,66.98015584338042,59.99525601257149
76,66.99076993010668,59.973442391376764
76,66.97672732554093,59.970889770519264
76,66.98926637563567,59.99697273996246
76,66.97141869973026,59.97942973070915
76,66.97568593418187,59.982593596383566
76,66.9848791102162,59.984158184282954
76,66.97843853088904,59.983333758979484
76,66.97448140056771,59.99275289837905
76,66.99726302946733,59.98029361228043
76,66.97835980659943,59.99045331018093
76,66.98829405333538,59.99747635866189
76,66.99421670115493,59.971638531261085
76,66.98294535209035,59.975382074038635
76,66.98130243022602,59.98826632196546
76,66.98899751884522,59.97269438646278
76,66.99706352090305,59.97763912177703
76,66.98747769413337,59.9968731295942
76,66.983911917312,59.98790633422472
76,66.97124721683699,59.98917347853227
76,66.99895444511144,59.98021592192221
76,66.98741521697008,59.97501315053097
76,66.99184909110863,59.99144769741706
76,66.9965780545986,59.98594465331491
76,66.99486242970019,59.981121195583675
76,66.97014760223911,59.98779209600101
76,66.98632458505027,59.97932318325096
76,66.97652529764731,59.97912361128164
76,66.9752835018005,59.97679909513155
76,66.97963635338749,59.97789925684854
76,66.98251433974296,59.97412042507564
76,66.98032792546331,59.97157846586556
76,66.98716828518512,59.98947103058235
76,66.99461832944199,59.992305038510445
76,66.99509369802603,59.98668501285474
76,66.99287610573315,59.97492546706032
76,66.971991334547,59.97740232760941
76,66.98745995621384,59.99523985677065
76,66.98096926548861,59.97437590666923
76,66.98643163641329,59.97184361698531
76,66.98219588389017,59.989138536099624
76,66.98205693541466,59.982750914547125
76,66.98385738242847,59.986268504641814
76,66.98632417434641,59.99609291891446
76,66.97513912547909,59.98222813092178
76,66.9903696658053,59.99322534495779
77,66.98077437381872,59.991359795978866
77,66.97340473083618,59.98947437024271
77,66.97641941180005,59.98584986052338
77,66.97519047815719,59.98157445608498
77,66.99041210319605,59.98319401705403
77,66.98628746886268,59.99242414829028
77,66.99732772573341,59.98403293029817
77,66.97830219859343,59.97043247068695
77,66.98606364659751,59.96959469592863
77,66.99124975051953,59.97444504639387
77,66.98176159259229,59.97497684278209
77,66.9778769957332,59.97018260722934
77,66.98609603054999,59.990761655744116
77,66.9780862762433,59.968478416732296
77,66.98693922738413,59.975661674390764
77,66.97856007138756,59.98442152793243
77,66.98494502494917,59.97910230495894
77,66.99688384515936,59.980238733915
77,66.97838031747321,59.98204323737785
77,66.9810016814737,59.97683512660767
77,66.97426133453641,59.97117373251605
77,66.99128706021492,59.98509544314782
77,66.99213444842171,59.98138959641814
77,66.99522606139965,59.9851422052641
77,66.98484784195242,59.99806044095666
77,66.9808762983953,59.97931308033842
77,66.97583346756493,59.97567889314842
77,66.98397014277637,59.96935119529719
77,66.97610343371625,59.98541751242052
77,66.97848050393407,59.9880140816876
77,66.98944712291255,59.97625199452033
77,66.99519511350766,59.99275118536059
77,66.9954570947871,59.97333985478058
77,66.98312630629239,59.98318746710861
77,66.97021808014976,59.985630704442066
77,66.98429459545122,59.98399506909833
77,66.98093149876948,59.994386364400725
77,66.99105348595978,59.99158415517275
77,66.97111267716113,59.983327270116185
77,66.99543640659756,59.986660534376604
77,66.99473249611646,59.98200815149388
77,66.97595310390382,59.995045665134796
77,66.99495783982665,59.97780941963835
77,66.97741033256203,59.99107698578341
77,66.97961528688725,59.9874722185369
77,66.97927303710078,59.97376009881797
77,66.98573018221433,59.99243667142688
77,66.98437326246192,59.99860598268367
77,66.97835331996716,59.99096823066741
77,66.97557533495875,59.99452852484444
77,66.97011342201519,59.98094808337709
77,66.97670237206715,59.98499728603617
77,66.99110412254291,59.98890745579805
77,66.98870327060867,59.98152102845801
77,66.97805621170758,59.98206796395124
77,66.99380081005445,59.98333943022985
77,66.98396092898874,59.98204356461074
77,66.97724288524302,59.97171401215741
77,66.97666280525068,59.974677608084235
77,66.98188577055909,59.97102103064359
77,66.98618925910218,59.979292539587384
77,66.98654263683827,59.98410650553982
77,66.98161123014796,59.98073905904388
77,66.99293920253723,59.984262911044446
77,66.98238574849606,59.98638332219755
77,66.9863929567097,59.98524690476719
77,66.9826811046759,59.98342752213273
77,66.98840610574419,59.995485817835714
77,66.98517113556211,59.99212861130741
77,66.97331288704578,59.97461781476125
77,66.98459020627757,59.987872548366866
77,66.99682349694311,59.98195008209771
77,66.98884474345459,59.99136950694765
77,66.98327195779395,59.96946791895835
77,66.99634722569267,59.98773111100584
77,66.97158833478092,59.98692940487822
77,66.99517373171973,59.992502401353526
77,66.98712242903345,59.977338429648604
77,66.98676174084214,59.98714278970896
77,66.99687694667325,59.99104478950563
77,66.98728585199466,59.971223725622764
77,66.98304208873272,59.98353183364657
77,66.97282008996335,59.97553088837045
77,66.97894313057773,59.99504646577969
77,66.98002705109774,59.9939633728095
77,66.98151987304814,59.977512506296414
77,66.99128721032667,59.97632078404882
77,66.99139535062726,59.99638095346796
77,66.98699881042509,59.9931438448219
77,66.97679334079447,59.975208318542016
77,66.9824667821195,59.991276806314744
77,66.98616470903269,59.9942537690405
77,66.97942432066797,59.96849390511907
77,66.98523099375703,59.995704009228035
77,66.9822497279552,59.97559509930316
77,66.97941317890763,59.99792135795655
77,66.99283842022888,59.97581745890611
77,66.97566098539025,59.98479068418069
77,66.98608737156499,59.98629734698549
77,66.98671326984372,59.9857797614604
77,66.97909903807182,59.975995450499546
77,66.96881593084449,59.98323950487573
77,66.97848050393407,59.9880140816876
77,66.97765042741274,59.99567947275973
77,66.98123384930945,59.975416023746845
77,66.99036805519617,59.97367432782826
79,66.99260439031265,60.0030812990504
79,66.98628746886268,59.99242414829028
79,66.98528686531722,59.99474826921545
79,66.99294108723856,60.00694373657065
79,67.00241796990218,59.9962700044355
79,66.99482106119866,60.0013200653554
79,66.97338255466137,60.0037513777493
79,66.9772231474175,59.9897764868316
79,66.98753717133796,60.00189438667668
79,66.97790460855566,59.989107248418364
79,67.00234226781492,59.99895414080512
79,66.9963189462568,60.01281189096813
79,66.97775283471152,59.98845094508611
79,66.98624089010649,59.99287377662244
79,66.99827382973578,59.991315092201496
79,66.99764179914804,60.01175193688477
79,66.97464931142585,59.99648463175865
79,66.98296517428487,60.01434801241245
79,66.99439671784003,59.99315020454041
79,66.99230413180865,59.99093618935182
79,66.99433498344193,59.99919182196435
79,66.9994818980095,60.0058926505268
79,66.97821730193918,59.99340790899857
79,66.97762884370759,59.98927207073521
79,66.99261074256354,60.006952001148385
79,66.9920043019286,59.99505029941022
79,66.99853836032604,59.996939840972836
79,66.99535113313138,59.999993018765515
79,66.98485567977879,60.0066061683185
79,66.99334719031648,59.99006504347477
79,66.98402900130213,60.00281236024697
79,66.99513754760366,60.00837005657181
79,66.98628180685402,60.00460312627051
79,66.9866606697051,60.0082166889281
79,66.99129640104934,60.004347510384626
79,66.98360905063001,59.99848171024914
79,66.98309930940157,59.99948436720547
79,66.99888546615722,60.00822828843434
79,66.98044874761091,59.98868389290591
79,67.00043669913501,60.00024212748981
79,66.97940363966718,59.99840350259521
79,66.99914195302101,60.00968911740189
79,67.00004573381686,60.00124303014935
79,66.97473664974544,60.004102783433105
79,66.98426503341227,60.00096149126369
79,66.99259199898124,60.00550870316937
79,66.99157240044653,59.98503313912038
79,66.98164551726829,60.009669089917246
79,66.98648507393798,60.013280426688354
79,66.98440483131984,59.986153600144604
79,66.97801497118087,60.00294023669026
79,66.9859842604995,59.98969226203634
79,66.97562905814144,59.99058140343465
79,66.994272927091,59.989097004746924
79,66.99147654825917,59.986701130557904
79,67.00276125639682,60.004373871796766
79,66.97915027899847,60.00414629716968
79,66.98553904409661,60.00682238532409
79,66.9877006103262,60.000415934376484
79,67.00035371340591,59.99083134405688
79,66.99204189582044,59.99309345202024
79,66.99387774653397,59.992652519361755
79,66.98784890276295,59.98894906366799
79,66.9903696658053,59.99322534495779
79,66.9780259777793,60.01164804712078
81,66.99767672080452,59.99921916649444
81,66.97458629771504,59.99276413280282
81,66.98021929149449,59.98862730605127
81,66.9830274547632,59.999123055524606
81,66.99086234412388,59.98918270045084
81,66.99671671848894,59.98977961006088
81,66.97730130620718,60.00958677623074
81,66.98112455644146,60.01360013322161
81,66.99208326103347,60.00921432408894
81,66.9943521466967,59.98887404412192
81,66.99014982759327,59.994755353217755
81,66.98095907264342,59.997069886326265
81,66.99633097178182,60.0066477017172
81,66.9875927336885,60.00801155882553
81,66.97340333584202,59.995609753437094
81,66.98749113903735,59.99850852515407
81,66.97625673620924,60.00218042956664
81,66.9783659149169,60.00307489173388
81,66.99777038692488,60.007408106312056
81,66.99999288933165,60.00966691452619
81,66.98818476181194,59.9924977775222
81,66.97525540145865,60.00157950060532
81,66.97813950488782,60.00778477631811
81,66.98123095403925,59.99792765682504
81,66.99269581718637,59.999645461621384
81,66.99675411531358,59.990607616074236
81,66.99156065218749,60.01074506133393
81,66.99821599331239,60.008187720559434
81,66.99309230895346,59.99026714715192
81,66.98555924720958,60.01402945440708
81,66.9868742341942,60.00742874849235
81,66.99281335550133,60.01147140202293
81,66.99237683129346,60.009961465980695
81,66.98205318079192,59.99870351258271
81,66.9949909466882,60.010878001923544
81,66.977879654382,60.004892529037555
81,66.98966338533485,59.988816564158924
81,66.99445983912267,60.010861581282754
81,66.99407566057347,60.01025225635348
81,66.97392612124311,59.99807977971573
81,66.9908120401799,60.002264419442085
81,66.9759626575665,60.002082324895504
81,66.98334724179504,60.006855483012274
81,66.99513754760366,60.00837005657181
81,66.98682944529116,59.99646992485141
81,66.9952317891541,60.00767158902235
81,66.9780259777793,60.01164804712078
81,66.99931544717043,59.99932372488352
81,66.97857633997278,59.98961205739107
81,66.9858707374175,60.010534265251486
81,66.99837418833208,60.002322490228174
81,66.99655945916544,59.99949878807902
81,66.99113871186582,59.9875122972785
81,66.98992122124507,59.99448139963672
82,66.98790195685062,59.96817103102666
82,66.97157737146024,59.980029759065324
82,66.98737533821753,59.97858736381317
82,66.98673927617124,59.98837108679693
82,66.97682042994938,59.970273415310075
82,66.996307644931,59.98338148361105
82,66.96916196192718,59.983080505996604
82,66.97770144183211,59.98579436852179
82,66.98884926800403,59.98723168364527
82,66.99299104414376,59.97643471448304
82,66.98687452048165,59.97878258335867
82,66.97384433792804,59.99225478294649
82,66.98173713515645,59.97526581401905
82,66.99043058979011,59.98370020529752
82,66.98944737203199,59.97403562351885
82,66.98248253109776,59.99834700092525
82,66.99693065266413,59.982762649620305
82,66.97459126637413,59.993046145186135
82,66.97687073328501,59.96930265969934
82,66.98467193817886,59.98321114911556
82,66.9834012367875,59.98112049660218
82,66.98500111250826,59.98021783564373
82,66.99505068282191,59.97387794921336
82,66.98919486487486,59.9759963108648
82,66.98684561817419,59.994380813847364
82,66.97668837708649,59.99609636675291
82,66.98278898343175,59.98059985052955
82,66.98576470880779,59.975045999076265
82,66.98367232062743,59.993939905928364
82,66.98772308163997,59.96904224066367
82,66.99014520399813,59.969042944062586
82,66.97325324027318,59.97388357959302
82,66.98426241043639,59.97222196405279
82,66.976748993387,59.98719205410323
82,66.97157866663383,59.97624365207708
82,66.97563829967731,59.97645408429788
82,66.98884926800403,59.98723168364527
82,66.97385619816865,59.97896785574377
82,66.99946393808253,59.98252443136143
82,66.98539552939648,59.99003611852336
82,66.98195410851629,59.97388858059271
82,66.98128145049242,59.99255329305469
82,66.97676233825185,59.988222348931934
82,66.97011256389894,59.98401613768685
82,66.98892549944044,59.99125851203389
82,66.99675442661936,59.977761892061494
82,66.99225427693106,59.974158917753826
82,66.98853321143876,59.982235640227195
82,66.99037775587935,59.97967881690541
82,66.97952700229118,59.97549335565719
82,66.97268688268564,59.986711937400266
82,66.98393171564409,59.97606059693512
82,66.98743026431792,59.98138625060248
82,66.97731157409665,59.98722243275553
82,66.97536913788055,59.985439303858634
82,66.97774313886717,59.996516525438786
82,66.96983766140802,59.982656890670775
82,66.99333478284251,59.98914299178834
82,66.97481311670633,59.98169303332718
82,66.98093400323802,59.97547192161234
82,66.99059917719157,59.97637219772305
82,66.9841561574828,59.980064051947146
82,66.99686323319546,59.987912247653775
82,66.9861253968349,59.97150467871992
82,66.99091358939208,59.979574347558604
82,66.97284065494958,59.98855477668902
82,66.97638089670492,59.990249079428146
82,66.99199126033344,59.98730028486843
82,66.98629266268657,59.980587774468205
82,66.97326545837164,59.98735470533918
82,66.99722230881117,59.983392106537366
82,66.98852144090591,59.96894942172758
82,66.97872841224365,59.993779273003234
82,66.97385403843485,59.98907242595118
82,66.98213334954661,59.981680712559296
82,66.98350740366473,59.969300418146524
82,66.97816690614071,59.990971090155284
82,66.98643163641329,59.97184361698531
82,66.99912197459253,59.98680686515238
82,66.97384433792804,59.99225478294649
82,66.9886199102254,59.98708369264203
82,66.99784126518718,59.98634171486255
82,66.9740078273963,59.98637444798036
82,66.99124290167693,59.97487542039975
82,66.9747724550339,59.9714629611102
82,66.98747093543236,59.991368667672496
82,66.98981905661023,59.97179707447531
82,66.97435674734885,59.97825501907932
82,66.99512442974292,59.97816331825286
82,66.98068548921313,59.97402002473642
82,66.99396048364126,59.98332847798185
82,66.99022824439434,59.9704651890824
83,66.98551430113548,60.01389874646036
83,66.97857969436768,60.00277664172847
83,66.9993487021364,59.99956745002672
83,66.99149543020266,59.99696865605608
83,66.98571473622424,59.98860923945963
83,66.99932237589694,59.9990434759185
83,66.98295239075114,60.01464434789063
83,66.99281335550133,60.01147140202293
83,66.97541356365623,59.995081927902476
83,66.97400801485455,59.99850367640892
83,66.98178543016405,59.99948871649745
83,66.98709247413946,59.99285422687332
83,66.99464836744248,60.013304499930335
83,66.99102152826059,59.98669569973187
83,66.992685820255,60.01104040997042
83,66.97436833100699,60.0048099688101
83,66.98130243022602,59.98826632196546
83,66.99612941432311,59.994468575071465
83,66.98296776181186,59.9882757487916
83,66.98308897174901,60.00239182343339
83,66.97375292505474,60.00604103676059
83,66.98674023170074,60.012587989993314
83,66.98139283914212,60.00019275146621
83,66.99054224723234,59.99691516546486
83,66.98697770964621,60.00680174242251
83,66.99094210318542,59.99100697229648
83,66.98991348334654,60.00115227670841
83,66.97456462058275,59.99820562082913
83,66.99156723371011,60.00138786191984
83,66.97747626705485,60.00797545167572
83,66.99493455502189,60.012919804222754
83,66.99180373859923,59.996457432146556
83,66.97602191635094,60.00019361278666
83,66.98178543016405,59.99948871649745
83,66.99991296435321,59.99930788442485
83,66.99411817918102,59.99146755716964
83,66.99766408156832,59.99945862123179
83,66.97762212859827,59.999173812291914
83,66.9998576921403,60.00061557200546
83,66.99213198458551,60.0078502973025
83,66.99163752858183,59.986515177078665
83,66.97868562043303,60.00450346405633
83,66.98007804560623,60.009489229886306
83,66.99965052464286,59.990005593793896
83,66.99948934779556,60.00336803109854
83,67.00230514519681,60.00096424751166
83,66.97726965292044,60.008368402184345
83,66.98923838627557,60.014051394577024
83,66.98396374296553,59.998989736768046
83,66.98363416355487,60.00476952943522
83,66.98492538497665,60.00820642428951
83,66.97987868914079,60.01278084055599
83,66.99774897765207,60.01047381308104
83,66.99302258575439,59.996734395994515
83,66.98791189755607,60.005504971111016
83,66.98631745535765,59.98693360587477
83,66.99938581260577,59.99076366374081
83,66.98808058259435,60.008333083362416
83,66.99153690591102,59.99766636091124
83,66.9959753506799,59.995357985670616
84,66.99133819240416,59.995204252604985
84,67.0193928139107,59.995321037172175
84,67.00912175930094,59.98279801753395
84,66.99028168074304,59.99553662150143
84,67.0103222019491,59.98824087051301
84,66.9974677306786,59.98625717766714
84,67.00283486565942,59.9908945672064
84,67.00678130128217,59.978072230248735
84,67.00690661633959,60.00092436303273
84,67.00263335848969,60.003073685956316
84,66.99412654493315,59.9821123524403
84,66.9978624688067,59.98354226102476
84,67.01685054686833,59.9970243423395
84,66.99942776895521,59.99622321439431
84,67.01538063640638,59.989343854544146
84,66.99524986037335,59.9902180455524
84,67.00515282393594,60.00101778559653
84,67.00213456614804,59.98187177790079
84,67.01551674322603,59.989169955522854
84,67.00067253686622,59.990540025332606
84,66.99964446703514,59.98765132897308
84,67.00337123122772,59.98576162806165
84,66.99018431359184,59.996839799432784
84,67.00760010848671,59.986870099321784
84,66.9943521466967,59.98887404412192
84,67.01066822749549,59.99506151276432
84,66.99626456232087,59.98790066046599
84,67.00073539730717,60.00217173486869
84,67.00566019700571,59.9955443686408
84,67.01558748164341,59.995276011643654
84,67.01951873760069,59.98986027575883
84,67.01220234326918,59.99225979965576
84,67.0083020563113,59.998400550276614
84,66.99098318393834,59.98862698641473
84,66.99937143373099,59.9987573438057
84,67.00029613988504,59.986779941741204
84,67.0151872888769,59.98066375281339
84,67.00697660799047,59.98884561463088
84,67.00736899358427,59.97988675701426
84,67.00767704477849,59.981074475117076
84,67.01177612015341,59.987870642141196
84,67.0080089009006,59.978726122866966
84,66.99932237589694,59.9990434759185
84,67.0193724563279,59.996374754212056
84,67.0009648146825,60.00599605115859
84,67.01322482733929,59.9860920605292
84,66.9981442936673,59.99139540301538
84,67.00891508077122,59.99788965524225
84,67.00564687703634,59.984731082052754
86,67.00194323152226,59.98279982800663
86,67.01329590397818,60.00269167071327
86,67.00949580882065,59.98437220207688
86,67.0070341944221,59.9797384741818
86,67.0080596687255,59.98784972361611
86,67.00093477796122,59.986832451798975
86,67.00965268496226,59.98373275222097
86,66.99001014525852,59.9946604413315
86,67.00590839610082,60.00743216338056
86,67.00534578803908,60.00536630748674
86,67.00131343945031,59.98134357702389
86,66.99049550181489,59.98717443637968
86,67.00188793901782,59.97683798739393
86,67.00340836460762,59.984954279235865
86,67.01864486720667,59.9905964198157
86,66.99747580613199,60.00097877195299
86,67.0130633744046,60.00446411663293
86,66.99810162498365,59.994486856829845
86,67.00410545076241,59.99723378257686
86,67.01439867164854,59.995209333340966
86,66.99633583558584,59.98978783177087
86,67.00098733146315,59.992496950557054
86,66.99836407949196,59.98122803478858
86,66.9980860220873,59.983428152943844
86,66.99803064580284,59.99364678393202
86,67.01708561381291,59.99690726120609
86,67.0044280111497,59.988881827103384
86,66.99510572974206,59.993907480679724
86,67.00526561766807,59.99943867009187
86,67.01120724648614,59.98517547771492
86,67.013986087321,59.987968881141136
86,67.00922071563609,59.99804256210161
86,67.0166673847552,59.985477585003565
86,67.00152430749822,59.99736034319919
86,66.99885361323099,59.99716736341696
86,67.00630159639395,59.98284098082046
86,66.99837683613264,59.99960920089916
86,66.99322821087924,59.983474663763076
86,67.00029523549851,59.98875310551604
86,67.01980400028953,59.9895767260662
86,67.00791886828871,59.981788277166984
86,67.01586647370857,59.987485850568
86,67.0005100608403,60.00686126184423
86,67.00681685191253,59.988253894053905
86,67.00298011902976,59.99168423542228
86,67.0109452269,59.99047260549734
86,67.00106982033319,60.001038046819396
86,67.01034992830833,59.989251127071796
86,67.00035371340591,59.99083134405688
86,67.00778439790388,59.97978683950408
86,67.00122490464913,60.006031472506244
86,67.01276678944012,60.00442493989369
86,67.0067192984856,60.00748710883826
86,66.99850985446288,60.00095470092004
86,67.0032200231971,60.00696519331456
86,67.00777850119925,60.00517044485853
86,67.00541760902061,60.00279362700676
86,67.00466112557132,60.00396300169322
86,67.01577144754734,60.00104615743588
86,67.01591242608916,59.99156250492646
86,67.00979402908762,59.99499375496674
86,67.01538063640638,59.989343854544146
86,67.00487310553146,59.98718349739089
86,66.99412170748654,60.0033779839057
88,66.9862355036226,59.98807746181817
88,66.98335352662308,59.973190680862125
88,66.99794579488955,59.98382901234826
88,66.97918765895656,59.96802742644905
88,66.98049665897317,59.974908607163016
88,66.98626794396884,59.988358240118835
88,66.9846796299706,59.967158443786666
88,66.97065517985332,59.981873076393526
88,66.97274320744249,59.9918974336473
88,66.98961910248185,59.99756499711631
88,66.9985095900938,59.98431172994854
88,66.97944282384438,59.969069951745915
88,66.98019157874336,59.97508789052613
88,66.98840610574419,59.995485817835714
88,66.99043618945412,59.97699610080641
88,66.9832273667893,59.993496470478284
88,66.97404971303493,59.97903011653207
88,66.9752835018005,59.97679909513155
88,66.977758889882,59.99001940997139
88,66.99128721032667,59.97632078404882
88,66.98040905955662,59.99674028039037
88,66.996307644931,59.98338148361105
88,66.97460736865544,59.9846919678104
88,66.97325324027318,59.97388357959302
88,66.9705298742897,59.97926913426255
88,66.99105348595978,59.99158415517275
88,66.99138291182216,59.989425542938214
88,66.98313272666849,59.97906945175477
88,66.99182659282874,59.981962787915016
88,66.97242209663122,59.98451446226946
88,66.97400489533463,59.97584357508043
88,66.99610282924597,59.98399154702366
88,66.98808181468918,59.97720627575329
88,66.99502265631763,59.98162847538499
88,66.99570799651181,59.97586536035369
88,66.98545041790759,59.981390745884035
88,66.97039699227419,59.982944080261035
88,66.97662371425368,59.990470061936605
88,66.99457436330647,59.975118284479336
88,66.97975414048678,59.987425244784944
88,66.97620928281438,59.97476826152882
88,66.99481337022952,59.98022838825592
88,66.97192861505519,59.991776281934435
88,66.97249636232891,59.985392075469015
88,66.97463527896095,59.98499102036106
88,66.99044097091443,59.981129796765245
88,66.97469835150522,59.99011573052099
88,66.97837484651984,59.98418514535668
88,66.97603716461059,59.98233503046445
88,66.99296267368037,59.983618016391496
88,66.97909416518321,59.997385506438455
88,66.97280550176909,59.973102310715845
88,66.99168712296157,59.9847634990108
88,66.98738837487862,59.98631019763778
88,66.97276221990207,59.972758758927064
88,66.9745748109252,59.97551462820273
88,66.98930593050632,59.97850877203944
88,66.99234521376077,59.99166336881576
88,66.9955936199073,59.97498932778834
88,66.98457556735839,59.97665592004911
88,66.99472074816345,59.971782619213975
88,66.9844287657722,59.96818191541414
88,66.97317990872142,59.98077600005711
88,66.98389359744807,59.99103101108059
88,66.99334719031648,59.99006504347477
88,66.99566588533158,59.979895644066616
88,66.97762884370759,59.98927207073521
88,66.97513278990016,59.98201056537711
88,66.9799663991343,59.98489490865548
88,66.97541951250047,59.99475559798887
88,66.98001154189748,59.98989861211259
88,66.97409941128288,59.97883065034602
88,66.97921470732088,59.97334513425558
88,66.98413781950956,59.97768412389612
88,66.98885541657322,59.985546772593096
88,66.98123828503496,59.98058254690271
88,66.98425502079972,59.97109556821943
88,66.99160091527399,59.99188071943604
88,66.97932529693165,59.9845102950306
88,66.99703810907624,59.98958959355037
88,66.97638299392065,59.976337358631305
88,66.98329872249914,59.996157834693605
88,66.98986217397317,59.97529841883193
88,66.97182888971538,59.98717457804997
88,66.98447554842201,59.987385666153855
88,66.98439104495124,59.99190062245188
88,66.98045797277508,59.98482544576361
88,66.98771079910425,59.982347162103814
88,66.97922975616012,59.96833288486373
88,66.98975339003869,59.97596815404615
88,66.9887742424828,59.98340549123997
88,66.98639619198158,59.980099664973025
88,66.99469699205447,59.98619091369197
88,66.99025573405103,59.97705205936473
88,66.98144760849405,59.96902580373737
88,66.97811699107827,59.98501031924812
90,66.98381713634903,59.99555709413204
90,66.99691778503639,59.97795575980281
90,66.98616229086335,59.98993657843164
90,66.97373331804319,59.982525927410464
90,66.98738837487862,59.98631019763778
90,66.98472581934607,59.99532901573963
90,66.98195410851629,59.97388858059271
90,66.98540229196098,59.970940989620225
90,66.97510757272673,59.987935696511904
90,66.97159586620481,59.981752123730026
90,66.9747724550339,59.9714629611102
90,66.976023997998,59.97606174452639
90,66.98910618933468,59.97573779845765
90,66.98207110456399,59.970007441049205
90,66.97818353653672,59.99276286977195
90,66.98538859334265,59.98431321029995
90,66.99600142401977,59.988351063187665
90,66.96914371750381,59.98155528398105
90,66.99554932128149,59.98157680686747
90,66.98105496986926,59.990197597378334
90,66.99333478284251,59.98914299178834
90,66.98678046675322,59.9754891270701
90,66.98725299729026,59.98536827917565
90,66.98728352120295,59.98846074396933
90,66.99378429356271,59.98416191708372
90,66.99157025819318,59.979292153507814
90,66.98070277269231,59.97071514676697
90,66.97563829967731,59.97645408429788
90,66.99477715218669,59.97504821347218
90,66.98043926152522,59.97647347238464
90,66.97548037024477,59.98157140792212
90,66.98917422062796,59.97722268054275
90,66.98856316547851,59.99524394200186
90,66.99879083101101,59.97759804130838
90,66.97837793608323,59.98476320071144
90,66.97514549695238,59.98906105129967
90,66.99265490338762,59.98267325966754
90,66.99483894788887,59.97421409265278
90,66.98440674560305,59.979724965121925
90,66.99327191108479,59.98867272343237
90,66.9858499427074,59.98125057159736
90,66.98537394832705,59.9913144055292
90,66.98266832352495,59.99472792041144
90,66.97714333898541,59.97270579925861
90,66.99002514452364,59.977387325654036
90,66.98493161204237,59.98119999677986
90,66.97028141449792,59.983910244223694
90,66.97829558647547,59.99215912303852
90,66.99283780093694,59.99285170762032
90,66.97431679287169,59.97460080688596
90,66.99106959539773,59.97211552047734
90,66.98413594377757,59.98070387616676
90,66.99214075983389,59.9862978499144
90,66.97656799887538,59.97176234882341
90,66.99238463914412,59.98320191355371
90,66.9710659609604,59.98626162020324
90,66.9831861280805,59.98554338396948
90,66.98975140091072,59.975578718800676
90,66.97428735022079,59.99406256470325
90,66.98113909040164,59.96882876879341
90,66.97256344953338,59.97640919289367
90,66.99076993010668,59.973442391376764
90,66.97665139485616,59.99463276245116
90,66.98471763270187,59.97540299069625
90,66.98270749003007,59.9846056227558
90,66.97751491408462,59.98830628803769
90,66.97080480136749,59.97738776079597
90,66.97179791466421,59.985415333131776
90,66.97567037692164,59.993486393618696
90,66.98917547581084,59.98991961534351
90,66.99702059164271,59.978369777437734
90,66.9746766047645,59.993955826805795
90,66.98727150109679,59.9843181660353
90,66.98714816285191,59.97405854139274
90,66.96986264760297,59.98465245553872
90,66.99644378627025,59.983521388887766
90,66.99219869027877,59.972017724322335
90,66.98434351221118,59.98962952180888
90,66.98892896924954,59.99649586025501
90,66.9814908095072,59.97766449899058
90,66.99453796945971,59.98327487466531
90,66.99633926885738,59.97510223468833
90,66.97795426466406,59.973293796509445
90,66.97851525151884,59.97338158286861
90,66.99175685373207,59.97875992541221
90,66.98511578055731,59.98480125909475
90,66.98493314043435,59.99477512290174
90,66.97382514754361,59.987772719922354
90,66.99538992070079,59.98635984028204
90,66.97159586620481,59.981752123730026
90,66.97876807007175,59.98730571232202
92,66.97963830675653,59.9851753369919
92,66.98910444281802,59.99240499305372
92,66.971991334547,59.97740232760941
92,66.9812920345324,59.98052819052257
92,66.97947411350547,59.98901468845127
92,66.9815177188159,59.99402771260134
92,66.98950775349064,59.98082551692251
92,66.98032377922806,59.98705006925772
92,66.99860014338724,59.98240145558499
92,66.98727150109679,59.9843181660353
92,66.9907706016646,59.97009465064183
92,66.9691018223751,59.98394674329459
92,66.99071836679789,59.993231109631914
92,66.9830057410332,59.98864739033511
92,66.9760327838549,59.97046340431501
92,66.97519047815719,59.98157445608498
92,66.97762884370759,59.98927207073521
92,66.99487019019438,59.98032033872119
92,66.99253374336931,59.990281495793155
92,66.9962085703406,59.983411881924205
92,66.97943597457402,59.980144402402786
92,66.98424027925952,59.981757084124816
92,66.99297942831673,59.99436167868373
92,66.9793018553921,59.98489717841664
92,66.98584303740569,59.98481394337072
92,66.97088893605793,59.983388680428504
92,66.97684438756455,59.97006564663351
92,66.97848050393407,59.9880140816876
92,66.99074481690894,59.99574327012939
92,66.99132474069556,59.98491014581007
92,66.98836190094579,59.97600474923266
92,66.97046026232053,59.99069315101674
92,66.98629580435924,59.97590088159291
92,66.97502199558463,59.98966521722471
92,66.98863564569211,59.9773651650939
92,66.99169940126663,59.97833169673477
92,66.97848662594856,59.988754574167906
92,66.99380081005445,59.98333943022985
92,66.98812466337966,59.97815772778377
92,66.97984599315554,59.989376712243555
92,66.97523629446574,59.981707670992634
92,66.9956714426578,59.983164478899056
92,66.98503847778234,59.98097830191934
92,66.97016199103071,59.9865328513347
92,66.98901917450445,59.97757416536479
92,66.9723526859509,59.990616310460396
92,66.97176742346464,59.98280303367345
92,66.99344652674691,59.98872647927698
92,66.97736024993277,59.98340564986739
92,66.99337121821216,59.977665839419316
92,66.9804625486475,59.97302157435062
92,66.99168712296157,59.9847634990108
92,66.9883751636711,59.98403734625111
92,66.9855557612173,59.97661402444429
92,66.97921320272893,59.971868489771865
92,66.97295351133795,59.99244720422184
92,66.97655232865914,59.97218040875168
92,66.98308683703802,59.96747371791013
92,66.98537824037027,59.97908962030962
92,66.98314743401242,59.973413030815856
92,66.98584303740569,59.98481394337072
92,66.98361775712391,59.9862073001813
92,66.97749162264462,59.9829232027111
92,66.99084045750536,59.99232040133226
92,66.97230200186152,59.98148536792122
92,66.99190257130469,59.989174426576234
92,66.97325324027318,59.97388357959302
92,66.97562905814144,59.99058140343465
92,66.9852287807612,59.99478608910582
92,66.9810410941432,59.98477305686378
92,66.98376762475301,59.98012309924148
92,66.98190809003323,59.973246530177406
92,66.9757374671407,59.984663184641626
92,66.97416176675708,59.99022684689973
92,66.99012274157512,59.97363997972001
92,66.98899751884522,59.97269438646278
92,66.98217307510829,59.992627242446694
92,66.97327363564614,59.97527686179723
92,66.98517769930442,59.971961239995714
92,66.98217209622435,59.975416880847064
92,66.98217640709903,59.978801600948216
92,66.98445843206395,59.98643460607486
92,66.99184725356315,59.97569522010106
92,66.97291595221122,59.97351547900382
92,66.97146947333209,59.98597966542868
92,66.99882117604585,59.98093207739474
92,66.99859321157139,59.97938707561143
92,66.99081584241485,59.99305524044514
92,66.99049117828866,59.9687974633397
92,66.9791446312614,59.97202790255222
92,66.981450764165,59.98235177843875
92,66.9789290858416,59.97071036444416
92,66.97830219859343,59.97043247068695
92,66.98327888636864,59.99136005719047
92,66.98335456289297,59.967671724031895
92,66.98370126201493,59.98106222264812
92,66.99011073206515,59.99291851489629
94,66.97149129633848,59.98540294925609
94,66.99924979146319,59.98665864040591
94,66.97635399743643,59.981104603156595
94,66.98689175635924,59.986438636714865
94,66.97216539746692,59.985757737164576
94,66.98842064862102,59.9705518297621
94,66.98467193817886,59.98321114911556
94,66.99060664058136,59.98514682027488
94,66.98678242539204,59.974220079420526
94,66.98095451993991,59.983747732595354
94,66.9986243008634,59.98749073751382
94,66.98340639129852,59.97593355704915
94,66.97738113674126,59.96957696674111
94,66.98633181338927,59.97742277860606
94,66.9931340199898,59.979404216314755
94,66.98661844534796,59.97296746762055
94,66.9832260452433,59.97990461774926
94,66.9753040275491,59.985564010552615
94,66.97472896418054,59.97615904691361
94,66.97834789084895,59.99682022421831
94,66.99400105308081,59.97194706846453
94,66.98078169773922,59.97904491948235
94,66.98742058711184,59.96803438682591
94,66.99491334769446,59.99111131236054
94,66.99422318020832,59.97342417908253
94,66.99633205479152,59.98588630555317
94,66.98493768921983,59.97629662997734
94,66.97086305419157,59.98579159308888
94,66.9699060036887,59.98028447154853
94,66.98928636667573,59.97426586370793
94,66.9981376513151,59.9775048336569
94,66.96889163736887,59.982026018545945
94,66.98632417434641,59.99609291891446
94,66.97495702647065,59.97341064184043
94,66.99109405614422,59.96975432103907
94,66.99137229250441,59.97989644111713
94,66.99565860241553,59.9878715536662
94,66.98849866279487,59.971351369238995
94,66.97526176416072,59.98936530123753
94,66.97957106458563,59.980315961979535
94,66.98966364893909,59.995160394395164
94,66.99007923331611,59.99625693164002
94,66.976023997998,59.97606174452639
94,66.98105218061833,59.976443448822835
94,66.98643163641329,59.97184361698531
94,66.98804812757331,59.97887411169519
94,66.9979850378528,59.97793989418307
94,66.98714534297432,59.980805546146996
94,66.97173817508727,59.97974891221993
94,66.99338390609662,59.984305497801365
94,66.97855562153417,59.972804220585424
94,66.98521299898663,59.98082277742678
94,66.98854079553973,59.991687342851925
94,66.97911361323897,59.981005469798696
94,66.98095907264342,59.997069886326265
94,66.98317830876132,59.99393320481628
94,66.98412356515146,59.995158221681756
94,66.99650212057718,59.98087578118117
94,66.9892544211129,59.99282614285848
94,66.99865940954855,59.97928939612285
94,66.99490879142864,59.97640219449609
94,66.97217078631265,59.97738490813536
94,66.98519035791514,59.998296623107926
94,66.97549914794428,59.98283002411564
94,66.99333769469875,59.97737440349077
94,66.97833701924088,59.99553219103699
94,66.98672287984841,59.978071673120404
94,66.98662366728954,59.9774611308254
94,66.98014519341048,59.98676822156138
94,66.98202926851742,59.987692834145236
94,66.96981363165462,59.98200513883599
94,66.9765980853636,59.980591615087924
94,66.97987876043979,59.97979954081825
94,66.97541951250047,59.99475559798887
94,66.99159501226586,59.97683927458095
94,66.98699881042509,59.9931438448219
94,66.98656901997701,59.991248083154126
94,66.98030245480703,59.98770830208671
94,66.9931340199898,59.979404216314755
94,66.97597685850735,59.98537522854711
94,66.97894313057773,59.99504646577969
94,66.97644977143878,59.9895117269019
94,66.98971414887092,59.98450289421058
94,66.97746495084974,59.991532427452675
94,66.99370000411066,59.98033332997863
94,66.9868417980747,59.99275882027621
94,66.99219020016822,59.99576229765385
94,66.97280550176909,59.973102310715845
94,66.9861045802701,59.98372232450965
94,66.97492362704371,59.98380597623914
94,66.97828217269677,59.99091603538368
94,66.98495887073949,59.997327946451165
94,66.96877086539585,59.98233632184876
94,66.9697974083481,59.98773549628975
94,66.99338190571726,59.982180560109626
94,66.97317990872142,59.98077600005711
94,66.98234107156087,59.99844384812933
94,66.98619527025681,59.98810489539593
94,66.97623234931666,59.991751194170824
94,66.9948010712785,59.97345329054125
94,66.98595372353724,59.98186431847066
94,66.98424027925952,59.981757084124816
94,66.99519492482615,59.983857122865025
94,66.97941317890763,59.99792135795655
94,66.98049613711747,59.97761793031092
94,66.9804625486475,59.97302157435062
94,66.98315020309231,59.97734791478572
94,66.98893863482486,59.988011256411156
94,66.98143268464395,59.9675048686203
94,66.971991334547,59.97740232760941
94,66.98565885214468,59.990787960455705
94,66.98866433977072,59.99081186709312
94,66.96947819798488,59.9772747963957
94,66.9814825556314,59.99568683172443
94,66.97326545837164,59.98735470533918
94,66.98104250982009,59.967629879118
94,66.98576111535695,59.98715318853346
94,66.99188480389248,59.976959617561654
94,66.98516428411064,59.97916924091756
94,66.994272927091,59.989097004746924
94,66.99453251545418,59.98294918891626
94,66.99113776646664,59.978284606333574
94,66.97438613235616,59.990730489617974
94,66.9955936199073,59.97498932778834
94,66.98850823489151,59.98275837056391
94,66.99582221013647,59.98248079859951
94,66.98605708478749,59.98356205019369
94,66.98312799087908,59.992318723965994
94,66.98859101317318,59.96792087684886
94,66.98617003245047,59.971131184146614
94,66.97024398950725,59.982860208290916
94,66.98001930379039,59.98424045638437
94,66.97016199103071,59.9865328513347
94,66.97819465688322,59.97060109054932
94,66.98812376399614,59.99089495347747
94,66.98658115995411,59.988782859293764
94,66.97842214764133,59.97325918847182
94,66.98884474345459,59.99136950694765
94,66.97485665094189,59.98919348082448
94,66.98056346576992,59.99643884346328
94,66.99643082804351,59.983428441337246
94,66.98676792932427,59.980441626973416
94,66.98314743401242,59.973413030815856
94,66.98281031476688,59.979995458660866
94,66.97836919443148,59.98180487621492
94,66.98771079910425,59.982347162103814
94,66.9740078273963,59.98637444798036
94,66.97917913735726,59.99122154841319
94,66.97670237206715,59.98499728603617
94,66.99537126196087,59.97808778577896
94,66.98694383544257,59.97532171531708
94,66.976459108922,59.98637548985958
94,66.99181191476218,59.98507064804903
94,66.98671795738413,59.9883293654822
94,66.97903885865372,59.97997207641021
94,66.9739513016374,59.97342389764813
94,66.99120122964146,59.976707327983654
94,66.98597983572745,59.995083467257636
94,66.97710200491758,59.97379287407217
95,66.97396752265739,59.99609853602541
95,66.97630920034025,60.010512361838394
95,66.98306600102124,60.009758175262604
95,66.99518377983496,60.00037238118555
95,66.9855544980017,60.0041048610038
95,66.97687254523522,60.00916654500405
95,66.98433883638435,60.01377023374416
95,66.98891119279425,59.99751972210758
95,66.99359001767755,60.013682846472136
95,66.99474403776523,59.98846989420253
95,66.97984599315554,59.989376712243555
95,66.99126125853269,60.01247044316704
95,66.99871726617967,60.002209880589824
95,66.99182673324611,59.98838745195755
95,67.00113158843511,59.99914240267286
95,67.00267563727917,59.99583383100141
95,66.99685611705684,59.998011266874904
95,66.9876695052456,60.00127964481855
95,66.98492538497665,60.00820642428951
95,66.97650460867368,60.00495221775875
95,66.98581856883548,59.99850058440784
95,66.97541974601442,59.99759862956845
95,66.99964374479019,59.99380500837429
95,66.98498263087164,59.98996880877095
95,66.99685612361026,60.00967588066258
95,66.9754459242309,59.99889695599768
95,67.00136445767467,60.00267448473211
95,66.97720834546463,60.00892213333623
95,66.99874236392048,59.99716997250413
95,66.98837612153153,59.988282774907944
95,67.00022015276826,60.00815714933749
95,66.98376088424479,60.005035199078044
95,66.98519218971772,60.00332163285256
95,66.9970773442034,60.01194530160784
95,66.97813950488782,60.00778477631811
95,66.99792021087875,60.01072980799576
95,66.98233280698197,60.00039056156306
95,66.98105248874151,60.00314881199384
95,67.00142316650985,59.99993702868388
95,66.98114509487608,59.99971465853149
95,66.97869895318848,59.992924790547534
95,66.9919101923123,60.005182696419915
95,66.975626688661,60.000544006504185
95,66.9815528278196,59.99298330571587
95,66.9886780356393,59.984949506323346
95,66.97872841224365,59.993779273003234
95,66.98370452255014,59.985037458000676
95,66.98763583417653,60.00205757070802
95,66.98906460664567,59.99870121706846
95,66.97936235851371,60.01130907237864
95,66.99489850074734,60.0076602846269
95,66.98514577810568,59.99633825233109
95,66.9858707374175,60.010534265251486
95,66.98789211190444,59.996835259056176
95,66.99780211223847,60.00418992680543
95,66.99604385322766,60.007824778088484
95,66.99162040049625,60.00825161487072
95,66.97515441112148,60.006239589513015
95,66.98168085313189,60.00748978412537
95,66.99765308697306,59.99441698783234
95,66.97504745692605,60.00420587998233
95,66.9973881002061,60.00166478943314
95,66.98698382310852,59.990450362484964
95,66.98733127800945,59.991185031314025
95,66.99547511583717,60.009561110440536
95,66.98324724001473,59.992946393154064
95,66.97411709204397,60.00144444043528
95,66.99306433953372,60.012320529863786
95,66.99382405950425,59.98939240780583
95,66.98867004881276,59.98636669820475
95,66.9790710473731,60.00269315500873
96,66.99567289874611,60.003970864899685
96,66.99116866544105,60.00559996802927
96,66.98353538221373,60.00363828094412
96,66.98363388451924,60.001652745385854
96,66.9840721967065,59.990399802272805
96,66.98711840627419,59.99867248804133
96,66.98091066438663,60.01037683662309
96,67.00012312005298,59.99231226876601
96,66.98058082357106,59.99210505061442
96,66.99406696095075,60.01222776443126
96,66.98060251896874,60.00027738048768
96,66.9964329932274,60.00686609628834
96,66.98363416355487,60.00476952943522
99,66.98893523733436,60.01056237270048
99,66.9770993772987,59.99427495795454
99,66.98315213084864,60.011826896633764
99,66.99770424712247,60.00206175296219
99,66.99151811717122,60.006210815611645
99,66.97479802416173,60.0086501731688
99,66.99110190968156,59.99755304223615
99,66.97999055961178,60.00290641198661
99,66.99735837884177,59.99965235782228
99,66.990075048393,59.99568147504038
99,66.98673438302023,60.00576949519529
99,66.97744550950155,59.993474847685306
99,66.9918472122026,60.015110769787924
99,66.98971563160235,60.011051593871365
99,66.98353538221373,60.00363828094412
99,67.00155597636459,59.99454965312716
99,66.98105248874151,60.00314881199384
99,66.9925851705027,60.00449751108971
99,66.97729188156369,59.98858827991791
99,66.99357432973024,59.99846569210801
99,66.98467619610963,59.98955834969639
99,66.98966837339461,60.008500113274216
99,66.97741134368593,60.006905142142024
99,66.98130474848013,59.998334301675044
99,66.98112554560826,60.002236616957354
99,66.98240546515798,59.999009104045626
99,66.9981442936673,59.99139540301538
99,67.00167970141305,59.99534060342511
99,66.98480088869432,60.00723768702655
99,66.97840951092789,59.988867872629875
99,66.98199612901331,60.0012895100304
99,66.98772624830605,60.011754385319406
99,66.99950017895394,59.994279649989366
99,66.97557578808195,59.99704458687278
99,66.99317298571812,60.013530311883486
99,66.99406696095075,60.01222776443126
99,66.99418061515179,60.00200143987718
99,66.97473991476306,60.002780991081785
99,66.98236873317526,60.00869054723706
99,66.98902996095468,59.99893617679699
99,66.99317298571812,60.013530311883486
99,66.9788607798441,60.00817570580526
99,66.97535130349141,59.997100942020445
99,66.98920354862796,59.99838148851773
99,66.98985678567894,59.99439991672522
99,66.99876654020132,60.00939371495357
99,67.0030129294973,60.00309086610348
99,66.99650297968074,60.011608652278575
99,66.97755964899952,59.99283447826844
99,66.99479105388085,60.01411283417354
99,66.99524986037335,59.9902180455524
99,67.00311964771076,60.00216072142754
99,66.99914195302101,60.00968911740189
99,66.98696783977502,59.99665892291558
99,66.98116151788167,60.01131604199546
99,66.98106786156671,59.9869251432637
99,66.97639524079602,60.002148299951614
99,66.98432252343385,60.000851876839654
99,66.97869895318848,59.992924790547534
99,66.98279377838149,59.99398439072547
99,66.98103491475192,59.989307809020836
99,66.98721022789523,60.00105345632286
99,66.98686007948281,60.01408688657443
99,66.98271678009928,60.00304456008321
99,66.98625953570308,60.00560534637472
99,66.98646183439566,59.98848091587237
99,66.98795312995439,60.000647326408675
99,66.97255826125829,59.99843298255905
99,66.99333478284251,59.98914299178834
99,66.98092821838425,60.009763136095614
99,66.98740976224742,60.01319388301793
99,66.98187266239071,60.002351106065746
99,66.97877615996283,59.998524169310016
99,66.98492538497665,60.00820642428951
100,66.9908737229832,59.992957694913905
100,66.98881817554584,59.98408219396212
100,66.9746802011125,59.99381934503954
100,66.97496899302193,59.99523385460456
100,66.9743549694447,59.98417764880779
100,66.97609970796017,59.98179485330116
100,66.97456268412697,59.9839809983623
100,66.98284279400548,59.977945256330024
100,66.9878876753351,59.9961942828215
100,66.97798512096165,59.97881458675356
100,66.99436581659859,59.98230219120257
100,66.97438362801894,59.983056150752745
100,66.99056886328802,59.96967246128035
100,66.98362369110949,59.98616442189048
100,66.9909940466644,59.99053518336187
100,66.9697974083481,59.98773549628975
100,66.97228642499613,59.981404555046886
100,66.99118798371649,59.98032697736458
100,66.99189303615321,59.98157888958523
100,66.98584758334898,59.97382814481419
100,66.98808396362267,59.98118199285332
100,66.97504647674985,59.98026851560836
100,66.98385738242847,59.986268504641814
100,66.99668977075326,59.975106888879274
100,66.9922034749593,59.98839795439153
100,66.98327888636864,59.99136005719047
100,66.99918668012216,59.98720532570343
100,66.9873882989863,59.99664134400777
100,66.98793579115764,59.98192713569271
100,66.99094210318542,59.99100697229648
100,66.98524574173484,59.987485487800235
100,66.9714898829249,59.97719425902308
100,66.98083018988747,59.9804328001694
100,66.99647797336918,59.982777628535565
100,66.98521299898663,59.98082277742678
100,66.97446708502015,59.97176588242362
100,66.98043926152522,59.97647347238464
100,66.97736024993277,59.98340564986739
100,66.98265301113663,59.993466984436935
100,66.98315020309231,59.97734791478572
100,66.99055669570679,59.99382667855604
100,66.98045797277508,59.98482544576361
100,66.98513080152954,59.98420248439139
100,66.97995825053496,59.99132413648002
100,66.99751158074736,59.98791661927545
100,66.99859321157139,59.97938707561143
100,66.99062942525471,59.97869642821074
100,66.9981376513151,59.9775048336569
100,66.97129550238644,59.97991888851666
100,66.97099885766015,59.979790486427994
100,66.9846054475028,59.98545490705778
100,66.97252114660832,59.97620360746655
100,66.9922034749593,59.98839795439153
100,66.97723617604933,59.99423383816545
100,66.97965162763957,59.98523976285886
100,66.98949363901426,59.97444088575829
100,66.98434085325992,59.996608620989534
100,66.98044607138493,59.9895754321451
100,66.987230860802,59.97506054978197
100,66.97569593836054,59.98830233508702
100,66.97911203938354,59.99324858221499
100,66.99158753236664,59.97659467976981
100,66.99610282924597,59.98399154702366
100,66.98624089010649,59.99287377662244
100,66.98827648700328,59.98128915394609
100,66.99528741687116,59.988685066362876
100,66.99279188503759,59.99176547943036
100,66.97371327385903,59.99110292481623
100,66.96891617505547,59.982344444181294
100,66.98880749490863,59.9903688243771
100,66.99417354779366,59.98993008230638
100,66.98329872249914,59.996157834693605
100,66.98754075963927,59.97706958811454
100,66.98679621378922,59.97882500191719
100,66.97187273737781,59.98631156851143
100,66.99085625522342,59.99260285090149
100,66.98617003245047,59.971131184146614
100,66.97236550259396,59.97555685349965
100,66.9946404323661,59.993075285307015
100,66.99323053310239,59.97266676914534
100,66.98629731188463,59.97181131306785
100,66.97045462513383,59.98657872636515
100,66.9978768143054,59.98919211017338
100,66.99191320942475,59.981270347359235
100,66.99085625522342,59.99260285090149
100,66.97149129633848,59.98540294925609
100,66.97957106458563,59.980315961979535
100,66.99407516583496,59.99262524080349
100,66.9774347217984,59.97120375553314
100,66.98005591544859,59.971620440331556
100,66.990533868816,59.97140377747474
100,66.9873740901452,59.97854289111278
100,66.99241105023354,59.990121744051734
100,66.99483894788887,59.97421409265278
100,66.97362360428359,59.977316973474146
100,66.96852057730966,59.984779201468726
100,66.98287572436753,59.971119631585296
100,66.97824453349872,59.971878116074045
100,66.97151857942823,59.97609537770839
100,66.97855562153417,59.972804220585424
100,66.98853356214755,59.97451139895855
100,66.98792868737236,59.99290588111572
100,66.97858022897456,59.97813647618265
100,66.98397014277637,59.96935119529719
100,66.9691018223751,59.98394674329459
100,66.98744536559012,59.968694792844346
100,66.99477715218669,59.97504821347218
100,66.98830501826433,59.97319964218988
100,66.99374215217875,59.9926508054826
100,66.97217576676377,59.991994776434595
100,66.96917689558029,59.984607725089546
100,66.98044874761091,59.98868389290591
2,66.9762484789621,59.992073355021965
2,66.98266832352495,59.99472792041144
2,66.99502265631763,59.98162847538499
2,66.99553794187463,59.97830585797843
2,66.97818773187433,59.98245148999807
2,66.997338297876,59.99662171170958
2,67.00047853944318,59.99499864624735
2,66.98428004602252,59.99392539326531
2,66.99308413574616,59.9812272503005
2,67.00080949699735,59.986527604304676
2,66.9931094811125,59.97794955903032
2,67.00228559640826,59.99191735857445
2,66.99670102317769,59.97812696965587
2,66.99314397250687,59.98804055019706
2,66.97778354127131,59.989047268276586
2,66.98080395085209,59.97993872071194
2,66.99774117725177,59.978449166709225
2,66.98324239187383,59.973722005215166
2,66.98774733180412,59.99006863131194
2,66.98304787281693,59.980878912647576
2,66.9842312563278,59.97239123250494
2,66.9942350532415,60.00255465960766
2,66.99889651281414,59.994104881333
2,67.00178059729859,59.99340856789103
2,66.99353494224421,59.989813604879686
2,66.99104990318492,59.978041549999865
2,66.98586693929278,60.00160136563419
2,66.9853508747266,59.97897460917149
2,66.97994787588044,59.98774686468435
2,67.00237584825804,59.989819067356876
2,66.99815792048972,59.9932279089178
2,66.98482321793587,59.99813017561827
2,66.99604622952022,59.9824004566854
2,66.99207009803902,59.9868530500669
2,66.99309230895346,59.99026714715192
2,66.9888207946412,60.00257913254639
2,66.9884994548906,59.97761643023542
2,66.9965780545986,59.98594465331491
2,67.00233551176986,59.991416896869545
2,66.99611414902962,59.98740266630316
2,67.00099456542438,59.99261286566627
2,66.99535113313138,59.999993018765515
2,66.99045439042159,59.986429433913074
2,66.98687452048165,59.97878258335867
2,66.98820615004684,59.98404074479529
2,66.97662371425368,59.990470061936605
2,66.97552730027986,59.98547496089145
2,66.98232609446961,59.99215988835573
2,66.99812715824825,59.9972550303797
2,66.9930900961504,59.97392924574434
2,66.99695249506001,60.00024725353167
2,66.97347868401053,59.989985368347924
2,66.99681678956996,59.98250937501115
2,66.99416980880956,59.99591144862085
2,66.98572416647242,60.002727673306154
2,66.98182895224653,59.983724500232555
2,66.99754447861719,59.99760485356713
2,66.99467681033354,59.975515533064524
2,66.97963608086232,59.98783221266297
2,66.99184909110863,59.99144769741706
2,66.97765829959579,59.99624485111871
2,66.98700288020925,59.98697810665339
2,66.99256462178495,59.99592123048817
2,66.98851504329079,59.975815918084514
2,66.97492011662474,59.99679180933116
2,66.98345686410353,59.98445724046852
2,66.99370000411066,59.98033332997863
2,66.97894313057773,59.99504646577969
2,66.99855688542374,59.988430917545585
2,66.98792868737236,59.99290588111572
2,66.99448119589648,59.98987341560039
2,66.9992770510459,59.98520115381143
2,66.97712233136778,59.99558812774011
2,66.98335904078023,59.979602304372456
2,66.97833802879634,59.994018345239475
2,66.98892549944044,59.99125851203389
2,67.00089747206242,59.988711854856405
2,66.99365562185194,59.98779121826166
2,66.98381713634903,59.99555709413204
2,66.98395154564625,59.97329390996904
2,66.9968456523396,59.98181856985024
2,66.99192977750793,60.0005987294761
2,67.00233551176986,59.991416896869545
2,66.99040063672194,59.98108097357256
2,66.99037775587935,59.97967881690541
2,67.00131897337785,59.986975445244425
2,66.9996406527802,59.99050371717436
2,66.98840180500653,59.98193645366523
2,66.99058599657779,59.988060524647636
2,66.98049665897317,59.974908607163016
2,66.98917032986317,59.98402992474883
2,66.9867355765799,59.99150384677946
2,66.99813185272322,59.98556166972064
2,66.97485665094189,59.98919348082448
6,66.98771803418173,59.99485984485935
6,66.99858702038762,60.001007671433904
6,66.97447052744285,59.98754103641532
6,66.98304208873272,59.98353183364657
6,66.98724540245824,59.99673922395181
6,66.98706833678425,59.99622695428047
6,66.997192676793,59.99950715503011
6,66.9826811046759,59.98342752213273
6,66.98616478437863,59.99785441423555
6,66.9954903618715,59.99304719830001
6,66.99156304056977,59.99194389130029
6,66.98915868310345,59.996522317021274
6,66.99969379114802,59.992797698607674
6,66.9852327649579,60.00250555570104
6,66.99375750010766,59.98131814129891
6,66.98815340496647,59.988189384660835
6,66.98882589668979,59.97318084550448
6,66.98355342768161,59.99458182716309
6,66.97731157409665,59.98722243275553
6,66.98494883152775,59.983053934652055
6,66.98618867331503,59.99329886854132
6,66.97527262869941,59.99067051264791
6,66.9767557946178,59.98484828967424
6,66.98044607138493,59.9895754321451
6,66.99952445644168,59.978393096521465
6,66.99788196958829,59.98955532652619
6,66.98367070895007,59.997130962470564
6,67.00280588937143,59.9866911747479
6,66.9822813966472,60.00159911218621
6,66.99110412254291,59.98890745579805
6,66.99903443366624,59.990537524008545
6,66.98233280698197,60.00039056156306
6,66.98228139162221,59.980081556243526
6,66.9834614762712,59.98234221336497
6,66.99137229250441,59.97989644111713
6,66.9980751126678,59.979716445507826
6,66.99797788607619,59.984960119347434
6,66.98841964531552,59.9782506816801
6,66.99481240509802,59.98183259820665
6,66.98863564569211,59.9773651650939
6,66.99134958537336,59.99348377763499
6,66.97676233825185,59.988222348931934
6,66.99650071747145,59.98168507226855
6,66.98724540245824,59.99673922395181
6,66.99210249532912,59.98652731557433
6,67.00143493698337,59.99127714574981
6,66.97989354870678,59.99076806070639
6,66.97610343371625,59.98541751242052
6,66.996307644931,59.98338148361105
6,66.9878376476241,59.985723732272675
6,66.99271584110303,59.99258083636158
6,66.98437326246192,59.99860598268367
6,66.99909629551867,59.9794882809282
6,66.9974677306786,59.98625717766714
6,66.99425090966409,59.98088668045418
6,66.983911917312,59.98790633422472
6,66.98078169773922,59.97904491948235
6,66.98438621867122,59.994606028057355
6,66.98277589288713,59.97882015218964
6,66.99627620614707,59.99121572120848
6,66.98815024193846,59.988697810186885
6,66.98509875803944,59.982582619758645
6,66.99942776895521,59.99622321439431
6,66.99432825406335,59.990594845072046
6,67.00022366958684,59.99145019017938
6,66.99010932224402,59.99120130312572
10,66.99260926681639,59.99059165559323
10,66.97833280425371,59.995722438351194
10,66.99574499962407,60.00278132543496
10,66.98190523927585,59.98840025733013
10,67.00080949699735,59.986527604304676
10,66.99165369519986,60.001329553695165
10,66.9873033187982,59.99822509927922
10,66.99865940954855,59.97928939612285
10,66.98054442395579,59.98580742214671
10,66.99490816962009,59.99515094951821
10,66.9960991863018,59.98835647404285
10,66.98917767392659,59.98365977541655
10,66.98818422559276,60.00076820695513
10,67.00420922733625,59.99239384813233
10,66.9827737258861,59.98764656862231
10,66.99059805652652,59.97733066989233
10,66.97723338136065,59.991829992168604
10,66.99521268381874,60.00266167034963
10,66.98531943371455,59.992279091219544
10,66.99804882995582,59.98116438238994
10,66.98167436270757,59.98775806568649
10,66.99447597111839,59.99641240831845
10,66.98773776454196,59.97504342647889
10,66.98114651502675,59.989974776552046
10,66.98149194433161,59.98663906647841
10,67.0028154168505,59.99891156545405
10,66.99296528471893,59.98517654901029
10,66.99827382973578,59.991315092201496
10,67.00143109534076,59.99135583111704
10,66.99348400690282,59.98857788054027
10,66.99770614281827,59.98007115947652
10,66.98287929714118,59.98191051646032
10,66.98966420681823,60.00379631312517
10,66.97980227203472,59.986172899279104
10,66.98095907264342,59.997069886326265
10,66.97576856884938,59.98472364748033
10,66.99514723478185,59.9787388607035
10,66.98595948922507,60.001886213640915
10,66.9979154026293,59.99836347122814
10,67.00118628557635,59.99342748164243
10,66.98853356214755,59.97451139895855
10,67.00047853944318,59.99499864624735
10,66.9783740750183,59.99110335464181
10,66.99134166207034,60.003891507921615
10,66.977758889882,59.99001940997139
10,66.99277030049787,59.989551614845304
10,67.0047133237539,59.99477728384342
10,66.98979219716428,60.00155355962713
10,66.99433498344193,59.99919182196435
10,66.97857485276367,59.98358488999933
10,66.99413269761456,60.00466837587035
10,66.98476596081339,59.99903738720719
10,66.99138014312223,59.997406940234214
10,66.9929982321317,59.984998001924275
10,66.9985095900938,59.98431172994854
10,66.99469699205447,59.98619091369197
10,66.99364944977549,59.978035398274685
10,67.00342931156207,59.99464426932504
10,66.97724397377414,59.99394969369228
10,66.98549389638836,59.97652117615958
10,66.97625325022112,59.99532054920372
10,66.98060458526493,59.987789588419815
10,66.9931340199898,59.979404216314755
10,66.99455692165826,59.99246388247066
10,66.98049613711747,59.97761793031092
10,67.00457523540278,59.994513373562285
10,66.98613865193501,59.97694956843586
10,67.00030789666185,59.99650916403058
10,66.9853508747266,59.97897460917149
10,66.99411147513567,59.99712023396373
10,66.97744550950155,59.993474847685306
10,66.99173575021602,59.98099344577821
10,66.98380856232018,59.981162739270395
10,66.9854803044576,59.980250125352455
10,66.98333512450078,59.99885047660518
10,66.98996957217507,59.999541441548736
10,66.98149929171396,59.98552605331988
10,66.97624684969057,59.98940428156113
10,67.00043900129829,59.992796492723656
10,66.9976453801806,59.99222043536262
10,66.98853321143876,59.982235640227195
10,66.99280918576173,59.99191047440342
10,66.984154402318,59.99543673667524
10,66.99439671784003,59.99315020454041
10,67.00318125455233,59.9889850534437
10,66.99014982759327,59.994755353217755
10,66.99991766024117,59.993322271508745
10,66.97790460855566,59.989107248418364
10,66.98829405333538,59.99747635866189
10,66.98366206574606,60.00380620311964
10,66.99763283403007,59.97739614501195
10,66.98878878491178,60.00086769159802
10,66.98141385703808,59.999139507835416
10,66.98610649829375,59.98550950172947
10,66.99803948221484,59.99875888881232
10,66.98880434715835,59.97539155596135
10,66.98673376476552,59.9847486282275
10,66.98830174803233,59.97694587979052
10,67.00054729951191,59.99636307081162
10,66.99538992070079,59.98635984028204
10,66.98942691842149,59.9936074192903
10,66.98139629867067,59.98734860856179
10,66.99646472893397,59.988159840053235
10,66.99684429500387,59.991126584199506
10,66.99681640916413,59.99211863844057
10,66.98445198470839,60.00175788556204
10,66.99673371347913,59.991760010608694
10,66.99467166807672,59.980354701417646
10,66.98840180500653,59.98193645366523
10,66.98500111250826,59.98021783564373
10,66.99770880784202,60.00017265481154
10,67.00158473731389,59.9805708731921
10,66.9860107837665,59.98040650024821
10,66.98102025869252,59.99211150180784
10,66.9787818235164,59.99810327445487
10,66.99860014338724,59.98240145558499
10,66.98711840627419,59.99867248804133
10,66.99584675536505,60.00209427403145
10,67.00231049806709,59.98188535838559
19,66.97802822076362,59.99250759131582
19,66.98711840627419,59.99867248804133
19,66.97685679007027,59.983396633379506
19,66.99822385984191,59.99979500752682
19,66.99031054598466,59.99057429109344
19,66.98540018424355,59.98279024251391
19,66.9820340095411,59.97994340826172
19,66.9917712427712,59.976410471293335
19,66.97564357805172,59.99375524857922
19,66.99457436330647,59.975118284479336
19,66.99502265631763,59.98162847538499
19,66.98362481020341,59.97387067009308
19,66.99000796283678,59.97697867804356
19,66.9925449033911,59.99465268204827
19,66.98019157874336,59.97508789052613
19,66.987230860802,59.97506054978197
19,66.99639939926203,60.000348494086346
19,66.98867654058404,59.992022998099756
19,66.98587621275783,59.99238061126207
19,67.00236897140566,59.99169948603997
19,66.9867400887683,59.98335775304567
19,66.97723338136065,59.991829992168604
19,66.99474790630845,59.99161359981093
19,66.99334719031648,59.99006504347477
19,66.98624089010649,59.99287377662244
19,66.99374215217875,59.9926508054826
19,67.0002426436009,59.99160915340938
19,66.98567649588861,59.97742853018863
19,66.98288121147975,60.00323933263642
19,66.98682334340516,60.00424009628816
19,66.97836919443148,59.98180487621492
19,67.0008974946062,59.994389253953166
19,66.97650210113692,59.98018685251065
19,66.98675792664328,60.004124302974404
19,66.99653361212204,60.00130239123856
19,66.99144908655776,59.99615881055629
19,66.99882735647778,59.98609746799537
19,66.99018116496482,59.97706711840215
19,66.99118922992918,60.004612415674124
19,66.99257862384007,60.00010730915462
19,66.99380160600843,59.98314878241837
19,66.98565885214468,59.990787960455705
19,66.97919786380122,59.97633082190577
19,66.9970149253043,59.99429044533849
19,66.98801241617925,59.990499152040925
19,66.98524206473496,59.9890708740833
19,66.9740666843629,59.99076349233556
19,66.98873921448342,59.985042244346495
19,67.00077851836947,59.99285216887803
19,66.98944468867397,59.98940205205718
19,66.98067031704551,59.978853057782885
19,66.99083425520487,59.99179912794277
19,66.99077009327313,59.987767867804756
19,66.97292653840843,59.98531716904349
19,66.9910749676146,60.00110611582462
19,66.99850985446288,60.00095470092004
19,66.98395444518792,59.98310990220242
19,67.00167970141305,59.99534060342511
19,66.98678046675322,59.9754891270701
19,66.9852327649579,60.00250555570104
19,66.99518377983496,60.00037238118555
19,66.98538853415893,59.992639927365865
19,66.98656203091168,60.00085848648411
19,66.99746081272527,60.00046842813369
19,66.98942691842149,59.9936074192903
19,66.97564357805172,59.99375524857922
19,66.97311946820287,59.9844558516173
19,66.98384380809603,59.99298302965045
19,66.99715037265177,59.99003648707876
19,66.98916955893428,59.99353306943308
19,66.98370452255014,59.985037458000676
19,66.97558623352045,59.99772086522848
19,66.99218131594928,60.00286540543692
19,66.97881349707336,59.99289158003634
19,66.97764098945999,59.989663302584894
19,66.9834012367875,59.98112049660218
19,66.99830574551117,59.98030255361376
19,66.99377216691225,59.99808942327662
19,66.97249537279002,59.986205138032446
19,66.99209636054822,59.989654003659936
19,66.98721848391304,59.99620595060554
19,66.98837612153153,59.988282774907944
19,66.98048175393944,59.98942713419982
19,66.99616415923543,59.979432033650355
19,66.99029702748521,59.99848677198755
80,66.98095943539701,59.9944917918163
80,66.98079363145735,60.000803231141276
80,66.98719912035716,59.98520501289131
80,66.98468777261553,59.97703302649381
80,66.993802041446,59.98355574199217
80,66.97898418402895,59.972189568205884
80,66.98001192007322,59.971932726782526
80,66.99311106340265,59.983130000004856
80,66.98467619610963,59.98955834969639
80,66.98889952776041,59.97668209723551
80,66.97045462513383,59.98657872636515
80,66.98486820029707,59.97385580214134
80,66.99961776078827,59.98432862703801
80,66.99788196958829,59.98955532652619
80,66.99202462361964,59.97212294055986
80,66.97483170149205,59.987584456662226
80,66.99416095777352,59.99798442288663
80,66.9994654607157,59.99117219203936
80,66.97994787588044,59.98774686468435
80,66.97382514754361,59.987772719922354
80,66.99425044584927,59.975172734685
80,66.98451129073507,59.99224713229221
80,66.98355768076995,59.98363329341637
80,66.99806559261914,59.98306848769047
80,66.9955936199073,59.97498932778834
80,66.98856316547851,59.99524394200186
80,66.97597685850735,59.98537522854711
80,66.994958008313,59.97641390957346
80,66.98255204952197,59.9747327958286
80,66.99468127858502,59.97899697924363
80,66.97145016865848,59.99119424122344
80,66.98494502494917,59.97910230495894
80,66.9838429590462,59.979537807587654
80,66.9746779409656,59.99237966734729
80,66.99155033306208,59.97644630495842
80,66.99338901585978,59.973350188319955
80,66.99633583558584,59.98978783177087
80,66.98966689189545,59.9867445867852
80,66.9975159864275,59.986207959295406
80,66.98346342943012,59.98473116443433
80,66.98400255010391,59.9766665527415
80,66.99136158405207,59.99608217429429
80,66.98818422559276,60.00076820695513
80,66.9813282138389,59.972594300015295
80,66.98145422080611,59.974643972527495
80,67.00035371340591,59.99083134405688
80,66.9754516193562,59.97678099475154
80,66.97445650682955,59.982563369962755
80,66.99381863059509,59.981999423598886
80,66.98211215687269,59.984961620564285
80,66.97790460855566,59.989107248418364
80,66.98557487441168,59.98345708586179
80,66.9785404101794,59.981800352936496
80,66.99395028008574,59.99349486493107
80,66.9756845042223,59.977863035829095
80,66.98617729343958,59.97238271229624
80,66.99124940862261,59.971549155159494
80,66.98045038007257,59.98254334433584
80,66.97112660811376,59.98175054801592
80,66.97223100250419,59.993060496392594
80,66.97216220634405,59.98564478119446
80,66.98033207878781,59.97253738595306
80,66.9859608352552,59.97894627413078
80,66.99039883041823,59.97376001884817
80,66.99487019019438,59.98032033872119
80,66.99250042658721,59.975429057466144
91,66.98746569901436,59.98654909737916
91,66.99109182332224,59.98868259252236
91,66.99988916585087,59.99181144922658
91,66.97284065494958,59.98855477668902
91,66.98217307510829,59.992627242446694
91,66.987251275625,60.000397399549676
91,66.99361356941311,59.99138026630781
91,66.9807319134172,60.00008177982993
91,66.98616478437863,59.99785441423555
91,66.9754960370862,59.97733514543377
91,66.99781327298102,59.992379022524275
91,66.98213334954661,59.981680712559296
91,66.98862336060346,59.976708491093504
91,66.98788542582982,59.97710029961045
91,66.97924986281603,59.99021388790169
91,66.99447597111839,59.99641240831845
91,66.97899118136688,59.975290519193166
91,66.98123384930945,59.975416023746845
91,66.99173575021602,59.98099344577821
91,66.97427589864245,59.987737188176595
91,67.00076139522521,59.982540976938246
91,66.99044097091443,59.981129796765245
91,66.99003138612784,59.97976517481399
91,66.98815340496647,59.988189384660835
91,66.99766408156832,59.99945862123179
91,66.98150378192092,59.976695441096915
91,66.98996957217507,59.999541441548736
91,66.97526138828995,59.98606621721712
91,67.00001911259146,59.99220072738784
91,66.99457436330647,59.975118284479336
91,66.98841016128524,59.99007269924037
91,66.98455173137728,59.97615201005219
91,66.98605797521653,59.97573097818048
91,66.98098696910627,59.99882244589715
91,66.97831894815077,59.97976335626304
91,66.98395154564625,59.97329390996904
91,66.9819226026681,59.98361131836421
91,66.99031461746311,59.982833114603935
91,66.99283861480262,60.00106926131205
91,66.99451127678759,59.9903798777734
91,66.99522624686826,59.98054330648516
91,66.99079506675945,59.99219615792784
91,67.00180542144695,59.992078877930346
91,66.99354049729911,59.99396238973972
91,66.9805454852108,59.977447414867996
91,66.98178680312728,59.984041774321426
91,66.99168712296157,59.9847634990108
91,66.98727150109679,59.9843181660353
91,66.97459126637413,59.993046145186135
91,66.99970595516248,59.987627243113934
91,66.98595948922507,60.001886213640915
91,66.99418949169245,59.994372125572475
91,66.97909903807182,59.975995450499546
91,66.99603345662983,59.981685899710456
91,66.99969379114802,59.992797698607674
91,66.985332359143,59.99607152909182
91,66.98500111250826,59.98021783564373
91,66.99912375514127,59.98894567153458
91,66.99720542811222,59.99673045628694
91,66.98708354069619,59.994319229831284
91,67.0025088535082,59.99262801916487
91,66.98985678567894,59.99439991672522
91,67.0021043719633,59.99422088330554
91,66.9836294350897,60.00145307652817
91,66.98406640983228,59.98035514884979
91,66.98698382310852,59.990450362484964
91,66.97676233825185,59.988222348931934
91,66.98393602218006,59.99933919651135
91,66.98801241617925,59.990499152040925
91,66.979909344278,59.98632227824888
91,66.97817834331062,59.99831818163813
91,66.98497283084504,59.98887070891904
91,66.99770614281827,59.98007115947652
91,66.98161123014796,59.98073905904388
91,66.98470376758318,59.98027029461661
91,66.9892544211129,59.99282614285848
91,67.00037884752093,59.99229608819759
91,66.98123384930945,59.975416023746845
91,66.98424027925952,59.981757084124816
91,66.99948086613281,59.994990652278
91,66.98355342768161,59.99458182716309
91,66.97528495882783,59.986161691265146
91,66.99083383823726,59.97308392560853
91,66.9829826892727,59.97684927085722
91,66.98014903673075,59.994491067934064
91,66.98576470880779,59.975045999076265
91,66.99677491788641,59.97686665964518
91,66.97479464916667,59.986478790696246
91,66.99372836736781,59.974351550403355
91,66.99518377983496,60.00037238118555
91,66.98460889460625,59.99032307096207
91,66.97775283471152,59.98845094508611
91,66.99007307285261,59.980710483103586
91,66.9859608352552,59.97894627413078
91,66.98434085325992,59.996608620989534
91,66.98840180500653,59.98193645366523
91,66.9925688639973,59.97404096251961
91,66.9743549694447,59.98417764880779
91,66.98170910070488,59.98666397350876
91,66.97676159390267,59.987886133597286
91,66.98098705960892,59.97399971069998
91,66.99519248730046,59.98405439748701
91,66.99270267518123,59.981081076690494
91,66.99513585718518,59.97845875168438
91,66.99912197459253,59.98680686515238
91,66.98851150084613,59.983853533081934
91,66.99997320822449,59.98276164300241
91,66.9937881286451,59.980013672772685
91,66.99722230881117,59.983392106537366
91,66.99191359999958,59.98871748996947
91,67.00213456614804,59.98187177790079
91,66.99743574885368,59.98997172593356
91,66.99142084536315,59.996087751337576
3,67.01874673682003,60.02292642608252
3,67.02437453634853,60.02060014954389
3,67.04204595602027,60.01817922996389
3,66.98579370872753,60.043204051692655
3,66.99360646721217,59.96658314599651
3,66.97857077057337,60.02190506580065
3,66.9871347951278,59.98571542030991
3,67.00574156906184,60.034229636500974
3,66.96704354950734,59.98809942451896
3,67.00587844803566,60.04472779122332
3,66.95960665050148,60.00834013258244
3,67.01342984796801,59.97416382801129
3,66.98668144787348,59.98532054574018
3,66.98447876509613,60.04739369501633
3,67.0013313318459,59.98807732862483
3,66.95370760863266,60.00572441572014
3,67.00600229063784,59.99477577767228
3,66.98343591842442,60.02312814057494
3,67.01711354716863,59.957745479759275
3,67.00762317140811,59.95552986754534
3,66.97858479131388,60.016216581918584
3,67.03534114644067,60.033493267442076
3,67.04725962956523,60.01326906644267
3,66.9889472079364,60.03046044266615
3,67.02986205062986,60.020980015830126
3,66.99000982083103,59.96881221585982
3,66.99183530646444,60.013582794624774
3,66.99894506602051,59.97933579526757
3,67.04088837377735,59.985146362616064
3,67.0033230466847,60.027521151228896
3,67.01842442381854,60.04383559417998
3,66.95889718461984,60.0217528833206
3,67.02193158980342,59.99345039426218
3,66.99942968232165,60.031898625805226
3,67.03021320881933,59.98024972881926
3,66.96262975109174,59.98726597216238
3,66.978296661727,60.0230104946009
3,67.00775987038108,59.978459643047195
3,66.99105348595978,59.99158415517275
3,66.99241999988739,60.019500430262084
3,67.01389632258324,59.99367857019555
3,66.96239026914907,60.029786015126675
3,66.95468003249086,59.98580993664955
3,67.00893081821054,59.99931216589576
3,66.98709247413946,59.99285422687332
3,66.9957647947762,60.044963347024506
3,67.01899898336286,60.03277522082266
3,67.0176740622717,59.98615918878522
3,67.01473042201332,59.99196258337383
3,66.97157866663383,59.97624365207708
3,67.03592127941064,59.97075132472126
3,66.99615058071873,59.97395725245625
3,66.98450911627084,59.9738809044611
3,67.01679766706188,59.96883442721758
3,66.96777950103088,60.02195715146917
3,66.9788821241218,59.954823023829256
3,67.0080254700888,59.97136463013384
3,66.98934770978637,59.96081545368198
3,67.02584997833529,60.00285377301578
3,66.95929376533984,60.00903228942163
3,67.01787989667311,60.04634660891173
3,67.02114483931237,60.00966842021903
3,67.04133009521055,60.0196909334339
3,66.98433798442161,59.99881964464981
3,66.99378803710441,60.04665789133853
3,66.983534656456,60.035121029279026
3,66.96783306865062,60.005776854939306
3,67.01428203039781,59.98312443441827
3,66.9910096272003,59.98370026107365
3,67.007062415159,59.97253873068299
3,66.97026130917648,60.00541461875021
3,66.99630074110446,60.02366248926953
3,67.00775987038108,59.978459643047195
3,66.96843164504139,59.998901354290695
3,67.01205053664127,60.01027898128496
3,67.00344444179066,59.96253595413571
3,66.96878321626787,59.987979409145694
3,66.96537386970344,59.971629672850966
3,67.02133610233214,60.04143278916274
3,67.00789244953006,59.952327272980185
3,67.04395777392025,59.97967126627178
3,67.00166265698043,59.952953919370856
3,66.95260930496119,59.99562218173481
3,66.975389715551,59.99907207726027
3,67.0049068657524,60.02837319967095
3,66.99149487718272,60.00993304641368
3,66.95459674894163,60.00532948202872
3,66.9650819521133,59.98222413693019
3,66.95242997428058,59.9940074199368
3,67.03394639965485,59.982265581775785
3,66.99118014244175,60.0179347075131
3,67.04598287909212,59.997258513445075
3,67.0087492560637,59.95763540635713
3,66.99456717698088,60.04230741858188
5,67.02391898700701,60.040438435070094
5,66.96210476902978,60.01545605452174
5,67.0405426126688,60.00748089671553
5,66.95445253211301,59.98640402755856
5,66.9535996786388,59.99564336997791
5,66.986243717861,59.99528409712841
5,67.00807169757752,60.02234001550298
5,66.9956937571684,60.011650195525434
5,66.99459196864866,60.01676369769259
5,67.01221924077718,60.02641654812988
5,67.03683997488585,59.97252495464089
5,66.99112723394698,60.03612816517455
5,66.98370126201493,59.98106222264812
5,66.95847475623188,59.99751458213774
5,67.0221935288689,60.00998720371265
5,67.0200619249231,59.971967259138076
5,67.03033002259436,60.02627285589859
5,67.02107614434078,59.98039724055725
5,66.97060163828188,59.973167138151304
5,67.01105353821038,59.95346041728848
5,66.97555810231815,59.95971482663263
5,67.02362002081158,60.032761618714794
5,66.95512131719218,60.01808396366935
5,67.03716807378254,59.99098319971748
5,66.99683013732522,59.96630929906667
5,67.03221611839636,59.96210614910565
5,67.01191353046451,60.04692669677519
5,67.00368499920087,59.960925058524325
5,66.96565495690673,59.97512198777719
5,66.95859494550092,60.00637402483231
5,66.98094366818441,59.97451727048279
5,67.0013320747714,59.992327980533716
5,67.03670511130666,60.025632560844116
5,66.97448715483279,59.970803348423956
5,66.9919183451382,59.96720849518471
5,66.98199276552639,60.0218745248266
5,66.96449842769377,60.021981886492405
5,66.99893595926298,60.01581024687529
5,67.02607023520542,59.966404328713914
5,67.0080439921796,60.00494634117144
5,66.96285085777929,60.03132055986869
5,67.00671070771082,60.01135486220966
5,67.02518037782609,59.99718558002968
5,67.02472118936976,59.99848839028038
5,67.01708308962071,59.97581274838449
5,66.97251574350551,59.996758988549715
5,67.02497451656731,59.9586975207295
5,66.99545607016731,59.97455091794079
5,67.03527137091329,59.9748137611376
5,67.00219806252564,59.99531021727493
5,67.02360232612784,59.99511988432445
5,66.96275831879267,59.990848872159475
5,67.00651152075403,60.01258351611104
5,66.96395990769226,60.00092423605303
5,67.0080654089324,59.95305164935716
5,66.97016899446446,59.99865769700218
5,66.96868177023802,60.02348047326433
5,67.03922881157663,60.013435280453145
5,67.01851698888636,60.036668296957714
5,66.9822077552257,60.020471845513086
5,66.9818487703791,59.998192993330164
5,66.96801557219756,59.99794077072181
5,67.02193368227567,60.02036962448649
5,67.02691939699768,59.99431999112534
5,67.04438752953179,59.99457346865102
5,67.03331653990683,60.0342083234275
5,67.03679382421593,60.02445140707789
5,67.00140022862996,59.96307915971105
5,67.00714669307867,60.00863052930742
5,67.01908665178291,59.98658345451503
5,67.02138984422588,59.96788034005456
5,67.02711163174817,60.00578716490117
5,67.01140615309633,59.95391692201553
5,67.00926222730946,60.029207889452735
5,66.9801107539909,59.97989116849163
5,66.95802486560092,59.97542855526882
5,66.96078721913351,59.99956610085291
5,67.02793183838682,59.96259546125558
5,66.9987088996707,60.01693608434048
5,66.97093127517104,60.004024978004544
5,66.99939507015382,60.00609290136304
5,66.99532337981131,59.98445730445237
5,67.00311464266379,59.96218387396247
5,67.01195394285452,60.02836310699726
5,67.01093560872285,59.99173929396332
5,67.04965233722581,60.0019615749862
5,67.03139500681814,60.02326466783466
5,66.99398081882147,59.98807218025624
5,66.98476783906055,59.95383381160828
5,67.00746288519693,60.044116583029265
5,67.00284718411294,60.02217271255793
5,67.02428632302045,59.98448340481199
5,67.02543346474968,60.01483930534004
5,66.9992252885247,60.00780171828994
5,66.97079248442702,59.98275565668413
5,66.96484207779586,59.96685288369234
5,66.95405132307843,60.00749727391391
5,67.00669724958257,59.97656611226321
5,66.99047137211282,59.97449778966245
5,66.97526893722768,59.97642576209116
5,67.03315597718733,59.974277198679424
5,66.98744176934777,60.01580917777844
7,66.98725521255331,59.97146981470154
7,66.98199874898802,59.99922170932706
7,67.03652188469435,59.98342960724492
7,66.96804469771504,60.003964550763826
7,66.97191018853121,59.975044954341435
7,67.03164794549961,60.00657608449663
7,66.95928233990946,60.02509349922008
7,66.99963244072538,59.98050394595022
7,66.96494884891509,59.97676950802076
7,66.98637387231952,59.95873853172967
7,67.01989920769397,60.007834666119784
7,66.98522465413038,60.01125353603977
7,66.98284967065597,59.96482146783326
7,67.04273299929083,60.00311087328674
7,67.04620177525298,60.01538454099705
7,67.02381331491378,60.001910791404015
7,67.04604892811768,60.017079108681735
7,66.99622730787134,60.01004539147913
7,67.04932066160087,59.997250348536504
7,67.03417354959893,59.973188278655584
7,67.0018508808015,59.95674089538576
7,67.0049517605997,59.96779047206952
7,67.00010374678362,60.03704192918661
7,66.95779269216654,59.99819661807247
7,66.99447597111839,59.99641240831845
7,67.01552152474872,60.04662786467825
8,67.04807038875943,59.99756430064723
8,66.98778363521956,60.004178397519
8,66.98262458380817,60.015140491660446
8,67.00603137163031,59.996920724023646
8,66.9813470442386,60.03767141820629
8,66.95940830706967,59.992319778313544
8,67.02002552482271,60.03106669041329
8,66.99190627759208,60.014970205631755
8,67.02000979647964,59.984609884833084
8,66.97916291617591,59.996641095238125
8,67.00525412186475,59.98756161587835
8,66.9685961122075,59.99275967612669
8,66.99631074215516,60.04392346765594
8,66.98667506360238,60.00353163316082
8,66.9798876823539,60.033868961850914
8,66.9855722988459,60.01191511423417
8,67.04004694919885,60.00003429576804
8,66.97126770076346,60.01251618359588
8,67.04256807090695,59.98925216725266
8,66.9706969187513,60.00380056838538
8,67.0307353741536,59.9980502554659
8,67.01822736399097,59.96077120494845
8,67.00755354515294,59.962865213944916
8,67.0037274017119,59.98322497113315
8,66.97214278648877,60.019415793736066
8,66.95843581233675,60.01684875733284
8,66.99908602427361,60.02450551935241
8,66.9976788127752,60.02181573278938
8,67.01797571193532,60.035618449508604
8,67.03500216871582,60.0182873348973
8,66.9641814068061,59.97070147963902
8,66.9903500166379,60.019187045472165
8,67.02699322079057,60.020825075848315
8,66.99282869947514,60.045073364744816
8,67.03612006490953,60.01822456582613
8,67.00109348385679,60.0085429953121
8,67.01847447298157,60.0212972830327
8,67.00746871388924,60.03371118640348
8,67.01903340133542,59.99112925657605
8,67.0471874273268,60.00181037502267
8,66.99675718664271,60.03077630035585
8,67.0200468910382,59.98131997234371
8,66.95622011391934,59.99324113941529
8,67.04710499018931,60.01659520523538
8,67.022596124713,59.95932952691506
8,66.98993694286257,60.02491568845872
8,67.00977791737651,60.012972448812164
8,66.98708579093862,59.96185766027497
8,67.0491792780447,59.99391149740931
8,66.9973941030193,60.00386750007702
8,67.04504916174295,60.007596801861936
8,66.96481639614261,60.022782948049084
8,66.97697692704762,59.97678401852789
8,67.0169433586348,60.02004747169797
8,66.99204189582044,59.99309345202024
8,67.0466835924341,60.007559146672456
8,67.04161860232684,60.02368567258313
8,67.01688921421108,60.04687577705447
8,67.00152344902155,59.95443553444501
8,67.02322302625262,59.96859277143066
8,66.96738368954924,59.96782293541657
8,67.00065456694692,59.97296308096394
8,67.01249402307307,60.01258878035735
8,67.01392227004072,59.98810842043328
8,66.98305765607869,60.032456858991544
8,67.0281372187652,60.01636434792742
8,66.97772083010416,59.977632205893904
8,66.99449936444924,60.01103064348683
8,66.98643578907728,59.98407552066819
8,67.00567286429,60.015553321566124
8,67.01170466013465,60.00925844895522
8,66.99913747227428,59.95901391064637
8,67.02191515425818,59.96601280142716
8,66.97601377188698,59.958424228618654
8,67.03834877133102,60.00111918710778
8,66.96864333239384,59.965455004484305
8,66.98824126763179,60.03922960513826
8,66.98312573531616,60.03471318772373
8,66.98364890067216,60.004316755995085
8,67.01232235907803,59.96586355185123
8,66.97102567271988,60.02815432940274
8,67.02601505882298,60.03407838369447
8,66.95586640102616,60.01544553656432
8,67.0284985012611,59.97816663493853
8,67.00460205957516,59.96962917549062
8,66.95604505599734,60.01199988281272
8,66.97729622199498,60.04018304912275
8,67.0463554312475,59.98371648197635
8,67.0145726758639,60.02755981594524
8,66.99940438602398,59.95552257383714
8,67.01377697802921,59.9752140721987
8,66.98681854542117,60.03880601155518
8,67.00156989009311,59.97624638290784
8,66.96261636720676,59.98292325906081
8,67.01189272747725,60.034959474727394
8,66.96934754856196,60.01127321870571
8,67.00697660799047,59.98884561463088
8,67.01322776066739,59.97129529549498
8,67.01053121965262,60.03433879095493
8,67.01902576785888,60.03206273998774
8,67.03785881874327,60.0269944512683
9,67.03669165089995,59.98978004100411
9,66.95897620823179,59.972582267942144
9,66.99950052917836,59.96493279209193
9,66.99341971754286,60.00071930384274
9,67.01741164274773,60.00660362543621
9,66.97653174250111,60.02611635025846
9,67.02271269730801,60.00527748457004
9,66.96643400789151,60.01915078955945
9,66.9935538201372,60.02889533876205
9,66.99215797029089,59.953817051124204
9,66.99757242120074,59.968415214859455
9,66.96416852676124,60.00315598583362
9,67.01735559684865,59.96743304656776
9,66.97757838677055,59.99736358086381
9,67.03965152918605,59.985592988804946
9,67.04501886161104,59.99250989264434
9,67.01915917997465,59.99233506426264
9,66.9773897384925,60.017295901896354
9,67.02455994915402,60.026072623500795
9,66.98275195267989,59.987102073704584
9,67.00691469699653,60.02653615016432
9,66.96855640291825,59.97066097753895
9,67.03118997289,59.985702693337906
9,66.98715926390145,59.97658461026791
9,66.96741293815991,60.005560574656926
9,67.03810659143764,60.005998614607044
13,66.99948934779556,60.00336803109854
13,66.97844319722515,60.011724603292066
13,67.03826774566907,60.011825911140534
13,66.9625821863338,60.001742952484
13,67.02369742590767,59.98427067657261
13,66.99611697519428,59.962123386027635
13,66.98969536216441,59.95397198090975
13,67.03313025483303,59.993688845582916
13,67.01435615996883,60.01708560006829
13,67.0335858622841,60.02318772486779
13,66.9830057410332,59.98864739033511
13,66.99972538021402,59.972350510927754
13,66.99119057935799,60.04858278161518
13,66.98759112646599,60.023122423522395
13,66.97250016511423,59.96986070211746
13,66.96849289399808,60.033776637600035
13,67.03415464421313,59.97880925749425
13,66.99743030929594,60.037367341054676
13,66.99413611778127,59.96514098372431
13,67.01606860313247,59.971494646776414
13,67.02003731021881,60.044927203772446
13,66.99541199932668,60.0080672906706
13,66.99872821698882,60.022507357136625
13,67.04642857759346,60.00891024134253
13,66.97670979789055,59.966440979320176
13,66.99138014312223,59.997406940234214
13,67.04034314929076,59.99267791319581
13,67.02197933109618,60.014823056938916
13,67.00129424375984,59.97962952715602
13,66.96339382038897,60.03075046185042
13,66.9617784781126,60.002424932568346
13,66.98137854349973,59.98846325966884
13,66.96298416386489,59.98093262090938
13,67.02688780499157,59.98629233980586
13,67.00288269827533,60.02315685428058
13,67.04166520877722,59.99705694470596
13,67.04838770891571,59.99479739738562
13,66.98130998473555,59.997333472528894
13,67.02852086672846,60.02778116000309
13,67.002535447021,59.978036410389215
13,67.02783519577332,59.993407466966445
13,67.03059027850327,59.963820828640394
13,67.0103425439204,60.01493820090179
13,66.99118635389432,59.96711800802662
13,66.97061439697997,59.997112872842116
13,66.96870967615473,60.000661480754374
13,66.98848543192051,60.04788824862717
13,66.96473424449529,60.01906694601834
13,66.9769175466798,59.97451927502183
13,66.9855730252655,59.995546968002245
13,66.97852113309936,60.03301335786248
13,67.00740880350631,59.9634483824652
13,67.0314835764243,59.968812844227074
13,66.96993628685965,60.03775998147404
13,66.98919486487486,59.9759963108648
13,66.9746779409656,59.99237966734729
13,66.97467262107632,60.030229817905685
13,66.96510205277632,60.0132984162814
13,66.98698382310852,59.990450362484964
13,66.96387688818625,60.017660008415966
13,67.01521633732769,59.97279780453167
13,67.00798840601601,59.95239545334166
13,67.0203629125307,60.016690987851895
13,66.98126538395384,60.02974587595576
13,66.98644431239786,59.9537940419565
13,66.98869253250912,60.02345398212407
13,67.02895447070011,59.99572977594135
13,67.03086016370074,60.035023265203705
13,67.01375394367284,59.96446810869021
13,67.00505265165921,60.02903483640361
13,66.98440674560305,59.979724965121925
13,66.9525354109372,60.008468439509535
13,66.99633205479152,59.98588630555317
13,66.99887202740996,59.95946071687771
13,67.02427919320739,59.9611947970259
13,66.9884807921825,60.039465064226896
13,66.98851994049399,60.03236025451303
13,67.0242237697091,60.03891776973735
13,67.04783707869173,60.00727297160659
13,66.99675111865268,59.98783317722838
13,67.02590262302714,60.011106454598746
13,66.98918136984678,60.0120089638037
13,67.00267600707971,60.02756127842978
13,67.0200586859288,60.03599307621134
13,67.02535515804867,59.9924091243914
13,66.99422756733469,59.98689051113924
13,66.9800901196357,59.99343270491863
13,66.97839307107876,60.0412836102236
13,66.97575889716583,59.957077771377726
13,67.04142606762227,60.025632803464426
13,67.03209456690554,59.98308980809386
13,67.02020584584618,59.96689193599715
13,66.99209704496809,59.954073090484016
13,66.97179551933301,60.01578441822424
13,67.00796458189481,59.96866799922933
13,67.03665771208368,60.00510222370946
13,67.02587882926085,60.01996874246175
13,66.97403317280245,59.98495039420171
13,67.02587411935433,59.98400678983251
13,67.0221708267072,59.99499376473534
13,66.98640906649257,60.041878405441146
13,67.03100617924252,59.96264311927669
13,66.96910889732499,59.97225077126136
13,66.98906233741484,59.98174655682765
13,66.96384398656359,59.984389744665485
13,66.96191610546438,59.976757595233984
13,66.99576787454366,59.99460797082983
13,67.01043522418504,59.996340121776896
13,66.9741615600896,60.03811459526805
13,66.95527230893786,60.00929708898927
13,67.00524243963962,59.95682583404323
13,67.03253566136591,60.01825921394802
13,66.99188727781562,60.03010624584796
14,67.00906175318943,60.015469100677805
14,66.99599543336413,60.04966775819502
14,66.97588244552529,59.967169695828396
14,66.99138280022213,60.04663354678885
14,67.02676055291512,60.04209783368304
14,66.98721848391304,59.99620595060554
14,67.03079075759861,60.01254320261971
14,67.03856903705939,60.00924128145944
14,66.99273856481483,59.96528925119864
14,66.97459890577956,59.964726342695684
14,67.01723998336087,59.98891588389474
14,67.01131387389759,60.00493786266667
14,66.98407619688795,59.97748460195755
14,66.9830751946023,59.95914688077248
14,67.0014569494815,60.03693972722329
14,67.02195943466124,59.99414012182124
14,67.01916196457519,59.97115511048706
14,66.97723313479807,59.96868004333167
14,66.9756921262684,59.980222938477674
14,67.0150086005387,60.025542644247636
14,66.98606213915757,59.97516292390063
14,66.97920225527511,60.003569116261275
14,67.00680080314943,59.959323362494544
14,66.96140787238723,60.01706249129121
14,66.98114509487608,59.99971465853149
14,66.96871338928113,60.00620004819848
14,67.03444876532868,59.96994312177437
14,67.00193127652462,60.03384388238435
14,67.03488539303704,59.97931906134211
14,66.99410911107333,59.96196180956413
14,67.02272613888337,60.020770729267745
14,66.96166176816864,60.01469970209607
14,66.96968301959932,59.99730731027778
14,67.01540784968755,60.011620665014
14,67.01825769115459,60.012313733807005
14,66.98966114759936,59.99217025312825
14,67.03633227281658,60.02749636453345
14,66.98818603415778,60.009050932458194
14,66.98606803955511,60.02188920197709
14,66.97555810231815,59.95971482663263
14,66.99331008689107,60.042968732162834
14,66.96415220904572,59.9854294879584
14,67.00917595346986,59.95734308141153
14,67.02598107790152,60.01482422773902
14,67.01893976504385,60.03479407185483
14,67.01785245711112,60.01292410335842
14,67.01153675609,59.97969557480676
14,67.03070444813389,60.02626032463822
14,67.01563781775947,59.976589686215995
14,66.98881302195561,60.036974525477206
14,66.98108849937724,59.98739521498069
14,67.02268195062425,59.96487168709404
14,67.04035049392579,59.97865327433581
14,66.99788327322743,59.97356383757711
14,67.01692354621379,59.96852114111121
14,66.95202830127877,59.98743828616238
14,66.99554932128149,59.98157680686747
14,66.97346266937299,60.0252671778804
14,66.99594160174297,59.95265065665427
14,66.96171431070839,60.00637578474524
14,66.96244084261176,59.9844709146702
14,66.97793890330513,59.991656710639774
14,67.02701881298248,60.03724841496643
14,66.98762174683871,60.027096287502225
14,67.00891245301312,60.0285871837724
14,67.01679766706188,59.96883442721758
14,66.9633721079603,59.97097787053171
14,67.02376023922143,59.96648355616086
14,66.99110067863226,59.99484296849735
14,67.03379829193987,59.99466261893425
14,66.96378360686084,59.992841855668466
14,66.95742748961634,59.99835765082947
14,67.009532588994,60.003781793546985
14,66.98999485972702,60.03848046584451
14,67.00567286429,60.015553321566124
14,66.98255509781099,60.026437146678546
14,66.96196814544145,59.98683648338255
14,66.97489908476818,60.02332279449522
14,66.95968059319382,60.0100728002902
14,66.99633205479152,59.98588630555317
26,66.99867063116899,60.03889643541982
26,67.03292341189018,59.987735204319236
26,66.999439758861,60.02456993171703
26,66.96696693940305,59.99579697090994
26,67.0233173637491,60.03010063161894
26,66.97743544406443,60.0363449080197
26,66.98944468867397,59.98940205205718
26,66.964050563202,59.98593902388563
26,66.99522742241508,60.01668135519296
26,66.98224738772325,60.045438850414286
26,67.00714362672127,59.9848769778359
26,67.00511214674889,60.042722006483544
26,67.00540734682954,60.02593126629434
26,67.0035341536999,60.04017018558944
26,66.98873444259391,60.0168815558848
26,66.99157057068884,60.01787324729629
26,67.00617189252286,59.96490309051786
26,67.02152570754916,60.01077376582267
26,66.98855345494512,60.01822303450574
26,66.99575957960889,60.024405399706225
26,66.99638083839478,59.99680890792369
26,66.98004791111914,60.031276410237176
26,67.0076602908066,59.96108515441564
26,67.00274566788988,59.966598250871755
26,66.99955583073627,60.0140366371111
26,67.01801343943342,59.961503995642886
26,66.98258509409288,60.01962853590689
26,67.03978177215909,60.02393382482144
26,66.97263758519624,60.0043716423714
26,67.00167616854704,60.02346870841548
26,66.99037775587935,59.97967881690541
26,67.02696449168772,59.99152643993019
26,67.00342931156207,59.99464426932504
26,67.03089883009297,59.970207883056474
26,67.00476342429643,59.95565116758428
26,67.04574802903713,59.99898773894171
26,66.9919183451382,59.96720849518471
26,66.97906993280316,60.018442534459325
26,66.99109405614422,59.96975432103907
26,66.97235957019001,60.021276647734005
26,66.95169386250312,59.98757131396885
26,67.04666282155895,59.98935284953077
26,67.00081141985487,60.01216829959363
26,66.98893399470865,59.970674275201205
26,66.99729579206645,59.95080304332627
26,66.97835322251612,60.002139097039155
26,66.99647797336918,59.982777628535565
26,67.02764561364307,59.98770869447686
26,66.9904074510647,60.00669857120676
26,67.0244107729099,60.024861898669585
26,66.96679895466796,59.97316924251053
26,67.01796314793228,60.02593495619212
26,67.00455788623253,60.027558901217006
26,67.0470388989812,60.005592882544896
26,67.01729240497312,60.03401388711426
26,67.02828281999399,59.9944539962062
26,67.02998040232595,60.03443009634495
26,67.04341265313194,60.00599347962836
26,66.97503685537622,59.97488815925895
26,66.99012694345157,60.01597055091115
26,67.01879496734955,60.003464152901145
26,66.96162739354837,60.007772352515225
26,66.97062026168969,59.970435759183935
26,67.00997832673818,59.9918782142997
26,67.04100569766442,59.99016222144579
26,67.02166125455807,59.961164847499134
26,66.95643421586897,59.9865210002256
26,66.97610886227501,60.00874453948084
26,66.96817656990692,59.995752415430715
26,66.99416095777352,59.99798442288663
26,66.96523871333257,60.003849757543605
26,66.99204150706689,59.99695312629629
26,66.96641948928854,59.98870760673899
26,67.00022105419662,59.98377761829395
26,66.9818106546365,59.967633918666934
26,67.02246082060414,59.99246678893995
26,67.02605140549107,59.96321298933148
26,66.99665208815892,60.03270027774088
26,67.00523381192872,59.97118058528688
26,67.02361394437321,59.97706320805427
26,67.00039231938308,60.04478405463356
26,66.99123948960155,59.97491162289569
26,67.0133664501681,60.00458550771089
26,67.00372574070258,60.02616679940652
26,66.95517892708287,59.990987773505914
26,67.03158651235101,59.9971338218255
26,67.04833365470378,59.988602020142736
26,66.9921577356641,59.97993650931223
26,67.01785941977357,59.96052832926683
26,67.01464866444374,59.967096639688485
26,67.02874791746396,60.034947060906944
26,67.0227210164997,59.9957963381984
26,67.025441571095,60.039836323395626
26,66.98130134677189,59.99658904340255
26,66.97528882031082,60.00108029394927
26,67.0418503099579,59.97794393811802
26,67.02047646031444,60.0034588176625
27,67.02346672099395,59.968210406211945
27,66.9923956094356,60.04884086510733
27,67.00354264647969,60.041294224044904
27,67.04842439642448,60.00704805275982
27,67.0056452873517,60.00597797668888
27,66.99170201662167,59.96129854702824
27,66.99449936444924,60.01103064348683
27,67.00202920411243,60.023057856897154
27,67.03336423477474,59.97822717565638
27,66.9801736244306,60.00519208546215
27,67.01560401394373,60.04296435945845
27,66.98031142278184,59.99405363648723
27,67.0256155570571,60.000129906285224
27,66.99053442629973,60.00027872915738
27,66.95365681369431,60.007184278786774
27,67.02561529003854,59.97885142906991
27,66.97515058078943,60.00995879286254
27,66.95802774694498,60.02508930497799
27,66.99842233980068,59.95541913619547
27,67.03290676739206,60.01446629004921
27,67.03202648789663,59.96880908666754
27,67.01335426882522,60.006621219066446
27,67.03972188370089,60.00679635820117
27,66.98088020986786,60.00063166176046
27,67.03173443311788,59.99743486873593
27,66.98717504432292,59.99416973484653
27,66.99213198458551,60.0078502973025
27,66.95020411732534,60.00408749851069
27,67.03389761825622,59.99633039997118
27,66.99443527929058,60.002818899299164
27,66.97479455335397,60.02698177464795
27,66.97659443058221,60.04252042438829
27,67.01009021152421,60.00403806717624
27,67.02974239253632,59.972086162685265
27,66.97600054237026,59.99800244585411
27,67.00052699512625,60.02720943959238
27,66.95196134134196,59.99679954994281
27,67.03430795370703,59.99597743354263
27,66.97060163828188,59.973167138151304
27,67.01769712353733,59.98639913552906
27,67.02779862111935,60.017187209986524
27,67.00640395668287,60.044027444830256
27,66.95940007343347,60.019151754486884
27,66.9815413274696,59.96193619326759
27,66.96783594731244,59.97546223359721
27,66.98516215923773,60.04615790048553
27,66.99614284118063,59.95145727514157
27,67.01961377571,60.00002679120738
27,66.99458440590489,60.034531065514564
27,67.00148000964222,60.041097885375265
27,67.02065802358878,60.03964321992174
27,66.97889689318275,59.97094784968818
27,67.0236391577394,59.96672135860805
27,67.01605288997428,59.96392638721207
27,67.01080897879704,59.9765461709539
27,67.0278716201722,59.986761715469974
27,67.01494686423823,60.041654015539194
27,66.9590841193645,59.9994522178528
27,67.01400780068755,59.971328429749036
27,66.99230413180865,59.99093618935182
27,66.97947705972317,60.03726745445511
27,67.03103063716762,59.986353214003195
27,67.02890945179169,59.983904537570105
27,66.96334091216815,59.98231964447124
27,66.9891104888295,60.034655587798134
27,66.95800744021675,59.973985919691984
27,67.03483980771382,59.99701194866706
27,66.99676126160172,59.953001455992016
27,66.98708500821553,59.989106802040595
27,66.98285539500996,59.99159178066926
27,66.9969643380516,59.97152302677817
27,66.99124564533207,60.03682199719014
27,67.02176541586356,59.99061495586719
27,67.03929957486545,60.02275508806272
27,66.96963491699066,60.009803179353
27,66.95620099833206,60.01919135409737
27,66.97625984302826,59.98360256509669
27,67.00029632749062,59.999476145210544
27,67.01927949395443,60.010820107672046
27,66.98206255552468,60.03045530189173
27,66.99681196579026,60.00138112832921
27,66.99004015546201,60.004204782609314
27,66.9682140379575,59.99925785292743
27,67.02643821340665,60.02254530799475
27,66.98994998050628,59.96979364501631
27,67.04032528437756,59.98638536817191
27,67.01316435267684,59.952933444010846
27,66.95600594531372,59.98772762736161
27,67.00810355530002,59.982021579048016
27,67.01743205226028,59.981031995828126
27,67.01508709243251,60.01806080019734
27,66.99851336164865,60.008513330349075
27,66.98536541734843,59.99756632122825
27,66.96997500750545,60.030002390879865
27,67.01998027401751,60.024535000378215
27,67.02885213376379,60.017126667952624
27,67.01647757389811,59.973474406448595
27,67.04868556316218,60.00999491014236
27,66.9869257460457,59.99684347609118
27,66.97955874645778,60.02193898105148
27,67.00862425581717,60.01374389603761
27,67.00114991666298,60.041524927374425
27,66.97947411350547,59.98901468845127
27,66.95270769543183,60.00500715404295
27,66.95592134827321,60.003507226489354
27,67.04542891483527,60.00227593173651
27,67.03823724084015,60.002520858948294
27,66.96049127687874,59.971038468076
30,66.99303641838051,60.00339885430775
30,66.97281151193135,60.00256731761186
30,67.03671463207641,59.98448248308668
30,67.02857311904543,60.039831674419304
30,66.97492687257545,60.02887463222805
30,67.02063594168047,59.97713106643026
30,66.98509887443183,59.9574565582487
30,66.95548449058361,60.01943741610749
30,66.96998438311184,60.02442847502216
30,66.96776451087224,60.00665946183997
30,66.99033935969504,59.99082042559645
30,67.03248783001422,60.00699783122509
30,67.01422636195016,60.0349692213974
30,67.03942636018279,60.01551297996766
30,66.95942783447113,59.9912746980947
30,66.9825717551884,59.96662460415103
30,66.97130857926365,60.022003292646176
30,67.01163157511051,59.989792622751125
30,67.01175317613972,60.018968891127436
30,67.0293986773557,59.998461059673495
30,67.01521252449047,59.99152366476014
30,66.97581975221787,59.987409282054685
30,66.99535076774875,59.99895598290081
30,66.95021041325619,59.998398057545934
30,66.95278731670628,59.99809210291068
30,66.96892625624936,60.03480303806742
30,67.03155152502765,60.03747757270473
30,66.98470666904753,60.02958475928926
30,66.9676883824317,59.99667846022348
30,66.97286984301496,59.984293544627256
30,66.99690106019892,60.03840112957942
30,66.99250001391,60.00629145650137
30,67.0421811506093,59.99616054078975
30,67.02246664886204,59.961530340491336
30,67.02836226182944,60.0182021868402
30,66.99920144082574,60.01993158948934
30,66.98168674871458,59.96937127794618
30,67.00827300436126,59.96417215995935
30,67.01768686803003,60.00242409181382
30,66.97714708229216,59.974015669618574
30,67.04265769419348,59.9970037050166
30,66.96867738789574,59.97777704505005
30,66.97957743407527,59.980052757153665
30,66.9942263166814,60.03549845911191
30,66.97914203030305,59.96213125636898
30,66.98110186649006,60.02249987004706
30,66.99449203515306,59.958084049560405
30,67.00987230056182,59.96033176787885
30,66.9702602747398,59.9867504948531
30,67.04200413859326,59.98296600512155
30,67.04284501414179,60.00013708937652
30,66.96401723756074,59.98518739959275
30,66.9772891454733,59.99358629985129
30,66.98994494640833,60.02346175920939
30,67.03957794895432,59.98624200187413
30,67.03609202991649,60.00835110097735
30,67.00314404348724,60.003898234913784
30,66.9623238956488,59.99882584731147
30,67.02164051421174,59.975810461797344
30,66.9693580967226,59.99565928783126
30,67.03116469507016,60.03792491117029
30,67.0074092796037,60.044452382295724
30,66.97966126338397,60.02129478308363
30,66.99487790970555,59.962737026117026
30,66.95250485871483,60.01197118690035
30,66.98588772694539,59.98656767513146
30,66.98162144561721,60.02291932716933
30,66.96372897324517,60.0332650092117
30,66.95074391417405,60.00831981144376
30,66.98972551558859,60.04264320614037
30,67.01528001361028,60.03408017029937
30,67.01387003863026,60.01062003424494
30,67.02108099879929,60.007975429758325
30,66.9584877822599,59.99418940888975
30,66.98884398513134,60.0038291604675
30,67.04424637333256,59.99665189453387
30,67.01257074857031,60.00753950506406
30,66.98681311577182,59.98825264520909
30,67.00100486952185,59.95040568222319
33,66.95350524553118,59.99060564701531
33,66.98629580435924,59.97590088159291
33,66.96672809368094,59.99650104241918
33,66.99988916585087,59.99181144922658
33,66.99632584223423,59.95454576425148
33,66.95881559439249,59.99954704758162
33,66.97867303707042,60.01643423960428
33,66.9604944684208,60.02620379354358
33,66.98934770978637,59.96081545368198
33,67.02191639310509,59.99238996204918
33,67.03886505916742,59.979579749736835
33,66.97044873223093,59.99705968712032
33,66.98291556651785,59.95530565288694
33,67.01661580947005,60.03308399218443
33,66.98133249862502,60.00944637641879
33,66.98396333713906,59.959241927903136
33,66.99705618604897,59.95326638569578
33,67.01063896963223,60.02983728799555
33,67.00159071088184,60.037660884462554
33,66.99035459428481,59.96597949954725
33,67.02446871090855,59.97501955071955
33,66.974885917634,59.97436477002635
33,66.99085786940343,59.97552116227188
33,66.97387158574946,60.036801943574616
33,67.02994865719366,59.97480361782561
33,66.96682659814616,59.999710536723775
33,66.95969426013211,59.97795343099603
33,66.97863319578208,60.019971124215296
33,66.99122516251536,60.04867604758435
33,66.96041187247314,60.007990800195216
33,66.97460568095063,60.011271461989374
33,66.96399143223516,59.995899469115855
33,67.00352837424313,59.973994214024664
33,67.0060474028973,59.98292922056523
33,67.00262440966958,59.98750664554638
33,66.96562882144735,60.03151006794379
33,66.96984483457614,59.98734668268184
33,67.03883337425678,60.00710619397696
33,66.98552233979242,59.991867632752836
33,67.01889780492778,60.04340028136383
33,67.00848824356957,60.029123695205456
33,66.99833485393152,60.005826637900064
33,67.01423492558122,60.01312944911762
33,66.99789321037068,59.96939475533623
33,67.01167946438088,59.98929605459318
33,67.00667985075118,59.99770687212056
33,66.97148179209225,60.03014632063978
33,66.99527161702312,60.00850743355073
33,66.99801527411856,59.98897273080305
33,66.99310676164993,60.04231512420693
33,67.0067876553034,60.04348779384493
33,67.02446871090855,59.97501955071955
33,66.96986933911666,59.988071313413435
33,66.95961093212567,59.99999581716411
33,66.98349190500188,59.998120524583165
33,66.95934526237636,60.000748385517355
33,67.02347712124376,60.03611920966051
33,66.98816971147289,60.02441531641634
33,67.00762213387432,60.036348332437164
33,66.97301330842163,60.03069332290958
33,67.00044082111803,60.02478207777533
33,67.02445885798602,60.02536593346999
33,67.00780928339584,59.990290028150426
33,66.99758001809182,59.99727271145485
33,67.03815208425708,59.985180207677
33,67.02256843672997,59.9626336243508
33,66.98475227594582,59.98637851738894
33,66.9594346163312,59.9904269527072
33,66.98624526633289,59.96420776081798
33,66.9607946877097,60.01772669591832
33,66.96259282545975,60.0165737384864
33,67.02251636455682,59.97575812177667
33,66.99195641845266,59.98127884762327
33,66.99166601409706,60.0444426092788
33,67.0202946213841,59.972893059865555
33,67.02868332372108,60.03108087375738
33,66.98833298878645,60.03148022822645
33,66.9563281773322,59.98900588800566
33,67.02865597778158,60.03461593888008
33,66.98315026218458,60.003350618564625
33,66.98546789148807,60.02228819958633
33,67.02551281981404,60.02960084591847
33,67.0330872410404,59.99344980524688
33,66.97705343169626,59.99276216519797
33,67.01671249611458,59.991770881981346
33,66.97532537321068,60.028099148782765
33,67.01257558855268,59.971443919409914
33,67.01409681709046,59.97815074040772
33,67.02876707777709,60.03295093498671
33,67.04554599831468,59.98938697173571
33,67.01445063505219,59.999249418189486
33,67.01595083747617,60.04337823397571
33,66.98667136848921,59.969805201274795
33,67.04837746246399,59.99992141994079
33,67.00157846213784,60.0011483051684
33,66.96337506729836,60.03034320688793
33,67.03186848673859,60.036471650632734
33,66.96020480305,59.97070205226731
33,67.0370272539339,59.97630417610543
33,67.02306136855641,59.97868911147504
33,66.98275845521117,59.980965831107895
33,66.98041503771256,59.96166195636408
33,67.03612006490953,60.01822456582613
33,67.0376632270693,59.971467396158175
33,66.99338327651303,60.00304029345928
33,66.97502727181704,59.97835295658562
33,67.00707644808216,59.9832078441279
33,67.04147148915882,59.988251017010874
33,66.97562905814144,59.99058140343465
33,67.02202894089432,59.97162029331715
33,66.98935166013274,60.032804883035276
33,67.03211793656872,59.994017790832295
33,67.01154127916044,59.98474779594068
33,67.02139784313809,60.01329202700049
33,67.01344194384531,60.02037938852463
33,66.98686935770596,60.004799588387186
33,67.00529794163651,59.96713959591965
33,66.96654951137351,59.98345876545944
33,67.02337943394963,60.01037591593956
33,66.98614970089685,59.959835860366105
33,67.00953841474337,59.986941306457695
33,66.99061447790402,59.99551894959581
33,67.00462214488314,60.00635248815511
33,66.97214278648877,60.019415793736066
33,67.00321788082333,60.04598009757887
33,67.0365434837457,60.01638245496794
33,66.99609409625039,59.97072724077473
33,66.99242339702727,59.960896900756886
33,66.9900630268955,59.970639145160895
33,67.03549456617978,60.03123648841576
33,67.0009041458383,60.02918603765542
33,67.01052874931199,60.04803427159498
33,66.98332908310867,59.964779142994416
33,66.95834313022652,60.00729784054671
33,66.96141422586386,60.00866751394268
33,66.96939189886663,59.970424375544376
33,67.00380301231836,59.95199666913085
33,67.01671023659716,59.97478164916434
33,66.98224937317728,59.96079114472045
33,66.99694212329828,59.99815802371994
33,67.01089107836516,60.00382216921849
33,66.97076455251903,59.98593973516862
37,67.04255631099993,59.9965711329252
37,66.99884452242279,60.00072817505406
37,67.0313899823003,59.96310223220609
37,66.97647652002134,60.02380146546225
37,66.9803354999985,60.0369059212913
37,66.99955686378229,60.03833591302171
37,67.00378174380084,59.969052478457456
37,66.9966625942647,60.03555326856614
37,67.00706695160981,60.03076345028198
37,67.03577655651317,59.97633387828172
37,67.01906647308707,60.034637432381416
37,67.02669075249835,60.01036957125832
37,67.03425355971495,59.96451507737204
37,67.01752982342937,60.00323419557232
37,67.01343361923063,60.013171635823745
37,67.00693707570878,60.02636829832332
37,66.95500699592029,60.01051298374694
37,66.97714021199414,60.0367740434871
37,67.0289754028005,59.967112200972565
37,66.99247079229323,60.0403947592837
37,66.98262697736793,59.97321902701133
37,66.98701878715579,60.00542272201538
37,67.01914160408501,60.00236751936812
37,66.99129239388145,60.04670940912342
37,67.04266425001103,59.979778534875244
37,66.98266186454133,60.010501072350145
37,66.9911048316978,59.97511045255882
37,67.0088911015397,59.96816952004647
37,67.02232461834284,60.04291608816704
37,66.95413010368874,59.986487016591425
37,67.00341032272672,59.969680076701295
37,66.95234474650226,60.00410908931349
37,67.0236155952468,59.983666853873274
37,67.00609984577807,60.002294683282415
37,66.96980389176967,59.99220570225437
37,67.0404442774741,60.005777391660175
37,66.99120200352853,60.00884245584442
37,67.02790399287788,59.99007785882974
37,67.01291878648156,59.98571108352413
37,66.95397255993277,59.9867334764051
37,67.03507739998781,60.020099415386085
37,67.01602751424379,59.98794948086734
37,67.03814993876635,59.99027440515565
37,66.97473238780111,59.96051460327362
37,66.95073801709901,59.99964206512611
37,66.99609409625039,59.97072724077473
37,66.95409169428436,60.00166366010595
37,67.00523499302076,60.002969171085134
37,66.98635182402329,60.02044650221714
37,67.03042811391568,60.02715104323367
37,66.97647652002134,60.02380146546225
37,67.03755916777891,59.99291934841989
37,66.99703238107041,59.99752898760208
37,67.0299755817915,59.9784439645002
37,67.01481314190676,59.98462659137627
37,66.99457884985009,59.965971479950376
37,67.04730693609609,59.997872719439705
37,66.99856658438433,60.003373602440085
37,67.0172300435331,60.04528615339461
37,67.02180550553095,60.03818885310967
37,67.00901350550592,59.954656072045886
37,67.04144760422972,60.020908889819026
37,66.97915490272797,60.04396360240129
37,67.03121210891958,59.99315514443093
37,67.02629177807717,59.99783906692383
37,67.00439216965657,59.97198854811084
38,67.00897498755882,60.00564565962711
38,67.01527242913113,59.98015237271516
38,67.03297677748712,59.96386170106323
38,67.036198263791,60.02861542545672
38,66.98284967065597,59.96482146783326
38,66.993640855015,59.97991006164196
38,67.00772840560647,60.03439124082951
38,67.0087314257372,60.0228951949989
38,66.99608285372275,60.007288156006354
38,66.97122708378471,60.03311421719956
38,66.97636652164317,60.034898448415476
38,66.97513923499575,59.98315522593199
38,67.01645975347262,59.96355944918679
38,66.99614861750332,59.99778651050995
38,67.02258199947255,60.001950683700315
38,66.95847475623188,59.99751458213774
38,66.96228524655258,59.99248906793231
38,66.99470686452881,59.96015091757406
38,67.02830844619356,59.98340623169222
38,66.99004015546201,60.004204782609314
38,67.0263678849972,59.98628668473924
38,67.03055055455303,60.00826956413279
38,67.03442729934866,60.00118254792369
38,67.00301800492913,60.04100653854388
38,67.03683644591767,59.99130615118163
38,67.03416457000911,60.00307607400452
38,67.00534077940073,59.9752395400952
38,66.96992664841356,59.96047555167453
38,67.04264722411764,59.986888862346376
38,67.02377710473847,59.96788813503206
38,66.98815024193846,59.988697810186885
38,67.00416461068075,60.03750995680619
38,67.0176746537184,59.986932689389434
38,67.03021320881933,59.98024972881926
38,67.02000398511909,60.00468143458424
38,67.0300454132761,59.96265962848829
38,67.01843935425109,59.99549196649267
38,67.01613531534035,59.98203093759904
38,67.00594355294652,59.994832832574964
38,66.9706133526839,60.02569583625256
38,66.98834549672031,60.00533368751979
38,67.00941030043383,60.04768702456057
38,66.98329466981076,59.97371413531484
38,66.9901467927439,59.95323747418671
38,67.04095681162593,59.99647038229486
38,66.97030347886987,59.98369187731434
38,66.9981376513151,59.9775048336569
38,66.97575476316304,59.98131627619985
38,67.03187796860237,60.03352135978392
38,66.95533477946778,59.98255334281703
38,66.98344529076365,59.99028862030725
38,66.9586768995955,60.02039851673563
38,67.00809794477838,60.01374836554627
38,66.98397014277637,59.96935119529719
38,67.01704482888795,59.95597875983849
38,66.9887742424828,59.98340549123997
38,66.9618743263043,60.01757163307992
38,67.0394015162472,60.000474941024
38,67.0270294940379,59.962237880822826
38,67.04561249259092,60.017814255761834
38,66.98196617973124,60.0396810496183
38,66.98417705468215,59.97249443978732
38,67.00368499920087,59.960925058524325
38,66.9685407234262,59.99890811506495
38,67.032637826387,59.984050948895934
38,66.95592278824488,59.98885684110575
38,66.99801793699613,59.981053243497215
38,67.03064245733118,59.97262894067523
38,66.96547645535914,60.02458971916668
38,66.99306852394226,59.96995723326667
38,66.99681381459372,59.957641208287846
38,66.96552255367907,59.97919345883933
38,66.98536541734843,59.99756632122825
38,66.98573745507744,59.971753212096026
38,67.03896115053772,60.003677792673436
38,67.02775446050241,60.02460328553172
38,67.01984885943843,59.954597823596195
38,67.03143828832944,60.00030169372246
38,67.01645280562826,59.985530727300585
38,66.97569946829587,60.024645576708124
38,67.0239525011935,59.98981841110961
38,66.97675680810836,60.009771515560274
38,66.97581950042925,60.03117327752421
38,67.02111405018559,60.0212990309857
38,67.0155218885464,60.023920098709176
38,66.97393023709692,59.99080906060694
38,67.02258112567036,60.03206860073044
38,67.01336647383067,60.03283981632233
38,67.00032485744477,60.02953058277206
38,66.95736579360378,59.9950756115548
38,66.9980860220873,59.983428152943844
38,67.00223865123361,60.01905009367607
38,66.97842242974038,59.97301056510322
38,66.99979997732663,60.01130488580718
38,66.9706050355602,60.010417129663146
38,66.99182673324611,59.98838745195755
38,66.95851510485146,60.002941984347075
38,67.04270296149662,59.98358736545392
38,67.0232833345147,60.008077407730624
38,66.98523272055287,60.01893077158795
38,67.03069972383078,59.97563863071884
38,67.03454668286389,59.981607760365975
38,66.96920597078508,60.004844883125386
38,67.02469732135293,60.00998500341924
38,66.98210312474197,59.985634094716325
38,66.974472073711,60.00730603382964
38,67.0050790023962,59.996492320606
38,67.00359002320492,59.976168523175254
38,67.04076261654268,59.998646407705024
38,66.9868208054175,59.952492520351925
38,66.98009145191831,60.01236886986258
38,66.98410760658642,59.97298088096707
38,67.02461218252793,60.02345287120235
38,67.02736830138781,60.011463368447515
38,67.00108419170101,60.02829571462274
38,66.98563277917762,59.96752808151402
42,66.99919193406821,60.02941576057413
42,66.98374280842825,59.95640658003427
42,66.98257968630759,59.96313403760269
42,67.0347742149596,60.00446902923768
42,66.99946393808253,59.98252443136143
42,66.98661891043632,60.01090529242135
42,67.02463244299442,59.964074048684196
42,67.01315180003725,59.95862101251428
42,66.97781247197852,60.01869096493896
42,66.99431558019543,59.954077065126974
42,67.03022981322776,59.99924993521642
42,66.97419621055087,59.98934497859982
42,66.96147809842682,60.00763593275764
42,66.9667943841991,60.00054335761344
42,67.01243880538267,59.95825898723699
42,67.01435615996883,60.01708560006829
42,67.0074758184513,60.02799414831625
42,66.97883318877886,60.03485896550546
42,66.98216693750852,59.99155109014195
42,66.96802519607773,59.99153180615065
42,66.9965200207251,60.04694413110451
42,66.98223538160106,60.01523173903253
42,66.97334010775269,60.010772429976804
42,67.04150493319308,60.014292729907716
42,67.02708700490375,60.0155882729301
42,66.96648358019152,60.00836276334654
42,66.97789131861032,60.0171154200975
42,67.01203613448286,60.03378647815795
42,66.99130822644341,59.965300626076605
42,67.04144291974504,59.99522650101573
42,66.96696693940305,59.99579697090994
42,66.97568963592403,60.001539424299445
42,67.00988358498839,60.02593475231458
42,66.95996274600468,59.97823561458044
42,67.04038205498492,59.97994664111515
42,67.01869406743117,60.01553405262474
42,66.97086417976264,60.02062830581905
42,66.97786845869953,59.96436975833206
42,67.02599585030997,59.99137687542509
42,67.02755704839579,60.03695044216399
42,66.96943389075987,60.0124587138034
42,67.01821835405168,60.029961266317756
42,66.97362061319225,60.00982035991317
42,66.96559820284097,59.97964129074751
42,66.95926791988103,60.02890167441901
42,66.98014903673075,59.994491067934064
42,66.9506546062686,59.993532847891515
42,67.03549456617978,60.03123648841576
42,66.95474584566854,60.012699291993655
42,66.99344521610361,60.009389529892374
42,66.98841964531552,59.9782506816801
42,66.95809385508373,60.00110787232182
42,66.97701745772123,60.02427329803858
42,67.01467290475577,59.9906545050296
42,66.98012223662555,59.964974532623124
42,66.97185720670242,60.00394964742746
42,66.97250920060908,60.010991023638155
42,66.99788849391705,60.000807713872305
42,66.96474983252693,60.00621711740219
42,67.03010585762442,59.9792653786695
42,67.01868685576615,59.95696928556744
44,67.0003596356143,59.958028907233924
44,66.95932326885077,59.988105174013164
44,67.00614162201609,60.00377713655592
44,67.0224527008686,59.990072849869414
44,67.00529749453158,59.98242088262495
44,67.01511389976068,59.95881136280179
44,66.95331152059848,59.98567503080847
44,66.97730130620718,60.00958677623074
44,66.96653787173378,59.98012639424749
44,66.96636917935095,59.995389486723695
44,67.00405967041985,60.03317120880892
44,67.04663153951313,60.01684927775685
44,67.01063252028733,59.98443142664608
44,66.9583192802324,60.00980272911129
44,67.04599590535982,60.011490635051516
44,66.9860797439038,60.043901150378254
44,67.00262285095532,59.96626851248689
44,67.03513332729801,59.97718376119963
44,66.97697319440407,59.9733378711892
44,67.01359856306085,60.0189057166474
44,67.0198034933271,59.96833163862698
44,66.99306485894095,60.03623293754662
44,66.99975573411356,59.98468615346698
44,66.98438158036538,59.96595842515798
44,66.95222389259186,60.01429104203439
44,66.99093926773462,60.017770388596844
44,66.95378487785675,59.99358860555221
44,67.01309385780189,59.97876419406052
44,67.00787804810255,59.97712640453715
44,66.95544621520057,59.99128810968347
44,66.98571145857778,59.97965828747891
44,66.95133221299263,59.988676848528335
44,66.98475456633726,60.036081240335136
44,67.00169875262561,60.04311431591465
44,66.98158778517559,60.00206391561994
44,66.96854455466078,59.9838513425055
44,66.98306708312323,60.04243037598834
44,67.00415431936737,59.96658171007368
44,67.03042811391568,60.02715104323367
44,66.99853836032604,59.996939840972836
44,66.9612564770439,59.975426654955946
44,67.02870169055025,59.968174386777875
44,66.97543444613434,60.01191645184748
44,67.01922367459285,60.02554619409871
44,66.97356981940233,59.99477960473786
44,66.99849737174695,60.032211067209936
44,67.02378230580379,59.970859436375676
44,66.99743602012511,60.0296901085226
44,67.01787181577174,59.96683651215301
44,66.98938139605835,59.99567936454934
44,66.99815792048972,59.9932279089178
44,66.97754902329199,60.00916650193886
44,67.00029613988504,59.986779941741204
44,67.04426226163251,59.98632590396526
44,67.04175457144925,59.99042636340555
44,67.02133398237093,59.961288589063116
55,66.99398513092613,60.03777077564151
55,67.00714343376971,60.032638774909195
55,67.031477561617,60.000746664334855
55,66.95319831093177,59.99776402578815
55,66.99182701505268,60.00719773746863
55,66.97567010661977,59.97586370016046
55,66.9770787329875,59.97814278048842
55,67.00391668070337,59.99655025205695
55,66.9516207509772,60.00609442250441
55,67.02028376909009,60.02326697322414
55,66.98456490122874,59.988062673669795
55,66.95243781299273,60.00309302352515
55,67.02272555740448,60.007108426123956
55,66.99837450244726,60.0321813947516
55,66.95505534401724,59.98809353416725
55,67.00267459316048,59.979768706232306
55,66.98751853847591,59.97336870447213
55,66.99279509534635,60.04575683675532
55,67.02461322042255,60.03416742932225
55,66.97718589947947,60.008987143226896
55,67.02025495489117,60.0422840073997
55,66.99716866556498,60.0274641081357
55,67.0398687381686,59.99430377687012
55,67.0109452269,59.99047260549734
55,67.00389680831496,59.97006496524274
55,66.99261857663333,60.038686454289845
55,67.00963503776644,59.95933372747589
55,67.03405431195519,59.994183462700526
55,67.010532708593,59.99388359502169
55,67.01493465366369,60.00409150831428
55,67.03607224548276,60.01375634064134
55,67.00887826713486,59.976714348746164
55,67.02645961538555,59.95885738339689
55,66.98549183451921,60.00627989665365
55,67.03387327258928,60.0117185571512
55,67.035652952057,60.01530540029121
55,66.98253496463747,59.95505852984812
55,66.95485101744661,59.98834184239849
55,67.00473259221035,59.953439277389684
55,67.02952317104658,60.02877421335836
55,66.9811209866066,60.0095268687954
55,67.00795284231806,59.955779326717604
55,67.02172163978584,60.0218198679475
55,66.99910485108896,59.97843291080728
55,66.9610440890761,60.011328604269565
55,67.03071201710397,60.01851457985767
55,66.99353341658215,59.96747280626591
55,66.99775936656506,59.970033104758734
55,66.96228372116029,59.973971950998596
55,67.0236493621756,60.00110777319728
55,67.00985181917476,60.04352694083531
55,67.03553337644965,60.012917830008575
55,67.01100889841949,59.99769108098963
55,67.00893235359591,60.03897369762111
55,66.99260437756654,60.03253207637215
55,66.98263802698105,59.96532981821249
55,66.98985486299496,59.95162681523252
55,66.98881591749489,60.03966654442607
55,66.9606733633988,59.9814662039581
55,67.00427876847354,59.973397665932545
55,67.00883610979393,60.041315139875074
55,66.9832273667893,59.993496470478284
55,66.99722109925176,60.02832331859672
55,66.98026482685908,59.96094429198586
55,66.9921786293908,59.95580480979128
55,66.98652964539686,59.9612684838472
55,67.03970989943421,60.003519629446565
55,66.97197643724908,59.990704876615325
55,66.98775537045589,60.04048492785133
55,67.00220953024477,60.04731305400847
55,66.9604628155096,60.021273104183265
55,67.03195494221507,60.01946235749412
55,66.99823554702189,60.020832264598035
55,66.98808181468918,59.97720627575329
55,66.9725416614259,60.03241213460369
55,67.02112946622667,59.98761807748726
55,67.00090611684587,59.98238370279618
55,67.03332556956579,60.01744012744695
55,66.99008721909827,60.01500064308014
55,67.03177132958825,60.015607406637876
55,67.02793555574843,59.993992537606516
55,66.96367349845137,60.01631122952429
55,67.00761834152371,60.00078620343928
55,67.01824047486132,59.97830795081049
55,67.02181902949494,59.98535910734469
55,66.95564981066089,60.01773943032583
55,66.98312956541395,60.043651691328186
58,67.00301800492913,60.04100653854388
58,66.96285287679186,60.00383249290403
58,67.0175998452633,59.982888435136346
58,66.96455980880717,60.01616254673888
58,66.97862612437925,59.997433202146496
58,67.02287187050675,59.99481703928948
58,66.97168943797892,59.96640448148219
58,66.98713480063408,59.98740915107357
58,67.0409369716067,59.99043451469016
58,66.98164627184782,59.96162770421909
58,66.98105111838102,59.97847583311082
58,67.04566017497667,59.982144361924355
58,66.99773694235392,59.99275182260817
58,66.95951071282944,59.97164977772142
58,67.02884193114937,60.03116620346328
58,66.98807670560088,59.98583260695079
58,67.00346843937034,59.99531262748479
58,66.95821970555605,60.024279318716175
58,67.00868056372194,60.00861441126452
58,67.03344164451082,59.96990825430923
58,66.97693960747219,59.97762438101652
58,66.97566230469943,59.98145410289329
58,66.99149913163653,60.02134322666792
58,67.0287423971289,59.97359906641145
58,66.99232394885325,59.969484703371975
58,67.02795625386214,60.041299565483364
58,66.98753786747864,59.98407648307712
58,67.00619686835223,60.038815608280785
58,66.98061716923483,59.982839316812544
58,67.01964898047991,60.017978315515734
58,66.98148695068186,59.97836400120459
58,67.01807915756477,59.961509507911
58,66.97606041577164,59.96334354158838
58,67.00055515123842,59.958862649867214
58,67.00259663149676,60.04391612918036
58,66.96102933889193,60.01842039293039
58,67.01105540598668,59.991161080542554
58,67.01444511148763,60.04419652458458
58,66.9846471786495,59.97602846956748
58,66.99849971339616,60.02216761187591
58,66.98448555736515,60.04582604011472
58,67.03503664446448,59.99047164652618
58,66.9727722835718,60.02852068745492
58,66.99692720648456,59.959312500245716
58,67.01782522620205,59.99906914271297
58,66.97334213112043,60.009569361005724
58,66.95662407767482,59.99276223119562
58,66.96247289303798,60.00130833900779
58,67.0217132791785,60.01532800522533
58,67.02855853887533,60.039937561530394
58,67.00073277309332,59.955689859493766
58,66.98297854573376,60.02945873841756
58,66.96112532720906,59.987298136869114
58,67.04311581079705,60.01267653313757
58,67.0145652344066,60.04756042339421
58,66.99470399144573,60.00695351388819
58,67.03624241186051,60.019559321700456
58,66.98511038492387,60.0465758232351
58,66.98968540486143,60.04539569842088
58,67.01508065541825,60.03914019319297
58,66.99868919139423,59.95407272937736
58,66.99133994365455,59.98131715261284
58,67.0236480063008,60.027157986794315
58,67.01620163219651,59.984258127267154
58,67.0299049863101,60.03617577695062
58,67.02259661690923,59.95719896093369
58,67.03536872338637,59.99786271314562
58,66.98876335670423,60.013491211015314
58,67.04540214658977,60.00112124704903
58,67.01289047758553,60.03187552703964
58,66.98117512747231,60.008000577351694
58,66.96654878505329,59.98477755674378
58,66.95353735780431,59.997893759245244
58,67.03866235488198,60.02519861840748
58,66.96791578181907,60.00265612015695
58,66.96442292362474,60.02346318464807
58,66.95555562364186,59.99991232240069
58,67.0000356902184,60.01248201322114
58,67.03803707081232,59.995943729145125
58,67.02127957505368,59.98417411410864
58,66.98521870498806,60.008349513070634
58,66.97637218675244,59.970455607386775
58,67.03037768665055,59.995790056299285
58,67.01613360569338,60.034226082066745
58,67.04837746246399,59.99992141994079
58,66.96395990769226,60.00092423605303
58,67.0064186029673,59.98228004332527
58,67.01054757388582,60.007481479100434
60,67.00499936664927,59.99474727864194
60,66.95278731670628,59.99809210291068
60,66.99729907330384,60.045516994235214
60,66.98464085374553,59.98057141374556
60,67.02605140549107,59.96321298933148
60,67.03663750965595,60.00161517183045
60,66.9862952874781,60.02842566483873
60,66.96228786689886,60.0143602074358
60,67.03460431400993,59.99693844658004
60,66.9693173934853,60.02194220589707
60,66.99590962815293,60.03053047977081
60,67.0235864416886,59.986088498787836
60,66.99337575367102,59.956930082799936
60,67.02319894492841,60.02964346961586
60,66.98458404578209,59.95611053720657
60,66.99690106019892,60.03840112957942
60,67.00192859895166,59.97298470866296
60,66.98024273812041,60.03971685020135
60,67.00954349130001,60.03056991444837
60,67.03914188797472,60.000611093848256
60,67.0415441190279,59.980198366302346
60,66.95928233990946,60.02509349922008
60,67.00506804731707,59.98251096558705
60,67.01943085997279,59.9853269350065
60,66.99073320809245,59.99784293726051
60,67.03253023758892,60.00055506533415
60,67.00745978412733,60.02731037624914
60,67.00229875339105,59.95255459021706
60,66.9729697493122,60.01274859547958
60,67.0097640629727,59.99886557609761
60,66.97466867549933,60.03734650499041
60,66.95942038655339,59.991448379825606
60,66.95716066517925,60.01810892365782
61,67.02560005253333,59.980584315638
61,67.01890470481237,60.02943112797058
61,66.98802510136716,60.0074495931374
61,66.99608004776043,60.0059710801595
61,66.98615621343076,59.99163768727643
61,67.02525912440791,60.00310988736136
61,67.04545893452996,60.0181764700521
61,67.02902304886929,59.98994169196415
61,66.96600166394578,59.99692970310437
61,66.99896840030688,60.04265778197299
61,67.02481356090608,60.03753829781852
61,66.98476596081339,59.99903738720719
61,67.01593074626402,60.024157989606366
61,67.03458224632774,60.00077684234768
61,67.03832943301371,59.970043199174114
61,67.00715809742569,59.956328175098804
61,66.99433854716736,59.96705134598697
61,67.03788983895035,59.99952103201399
61,67.04348764907829,60.01734865787191
61,67.01468062459686,59.952331455824925
61,66.97518349317333,60.0236539042158
61,67.01224723521693,59.99215059018341
61,66.97549914794428,59.98283002411564
61,66.95909823381459,60.01461913777803
61,66.97718589947947,60.008987143226896
61,66.98763804709405,60.016140249592205
61,66.96700009715478,60.01769047148233
61,66.98786915625433,60.02752777027776
61,67.03866462522345,59.98029612655848
61,67.03638373089962,59.98609516566396
61,66.99558407513622,60.03403097988252
61,67.0361055527165,60.01813990279304
61,66.97895194729352,60.04319397276557
61,67.038615562114,60.02402996204143
61,66.96174712645598,59.9844663343391
61,67.01956742713736,60.043785843300135
61,66.9795807309378,60.01213498478181
61,66.97239005701542,60.032327358918785
61,66.96674507798171,59.997788879067194
61,66.99763283403007,59.97739614501195
61,66.97295397078979,59.971689399851314
61,67.01755021619871,59.963314090798
61,66.97035273575514,59.97237498312999
61,66.95570924302652,60.008666299118815
61,66.99333337130352,60.034858644417916
61,67.02954284113628,60.037084454561935
61,67.03365374369561,60.030295068362214
61,66.95153945468445,60.010796690560575
61,67.03813892156555,59.96906210102479
61,67.01923066853077,60.00110829433037
61,67.04041189811372,59.989222782032556
61,67.03974520829662,60.02957509961967
61,66.98533522451852,60.0015859212123
61,66.97218526355712,59.96985659938539
61,67.00639335545905,59.984619340949045
61,67.0258359450261,60.04164133309091
61,66.97274054376726,59.988227029795446
61,67.00980271998806,59.962057795684814
61,66.98766438155727,60.004406640178466
61,66.97641936440067,59.99094352567855
61,66.99499302777588,59.96748225266912
61,67.01769820336925,60.02924091188088
61,66.99073851847933,59.982554200909526
61,66.95330076288762,59.983806156670354
61,66.96024145794019,60.02219376979238
61,66.97676133603872,60.03797012010161
61,67.02858072187595,60.03350697458411
61,66.9614663123728,60.030951277367755
61,67.01895930115079,59.98196872514209
61,66.98098147913596,59.967490903767796
61,67.02687668068144,59.96372106899712
61,66.99740598675719,60.0201211572459
61,67.00142937580135,59.96050348083486
61,67.01486810719878,60.028686244644746
61,66.9828744965249,60.02116159571505
61,66.96139809663198,59.969505275454395
61,67.00413786529653,60.0246622077304
61,67.03407698072063,59.97985603650997
61,67.00699278557784,59.99150701981294
61,66.98961630069067,60.022057582643114
61,67.0047661068304,59.955212371957195
61,66.97734081372634,59.95840184164705
61,67.009532588994,60.003781793546985
61,66.96706788871195,59.964200298949294
61,66.98545041790759,59.981390745884035
61,67.002359056749,60.036826097872364
61,66.97381595216805,59.99704440098173
61,66.98402168685863,59.989917453867264
61,66.96972128732396,59.96105400828369
61,67.0235091788285,60.04025899770869
61,67.01206987453818,60.000178329641976
61,67.00177303629697,59.979503977274334
61,67.00330350496513,59.96291629574459
61,66.99314342564624,59.992112506010514
61,67.00593411514124,60.04618350936427
70,66.96048780141759,59.99841256288496
70,66.9931058060808,60.01223098173179
70,66.99788361553095,59.98063566419275
70,66.98526280117738,60.03359016087956
70,67.01380142938777,60.04351513029124
70,67.01960981724146,59.95933575269565
70,66.9854260707162,60.03029352357285
70,67.01309778037319,59.97102797731725
70,66.98421876165675,59.97033197909049
70,66.9640929904495,60.02726893533032
70,67.03195394392748,60.03091177322218
70,67.02939476395488,59.982016948179286
70,66.97974836730675,59.96572387730803
70,66.98006336507632,60.000113084627685
70,66.9974696495837,60.04267624308944
70,67.02252764369771,59.9698861038348
70,66.97074459649592,60.002308175945686
70,66.99855688542374,59.988430917545585
70,66.99829782143351,59.976306766165564
70,67.03268579781172,59.9724889345346
70,67.00265505345284,60.03773532634888
70,67.00865792906644,60.01697975671817
70,66.98896826238803,60.00169696780245
70,67.04524890453793,59.97903811571769
70,66.97292632688374,59.96992567961567
70,67.03084331979694,59.965364081384074
70,66.99706352090305,59.97763912177703
70,66.99563619163085,60.02232541078518
70,67.0278226874371,59.96826962591977
70,67.013307156078,59.96279783234678
70,66.95787234277276,59.97724120542889
70,67.04191095500103,59.974701419833075
70,67.0438314946383,59.97910930862314
70,67.03001636010845,59.97719772886196
70,66.95271685457219,60.01321983887125
70,67.00427876847354,59.973397665932545
70,67.03868112670797,60.023849732691936
70,67.02394955650206,59.97556935082074
70,66.95991331542996,59.977264220229934
70,67.00802777376401,60.04148078737732
70,66.95838787874678,60.022988116116494
70,66.97604785943105,59.964486002811825
70,66.98927289906213,60.02272895627902
70,67.03901196340888,59.97955775664594
70,66.99894506602051,59.97933579526757
70,67.0217759254297,60.01824527326294
70,66.9634105101025,59.996100225473626
70,67.0466835924341,60.007559146672456
70,67.00774053274634,60.02986856025221
70,66.95845339434217,59.993125622475056
70,66.98679028445528,60.029318805759516
70,66.98050291528993,59.96248460243504
70,66.98585596818432,60.03960184303402
70,67.03041640853831,59.96990414934413
70,66.99191320942475,59.981270347359235
70,66.99485682183126,60.02189069227036
70,66.99453251545418,59.98294918891626
70,66.961506858286,60.01764488749475
70,67.04700852926166,59.986950723661586
70,67.03575103106498,60.01423420069588
70,66.96972646460884,60.039164025658955
70,67.01677495211055,59.98621661333093
70,67.00968360840895,60.01703710166345
70,66.95468003249086,59.98580993664955
70,66.96159111275489,59.97325697086217
70,66.99540397426347,60.04245177265154
70,66.98025054383352,60.04001681184316
70,66.98619214460716,60.047721986006295
70,66.99390575575534,59.99608728964269
70,66.98852366641846,59.97496809768818
70,66.97437501193718,59.98320541956339
70,66.97264557366701,60.03243227804992
70,67.01191353046451,60.04692669677519
70,66.97606884819564,60.037614473635536
70,67.02607973722947,59.97182715778875
70,67.02530327174034,60.0166980335307
70,66.97747621897888,60.03823957064616
70,66.98513370780655,60.017242215481716
70,66.98885451148958,60.012379841945794
70,66.9683159176474,60.03504432584223
70,66.99777620211296,59.96450643534687
70,66.9664958465675,59.980684507118845
70,67.0201688469317,60.00793998867224
70,66.96111235566794,59.97346826277065
73,66.95917908831355,59.97393042004864
73,66.9545449536939,59.97952532842493
73,66.9583138262501,60.0024411823432
73,66.97402248455033,60.04122515597429
73,67.00220966758631,60.03049325137989
73,67.02370972688514,59.97315155483422
73,67.03161733115647,60.003247521105955
73,67.02729204774732,60.011290830484704
73,67.04284626896228,60.011128088901955
73,67.04053046184423,60.01753676807138
73,67.0236513571141,60.026646340801875
73,66.98424686458725,59.99587572962043
73,67.02221717786828,60.015194677789786
73,66.98943369039861,59.96353830896636
73,67.01583237041692,59.95400292047797
73,66.97501491769061,60.02787073899275
73,67.01895972879754,60.039250548135314
73,67.008178504182,60.01944972091045
73,66.97608411875459,59.983415411502385
73,67.01852677198849,59.979655008608724
73,66.97110850841209,60.02661627150968
73,66.96348884666058,59.97166952942379
73,67.00150983495413,60.02066527725772
73,66.96340909787622,60.02901583208522
73,67.03206271915893,60.00373872190962
73,66.98944712291255,59.97625199452033
73,66.96375231477614,59.997216152978346
73,66.96032643310866,60.01970213420173
73,66.97142496575276,60.03304687841966
73,67.00259512078668,60.04410257859843
73,66.98250926389453,60.04335158758995
73,66.97053925144832,60.00241632039343
73,67.01427527645416,59.959799352159294
73,66.97785202629098,60.02682122636014
73,67.01553028005246,60.03820130285228
73,67.01212855598804,60.02952696524019
73,67.00924880722765,60.01356865167886
73,66.97473664974544,60.004102783433105
73,67.00717756203996,59.986919564625644
73,67.02358596392115,59.992635556785615
73,66.98106867891624,60.00821321180463
73,66.99788072418346,59.96656167697362
73,66.98809694078466,59.98059926191545
73,67.04429383796736,59.985839082240716
73,66.9521405752117,60.00347243232486
73,66.96089551774058,59.98157589513875
78,67.01753909972648,60.01945581848932
78,66.99694212329828,59.99815802371994
78,67.00576066721442,60.04096268135773
78,66.99296362052839,59.97628486058428
78,67.01519291990651,59.957853535057964
78,67.00481612621962,59.97241611819973
78,66.97705057221998,60.00434584249731
78,66.96129584740369,60.00421124413457
78,67.04254820132711,60.00567025712763
78,67.02528704933933,60.016113082863725
78,67.03903327825921,59.9957218845082
78,66.97035538694989,60.02958544973227
78,66.99050068331228,60.01620580842146
78,67.01343000334799,59.954127188235965
78,66.99118922992918,60.004612415674124
78,66.98318957281793,60.024979893461406
78,67.01402315305558,60.01827793516354
78,67.01109566860039,60.010038063889866
78,66.95911364001618,60.01662949271713
78,67.03651971336086,60.003664894988944
78,66.98993555364233,60.03470571467142
78,66.95925505644135,60.027119853267685
78,66.98982862827485,59.9884472720514
78,67.02325306551312,60.00997095332682
78,66.98493314043435,59.99477512290174
78,66.98284279400548,59.977945256330024
78,67.01743700455849,59.97628750975904
78,67.02050743406474,60.029825400413515
78,66.97667941622933,60.02028763063546
78,67.0417316375945,59.97723156813319
78,66.9596733346327,59.981271993808186
78,67.00031021895,59.99207566876066
78,66.98404633436874,59.985889884930465
78,67.03552477924246,60.02593303792302
78,67.00748191651478,60.031412124208295
78,67.02446529635087,59.962926811562525
78,67.00074449132546,60.03490538496136
78,67.0261945413635,59.974740917665954
78,67.00097920455305,60.0167584063709
78,67.01315379159864,60.02495837756478
78,66.96640938757469,60.001744968582585
78,66.99417115243749,59.95667237250796
78,67.00445861049141,59.99837473704666
78,66.99470817289973,60.00100700067835
78,67.04983559977012,60.00352262464728
78,66.97687254523522,60.00916654500405
78,66.96071260569879,59.970370429187746
78,67.0358730460844,59.96773210512242
78,66.9966438574508,60.021024145071436
78,67.01413609237736,60.01265322439766
78,66.97617566958556,59.97999324164508
78,66.97998326925023,60.044466823295075
78,67.02036963516986,59.968392950537734
78,67.03208110475475,60.020719583201746
78,66.99985558935391,60.0258247712964
78,67.00504584112214,60.012677278738856
78,67.01075185092503,60.003650574989216
78,67.00689770495794,59.98183944188401
78,66.98937279579113,59.97414149705532
78,67.03889534655083,59.97475971315132
78,66.96550894499603,59.99060452092677
78,66.97998915372625,59.97116075867845
78,66.98614702959654,60.000655063451994
78,67.01636114564226,59.96732996982122
78,67.01741742297133,60.04146697435061
78,66.96055007337281,60.021858057747004
78,67.01176365039775,60.0438156344805
78,66.97369273140775,59.969847493265725
78,67.0154710954738,59.9800118539991
78,66.96114395326184,59.97049807557317
78,66.95139085827849,59.998869323442264
78,66.98701187027467,59.95987723427703
78,66.9525071485065,59.98687375302577
78,67.00760010848671,59.986870099321784
78,67.01170053983729,60.047188582051014
78,66.99925983193488,60.01769384099671
78,66.9626770599513,60.01518499783577
78,67.03664065074764,59.97400771711877
78,67.04941309735565,60.003600049899646
78,66.97646167488406,60.035756598593416
78,67.02568055683709,60.00339686062946
78,66.99772518505387,60.04249151507197
78,66.97636652164317,60.034898448415476
78,67.00443733388191,59.99791921615868
78,66.9905025664909,59.96806773777597
78,66.96077619265414,59.97581918489682
78,66.98960306717254,59.998663978869565
78,66.96078721913351,59.99956610085291
78,66.9935705010443,59.99668553042078
78,66.95428360893295,59.98861636456488
78,66.95438206055766,59.983593319557976
78,66.9960069850466,59.965801139346205
78,67.00574305027536,59.963504866297775
85,67.0169916750806,59.96101827728205
85,67.02251234007372,59.967886402687824
85,66.97086417976264,60.02062830581905
85,66.97008939294885,60.011973513605156
85,66.97011897751948,60.016780940597755
85,67.00747973523676,60.01962239244153
85,67.00159038677879,59.963853314101556
85,66.95969299930724,59.98044658872979
85,67.0018692650297,59.98470343358394
85,66.96221411385041,59.98170442586229
85,66.9711512444592,59.96699777932254
85,67.00344006684676,59.962275149660876
85,67.04730140921113,59.98563986804306
85,66.97142448614584,60.02917541907513
85,66.96054103925414,59.97419388395205
85,67.01943066587083,59.96394330363327
85,67.02743266694145,59.98353003007692
85,67.03131274791586,59.98106648860837
85,66.98699485180826,60.021566215370015
85,66.9960991863018,59.98835647404285
85,66.95253046809712,59.988188089622824
85,67.00161794112462,59.969098663110586
85,67.00476681773435,60.007243042601914
85,66.97959593159584,60.03957718542881
85,67.03747624743147,60.010868533372495
85,67.02260583754743,60.02418111524181
85,67.02138800125242,60.01826478670515
85,66.97146947333209,59.98597966542868
85,67.00087414340902,60.04052780526048
85,67.04314996335785,59.98741646411753
85,67.02694581411039,60.03379510600847
85,66.98478007466113,59.97501876784959
85,67.02407376859254,59.99882089507776
85,66.96174712645598,59.9844663343391
85,66.98373241731778,59.99867231876436
85,67.02415087224985,59.9693018399333
85,67.02031329558007,60.020022435082616
85,66.99656475166675,60.012380921857925
87,67.02066808117452,59.955705727744316
87,66.95923179244319,59.986928549990935
87,66.96184803337927,60.00478319494054
87,67.02220309986338,59.96265531542239
87,66.97317943593325,59.99088246764391
87,66.9995346761486,59.98777326968478
87,66.99060632975261,60.01498626468385
87,66.98396808439317,60.00234247223824
87,66.98634060283436,60.001124502412004
87,66.96283173146738,59.97767176291832
87,66.97991315751388,59.95522559646406
87,67.01827609450103,59.98786746873586
87,67.00243221644986,59.96532974592469
87,67.004447739177,60.00262586318729
87,67.01911739971122,59.954353776056635
87,67.0304308796966,60.02098059535367
87,66.97317943593325,59.99088246764391
87,66.96197071014082,60.01249143831295
87,67.01171864028824,59.98307247088779
87,67.04004694919885,60.00003429576804
87,67.00118311335517,59.95667641946019
87,67.01868507444995,60.025435002911514
87,67.01732580395615,60.018276768916515
87,66.99609677192512,60.01128395701456
87,67.01980400028953,59.9895767260662
87,67.01745503773054,59.95658027460878
87,67.02405282187284,59.99690633049348
87,66.96451172484281,60.01667869946765
87,67.0152122571014,59.974652107952835
87,66.95089676517308,60.0003521690617
87,66.95791545602489,60.00707030787838
87,66.9664067240426,59.98138396391376
87,66.97003841801154,59.98710621587886
87,66.98419993304007,59.96573452030827
87,66.97466853226048,60.00700979681944
87,67.03555438162512,60.00490831439565
87,67.01530714297914,60.02251530001987
87,67.03735591026161,60.014514764367945
87,67.01576032993431,60.01229160575444
87,67.03674454368655,59.995652035872865
87,67.02652815531056,60.03179426784838
87,67.02735153417436,59.99377967266296
87,66.99414799827218,59.98319211301643
87,66.98388316476824,59.97633630101284
87,66.97547783160452,60.00903475069814
87,67.0260949894801,60.02853347284095
87,66.97394799915773,59.96458999389923
87,66.96259282545975,60.0165737384864
87,66.99243274715928,59.95319292391352
89,67.01736436700023,59.98408257531596
89,67.0196590317278,59.976421296356314
89,67.03852767995468,60.02831161950104
89,67.01358760886028,59.97735377185841
89,66.97734014362516,59.993810079566394
89,67.01993299941184,60.03539177623917
89,66.97168481377405,59.997839013315776
89,67.00811835103173,59.99188751439993
89,67.01951979252135,59.99034157068471
89,67.0184361577006,60.00888457823769
89,66.9874908671681,60.02436074892787
89,66.9755201276427,59.99168580100276
89,67.01012235945417,60.03448856924783
89,66.98014903673075,59.994491067934064
89,66.98072179694687,60.012535788094844
89,67.02820818137985,59.987639794151015
89,67.0128955092634,59.976263860528235
89,67.03077760265387,59.988710755266354
89,66.95729302754839,60.01288401850298
89,66.99079502617164,59.96248817378168
89,66.96674347833066,60.00718855057514
89,66.97489920867037,59.98828530855305
89,66.97961087008645,60.04521227182481
89,67.02738679750476,59.96316786461833
89,67.01283879796668,59.968041656537025
89,67.04034151783942,60.0285111189016
89,66.98683212585112,60.01221247462691
89,66.96850740579319,60.01531935163977
89,66.98493314043435,59.99477512290174
89,66.9884078636013,59.984444208951444
89,67.02942338718927,59.97461447133015
89,66.99448908107904,59.996664426603864
89,67.00056525958956,60.04342266946648
89,67.02255422153658,60.03018340042136
89,67.00135740758758,60.032631672618564
89,66.99784126518718,59.98634171486255
89,66.9981799728638,59.96383578598995
89,66.99739586631729,59.98955294860365
89,67.00757322097179,60.043739921526566
89,66.96590068987393,59.973839978348806
89,66.96504071604477,59.97531020980041
89,67.01909076563922,59.95860553213508
89,66.96677525355015,59.97793831331616
89,67.03305099422026,60.01565089452285
89,67.03461235366984,60.0101027562362
89,66.99483782910514,60.03252409213821
89,66.99018516833014,59.983292147511904
89,66.9962643524703,59.97394044283867
89,67.0396014174536,59.980466978631696
89,67.01232051837104,59.97603484414279
89,66.97005749738089,59.96333681871888
89,67.04312043834021,60.001728083910216
89,67.00890178499776,60.018423752901576
89,66.97645690652547,59.967806936435885
89,66.97623400532903,59.97867649862823
89,66.98527298224478,60.047298238135305
89,66.98863151383979,59.994996436643646
89,66.98712869891666,60.027397999035614
89,66.98793579115764,59.98192713569271
89,66.95597740676875,59.98119902072009
89,67.00365178823037,59.986183135648595
89,67.00971047907602,60.010520243881615
89,67.0174481899693,59.981850879105146
89,66.98877133609913,59.96163030669379
89,67.00168129273507,59.95957875500809
89,67.03305099422026,60.01565089452285
89,67.0026211678908,60.04560555464666
89,66.97674949371532,59.973872743615765
89,66.99926910034982,60.002549871154095
89,66.99949023578384,59.96528386769136
89,66.99681948235033,59.96802807825166
89,67.00012042100147,59.98102416562566
89,67.03146082320022,60.02032244309052
89,67.01407754360163,60.00222812611186
89,67.01018544620601,60.005598429043694
89,66.97325324027318,59.97388357959302
89,66.97990210468352,59.99900487626994
89,66.969490678253,60.01249241805789
89,67.00100486952185,59.95040568222319
89,67.00594982252784,60.03967483814692
89,66.97575939144313,59.96513603629408
89,67.03991481647344,59.9735439264461
89,67.01099084873908,59.96949922321816
89,66.97726463783786,59.980934869504324
89,66.99863994440851,60.04891427751488
89,66.96491082419352,59.971536011085234
89,66.99953510887396,60.04561031184586
89,67.0287889553061,59.99550297693164
89,66.97679273239345,60.037947657187
89,66.96375106070023,60.015154047269505
89,67.01824689638123,60.031283634883316
89,67.00745209892118,59.998887998392206
89,66.98581856883548,59.99850058440784
89,67.00222749212105,59.98639636307293
89,66.96634328187002,59.96325991756579
89,66.96139219359318,60.022634645492595
89,67.03369234241781,59.98751685742624
89,66.96770202992809,60.00517369199882
93,67.02265096370905,60.01945687066919
93,66.99099117049957,59.97843969713991
93,66.98843637479698,60.01797245628945
93,66.95302241775502,59.99015482995066
93,67.03834822686602,60.01876323547495
93,67.03004645462998,60.03093848854966
93,67.00733565214439,59.962080338096314
93,66.9740448621946,60.00363533690471
93,67.01362615512006,60.01797602498026
93,66.97125207026333,59.96792357521595
93,66.97992316741305,59.95956624311533
93,67.0200112299148,60.02635193731075
93,67.03086080032972,59.982136494676126
93,67.02586000056253,59.9839026844017
93,66.9566159654849,59.98903550270306
93,67.02137206815733,59.96891601580677
93,66.96197972487154,59.980462473549665
93,67.03730861089709,59.98450391129795
93,66.99165501969841,59.96066844728786
93,66.9932112545564,59.99465370967541
93,67.0415187150677,60.0225733619542
93,67.02762336676811,60.00757509067834
93,66.9997837856466,59.991872982595545
93,67.00193127652462,60.03384388238435
93,67.01549605576542,60.01425151581439
93,66.98171241736455,59.96211494556109
93,67.04059299178256,59.97485728771334
93,66.99013436262464,59.96240550375625
93,66.98858218991087,59.9780876441504
93,66.96862241053252,60.03634973578974
93,66.95397512335127,60.015969022490836
93,67.00039377327234,59.96827585035722
93,67.03568882220272,59.97788617887847
93,66.99788327322743,59.97356383757711
93,66.9801428798605,60.00531916878234
93,67.02777780622365,60.01153957631369
93,67.0216079322935,59.98633094619717
93,67.02106797080877,60.0129706061961
93,67.00557240246413,60.02516491941746
93,66.9672747034268,59.98028234445389
93,66.97612224355265,59.973790339251046
93,67.01515461335522,60.01697682510684
93,66.98168345883009,59.96261963629075
93,66.96893637012717,59.98197533118735
93,66.9937144211568,60.01754575277514
93,67.01564055299718,60.03401048312708
93,66.98442129934932,59.957521598846895
93,66.9932638369659,60.025204348500864
93,67.02538034519068,60.01445650535118
93,67.02653880630287,60.028795518200724
93,67.00195176314715,60.025383614440365
93,67.00476998117084,59.980234796744
93,66.95872210067408,59.99141012270371
93,66.97256344953338,59.97640919289367
93,67.02382782671064,60.013535690664185
93,66.99372708776292,59.996425139859
93,67.03391060755145,59.980938611573414
93,66.9767691194411,59.972846130701825
93,66.97835787344751,60.01617438840225
93,67.03286223172371,60.03586288801954
93,66.97251573822288,60.020234826584684
93,67.03310269751839,60.03209304827909
93,66.98439104495124,59.99190062245188
93,66.98033521575071,60.00981809947262
93,66.9808118090641,60.03986329264273
93,66.95705860848352,59.99926363566062
93,66.97819372153785,60.00119293217024
93,67.0121711435145,59.95327007758118
93,67.0028986173486,60.01332993197962
93,66.98494449688074,60.0224732706624
93,67.03235536160918,59.9696216081208
93,67.02318891069451,59.96107379285948
93,67.02996869478599,60.02911479605269
93,67.018918354731,59.976939554156026
93,66.98295239075114,60.01464434789063
93,67.02281153536998,59.97355860051663
93,66.96980389176967,59.99220570225437
93,67.00642077526626,60.00121019089769
93,67.01896675897672,60.01388943545103
93,67.00004151876017,60.01797514862086
97,66.98865382225729,59.963474024384794
97,67.02567876182634,60.019934467936515
97,67.00630456937938,60.002495901880614
97,66.98117435012354,60.03267685658287
97,67.00600794534603,59.98340380770242
97,66.96814791686664,59.98105936324614
97,66.96508829518002,59.97286801797715
97,67.00382819818762,59.973521337713215
97,66.99939507015382,60.00609290136304
97,66.97303451715862,59.99222867940234
97,67.03085532980691,60.0079574397995
97,66.97268686118427,59.967875902268105
97,67.02134514916212,59.98997114589965
97,67.00604562946346,60.01728183264767
97,66.95549347125404,60.0031089407683
97,66.98735639106944,60.00232701365384
97,66.9895852096798,59.982620880653414
97,66.96156135339108,59.9815050863599
97,66.96606527087913,60.01831642466221
97,67.03999458445452,60.025763484387014
97,66.97206893260382,59.98484813197265
97,66.98255249549156,60.00087676690011
97,67.03757570808578,60.005094808729844
97,66.99105493623227,59.95983494982885
97,66.96699150792466,60.032631166483945
97,66.9830057410332,59.98864739033511
97,66.96692745622919,60.00007471876971
97,67.0100629532019,60.03475067938273
97,67.03695444331281,60.02377538349275
97,66.97554358527249,59.998871715652555
97,67.01578861357763,59.98321611713218
97,67.0308347532201,60.01943747355447
97,66.99143115869968,60.03487622793775
97,66.99773694235392,59.99275182260817
97,67.00119008694685,60.044126923639446
97,66.96847779824755,60.00365412688016
97,67.00105242542709,60.027551843023026
97,66.97639659691555,59.98058345362343
97,66.986435503439,60.03987811746294
97,67.01507876759388,59.954036441129624
97,67.00186484415165,59.99865757360504
97,67.0330613643214,60.00898641824581
97,67.00207393415474,60.02881397253712
97,67.00921979446552,60.02456069368539
97,67.03983685457399,59.991929270499284
97,66.97285270012495,60.01486293094624
97,66.982692729916,60.03233747591179
97,67.0104452757146,59.97497223530881
97,66.99522682233935,59.960865459115695
97,66.99632584223423,59.95454576425148
97,66.95376427923495,60.01819328701564
97,67.00121733306702,60.02056267576307
97,67.02487421651594,59.977778663492515
97,66.987098642453,60.043399550176886
97,66.96116457460975,59.98926256825312
97,66.97395178710828,60.025681371199106
97,66.965267285647,59.99473546966691
97,67.03708883312059,59.96744830950562
97,67.02857311904543,60.039831674419304
97,67.01197758538062,60.040469840077506
97,67.03437664451589,59.9837287653415
97,67.01101610183082,59.99538411654225
97,67.02038940203535,59.97640140282551
97,66.9730765302,59.997424837393794
97,67.03620457378908,60.01218316745439
97,67.02943264193748,60.0118705708832
97,67.03552477924246,60.02593303792302
97,67.00520906281388,59.97258616606645
97,67.03358152582356,60.03015216436372
97,66.99831511954865,59.98313681772255
97,66.95660165610673,60.00526400473467
97,67.00830023460168,60.00370999972598
97,66.9857835663039,59.95947672112174
97,66.9862581192126,60.04340638571627
97,66.9769378031936,60.01567028177935
97,67.02868695447286,59.99411119462524
97,67.03234514735456,59.97711084915813
98,66.96889309580422,60.038106239150274
98,66.99534797528885,59.99373843872865
98,66.99948500583179,59.97542256045912
98,67.02441001344332,60.01318691153104
98,66.97844588152093,60.01672579914382
98,67.01023645944257,59.9584221288793
98,66.99480142579817,59.97711385040134
98,66.99815495193415,60.02933665212994
98,66.98723299607047,59.998065406213655
98,66.97947337761525,59.960621378591604
98,66.96629615225818,60.023637759336886
98,67.01173561266037,59.96983044824539
98,67.00074579613342,60.0409591527275
98,67.0134876476478,59.9898159115467
98,67.00560881766215,60.01797550531922
98,66.96599287849777,60.02754418333908
98,67.03840035524173,59.99661854682274
98,66.98773157006626,59.984215963747296
98,67.03138164436355,59.98243844333465
98,66.99474668713486,60.01104002396203
98,66.9813470442386,60.03767141820629
98,67.02319883974221,59.982155865023174
98,66.98039220986881,60.04469435171847
98,66.97628238943304,60.0393387467303
98,67.02720888896563,59.97121450727704
98,67.03767409196806,59.997835261914375
98,66.97011342201519,59.98094808337709
98,67.01617754180089,59.99281904314715
98,66.95575668580197,59.99980642500863
98,66.99700028933617,60.026060267178586
98,67.00539653758474,60.01966111293035
98,66.9660523568759,60.020998171762
98,66.9638283415775,59.995111984797646
98,66.986877298853,59.96217336675091
98,66.97166753662223,59.992541142176535
98,67.01632347180058,60.03285384644927
98,67.01841780085458,59.97263131349229
98,67.00055194955686,59.97001066434033
98,67.0139484969274,59.96493302841973
98,66.9937261020335,60.03575509962919
98,66.96163906246699,59.996932808643734
98,67.00284269352856,60.04166518052783
98,66.99521108405551,60.018084029513716
98,66.98690775604378,59.9874214260207
98,66.96624961542739,59.977338566974765
98,67.01477282670686,60.02312109821501
98,67.04120058899753,59.999058165926385
98,66.97656452025149,60.04234951392034
98,67.03152966175166,59.9726808385963
98,67.01414283449054,59.96422748618234
98,67.01701763201166,59.984179170340695
98,67.03834891869684,59.97429515517536
98,67.00787903186425,60.004813041276634
98,66.9689445600613,60.006106834642814
98,66.99604335544507,59.95445370342943
98,66.95479665308751,60.00735739330799
98,67.03195620414571,59.97605296726083
98,66.97678207635086,60.01974241344883
98,66.97358466163033,60.00672149939363
98,66.98810884150967,59.999394568336086
98,66.97930953867106,60.04142934117704
98,66.95855573104103,60.01197135664275
98,66.97772083331046,59.9669016198593
98,66.97755847288605,60.03070651626387
98,66.97781126369851,59.978656092617825
98,66.99417136422305,60.028568693090854
98,67.02193961410406,60.01411082945957
98,67.01427213328206,59.99923369497516
98,66.99612246032147,60.00194623107827
98,67.03441576539163,59.97320600309414
98,66.95992454782174,60.00080091974411
98,66.9707562216096,59.99241310142164
98,67.03284257536261,60.01670181654674
98,66.97998882781867,60.02708493193413
98,66.95300343290066,60.01057370312547
98,66.9704044889582,59.97198177549966
98,66.9971355873256,59.98903622893274
98,66.96869724009227,60.02244163233451
98,66.96419035385333,59.996763947217424
98,67.00706633439093,59.95617349883762
98,67.04452038240542,60.01686203605834
98,67.02797529973144,60.03539474948927
98,66.99192273770652,59.96056608669337
98,67.01841344100161,59.98960679012334
98,67.01956742713736,60.043785843300135
98,66.98396092898874,59.98204356461074
98,67.02799724898698,59.995895080678196
98,66.95942290673015,59.98603361256488
98,66.97938797887629,59.96221760475464
98,66.9872740433804,60.00335298235961
98,66.98151740923139,60.03912960444576
98,67.0340703753581,59.99914332940997
98,67.03160461887886,59.984845266262056
101,67.01303825770744,60.007730016551726
101,67.00888219474251,59.952651993617074
101,67.02809361242831,59.987899528396845
101,66.98244388556816,59.994525024602346
101,67.01385448360494,59.95480780927341
101,66.96305280386754,59.99589517482834
101,66.97302883807707,60.015028445988044
101,66.97146947333209,59.98597966542868
101,67.04880429732104,59.98948545836888
101,66.9925851705027,60.00449751108971
101,67.0236391577394,59.96672135860805
101,66.96691184521349,59.967783055192925
101,67.01013905121391,60.002589051805685
101,66.95586498204949,59.994831723715784
101,67.0033661836014,59.98948142821606
101,66.95153945468445,60.010796690560575
101,67.02264524768047,59.98139103557473
101,67.0210404651005,59.98947083845642
101,66.97875369062487,59.96311995709181
101,67.0316515347113,60.00489770707087
101,67.00650163347069,60.02627315199904
101,67.01497010066383,60.000596416505886
101,66.97811941524867,60.01348908330744
101,67.00569152975716,59.97940294419991
101,67.02276444505996,59.95704808654972
101,66.98436678596867,59.9604176766052
101,67.01266871907283,60.04150262957988
101,66.98081437628167,60.02660755273489
101,67.00736515448128,59.9652973427099
101,67.02392767266308,60.038111887526
101,67.00940438077897,59.999642762136865
101,67.00152430749822,59.99736034319919
101,67.0064976612065,60.037569803067036
101,67.00787100401715,60.02500795820487
101,67.00437602979332,59.952378349772424
101,67.0290363732411,59.96780777311395
101,66.97595310390382,59.995045665134796
101,66.99151152046555,60.03488811267102
101,66.98546028668129,59.96594728981418
101,66.99894506602051,59.97933579526757
101,67.02547300766714,59.97611708438292
101,66.96275333760161,60.01509793753723
101,66.96532885378824,60.02886971365073
101,67.00530456713777,60.02345186900339
101,66.97837474366177,59.979724914175755
101,67.02832592229024,59.996917872298454
101,66.98047216662519,59.96405489266009
101,66.99905498135931,60.01296073786984
101,66.99015399845686,60.01359625540775
101,67.03886403189843,60.02125741337527
101,67.0114391996594,59.98921777660897
101,66.97535074012573,60.037257641260155
101,67.01795953282833,60.02743650254966
101,66.98943369039861,59.96353830896636
101,66.970266462418,59.97913320646423
101,67.0330922860732,60.00898598217024
101,67.00570728599814,59.98123190596269
101,66.97289270540428,59.98886940097924
101,67.0120103101919,59.95685637046436
101,66.9881015426808,60.042756284340385
101,67.03514413636519,60.008263733336385
101,67.04853553112798,60.005060205558664
101,66.98432797165172,59.996130953484304
101,67.04067470455118,59.99772531938267
101,66.9908763369633,60.04360177989262
101,66.99084379378573,60.01857413510367
101,67.00457284340608,59.962371078120704
101,66.96011784422525,60.01404001169555
101,67.02878079462857,59.99494669303253
101,67.03077760265387,59.988710755266354
101,66.99318343726456,59.95445566912616
101,67.00566073617854,59.982634451349156
101,67.01761004587098,59.98604615862885
101,66.97244649555198,60.01822737637797
101,66.99643861321988,60.048511889353016
101,66.97668837708649,59.99609636675291
101,66.99694770581127,59.97287336843086
101,67.00090715299345,60.04590864570592
101,67.0358717473365,59.97132794490954
101,67.01349270351169,59.984498129052696
101,67.01129978805116,59.984245819824864
101,67.03682347625835,60.00079174267655
101,66.95654070975334,60.00243552400119
101,66.999273264302,59.96661080726653
101,67.04426704358313,60.00597214052828
101,67.04684270662757,60.009707667847586
101,66.97828217269677,59.99091603538368
101,66.97182842737665,59.98211327170495
101,67.01257235836208,60.0073995700694
102,66.99999863689524,60.043929918143256
102,67.02480187454033,59.98920922405364
102,67.02878844161577,59.9767137155719
102,67.02777483771766,59.997729068847484
102,67.0031223352624,60.04592013606846
102,67.02192459226855,60.0247397079109
102,67.03497509305318,59.98975319306159
102,67.02694598920944,59.97310072154806
102,66.99119908034143,59.95160731775054
102,67.03181957380708,59.965844477269854
102,66.98737126964424,60.01612952552439
102,66.96152694402923,60.011905951274244
102,66.98161997089568,60.03799488883704
102,66.99615201477441,60.01877637171144
102,67.01149698506568,59.97504802247007
102,66.98430268012906,59.96103134621477
102,67.0345581278677,60.03119897809732
102,66.984261426702,60.04020903791682
102,67.0270208172074,59.96548454595647
102,66.97374764967803,59.98853901636825
102,66.9891138012931,59.95985319057098
102,66.98384406827229,59.97388635147794
102,67.03011352199755,59.9819956769849
102,67.04256262525281,60.005379411296246
102,66.99012274157512,59.97363997972001
102,66.99881566250338,59.98905082478045
102,67.00565822079196,59.96919547958911
102,66.97000607099108,59.99251769168652
102,67.01443537012474,59.99092349572033
102,67.01458203951098,60.002077047826944
102,66.99011798554245,60.00785901274486
102,66.95450574850119,60.00885938160284
102,67.0258359450261,60.04164133309091
102,66.99704625192744,59.97597078439725
102,67.02611864322823,59.95742559876018
102,67.02133398237093,59.961288589063116
102,66.9995411359815,60.025123086163994
102,67.04183476927601,59.99371360375364
102,67.02411092845993,59.98302431281344
102,66.98718973680374,60.02595578656718
102,67.00595279363132,59.96822243649504
102,67.01181990936236,60.00440631599088
102,66.97339060347288,60.010756778759976
102,67.03796769425372,60.03223519597065
102,67.00528182008169,59.96165938326983
102,66.95717451359151,60.02337243243018
102,66.96582648761199,59.96492239630001
102,67.00279814108966,59.96890037852519
102,67.00750466515579,60.044876578558636
102,67.0166647181193,59.979767207969346
102,66.99219289556163,60.03328043360882
102,66.9978221289666,60.01648002277912
102,67.0241873315774,60.0395937153633
102,66.99855688542374,59.988430917545585
103,66.98401615901602,60.034604966067974
103,66.98216693750852,59.99155109014195
103,67.03889680075574,60.01668195014848
103,67.00567712154957,59.98838488989267
103,67.01710101064413,60.0190700234
103,67.00435956190277,59.98967256426397
103,66.9636763730914,60.03160952675598
103,66.99287429558383,59.97772472323892
103,66.97117963491282,59.974078086661834
103,67.03208650833136,60.01319484646047
103,67.04473832796582,59.99599515219462
103,67.03442998759145,59.969377259497506
103,66.98327095396267,60.01889665594384
103,67.01326751864215,60.01475865302871
103,67.00092856991648,59.97198646050078
103,67.00462869031283,59.99852137391989
103,67.00211805767,60.01595459324202
103,67.01577148546825,60.011841923631735
103,66.9826975670741,60.04458065111267
103,66.99267206177808,59.96253466274087
103,66.9771433176141,60.02392524055847
103,66.98883019721451,59.99349550289966
103,67.04343366320167,60.000894230099874
103,67.00658458175187,60.00882591440009
103,67.03638373089962,59.98609516566396
103,66.99092303568847,59.997591024815954
103,66.98978677673259,59.95818488661861
103,66.9609870820377,59.97536247299767
103,66.989068836288,59.952952054933604
103,66.97495702647065,59.97341064184043
103,66.99841736579577,60.022661575387964
103,66.99677833062091,59.98639188557152
103,66.9823050171418,60.022964395905134
103,66.9628683536894,60.01822913786908
103,66.98474141156956,60.042883465563904
103,67.02040537494585,59.97606742146633
103,66.97676159390267,59.987886133597286
103,66.96398259946208,59.99589328234649
103,66.98349858454995,59.97133555980655
103,66.96052620885128,59.98301013812552
103,66.98654492097889,60.01896391127212
103,66.9937144211568,60.01754575277514
103,66.98722411408816,60.002417918197665
103,67.00564046612833,60.02110414654759
103,67.04574654210806,59.98071174373281
103,67.01063837771248,60.004506382285385
103,67.03877090221496,60.02128912940753
103,66.98960059192675,59.95561336664902
103,66.98396505079445,60.02659420190091
103,67.04448270669884,59.97889193795296
103,67.03894947737643,59.974737443628754
103,67.02356045009364,59.99350679035815
103,67.02591428339754,60.01229445050583
103,67.02370972688514,59.97315155483422
103,66.9818106546365,59.967633918666934
103,66.97346145336071,59.9593940877218
103,67.0282408535094,59.981686020533104
103,67.01470835740581,60.02190333471515
103,67.0140978605899,59.98616178068129
103,67.026813325692,59.968367899739874
103,66.98245011210751,60.04257949152169
103,67.02841561230132,59.99914409949644
103,66.98321671748775,59.964213246160845
103,66.99765746707016,60.00282073849996
103,67.01185015668119,59.992238075461685
103,67.0076244227196,59.96964482200117
103,66.96987343700987,59.99510262429743
103,66.98862336060346,59.976708491093504
103,66.99419366075637,59.97743072775186
103,67.00056590731869,59.96479644024808
103,66.96860104196583,60.02559172421504
103,67.03232684690065,59.991308834881565
103,67.02893803513973,60.021694193002205
103,66.95808287995766,60.00517285652004
103,67.0125873445256,60.017537735063215
103,67.03283284450416,60.017333632298
103,67.0037649305409,59.989843037493365
103,66.98616063240857,59.99654103883805
103,67.0298978733094,60.03426756966291
103,66.96575768048457,60.010429692255634
103,67.03289658236908,60.01427207348919
104,66.96920236305506,59.97493043073469
104,67.01323449398163,60.037258184739095
104,67.03407420120307,59.995495936999724
104,66.98698382310852,59.990450362484964
104,66.95997308227206,60.01190177766444
104,67.02316851695966,59.95630703248667
104,66.96961491042302,60.0256074177927
104,67.01561768005654,59.9591880874093
104,66.96898790042091,59.97671402014911
104,67.0396059100697,60.00190425249487
104,66.98446217148745,59.975909125613285
104,66.99037278291063,60.00767516832757
104,67.02007897117183,60.03000511739409
104,67.00766120059193,60.035284542913274
104,67.00814227951446,60.01873603683015
104,67.0241049626916,59.99314594415917
104,66.98593782873186,59.995483348774115
104,67.04322244731105,60.000140730397426
104,67.00010374678362,60.03704192918661
104,66.98269895038932,60.032152492518925
104,67.0144417026612,60.01916851255056
104,66.99118899197569,60.0443280436405
104,66.95936160805161,60.028116444576284
104,66.9879496902004,60.03792305752035
104,66.97790238168834,59.991972973845
104,67.00546893240792,59.952438142073106
104,67.01904834273087,59.982836023743545
104,67.00193400687031,59.97208372142908
104,67.04543719056329,59.99277971257556
104,67.02158571530263,60.00535120444653
104,67.0306344398434,59.99475108810735
104,66.96269470932077,59.980105435524806
104,66.98614970089685,59.959835860366105
104,67.04573237702287,60.00633941718895
104,66.95176967464856,59.99351280609508
104,67.00485941932439,59.98164034879121
104,66.98594469044366,60.041492652877956
104,67.02332378922243,60.01656494862152
104,66.98020218383843,59.95621236337745
104,67.01292923209854,60.0403371840758
104,66.9752545313976,59.98855987995489
104,67.00546150369132,59.96354696361116
104,67.03985479898732,60.027290317471454
104,67.01820837666467,59.989814109939296
104,66.97141490608799,59.97981236498749
104,66.99432838810019,59.99719581059124
104,66.97113566630163,60.0285633449814
104,66.98717504432292,59.99416973484653
104,67.03497875949473,59.96708370131874
104,67.04009098518911,59.99607624016817
104,67.03079692985044,60.03638598606647
104,66.99179926229527,59.97596058953618
105,67.02255529333193,59.96171176151173
105,67.00451311957897,59.95135074243191
105,67.00476681773435,60.007243042601914
105,67.002070490017,60.03772992969606
105,67.04088545689169,60.01087031049165
105,66.9898586369133,59.9954580975816
105,67.04280566757568,59.99221687948525
105,66.98333432090784,60.00529628722703
105,66.96880605340925,59.97511599585721
105,66.962189646976,60.02676834850929
105,67.03471832618996,60.01094179425521
105,67.03244551537837,59.99760549312093
105,67.0044518086651,60.020086209479636
105,66.98927289906213,60.02272895627902
105,66.9922881427872,60.02403813338014
105,67.00157732042426,59.97149236678508
105,67.04149455632343,60.01794048467703
105,66.98205246968557,59.98365849429301
105,67.03612647887248,59.98928859855016
105,67.03029611727895,60.03783074989924
105,66.9651213240783,60.01297603156177
105,66.9881015426808,60.042756284340385
105,67.0183729281018,60.01531070728727
105,66.98279298200048,60.007020699019044
105,66.99680824573369,60.013910583676676
105,67.02266131117523,59.98291594144237
105,66.97590131509678,60.043555410260254
105,66.99769803691531,59.95723736742192
105,66.98259168464696,59.95339626109161
105,67.03374594377028,60.0329623029754
105,66.96705137829248,60.026481664088
105,67.03567848903393,59.9816657667651
105,66.99425804656164,60.04763848744882
105,67.00902346707184,59.962311886249196
105,67.00921502296292,60.01310026012594
105,67.00624823352244,59.9962199902792
105,66.96254125034004,60.00810850832155
105,67.03700817568964,60.00698157328045
105,67.02343765316208,59.991056041648406
105,66.97407277404263,59.95738003527579
105,67.01553736613259,59.96788277096004
105,66.97460736865544,59.9846919678104
105,67.02268010271501,59.96865116253042
105,67.01133313107213,59.99522476234156
105,67.04330023798927,59.978399148961614
105,66.9776062529644,60.010745802630176
105,66.98053577075436,60.02918163733231
105,67.03526056398765,60.020326245343185
105,66.97561801069637,60.004993118901666
105,66.98203678374462,60.04329922992304
105,67.04207406976744,60.00556957320724
105,67.00832674726308,60.008572796713835
106,66.9635131729966,60.00979670170859
106,66.99149163482967,60.031679164021924
106,67.00730818766644,60.021976503766645
106,66.9768381757251,60.00670915778099
106,66.99344652674691,59.98872647927698
106,66.97915490272797,60.04396360240129
106,67.03064013366202,60.00494059448588
106,67.02967876946565,59.99184376068091
106,67.01993299941184,60.03539177623917
106,67.00255046798927,60.00625332661939
106,67.0291518154356,60.014157265440545
106,67.03588029359152,59.995776096603336
106,67.01727786971264,59.965040800894165
106,67.00075597791971,60.01158436848991
106,66.96952022539013,59.99910765027736
106,67.01978447780536,59.95833136220032
106,67.03431867710957,59.983473895046416
106,66.98199827643215,59.986127985113555
106,67.03521265252812,59.997934388802285
106,67.0422411006621,60.00795459832087
106,67.0128715060285,60.01756226687265
106,67.02515846885187,60.00867305430791
106,66.97432700992545,59.99598713467978
106,66.95794454007087,59.98335186627083
106,67.0224436683765,59.988074950441224
106,66.96650654900714,60.02492766545723
106,66.98533407340425,60.020817880390986
106,66.9551819358074,60.01539299024544
106,66.95756826151009,59.98982513949817
106,67.02031806027425,59.9963708240502
106,66.97696342332391,59.984589750047135
106,67.01329088176688,59.990310173185705
106,66.98808396362267,59.98118199285332
106,67.03334558600649,60.007737072886655
106,67.0011120321903,60.04252246693577
106,67.02876009342151,60.03903446511752
106,67.04082207476227,59.97814930747332
106,66.96408715579463,59.97182169594431
106,67.03294152367907,60.02622181607266
106,67.04823378227424,59.99138130881718
106,67.01711354716863,59.957745479759275
106,67.01240799803566,60.01894958991398
106,67.00306759585969,59.97954602746226
106,67.01179845377108,60.00411153390005
106,67.00928630054716,59.985848630292715
106,67.0031163616971,60.02988878700866
106,67.01747689451027,60.04023710778423
106,66.96330736316033,60.02249266749774
106,66.97959819635581,59.963839406882805
106,66.9747612437698,60.00608429370447
106,67.00037505027898,60.03931855720297
106,66.98631664952303,59.961656174858454
106,67.02981656270596,59.99251882723761
106,67.00962780126784,60.005479262079966
106,67.04081605827706,60.01690815022042
106,67.04230586640372,60.01479072795948
106,67.03894211129135,59.97205987556941
106,67.0037642187213,60.0265709358327
106,66.953632921599,59.99659546983337
106,66.9713873518515,59.97271482626066
106,66.9709946933026,60.022588432904676
106,66.96769896118236,59.97923919062153
106,67.02743264790351,60.04112432918419
106,67.02619975493337,59.985871072799206
106,66.97406275310412,59.95885636961535
106,67.01280107995962,59.994045770127975
106,67.02865850995977,59.975793692718334
106,67.02764075400799,59.96543855052163
106,67.01603371075103,60.026955750358844
106,66.9786733795074,60.04089407740902
106,67.02968387236824,59.96352621250226
106,67.0151790002775,60.020202334566804
106,66.96661453568655,60.036236552423986
106,66.97934013973641,60.04362119367395
106,66.99635400319332,60.02897707179991
106,67.00878428988702,59.95294938483613
106,67.00660500068442,60.0056716019443
106,66.98405591563201,59.994352278359635
106,66.981874825842,60.035966778216356
106,66.98784611936992,60.0284729654069
106,66.95501326693658,59.993128286241664
106,67.00928630054716,59.985848630292715
106,67.01626947077789,59.96043684456283
106,66.986371132601,59.95611605293719
106,67.0229197718588,59.99479704554811
106,67.00634719468832,60.02831540657146
106,66.97839857303316,60.0001579802975
106,67.0263967056952,60.00989803012251
106,66.96774093033503,60.02430674873696
107,67.02777228050005,60.01324482762917
107,67.0414088577871,60.02527239928957
107,67.00551242117217,59.97395251937378
107,67.03460431400993,59.99693844658004
107,67.03670046196994,60.014719563838064
107,66.99217656135734,59.991384797213854
107,66.9861817127179,60.029893175109684
107,67.03871721951674,59.97341693436245
107,67.04546192380215,60.01635136003646
107,66.97818773187433,59.98245148999807
107,67.00390831824458,59.98912887053395
107,66.95687132138629,59.99002743729916
107,66.99265490338762,59.98267325966754
107,67.03667346570049,60.00864976329822
107,67.03819151257929,60.02124344254236
107,67.02534640372386,59.970175574279935
107,66.98486055318132,60.040505815217365
107,67.03772107590241,59.98318068168511
107,67.00438950496454,59.981618447516205
107,67.01320447561248,60.03125425637161
107,66.99593578251746,60.02544713923154
107,67.01100889841949,59.99769108098963
107,66.9667671580931,60.00657583675627
107,67.02588443530753,59.97532084650101
107,67.00837553616617,59.955626681195795
107,66.9658908522982,60.01060470729829
107,67.03565020742025,59.978942300358305
108,66.97208885961783,60.0135652002135
108,67.00201569577224,59.96055824831955
108,66.98284489959859,60.03332343343611
108,66.99446705261869,60.02051980299257
108,66.96047094945197,60.02128740708633
108,66.96940909876197,60.03244419962864
108,67.0065583397859,60.00889597947284
108,67.00663520197749,59.97296187816122
108,67.0013814487578,59.99963439984385
108,66.99608704478813,60.02760600126228
108,66.98311751891956,59.977542947865345
108,66.98306119361155,60.034101532469805
108,66.98195410851629,59.97388858059271
108,66.98236231974838,60.00572151940727
108,66.97316287577361,60.01466904355899
108,66.99549894518596,60.01897959139712
108,66.9776062529644,60.010745802630176
108,66.95860716677096,59.97825937202317
108,66.96196500329202,59.997838224979866
108,67.0292459050318,60.03316582916242
108,67.02324952566681,59.962908333081096
108,67.03336423477474,59.97822717565638
108,66.95771193937861,60.01155084591365
108,66.98315015762594,60.040812036364834
108,66.99000796283678,59.97697867804356
108,66.9574648623163,59.9763593596844
108,67.02653880630287,60.028795518200724
108,67.04028420281236,59.99484529507471
108,67.01250935235588,59.981625143476364
108,66.97386246232146,59.98913513337993
108,67.011235035246,60.01110631130607
108,66.97889343995249,60.03730520063526
108,67.0417646602682,60.00163408527066
108,67.00315130399055,60.0116277933077
108,66.98375456914566,60.002427156721815
108,66.96775299625763,60.0006215490937
108,66.98943002461753,59.97901270086337
108,67.00729070007851,60.00835100712997
108,67.04430501142222,60.01021985174812
108,67.01106614095809,59.96060310467903
108,66.9606495087196,59.999445794943234
108,66.98757190065487,60.01094003588275
108,67.02782186735021,59.96598267897198
108,67.04469576122864,60.00986309426485
108,67.01154127916044,59.98474779594068
108,66.95430891647437,59.985276567743846
108,67.02890945179169,59.983904537570105
108,67.01266896425413,60.04284398789336
108,67.03685463969796,60.01687239943483
108,67.00423087287383,60.0329962435579
108,66.99493455502189,60.012919804222754
108,67.02984869539227,59.965593479804404
108,66.9838199846838,60.02565685563513
108,67.01807915756477,59.961509507911
108,67.02164051421174,59.975810461797344
109,66.99064514714978,59.95839952992328
109,66.98977339133586,60.03854372822533
109,67.04798897561268,59.998834884653725
109,67.00354695861033,59.99975303676386
109,67.01120724648614,59.98517547771492
109,66.96163264942346,60.02511115903753
109,67.03693562902406,59.99345053599368
109,66.98188643022517,60.00817479476091
109,67.01062539478689,60.03462240931009
109,67.00244983806886,60.049160735913276
109,67.02727003652602,60.01313757460833
109,66.95595032520662,59.9878604290221
109,66.9929763573091,60.03958396571766
109,67.03932218491143,60.02773689711691
109,66.97083510569975,60.02671243877377
109,66.9723543313373,60.004704039648146
109,67.00888055618066,60.00234675570799
109,66.95507871583239,60.011700268386285
109,66.99332798234265,60.008243987862244
109,66.97130857926365,60.022003292646176
109,66.97764098945999,59.989663302584894
109,67.00319368985456,60.03288412404395
109,66.97890640485747,59.96880639265707
109,67.03111718466036,60.029701732414146
109,67.0250295424785,60.010614655307606
109,67.01441918087437,59.95702082849944
109,66.99358464429488,59.99575898085245
109,67.01475775143167,59.95868418025993
109,67.00092961453494,60.03919955155413
109,66.98590349427347,60.02153420681696
109,67.0136324791782,59.966067500116125
109,66.9553230905477,60.0206041542957
109,66.99308820707208,60.010712915341394
109,66.95439338939819,60.00619502213255
109,66.96824877091747,60.01955350284239
109,67.01365457822374,59.99894934339018
109,66.9868742341942,60.00742874849235
109,66.95539968387789,60.0032045470003
109,67.02606986484388,60.027113321766045
109,66.96444629902986,60.00337627909895
109,66.98772683674514,60.04232963134712
109,67.04010385305205,60.01309848263087
109,67.03951531831086,60.017361895166296
109,67.036198263791,60.02861542545672
109,67.01740481893665,59.97565791767824
109,66.99303318758001,60.03257406178223
109,66.99767396441096,60.02990779652133
109,66.99241217779192,60.024767699560755
109,67.03295911157556,60.01206851212702
110,66.95642934647357,59.97732029635232
110,66.9993329715958,60.00906764497124
110,66.95709452282954,60.023765322754564
110,66.98673501689089,59.97814837409558
110,67.0240118296726,59.96671348979283
110,66.9655518684588,59.99621845790314
110,67.00335179156312,60.03467041636282
110,67.01752523561827,59.96463804224669
110,67.03714204720191,59.970725366466986
110,67.03793192132538,59.98688618971824
110,67.00928255260436,60.03412400775429
110,66.99706352090305,59.97763912177703
110,66.96625699526636,59.99466287615297
110,67.02457828020583,59.96836661362988
110,67.0200531315867,60.0025225267912
110,67.02016569152163,60.02176021506723
110,67.04809225129682,60.00500787240429
110,66.976023997998,59.97606174452639
110,66.9544233170727,59.98080430876255
110,67.02983985405966,59.99553883158756
110,67.04095855431969,59.992060694978534
110,66.98190033328937,60.01587541136679
110,66.96792685816195,60.036466151766426
110,67.02789207469995,59.96718737675521
110,66.96378943547326,59.986869292999295
110,67.03390908272388,59.99121888291098
110,67.01549671617207,59.99220430605091
110,67.0269275035878,60.002128195857686
110,67.01089022184304,59.99148973273099
110,66.9717205581144,60.00125736114939
110,67.04029254693964,59.99691082804117
110,66.98896307120388,60.01567214954388
110,67.0141829316662,59.96514413277879
110,66.9987918614955,59.954121253679695
110,66.9754201947498,59.98839607899259
110,66.96801557219756,59.99794077072181
110,66.99014364153282,59.95372272669696
110,67.0378850619812,59.96747198372927
110,66.98938139605835,59.99567936454934
110,67.01927949395443,60.010820107672046
110,66.9941390355937,59.9711664646867
110,66.98181875522108,60.04247479294414
110,66.97051253734183,60.02002848342406
110,66.98307728640115,59.96177991198523
110,66.99783673666776,60.028227095415005
110,66.97699636002928,59.97301357347718
110,67.00383413230229,60.0286717048539
110,66.9528411500587,60.00290049729933
110,66.99396143528175,60.033474496939526
110,67.03070444813389,60.02626032463822
110,67.01703455149998,60.01388031527791
110,66.96898553517353,59.99488805954036
110,67.00420622366678,59.95691142736027
110,67.00494987263305,59.95706842639479
110,66.9703427026324,59.97322541506626
110,67.03127198384969,59.98622525613165
110,67.00546358791433,59.96740114042548
110,67.00295933866052,59.97402811236379
110,67.03995175594574,60.01362036700181
110,67.0218385724954,59.96166035098301
110,67.03827044077339,60.00374934217979
110,66.98400413139609,59.95378775479802
110,67.01742483451834,60.00172908115942
110,66.98342546661023,60.02119130604854
110,67.00551242117217,59.97395251937378
110,67.01896995982271,59.95410675910587
110,67.01908944833784,59.985436769471406
110,66.97174736542473,60.02319423742117
110,66.9969284375787,59.9627791305338
110,66.96533637532538,59.97259962841147
110,66.96608998237178,60.016798276746535
110,67.03271066805765,59.96975532760659
110,67.03549299593617,59.981598945599885
110,67.04323022750721,59.98315395331421
110,66.98856909125692,59.97486666765287
110,67.02371793715419,60.03921326163802
110,66.98411507811792,60.04156774098722
110,66.95038179549493,59.995613239835514
110,67.02264529934115,59.99622746117243
110,67.04513401263682,59.99300222353489
