gene,x,y
1,76.02750826411243,57.00334723465817
1,76.01206577868078,57.04583388227398
1,75.97995089631901,56.965361409128825
1,75.99481631743511,56.981790247743724
1,76.01185499278668,56.98184195777714
1,76.00723605522506,56.99302511018798
1,76.04861790342136,56.998589748125156
1,76.01256862758626,57.0035865922687
1,75.99948677889799,57.048912149722234
1,75.9969914061216,57.045165529145834
1,76.023530567437,57.02606542281232
1,75.97572275239403,56.99582068175063
1,75.95621739346157,56.98952257240028
1,75.97955430338529,57.00882277481589
1,76.03647914354855,57.02333636998363
1,75.99738810631867,56.9650423825325
1,75.98547384952205,56.98479187026625
1,76.01794100580283,57.04365075843492
1,76.03801966394568,57.00947549243465
1,75.9772176277587,57.01613496568462
1,75.98735207788654,57.038622174985214
1,76.00001851700196,56.96340324450617
1,75.9949269801484,57.00412118111179
1,76.0056495712086,56.95323557308191
1,75.98672910200187,57.012495129738646
1,76.03590848322182,56.96611037849363
1,75.9888167944138,57.00388407016704
1,76.02376752101235,57.04013578861945
1,76.00006061822279,57.023612436423605
1,76.02436135431252,57.00835227273027
1,75.95608290761206,57.02071405530065
1,76.00789540651098,57.031995871854654
1,76.0108352065858,57.03452079619368
1,76.03120557033155,56.98278703861262
1,75.96550693795693,56.97192129132915
1,75.97877634203665,57.01454651912667
1,76.00197264438329,57.00560511374725
1,76.0402425548718,57.00390950642929
1,75.98900821710106,57.0101763318882
1,76.01280063931438,57.02836027565172
1,76.02471737708812,56.988138306818456
1,76.01769147299038,57.001776858702954
1,76.02316640617192,56.993042244282066
1,76.0162564714701,57.00312128502321
1,75.98300426418778,57.04438669021417
1,76.02682723289065,56.966697700160424
1,76.04106452223394,57.01077336461007
1,76.0184273821234,56.966103302978084
1,75.98982518026742,56.97626407099154
1,75.97596069932645,57.04194708185613
1,76.01520503073137,56.97806460303481
1,75.9589219348335,56.99415908390974
1,75.99362936880263,56.98674026295033
1,75.96639087099506,57.01099533846851
1,75.96929215904989,56.96268328788754
1,75.98689576227393,56.985370158827195
1,75.98392614958918,57.02895917324473
1,75.96970349263083,57.026466072129445
1,75.99540252887782,57.04686503978571
1,76.00210264960293,56.982422200077714
1,76.01919906473324,56.983092991915676
1,75.95415312014245,57.00733872901309
2,75.98782314738473,57.01745271330023
2,75.96867766118851,57.007353166461286
2,76.01562085991355,57.03590906034525
2,76.02540799690829,56.970500901782636
2,76.03416628801381,57.033047840296355
2,75.95567539139505,56.98722811099951
2,76.01733529041728,57.01361866980597
2,76.02055587152995,57.033250219159406
2,75.9798936569584,56.99733968850304
2,76.0334248605201,57.02351541601874
2,76.01165261813394,56.98498349496282
2,75.97460006712556,57.00482667398008
2,75.99588629446762,56.985910562648705
2,75.9945858712998,56.98189043057646
2,76.02085722284617,56.99421284719208
2,76.02156440359819,57.029534022041304
2,76.01088736084981,57.018473628457095
2,75.96702349958042,57.00926096884727
2,76.00782613271839,56.973239861404316
2,75.97859601051002,57.01667723218038
2,76.01507522349144,57.0402115758224
2,75.99930063778181,56.97918201784884
2,76.00836678091646,57.03591326293859
2,76.01898906766597,57.009414198960044
2,75.99219842536488,56.96906522122859
2,75.98618656326272,57.01482572013042
2,76.01453797916157,57.02153270709523
2,76.02922213065533,57.02073432145754
2,75.97728637749445,57.032003320990206
2,76.01470754222646,57.045821598754856
2,76.01794707841634,57.01132716226774
2,76.00736152361434,56.994464681363134
2,76.02066396109066,57.0011720715007
2,76.03179409724756,57.00815427885822
2,75.98973870072807,57.04046539895647
2,75.9815643342197,57.03422086717508
2,75.98176274069453,57.00375627780316
2,75.98544813476882,56.9976105289133
2,76.01882917950907,56.982247619356016
2,76.00892799442929,57.00131470570496
2,75.99779503895292,57.044150211473564
2,75.99300489136867,57.01450631950482
2,75.99455491636671,57.02684019839979
2,76.00683028724785,57.00281648827343
2,76.01647454876493,57.01097066578007
2,75.98441747232279,56.961530287970696
2,76.01547361617885,56.958404562335836
2,75.96856978899879,57.00292386790605
2,75.98949674478787,56.994132836298725
2,76.01420759568447,57.01029301952271
2,75.99436238167644,56.95132100399235
2,75.97300637508545,56.999540567623114
2,75.97926206639443,57.020485768418006
2,75.97013845695928,57.015942294222015
2,76.0093040482228,56.988574157031664
2,76.01442829519446,57.01617643513801
2,76.0170657019164,57.03280113932886
2,76.01502721212246,56.99360303463976
2,76.01882009760284,57.00018776723454
2,76.01454130763192,57.01491495728612
2,75.98074886534414,56.978765096410555
2,76.0003257950948,56.95859273092382
2,76.01919906473324,56.983092991915676
2,75.99801811712166,56.98833500288405
2,76.02845899120396,56.987248593110245
2,76.01632758975572,57.0185282838041
2,76.00073100417363,56.9754593090916
2,75.9709652492256,57.008884251307826
2,75.98474503099531,57.01768474117875
2,75.98603832734001,57.01611214470791
2,76.00516458651646,57.009737334836124
2,76.01191544102652,56.96408882661487
2,75.99153656787529,57.020516724197485
2,76.01421975995557,56.97080008195071
2,75.99082659240226,56.985687934926595
2,75.99487820711052,57.021978807639904
2,75.99118201691873,57.031786105860995
2,76.00886504337511,56.99036359028022
2,75.97673113608055,57.01932838385636
2,75.99967611049564,56.99423170673563
2,75.978938469873,57.024988796503656
2,76.02205782841078,57.00758851661079
2,76.00096481298864,56.982217413266454
2,76.00180635115285,56.98979828206118
2,75.98023129940235,57.00330957779184
2,75.99760608018399,56.97491808940756
2,76.00355344471659,57.03338136584656
2,75.96956053294613,57.00292650279805
2,75.95996371761811,57.000736418342775
2,75.99636636244517,56.963509118409036
2,75.97142533292066,56.99103104794038
2,75.98905865385595,57.01818460915669
2,76.00093238571179,57.01304298908844
2,75.97212764200307,57.00843179666313
2,75.9814602396955,57.02786619913007
2,75.98881722917683,56.97449393625501
2,75.99177918124404,57.03115435765583
2,76.04240928594827,57.023143683848325
2,75.98203352769171,56.98244660722511
2,76.03150945102757,56.98729726980318
2,75.99887923521601,56.987957578462904
2,76.00224244839733,56.984738485322616
2,75.99545026238413,57.010680289481094
2,76.04028863128346,56.998556591889866
2,76.02121224392583,56.984947095722966
2,75.97498435017351,56.98668830333721
2,75.98278185841511,56.98310251896633
2,75.96626215233862,56.99747663553443
2,75.98401713308141,57.01872905901457
2,75.99748801470182,57.04739261942533
2,75.97494862933551,56.99946440327117
2,75.99139866392845,57.02480565758021
2,75.9959933773252,57.01587667231033
2,75.99256095022074,56.98207721151564
3,76.02702419982089,56.96050578630728
3,76.00495054220285,57.00138344087027
3,75.99005771507582,57.01157451098615
3,75.99340302651382,56.96690238542292
3,75.98094041524422,57.00198821961786
3,75.97841156324206,56.99855591996442
3,75.99561442665905,57.01322818897226
3,75.9799572798579,56.963206858548304
3,76.02754842445135,56.99033661425698
3,76.02018753575025,56.98796877116354
3,76.02368817330975,56.975253502050464
3,76.04114478313254,57.014826000440884
3,76.00437304800096,57.0000109761307
3,75.99334174445777,57.01770215871321
3,75.98335997676921,56.98332212700788
3,75.98780579038133,57.03167764300781
3,76.00519044596285,57.03878711360739
3,75.99485899771071,57.03567286267642
3,75.97790184306419,56.96818498925064
3,76.03334381570099,57.02449795253722
3,76.00130099560408,56.95248715706514
3,76.00111890539408,57.00179030656063
3,76.01232336516254,57.02328836963344
3,75.98132691013565,56.99849170508044
3,75.9900535530064,57.023712723451204
3,75.99075899837342,57.01226864725297
3,75.98863916915154,56.99828670116527
3,76.01525359218833,57.0279532198747
3,76.02949912263742,56.98715314786893
3,76.00569927871803,56.98540186054985
3,76.02963429181031,57.03940374950319
3,75.99885823331866,56.97914462354794
3,76.02284289753271,56.98095724774695
3,75.99312447293461,57.00238859984036
3,75.97502057428675,57.03359523949385
3,75.97871546225367,57.01209662531226
3,75.99610257058924,56.984434795905194
3,76.02169350501329,56.98417452968502
3,75.95229087866848,56.99142807722446
3,76.04324167222049,56.988925174511806
3,76.03279926900063,57.02327590773104
3,75.98884458376435,56.96070652780237
3,76.02233529049077,56.97359452984598
3,76.01518364012131,56.98022933102207
3,75.95841919494075,56.990725748282166
3,76.0021891569273,56.99100321259872
3,75.97464706564159,56.95920223395025
3,76.02853007064807,56.97964061401602
3,75.96092832839399,57.00484691501079
3,76.04612590059105,56.998452693045245
3,76.03239061879727,56.980753706756744
3,76.04874857197396,57.006215614684585
3,76.01184810607172,56.997204122185465
3,75.99486637146823,57.01829022002982
3,75.98645329629977,57.0179532472565
3,75.9881177517313,57.03184744746542
3,75.99755493812486,57.045200983900955
3,75.95524321389169,56.992060359090274
3,76.03470478684469,56.96666034563684
3,75.97045804640172,56.964218486061895
3,75.99959824583534,57.02840928351884
3,75.97894651757518,56.9617134248679
3,75.99465583524199,57.030354940223226
3,75.99647161321664,56.96474283467927
3,76.01542539979879,57.019342645699865
3,75.96235031943964,57.01186048713349
3,75.99180093114224,57.04928575981105
3,75.96871492659908,56.98058418145898
3,76.01824307133005,56.973638774587016
3,75.98940992206332,57.02041985379023
3,76.01468192404255,57.00215198650436
3,76.04573225028003,56.985177512656854
3,75.98789993855134,56.97935231863134
3,76.00768658214788,56.97433796229856
3,75.99866480191429,57.00398024161654
3,76.02286089722465,56.995353654647786
3,75.99829165468601,56.98823742246439
3,76.01556489967622,56.98720336932784
3,75.99191370069063,56.97219735548663
3,76.00630973453266,56.98919174689768
3,75.9890160722889,56.9548722791028
3,76.01468192404255,57.00215198650436
3,75.99882543993283,57.04990987418014
3,75.97524515246211,57.01207733549397
3,76.01887510680899,57.02915729368316
3,75.98597826289244,57.01448457135691
3,75.97224878539322,56.9676291788662
3,75.96201679371761,57.03138446271726
3,75.97260473773775,57.003921265826065
3,75.9910182804033,57.012837848045315
3,75.99079861197289,57.035384739418966
3,76.00476393630427,56.9771009647685
3,75.97428179965875,56.966694169939295
4,75.96561728215512,56.98063004359918
4,75.97367351162494,56.98442005303323
4,75.98900117862328,56.97982667330191
4,75.99318712351946,57.00716561433751
4,76.02591393899625,56.969503764325424
4,75.99343995066587,57.04413095735457
4,75.9940504718461,57.03409758192151
4,76.04797677414518,57.00506865992732
4,75.96007019156085,56.9776202312099
4,75.97897805852126,56.97097774766788
4,76.0139315035815,57.00308703639235
4,75.95412473747824,57.00946762394789
4,76.02873418601716,57.034376284893355
4,75.96628645046741,56.985588048614105
4,76.0164429994056,56.957375452397606
4,75.98627307116071,57.000224847710996
4,75.97406932000091,57.01811886054813
4,76.03401959252413,57.00243718579035
4,76.01621537478864,56.973725269643765
4,75.99435838349474,57.010364240272494
4,76.00187913444383,57.015954702097794
4,76.00605304889717,57.021752524026915
4,75.98768458363358,56.95448198566112
4,75.97096951188782,57.02337521307954
4,76.04261661811388,56.97693580988386
4,76.03456538038623,56.967655829312186
4,76.00233760584067,57.01990874845391
4,76.045939553799,56.98496926547013
4,76.0087549181032,56.96664036106011
4,76.00999290521759,56.96782328782414
4,76.03627491714161,57.010678466949486
4,76.00719898124257,57.036573120771834
4,76.0450982252461,57.01897867636536
4,76.00675412348654,56.99543586102156
4,76.03300309677542,56.99356151775524
4,76.01551374428844,57.003123427495474
4,76.00630445688526,56.963615088860074
4,75.98580252630813,56.971828206925174
4,75.98052748338803,56.98666468707215
4,76.00566972736586,56.99913098870248
4,76.0107085290596,57.02198543017447
4,76.01528584517789,56.99503579173351
4,76.02059744640559,56.97268153003618
4,76.00156137624786,56.999433607848715
4,76.01931750951255,56.95430982368348
4,76.02326754254258,57.00197853921756
4,75.9676998919686,56.98154159323851
4,75.99394945063327,57.01622235077142
4,76.04399579811175,56.98253847069293
4,75.96741829038076,56.97032491367893
4,75.97795660580739,56.96189191133163
4,76.02588225892764,57.004578480352464
4,75.98155453428829,57.02291007990025
4,75.97977227723048,56.999566731921874
4,75.99118105436051,57.01629256826854
4,76.01983430147911,56.985507055961136
4,75.99781836685264,57.014616292877534
4,76.03121007078842,56.98213803601511
4,75.99269674592735,56.95086512757336
4,75.99788608396236,56.95156139658305
4,76.03224648790713,56.965205646196324
4,75.9939055034215,57.02365247074562
4,75.97640012625996,56.96951529028925
4,76.00583496094764,56.991002633987755
4,76.0066593557645,56.9750726475585
4,75.99930063778181,56.97918201784884
4,75.96817067153947,57.024590470061135
4,76.00604733289778,57.008130216950036
4,76.00408681991523,56.981634728585924
4,75.96335067220613,56.98833626938541
4,76.00282614887519,56.951148865384376
4,75.99868455661002,57.01448452560539
4,76.02438015872796,57.026304610015394
4,76.01518346496171,56.99329742184597
4,76.01313963414323,57.01201343044381
4,76.00780973519564,57.04644811760892
4,76.04093941375524,57.01911129759675
4,75.95378067405257,57.000417717287405
4,75.97265455948954,57.004197182513224
4,76.00926723164679,57.006859871831445
4,76.03497927096161,57.01992337888953
4,75.9916435284005,56.98123373315788
4,76.02382568443609,56.97548075744965
4,76.00975786728148,57.01698363578408
4,75.99928363206504,57.03774109139355
4,75.96695181836891,56.97440205792774
4,75.98786700192453,56.99116492827693
4,76.01605660673728,57.00995958146266
4,75.9741881295849,57.001501424972446
4,75.96772317429509,56.97636775817517
4,76.02786978757706,56.99204900049892
4,75.98807280625824,56.99592523244542
4,75.98905928543981,57.00757385063792
4,76.01966549071102,57.018909621619144
4,76.03627491714161,57.010678466949486
4,76.03338517184797,57.025622028673055
4,76.00135121668242,56.981993902520934
4,75.95732585729134,56.989717458716264
4,75.97209564177803,57.00585629468286
4,75.98303235441581,57.03642862896641
4,76.03684582833516,57.0031000121255
4,75.98825312651084,56.967889503360425
4,75.99941686187687,56.95707981852335
4,76.02407162884055,57.017283237853235
4,76.0003537084884,57.045906558926696
4,76.00249242422862,57.02085644995562
4,75.98277219194826,57.045487376581654
4,76.0209334849371,57.02129871154264
4,75.9763617009351,56.959854585900395
5,75.99708305425507,57.0019564954943
5,76.03772853870271,56.98715216061363
5,75.97875775875673,56.99362649782874
5,76.00000090239986,57.02909292683193
5,75.98263817331232,57.0087938880854
5,75.98143770230676,57.00481481790841
5,75.99602641027496,56.997873391258004
5,75.99504264595984,57.01101613382801
5,76.03122523209507,57.03410163532247
5,76.00149363758881,56.973329279226085
5,76.00708926691419,57.03929265073918
5,75.96299054196176,57.00679133520443
5,76.00570096588967,56.97015227353085
5,75.95634440321072,57.00266161683095
5,75.96458038905517,57.01141580853394
5,75.9713251892696,56.973752962514496
5,75.9808191436937,57.004702585246285
5,75.97885126425852,56.99918667589869
5,75.99470397976498,56.95447816165036
5,76.01364260016904,56.999422939601686
5,76.03174349665969,57.007759455637256
5,75.98420390712621,57.01063212700186
5,76.04722163201028,56.99440969057714
5,75.98918874360287,57.01105030143378
5,76.01929211205882,57.0374792241296
5,75.96972601633459,56.98402765855161
5,75.96187461495778,56.99418594710622
5,75.9827851584321,57.004954899386405
5,75.95246076779001,56.98680310675289
5,75.98676294645907,56.95317508087202
5,75.96667798217106,56.98037192699395
5,75.97955370439598,56.97135171701432
5,76.01446018175125,56.997455499676505
5,75.97557824187318,57.00275542383018
5,76.02861149085743,56.99671542770815
5,75.98158028747129,57.005108070366596
5,75.99893760307658,56.98370134213201
5,75.99830215939318,57.04018526235597
5,76.04224861840561,57.02417797246485
5,76.01463102389754,56.969513087546915
5,75.998403803549,57.04154352922484
5,76.00948460366244,56.983885190160926
5,76.0031946933244,56.969093686648776
5,76.01836631826929,57.007868105098616
5,76.00052573905083,57.01128709569007
5,76.00830748237743,57.0350560796277
5,76.0064351735308,57.041666155247874
5,76.00590968182506,56.98332314022946
5,75.95921974305395,56.979687125610404
5,76.0272983027523,56.98210617908608
5,76.0313247456315,56.9906309006276
5,75.99122116963005,57.01535467266956
5,76.00065145232631,57.03340510424521
5,75.9551456219805,56.985966459530836
5,75.98720564764476,57.002636550481895
5,76.01402926947503,57.03394260089684
5,76.02435959205386,57.03083045663494
5,76.00758341390605,56.9683628226704
5,76.01797658196304,57.028724004974805
5,75.97533021691481,57.02640916993699
5,76.0235424413693,57.03589744024809
5,76.02395007082805,57.03822787511604
5,76.04083589556866,57.00505278605353
5,75.99763390899219,56.99464977426219
5,75.9647920528885,57.01555697827497
5,76.046994015516,57.01217840896681
5,75.95208078170482,57.00403707661618
5,75.9912181803482,57.00113331404855
5,75.98255258740461,56.98687761257368
5,76.01068768858283,57.0121168142041
5,75.95789926556535,57.023183696133124
5,75.99952976791957,56.992503407999315
5,75.97640423335251,57.00045168986559
5,75.99541752147144,57.017838745717924
5,75.97289242045498,57.012151051744326
5,75.97674787455831,56.99984904879645
5,75.99707354751622,57.02297088393282
5,75.9696838020466,56.98109092710482
5,75.9698117909459,56.97566740365956
5,75.99976070117306,57.008254427132286
5,75.99347625292336,56.98356238605299
5,75.99628830782687,57.01941218276002
5,76.01314616124765,56.95600281429637
5,76.0309059613368,57.025587733111536
5,75.99951974450217,56.97584897643436
5,75.9798817354858,56.97395368893499
5,76.00612272681886,56.963066933790316
5,76.01901309160687,56.996900727357655
5,75.96359103528874,56.991331736417706
5,75.96580471018707,56.993650955368224
5,75.99263250351851,56.992751305392346
5,76.0099011134422,57.014185051610816
5,75.96973177659815,56.990764235022205
5,75.97567733900907,57.00161741226551
5,76.0390577893009,56.98711603369223
5,76.02384046916282,57.02483219544954
5,76.03072245859035,57.03220507593728
5,75.98914426397572,56.963854170422614
5,75.996063657807,56.98720118531086
5,75.96631264293335,56.97826281235014
5,75.96212578206851,56.98829330541012
5,75.9870682368766,56.988654797162766
5,76.02005953926388,56.9735984941859
5,76.00368358713786,56.96115963433943
5,76.00113753229981,57.03360576929968
5,75.99353299235797,57.046690044355564
5,76.01243503237664,57.00882882429224
5,76.02648170573099,57.01589689731199
5,76.00570419911605,56.99097507003876
5,76.031157065328,56.98949240070438
5,75.98393222092716,56.96337361742918
5,76.0170030512211,56.98870169223108
5,75.97397499994042,57.03589722976126
5,75.96759677279353,56.97273194110908
5,76.00113059014639,57.00273587071402
5,75.99833156512433,57.01986272797362
5,75.97704259886325,56.99548475628231
5,75.9693662865559,57.01109459549816
5,76.01071545598488,56.97787752939391
5,75.99155039798597,56.97578627223908
5,75.99653381927587,56.96573710779246
5,76.00702235770243,57.013475178189445
5,75.9957330151072,57.0232455794557
5,75.98140006560902,56.966723968899196
5,75.99428807086748,57.002619297473856
6,76.01757860865995,56.989211064292874
6,75.96901661500219,57.00984765913146
6,75.95857404895611,57.01414995666315
6,75.97454077578277,57.01750823106102
6,76.01310354695455,57.005940166921576
6,76.00302875850072,56.96589712742213
6,76.01688218144695,56.998603082763395
6,76.00318403238478,57.00631127734928
6,75.99425712889428,56.98988985648659
6,76.01002606842242,57.04575808474906
6,76.03074982508193,56.993346527585786
6,75.98736866352768,57.024822386891536
6,76.02619344709649,57.01596734484413
6,75.99963329536335,57.02043233576671
6,76.00381468672596,57.00596802453914
6,76.0012659016025,56.98246341372524
6,75.99336793533602,57.047195680141016
6,75.9841595390468,56.99020463290376
6,76.00315457520766,56.97923080142063
6,76.01807813463421,56.994184184327224
6,75.99558951062383,56.98613956606128
6,76.01617302768719,56.99843331335885
6,75.99980437263724,56.9912027131654
6,76.00833557542316,57.009329288001396
6,76.02057643246555,56.95573556363951
6,75.99189670407983,57.0061206136254
6,76.03064578562578,57.01797911963645
6,75.99300796004674,56.96522657747937
6,76.02546634741246,57.02940404828819
6,75.99610625797422,57.01842075158644
6,76.0062496006312,57.02464752251872
6,76.02513815106548,56.997430658473895
6,76.03471681382676,56.98004505969169
6,75.96345076198621,56.972586870298265
6,75.98989232543332,56.99057883789812
6,75.99192837492737,57.01710438295503
6,75.99516593369884,56.990574982701176
6,76.03182369519861,56.995947600207565
6,75.97541644750515,57.01838574378595
6,76.02127865707871,56.96089410609498
6,76.02105985759063,57.0066145325457
6,75.97338061978849,57.02143409082887
6,75.99248465865621,56.97615156960297
6,75.98486062030679,56.9856178032354
6,75.99003451272692,56.99085461131671
6,76.01106165834366,57.03191971348484
6,75.99203690994862,57.024536775728095
6,75.9689226346146,56.9753715112788
6,76.01393627962692,56.972597568645334
6,75.97394389976414,57.01744768264567
6,75.9959201008563,56.958109260718174
6,76.00384509333904,56.96705605535493
6,75.9780764754954,56.97634578057008
6,75.99533441408568,57.035084995052024
6,75.96051597079436,57.00692761629235
6,75.96383146590946,57.01326222282181
6,75.99438284330573,56.99234758609921
6,76.00367998146106,56.96612144670327
6,76.01106165834366,57.03191971348484
6,75.99030678619381,57.026494888213996
6,75.97199718284723,56.982874536780486
6,76.01827789752976,57.00345603175817
6,75.98056119007838,56.97117875852974
6,76.00846615783884,57.00173365278562
6,75.96809462021872,57.00953801515258
6,76.01643154878023,57.00064330202351
6,75.99394917132047,56.99126150166398
6,75.97545057986514,56.97669613679086
6,76.01741113606136,57.02170105028043
6,75.99933797622644,57.00400517489865
6,75.96960521278935,56.99608214290525
7,75.95909479424695,56.99413238395081
7,76.00152309424251,57.035706409516116
7,75.98750944159798,57.01675385940127
7,76.02714658585347,56.990792096941135
7,76.01491526006777,57.025905313617486
7,75.99919288443078,56.978062019275214
7,75.99809705745143,57.00550091180645
7,75.96671223576784,57.01682827715646
7,76.01113495445865,57.01757812250228
7,76.00794111062095,57.04151358409428
7,75.9893324936299,56.95246371893335
7,75.95350998817531,57.008943614727016
7,76.03873278244419,57.018977684697354
7,76.00406756817306,57.02571882314687
7,75.97852481762196,56.96086592135237
7,75.9873301967137,57.01191748402076
7,75.99976811154299,56.970202355214994
7,75.97385001134103,56.971418263076565
7,76.01649953349593,56.986098089604965
7,76.04118324780181,56.97191793774926
7,75.96530610505762,57.00172349233764
7,75.9791647536303,57.005360738075915
7,75.98235085207222,56.98778293782213
7,76.03267006240135,57.0320866427385
7,76.03312201804765,57.006286633133534
7,76.01151999605244,56.96858986895913
7,75.99546939165691,56.965913925385664
7,75.98703146298604,56.99272624871626
8,76.03273358892065,56.98813093163512
8,76.0037636042028,56.983430382275024
8,75.98981039492485,56.98476768014129
8,76.0247136240987,57.025716967713194
8,76.00091274143914,57.04898077478782
8,76.00803963168597,57.00860933517177
8,76.01622517887186,56.98031001944523
8,75.97794340753829,56.99380536192657
8,76.02143043297035,57.003957970277604
8,76.02014586686596,57.029475844690204
8,75.95693841637966,57.00262949576105
8,76.04614009884155,57.003972098440265
8,75.97741146530498,56.9906567670828
8,76.011001142901,56.97281726692596
8,76.02902613145781,57.02308161714495
8,76.02201897506836,56.981632910305045
8,75.96479996217705,57.01281034032087
8,76.01819090667087,56.9552507668694
8,75.96256682510285,57.025395256583394
8,75.98575804828984,57.02903299375368
8,75.99696379706084,57.003685718846114
8,76.02422284293378,56.98731263472624
8,75.98721310046129,57.02758181871788
8,75.9555329836855,57.017561793037956
8,76.00925876995738,57.04113017160107
8,75.95815512098739,56.979662416111275
8,76.01790664345637,56.99520842550136
8,75.97548519040718,56.98190173752278
8,75.97909382659786,57.00122207617648
8,76.00403415578616,57.0241823342357
8,76.01757860865995,56.989211064292874
8,76.01637017000522,56.962104937010665
8,76.03366961884936,57.024521373251694
8,75.98991796988705,56.99630197977882
8,76.03274252405969,57.03171515709391
8,76.0212646961849,56.985955286156056
8,76.01633409552399,56.9529936966439
8,76.0324527624367,56.96808998702634
8,76.03626571489744,56.97593493600669
8,75.95342627940838,56.99538746451269
8,76.00691887509737,56.98047497125086
8,75.96655929259184,56.99332251028537
8,75.9954138241678,57.04164302258742
8,75.98089905127243,56.99817140815669
8,76.04026014820136,56.98945807010873
8,75.97556430932633,57.00041867023254
8,75.97878985776444,57.00723327598185
8,75.95452020913986,57.012101962636564
8,75.98496743641294,56.95751692946681
8,76.03299920104692,57.03370553765899
8,75.96573303450259,56.983083687393155
8,75.95923605933615,57.020313384412525
8,75.98052922042724,56.99039453379721
8,75.9901002518189,57.01981026339321
8,76.01205012725322,57.03753534533145
8,76.00751480505704,57.01681909868934
8,75.98897672464219,57.01642068059289
8,75.95718400591058,57.001811701564506
8,76.03054490673163,56.96391977046724
8,75.998556380548,57.04459378939961
8,76.02801322427601,57.00586981448279
8,76.00110132407568,56.99871170939207
8,75.99975848622832,57.037538410062
8,75.98947168028563,57.02520154260164
8,75.9774901348146,57.034697389475
8,75.96738334227125,57.025897902342614
8,75.98193735440401,57.01990058843702
8,76.03929936852063,56.986611111508985
8,75.9771990402208,56.96608703891012
8,75.97561915716194,56.999790988667826
8,75.98036457783329,57.039224150435196
8,76.00555148646973,57.02447906748534
8,75.99749582291022,57.001060340482404
8,76.00217187929897,57.01424657689826
8,75.97122723540816,56.9699881496934
8,76.01310407854714,56.963481768959255
8,75.95782062618912,56.97488062113352
8,76.01647454876493,57.01097066578007
8,76.00938672661911,57.034259890198506
8,75.98978915549793,57.02906749466124
8,76.00255113083644,57.004058363697006
8,76.0135103775997,56.97891474272062
8,75.9511391252832,56.99331660967627
8,76.03407443927854,56.975180247675986
8,75.9570663361153,57.01407273309877
8,75.96312541179707,57.02141223820754
8,76.00223503565104,57.009283132141555
8,75.99140821158551,56.95908119985314
9,76.01632758975572,57.0185282838041
9,75.995924735049,57.00630436478502
9,76.00399529593919,56.98165006563089
9,76.02816563482851,57.00399945566173
9,75.98744679925933,56.95970157906948
9,75.98793747957345,56.981883640145924
9,76.02423618022898,56.962033716275684
9,75.9756342526128,57.03062253032642
9,76.03808673112985,57.027792487776196
9,76.03199241892159,57.03115669623232
9,76.00295249452891,56.992904523063046
9,76.00107426869769,56.978900627384306
9,76.00778894004175,56.98381079882483
9,76.00802629524883,56.98439860657634
9,75.97010463733164,57.02039791053517
9,75.98734459236456,57.04148273324621
10,76.02738449097978,57.01692077522555
10,76.00372425846743,57.02653475395944
10,75.98334993582785,57.00827525535444
10,75.99152417548183,56.990108107924264
10,76.02809455645608,57.012360506060624
10,75.99207393081448,56.97898936533061
10,75.96903928353153,56.97044702438337
10,75.97953885201454,56.98491723181289
10,76.00699040155259,56.98940647841386
10,75.98528387539234,57.00309713150892
10,75.98425731046379,57.000363071152414
10,76.01215435386199,57.00626642288455
10,76.00835071482905,57.012758189113804
10,76.02430432508679,57.026729108835255
10,75.97042492716193,57.01508639703187
10,76.0081856217967,56.95782095182549
10,76.00990152641938,56.99089332761649
10,75.99402673145482,57.030210994989304
10,76.01170061026005,56.981141436442776
10,75.99705796364938,57.032774815796124
10,75.98700225710708,56.967761430166014
10,76.00997876250423,56.985281395492926
10,75.9968380126398,56.99391003275515
10,76.00267344977492,56.98462039506827
10,75.99922347099256,57.02243448723272
10,76.03005428054526,56.97830470341557
10,76.02002169650301,57.0264393100589
10,76.01448728486051,57.00767861999004
10,76.00909509063028,57.0156502748083
10,75.98076972161577,56.97826122195293
10,75.99110108654708,57.00530216751297
10,76.02228254798946,56.98565757542457
10,75.99504473397742,56.985995950300904
10,76.00922808627159,57.021674373134125
10,76.02698034554416,56.99430025577104
10,75.99284494054417,56.98566131924153
10,75.9942319261886,56.98897152951558
10,76.02588857842893,57.04242364811065
10,76.00159446640397,56.993741955670934
10,76.00159766319896,56.98476202626164
10,75.97392092352845,56.99339290158195
10,75.99760475371163,56.960262957621616
10,76.00808618016562,56.966081244525796
10,76.00591564578308,56.970709120494234
10,76.02998886513292,56.98505586015111
10,76.01198586181789,56.97166685803843
10,76.00644837005666,56.98575561849604
10,75.99544381682752,56.99840984172554
10,76.01571483963507,57.00414919282422
10,75.95719393910093,56.988036668638756
10,76.01660210259108,56.97888185827871
10,75.987791178996,56.99968380761446
10,75.98880613058556,56.98802630604387
10,75.97734903186222,57.02384131101841
10,75.99510713723177,56.96474222657398
10,75.97355142098652,57.02500838443157
10,76.00265145912482,56.969586660910366
10,75.96284619903777,56.98358661024163
10,76.00075798078497,56.95186195657684
10,76.01169735427096,56.98868923678373
10,75.97829579171858,57.03769695129515
10,76.01820777313434,56.99341699130026
10,76.01785411057169,57.01863649233919
10,76.010574284225,56.978728670051716
10,76.00236273568841,57.00038866806925
10,75.9957837529876,57.003002575788805
10,76.02875865407634,57.02063993836607
10,76.00255113083644,57.004058363697006
10,76.04136501743551,56.98000051026987
10,75.99683081907183,57.008430353900415
10,75.9836696580827,57.00710832203394
10,75.9715961085851,56.98278705471156
10,75.99318712469551,56.994427441693006
10,76.01326438759003,56.961646283051216
10,75.95415533336923,57.00660580270235
10,76.0219896958691,57.016803122049794
10,75.98028724392908,57.003772796671974
10,76.00418509588317,57.04392854161767
10,76.02783219875732,56.96673643324462
10,75.99842670225812,56.97898591035749
10,75.9954005370354,56.9831922779186
10,76.02607779468228,57.031080871906525
10,75.9930649561616,57.04603824715741
10,75.98041868614472,57.018304825202755
10,76.01097269515927,57.00822257517549
10,75.97473321362276,57.02222151994219
10,75.99318974885824,57.03217051825385
10,76.00175781076672,56.975682554311085
10,75.99829271124358,57.010364242656266
10,76.02637899827324,57.00028902581055
10,75.97516348917955,56.96797354939361
10,75.99187912792694,56.98059168500886
10,75.99383207068806,57.02643891873247
10,76.00812098241866,57.02869576612014
10,76.01615896647222,56.99697072076817
10,75.96509345225266,56.979696029366146
10,75.98867587113722,56.9548352603708
10,75.99892392034626,56.972084346681726
10,75.99086744740744,56.97591705261582
10,76.01384424091492,56.99274975890694
10,75.97844274227148,56.98160651673168
10,76.00059385370722,57.01568301013997
10,75.96809462021872,57.00953801515258
10,75.9854295579213,57.01237133211807
10,75.98640466620499,57.037640033542466
10,75.98788181603659,57.04509569733674
10,75.99518510570975,56.99783925783178
10,75.98789694950892,57.004748656764775
10,76.00360902064685,57.020199391815574
10,76.04309498388966,56.99611492783627
10,76.01810111250087,57.01029333181076
10,75.9854295579213,57.01237133211807
10,76.04086806380441,57.0230836618164
11,76.01260424905742,57.039709197400995
11,75.97918146072342,56.986999251476895
11,76.03549974120097,56.97438924463064
11,75.99404318539001,57.039915876978675
11,76.02563243218222,56.97834599232896
11,75.99832094023449,57.028978997460406
11,76.00811039794115,57.0115991826852
11,75.99745618156585,56.98100694106342
11,75.97189032784122,57.03730227728555
11,75.99166883324735,57.0215559055334
11,76.01251514326515,57.01776122216547
11,75.96114960743114,56.97057164215197
11,76.002302348089,56.98774321847333
11,75.992499214171,56.98135043812927
11,76.04001866322965,57.01068201703308
11,75.997773705878,57.01489320828696
11,76.01107214930802,57.03668879381741
11,75.97834744838345,56.95927717517066
11,75.9922165246993,56.98006896143084
11,75.99923087195602,56.95088733628163
11,76.00668921930192,57.0481937361032
11,76.03775009804903,56.979995026371434
11,75.9784141648746,57.04324767038293
11,76.04487717159633,56.99228547240234
11,76.00836876948577,56.974816672744105
11,76.01691539853113,56.997515457469895
11,75.97735260412385,56.97937486810141
11,75.99103641205318,57.012149829934316
11,76.00099880660166,57.039210707309856
11,76.03362811159936,57.02232793662256
11,76.04451571965974,56.99580021744885
11,76.02122069439496,57.04103041281886
11,75.9884344047293,57.01938188114043
11,75.99588116303222,56.96613445095193
11,76.03983598517381,56.97052550998813
11,75.9901862554195,56.992526024287145
11,75.97573116866263,56.968933541100874
11,76.03731477964435,56.990290570906254
11,75.99584746680443,57.02728746593929
11,75.96097108554416,56.98225526755206
11,75.97808121781264,56.98594728144243
11,75.97716822013959,57.00849570152689
11,76.00560908992738,56.99078838948003
11,75.96750838647917,56.96449077587518
11,76.00210264960293,56.982422200077714
11,76.0142368729786,56.98635299480013
11,75.99668225170959,56.9597700620437
11,76.00174193509407,57.020250561595326
11,76.00100380649354,57.00374029537639
11,75.99527773405461,56.95499013616069
11,76.00603624199145,57.00903625210633
11,76.02216145141904,56.9961619174143
11,76.00354991740433,56.974955571727314
11,76.02824636170935,57.022067247756546
11,76.01333768634335,57.01510046373585
11,76.03820102446876,57.00715989351456
11,75.99664806423831,57.04088280841664
11,76.00814298231496,56.96957429514707
11,76.00351518821795,56.973427169224756
11,76.03978550684069,57.02507438300702
11,75.9646865184444,56.978932294274344
11,75.9877650038317,56.97263755172863
11,76.00465887253563,57.034492429973355
11,75.99123787547168,57.004443729450365
11,75.96275200331954,57.022254372169364
11,75.95573770217928,57.01786920645036
11,76.02533338053922,56.964763592978244
11,76.04560926948031,57.013766969884095
11,76.0432462408039,57.00175233070893
11,76.02615052901956,56.96205376715615
11,76.0228915876193,57.043749450720654
11,75.98431617461618,57.020145350447926
11,76.04028041975673,57.0134793041212
11,75.99487728013689,57.024036778017305
11,75.9743069019231,57.02974457256985
11,75.99965908801865,56.96605854224129
11,76.04804534233261,56.993622217906065
11,76.00001886408386,57.02077674301867
11,75.9797759182294,57.04537766925083
11,76.01932022436937,56.98617643151426
11,76.00707455050357,56.9716439410822
11,75.9652527839548,57.01895775696778
11,76.02013908959614,56.96137309806864
11,75.99814702180225,57.01371476892313
11,75.98627307116071,57.000224847710996
11,76.0301358478782,57.00430997094284
11,75.97884216163355,56.98830118063428
11,76.00997738690977,56.96977841048777
11,75.98677826712162,57.00247321371555
11,76.00162451332828,57.00506627085578
11,76.04575189552439,56.99616825970316
11,75.96249888218661,56.975324380352376
11,76.04231321415297,56.99870951284473
11,75.97390049351618,57.042523135411436
11,76.00415698828951,57.03181339163534
11,75.9789400335757,56.989632023809456
11,76.01475490061287,57.003420838342585
11,75.97964207269371,57.02265340247375
11,75.98699116918816,56.99041627082368
11,75.99842169730714,56.98438172784519
11,76.00574551918311,56.99701745854552
11,76.0369376334808,56.99754639936861
11,76.02957523925988,56.966228481792186
11,75.97772530852413,56.99393495808357
11,76.02154780596634,56.990926642500526
11,75.98290929717098,56.97337559060057
11,75.9689226346146,56.9753715112788
11,76.02322334025867,56.989321407468736
11,75.98170142520432,57.04457097288323
11,76.01001575588721,57.012305838025846
11,76.02424392303391,56.985621442203794
11,76.02238281061756,56.95913268788532
11,76.01427222894502,57.0112019467213
11,75.98700499100599,56.992703879762985
11,75.98898925779999,57.015255135596725
11,75.96585310799468,57.01108769648148
12,75.99922769085325,56.98830288495121
12,76.02704918273507,57.00769218347931
12,75.98774045863496,57.04228356498896
12,75.97100551852787,57.03561470081927
12,75.98629547636733,56.98810438129096
12,75.95896136314232,56.98826275160652
12,76.02750858277078,57.00835990387126
12,76.01962920669474,56.96609215599377
12,75.99105848685862,56.95598340961828
12,75.99727338541615,57.02003205173152
12,76.00729099049401,57.00909999125106
12,75.99960491859312,57.006206902199025
12,76.02171513455293,57.03006602784146
12,76.01581902735701,56.992060227009574
12,76.04941997963145,56.999755864703786
12,75.96060042397103,57.00127507475092
12,75.98468247142489,57.00387334949703
12,76.03958338475223,57.024006024714254
12,76.00522829696351,56.981364213633476
12,75.99419029817128,56.96665015915069
12,75.98059563198053,56.969928484148824
12,76.00635796484045,57.01599363779911
12,75.986294311162,56.9887292036472
12,75.9975015601996,57.002920675154776
12,76.00084093708628,56.98909645576563
12,75.9988129103389,56.972553446315594
12,76.00001139961712,56.97840871316528
12,76.03437589181394,56.96780390674686
12,75.97808233960974,56.990746229271394
12,76.00690077598048,57.0105949465178
12,76.02216980596245,56.99001616406179
12,76.02765963853518,56.96756203326977
12,75.97723852816817,57.01199714882148
12,75.99336662758218,56.98005277877385
12,75.95953990572883,57.025535262565164
12,75.97432153110556,57.04112219928578
12,75.98603832734001,57.01611214470791
12,76.0262928131784,57.03871340474543
12,76.00019449850649,57.008031459210756
12,75.99113154811411,56.95730164220956
12,76.00648148232825,56.97868882926402
12,76.01616609823176,57.00127186427445
12,76.00956803637665,56.9620041555694
12,75.9908100339034,57.00535932528679
12,75.99003057370155,56.98619754357584
12,76.01495192182476,57.01469646141626
12,75.95956348469747,57.00317866558914
12,76.02859819786204,56.9733841334901
12,76.00901169099635,57.033337723765534
12,76.0070302930423,56.96689029544677
12,76.01638500120121,57.02914506234345
12,76.02306032291011,57.00865495655427
12,75.99774464835332,57.02540115606751
12,75.98288475755855,56.988838781724546
12,76.04803053143988,56.998382809009016
12,76.04346213867386,57.00107892347577
12,76.00553414366551,57.035341499542525
12,75.99345743910375,56.99025846034757
12,76.01691539853113,56.997515457469895
12,76.03476528261284,57.0058307256868
12,76.00542663187785,56.990279374062965
12,76.00238669311213,56.96031681606714
12,75.9881738264202,57.01031437959612
12,76.02721595164806,57.0166955094482
12,75.99561442665905,57.01322818897226
12,75.95979464132614,57.01997813385297
12,75.9851759490423,56.9780881182204
12,76.03348716310911,56.97425677035537
12,76.03151601399958,57.0178062065571
12,76.02760437444412,57.006050324062485
12,76.00159354962692,57.01702049220019
12,76.01233103099298,56.98815796071189
12,76.01843663802191,57.00144202238839
12,75.98484258887325,56.98008936110838
12,76.01792121291578,57.011848893337024
12,75.99093300715617,56.96985678430133
12,76.04240813036165,56.99214253094883
12,76.02641514985507,56.976918480690735
12,76.01391283905001,57.003198094798144
12,75.99243031391235,56.95616461211958
12,75.98627307116071,57.000224847710996
12,76.03590513416871,57.0082207958306
12,75.97100733056358,57.01068662719473
12,75.99754041077054,56.982121642076095
12,75.99673859480362,56.97622423128116
12,76.03264823909498,57.006716511791396
12,76.00292017588605,57.00365380618918
12,76.00099853705314,56.99024113421038
12,76.03397209347014,56.97887493784465
12,76.01713483947832,57.02310955751899
12,76.02504760774464,57.00146864438858
12,76.03093367429756,56.964720234121444
12,75.96455986811384,57.032959119706305
12,76.02145731173437,56.99893015570659
12,75.98235486730584,57.03266528737696
12,76.04510016531083,56.99902971623527
12,75.97037761251148,57.02557159451975
12,75.98474503099531,57.01768474117875
12,75.98960664087687,57.017154082750814
12,76.04575189552439,56.99616825970316
12,75.9669770061658,57.000337127692944
12,76.00163737524885,56.99635531228114
12,76.03224967348473,57.02099582269137
12,75.98557836055838,57.03885688893191
12,76.04964823612048,57.003154587425776
12,76.00013385807276,56.99508841006358
13,76.01950244169619,56.99080702672428
13,75.99041233305607,56.97403113776301
13,76.03816887237699,57.01014164036104
13,75.96833840681772,57.00845263375663
13,76.04142815077056,57.008218543928244
13,76.01970751278186,56.995146937211864
13,76.0058729209905,57.0105658936645
13,75.98431375850784,57.0318672090687
13,75.98331415737069,57.038286253327286
13,75.96497619990704,57.01426790915218
13,75.9676142793685,56.98596884597903
13,76.00206943804197,56.9509336334461
13,76.02027433370954,56.95932814288127
13,76.0074079882242,56.99278545163218
13,75.99798121706785,57.01319235569276
13,75.97343129973127,57.02414032407378
13,76.00127827014578,56.99829902865656
13,76.00099980481407,57.01048143623675
13,75.99123634876597,57.00888035767125
13,76.02270507446002,57.03845619731773
13,76.00994106096174,56.979379816207015
13,76.01933885859887,57.04100850246625
13,75.98617814385415,57.00989929606058
13,75.98316823901867,57.00386572774127
13,76.00563134778741,57.00401690216385
13,76.0093282168046,56.98649928312682
13,75.99562910599762,56.95870776279027
13,75.99822790724639,56.98650445270782
13,75.9642006324823,57.01595453262941
13,76.02202556888841,56.99539348862773
13,75.98114377255648,56.98025403139415
13,76.02595403323004,57.00952657235379
13,76.03078487647106,56.999256263207265
13,75.97304465459173,57.0130556564818
13,75.96472847575882,57.02017002545295
13,76.01416832327162,57.00531368702289
13,75.99104559419594,57.01456015839871
13,75.9900237300227,57.031027043594655
13,75.95954465916878,57.0120176084164
13,76.00183722776909,56.99617847665621
13,75.99771455415096,56.98200924613183
13,76.00992422024639,56.978431476356334
13,76.00123096966767,56.99452465243089
13,75.98984761832644,56.98990576840098
13,75.96012516658601,56.97748475941979
13,76.0111278094777,56.97631224846748
13,76.01582157939423,56.99033864517337
13,75.97314937901668,57.004060765363775
13,76.0103162759891,56.96684007584093
13,75.99269506059483,57.04824610105904
13,76.04105631910085,57.00104877955342
13,75.99974426183336,57.00149538832038
13,75.97597870826993,56.99776898385095
13,76.01978931825874,56.986162101257555
13,76.02010661073953,56.96860112667796
13,75.98062648585983,56.9927680974092
13,76.00896507718724,57.025141060173624
13,76.02871886901978,56.968735762605114
13,76.01084728164851,56.98774298165402
13,76.0465070943239,56.98744146154633
13,75.9803702913715,56.98039188889859
13,75.99817792836218,56.98056708493222
13,76.01299895781196,56.99890238387781
13,75.97873506460742,56.9613647780408
13,75.9683931247191,57.02427463334967
13,76.003647028723,57.005397755282615
13,75.99729426274999,56.97922407818255
13,76.02830394710011,57.00876725700973
13,75.9987615522906,57.0219349212284
13,76.04746330593447,57.015189243459666
13,75.99412806739888,57.01638338874578
13,76.01423428591556,57.00314085086284
13,75.95857728185236,57.013391448407816
13,76.02736985205316,57.0186687024991
13,75.9967941690345,56.98797521725713
13,76.01380772715162,57.041386711924986
13,76.02483914067591,56.96906195424486
13,75.97810979327924,56.965729725438386
13,76.00224695230766,56.98376673403655
13,76.00306497731775,56.98533620806442
13,75.97214770055359,57.02413883036942
13,75.96524745991768,57.03305213833002
13,76.0386613876862,56.980313452206815
13,76.02685009524656,56.97358345252873
13,76.02446255679293,56.957551439542975
13,76.00528525780416,56.970240756951526
13,76.03083410878602,56.998721512534225
13,76.02253121420641,56.98090078048586
13,76.04247434675551,57.01894102757345
13,75.96008371187425,56.99147989167133
13,76.00642137540304,57.02175266412111
13,76.02244130286195,56.980076371813226
13,75.98770215458619,56.99616106408632
14,75.9641788265032,57.006253637467374
14,76.02261335666721,56.98382440153735
14,75.9590012481118,56.990635039266806
14,75.9683676732018,56.994445989099006
14,76.0032953576768,56.992097429786945
14,75.98266266039533,57.01129398601841
14,76.01481899070131,57.00288578250952
14,75.97398656349665,56.96749553818368
14,75.99775210985914,56.96391312202423
14,76.02446400028433,57.002884001766475
14,75.97733460493404,56.99842420102093
14,76.01280586449711,56.9646444490072
14,75.99372191049116,56.98353879278543
14,76.00570394886003,56.955434371063724
14,76.01420580181171,56.9717489076119
14,76.03925611772333,57.020148406904404
14,75.98047631112756,56.98472283742214
14,76.002806699467,57.03207987283165
14,75.98511422593933,57.00468290529922
14,75.99319420354996,57.035825098344574
14,76.0058599421691,56.954371262539084
14,75.96142331837385,56.99695638982041
14,75.99544381682752,56.99840984172554
14,75.95902181702702,57.015238042013586
14,75.9769461267934,57.020775841371574
14,76.02239254584946,56.986829999786366
14,76.02468417977123,56.97692892890852
14,75.9982656973121,56.96340387019103
14,76.00173823405306,56.95297454787578
14,76.0216655992638,57.0153465925631
14,76.01730900888633,57.002780371555204
14,76.01450923311693,57.03503607762201
14,75.9595334786476,56.97324433002281
14,76.01604091831263,56.98303725067394
14,75.98291456205611,57.03694847341845
14,75.99657875828349,57.018972009275586
14,75.99736585876272,57.010955956845265
14,76.00358585411409,56.987783865858425
14,75.97982826365825,57.03944994784206
14,75.9986477785321,57.027520683214256
14,76.01596281566627,56.96026689068266
14,76.00718652740062,56.98265517205728
14,76.03350370520414,56.98561845873139
14,76.00867737465228,57.01732054069687
14,76.02450932256399,57.03377052607416
14,75.96115563134413,57.00404676559215
14,75.98873794359858,57.01995266320427
14,75.96870475394837,57.03799899708047
14,75.97877634203665,57.01454651912667
14,76.04193358082884,56.98950161273758
14,75.98629835876906,57.01743480201676
14,76.01633409552399,56.9529936966439
14,75.95941600955756,57.02501085285385
14,76.01337987846529,57.02868755370177
14,75.99388927262315,56.968960910767144
14,75.98674569524226,57.016201636070086
14,75.96819472033819,56.97687598708158
14,75.96909820221325,57.037733994703565
14,76.04092909201259,57.01720830451368
14,76.02412824815246,56.98402629855666
14,76.02117590469561,56.978499929988345
14,76.0044743897942,57.00998617619982
14,75.95424822856891,56.988955305821484
14,75.99833999481433,57.000241320432394
14,76.0004500670313,56.99349173634331
14,75.99129495697002,57.02011056426889
14,76.01855068375512,57.038473804330835
14,76.0326694382628,57.0154306661244
14,76.00272022178281,57.03274013038173
14,75.98744112288789,56.98287045555658
14,76.02090557550832,56.95634701255445
14,75.95751109081172,57.00247308641732
14,76.00622181969335,57.04535504668055
14,75.99469083373153,56.96584706294985
14,76.0156614525631,56.97851612576731
14,75.9868824352598,56.954314857359776
14,76.01605944164172,56.956148086406714
14,76.01766216602739,57.010978724047014
14,75.97711379639405,56.97414301628574
14,76.0422671487611,56.97798186791864
14,75.98855407599395,57.047542814704926
14,76.0316505890842,57.028222214827075
14,76.03415044212466,56.985647471546756
14,75.9906315372916,56.99307882535143
14,75.99645806959848,56.97954541487301
14,76.03417073579595,56.97739104858631
14,75.96573815573451,57.01265600549152
15,76.00419486429688,56.99599735153947
15,75.97432540970067,56.97343458362348
15,75.9852882991193,57.001366776692144
15,75.96603000069817,57.02841799117781
15,76.01688999338519,56.95596483355166
15,75.98863880094208,57.018441635450095
15,75.98800504086726,56.986423856137904
15,76.01585918673128,57.01029594905063
15,75.98580613934027,56.97881696730519
15,75.99976070117306,57.008254427132286
15,75.96093264994705,56.972481547290016
15,75.99217338598078,56.971744138103396
15,76.03476566946632,56.97412859954937
15,76.01168417835383,56.97855742380854
15,76.0047576404084,57.00732952274316
15,75.98220102494109,56.96135451187695
15,76.00449062741268,57.005607089647675
15,76.00828598379442,56.99494030816439
15,76.04360945098833,57.011487053700755
15,75.98588927200389,57.01842098245334
15,75.9567295431254,57.02459282997741
15,76.03086827844932,56.98556878376479
15,75.98604552111843,57.04757183486823
15,76.02807931077804,57.00021680283328
15,75.99028178320135,56.99746050179766
15,75.96355184648077,56.99032819692906
15,76.01559479908927,57.009637875537656
15,76.03571181654304,56.974081583259384
15,76.02681129094425,57.018549880212326
15,76.01679726850533,56.97752322450143
15,75.99254864553421,56.990254729807305
15,76.00835929964465,56.99407789909176
15,75.95891761416509,57.00803530354248
15,75.98338822825573,56.959331824695056
15,76.0099291378783,56.998916059572615
15,76.01249770973733,57.009211561511954
15,76.00982625581271,57.03168454086104
15,75.99169268077787,56.96320077988341
15,75.9979294830874,57.01874494112195
15,76.01759733455373,56.99968544146244
16,75.9941274931496,57.04508310021696
16,75.96093175044794,57.020622722038276
16,76.02279224769937,56.99722072259496
16,75.98074886534414,56.978765096410555
16,76.04411159645015,57.0117640625311
16,76.01233474748905,57.02403181676492
16,75.98021722027116,57.01349560228107
16,76.00795100797006,57.04353344727851
16,76.01296427333409,56.9964949732361
16,75.9628272561904,56.98244622448013
16,75.97334176721822,57.0239776806937
16,76.030773145437,56.99712085189246
16,75.9901804819593,57.01132266441761
16,75.97857293085785,57.028981453544475
16,75.99142406483861,57.00162743360271
16,76.03855445965169,56.99411150932979
16,75.97495126703724,57.010360438546684
16,76.02278723739275,56.993997899960775
16,75.9727883541357,56.97439845538966
16,75.98251795307024,56.95803164694888
16,76.02128799372495,56.988404666121966
16,75.9797680248419,56.961010907837014
16,75.97937197337983,57.03062927295223
16,76.03796692946071,56.98558552444143
16,75.9974068444365,57.02939431256111
16,75.99382517660958,56.98912141272269
16,75.96153416665504,56.999964127701006
16,76.03170324145837,56.999625652032364
16,76.02669128294998,56.97976455193582
16,76.02947546108692,57.03659120367602
16,76.03811509620641,56.990404911731126
16,75.98556181218302,56.98659036706804
16,76.01319739640212,57.02024139044075
16,76.00245062532977,56.97277674481893
16,76.0085747249852,57.0426835780205
16,75.9641050769974,56.996471782183896
16,75.96053263128701,57.004127845105856
16,76.00023515376353,57.003385740939216
16,75.98067186195351,57.01968660056252
16,75.95242814130157,57.006181257438634
16,75.97006536704242,57.01818192382923
16,76.02246433631322,57.010634713880364
16,76.02472453279559,56.99106495289118
16,75.9892021474295,56.97315381715413
16,75.99223870361503,57.016119197538444
16,75.99944557954828,57.01790234428206
16,75.98005529026736,56.954838265990475
16,76.00219135330596,56.981830969264465
16,75.9761897495027,57.030142862795955
16,75.95555262655174,57.01838682703995
16,75.98230152206654,57.04544235812876
16,75.97019606234753,57.014256928058714
16,75.99593692985023,56.98953870043244
16,75.97265779084202,57.04138553550449
16,76.04135753534378,56.995180680960395
16,75.99924274324108,57.018795476413764
16,76.02718760185132,57.01958357896836
16,75.97510154905919,56.98723689599799
16,75.98423901571567,57.015495798266656
16,75.97641415223484,56.97844149999693
16,75.98883974382777,57.032746958546
16,75.9921791179103,56.98358055374429
16,75.96776472019343,57.01697459649765
16,75.96294543832136,56.97980786625929
16,75.9907897077154,56.97828503075229
16,75.97969944440842,56.95937048303398
16,75.95801097614384,57.02183592819594
16,76.0187768096786,57.03119283604528
16,75.98979979756773,56.99227118755679
16,76.00184847906853,57.032829141308326
16,76.00729099049401,57.00909999125106
16,75.99207929908434,57.00149918248351
16,75.99762254187957,56.990220790691474
16,75.99820047823385,57.00004348299254
16,76.01031494218981,57.01054249323415
16,75.99591610404651,57.038091100993164
16,75.98165938185835,57.00058194348089
16,75.98851154347234,56.95936717424608
16,75.95600540622814,56.9957123021562
16,75.98457446405423,56.96416703319722
16,76.04162371206097,56.98060379074079
16,75.97395336392658,57.01979248439941
16,76.00434657088324,56.98459256702782
16,75.9885083470532,57.007445225160474
16,75.98711796159367,57.015851322232905
16,76.01556489967622,56.98720336932784
16,76.00531745459122,57.00857583032117
16,75.980042175269,57.0312708882189
16,76.0163916222011,56.99183020930596
16,76.01875373949382,56.967305520606175
17,76.00403506554436,56.95174691019231
17,75.99358824060117,56.99935726548586
17,75.99801475102417,56.96068626524512
17,76.01636918941934,57.02152924785858
17,76.02853379977527,57.02245131191009
17,75.95240292918452,56.99655595388606
17,75.95439390946024,56.99533485089629
17,75.97593289536762,56.98665475086666
17,76.01962782464764,57.045213920355756
17,76.02440894639142,56.995593200553294
17,76.01612632736175,57.010369033841606
17,76.03856529634382,57.029014663318684
17,75.96178101818154,56.99046001856159
17,75.98588874934468,56.999865671405495
17,75.99800740766409,57.04329438437729
17,75.98330802545614,57.046601392073036
17,75.9843316044847,57.01979096530148
17,75.98442676347797,57.00644817033664
17,76.02037405512999,57.01020240052025
17,76.01113495445865,57.01757812250228
17,75.98250756660072,56.97450377013989
17,76.02527942452433,56.997744897271446
17,75.97970787238944,56.998359543533915
17,75.97711258918268,57.00857741242429
17,75.95192096602526,56.9949046485984
17,75.98022821067299,56.999114922691255
17,76.01799572568103,57.01431783022243
17,76.0021308250785,57.00415304483235
17,75.96205279971282,57.00348267543968
17,75.99889412530652,56.961888555137556
17,76.02273706322758,56.99881096285247
17,75.96388543472052,57.002464189147254
17,76.01406222185139,56.9580987475564
17,75.98558929212476,57.01672125291946
17,75.98597859085166,56.98757375502929
17,75.9905298568576,57.010162050945056
17,76.04362994505001,56.99139754822025
17,76.03279385631636,56.97501910017547
17,76.01662392412474,57.00215821463839
17,76.03577164750332,57.00116791730746
17,75.95724219367392,57.005424994826114
17,75.98447199052454,57.038992567697434
17,75.96578495781274,57.01232406037345
17,76.01666584964218,56.974342351496645
17,75.99041308459144,57.02764099116863
17,76.02807617293594,56.993805751592895
17,75.95982934857446,56.97753588063732
17,75.9733640391476,56.99853286083078
18,76.01883018466835,57.00401840992394
18,76.0053985044656,57.040644531752164
18,76.03203228488066,57.0165496575061
18,76.02211503766158,56.96442152680336
18,76.04183372593866,56.9823759791647
18,75.98453500044569,57.0288558965195
18,76.02472604839288,56.998049983222785
18,76.0276811538415,57.02258429617019
18,76.00773165647189,57.03228653216193
18,75.95754626457098,57.0073778198469
18,76.03180090498046,57.00248024325048
18,75.9745992539978,57.01253156956455
18,76.02803274770294,56.96624369658611
18,75.97078822166505,56.964228147218066
18,76.02038955677553,56.99216784457444
18,76.03805684781688,57.01670209514177
18,76.04421400600283,57.01919613578985
18,75.96090371772665,56.99572547663855
18,76.00979523093214,57.01604675397925
18,75.98271755397606,56.95955056126183
18,76.03856529634382,57.029014663318684
18,76.03019101321361,57.00808141453158
18,76.02579071490042,57.013367986316645
18,76.02669402053955,57.01772952371213
18,75.96872340774712,56.96258140721405
18,76.0187292530494,56.99714878309454
18,75.997773705878,57.01489320828696
18,76.0010594383789,57.03812970903361
18,76.0050724611527,57.00073226420773
18,76.01493382451925,56.99729892953347
18,75.99618028316661,57.03834598917816
18,75.97921078777989,57.00786845015403
18,76.01423016567925,56.98818894043543
18,76.00169265988562,56.98601729969963
18,75.99871240130715,57.00385910645671
18,76.04500236554199,56.99196830681285
18,76.01767679482789,57.014551138998854
18,76.01380615277687,57.01650214685068
18,76.00101771966082,56.96900455413983
18,75.98333671641794,57.00734050533412
18,75.99542018971613,57.021229335656
18,75.95962998901982,57.02827965232431
18,76.02804651173192,57.01185601102471
18,75.99169250357814,56.992750415703085
18,76.01978414815409,57.04433136605407
18,75.98362766166288,56.972305578968715
18,76.01803380847245,56.974818755761646
18,76.01072633505913,57.00678476109483
18,76.01814111598698,57.01074854741857
18,75.99393995307115,57.03481391668193
18,76.00979523093214,57.01604675397925
18,75.97575706241436,56.97487927001405
18,76.00185771520584,57.03520058485109
18,75.97821086154445,57.03465449112371
18,75.96802615156221,57.01312364784668
18,75.9665023614857,56.98136869845304
18,75.9644570390562,56.98092133779583
18,75.9533476182393,56.99894634060719
18,75.9911391248455,56.952746783543446
18,76.00548621193558,57.00699658808693
18,75.9788714482815,57.003706506470515
18,75.98268377125872,57.01679271264381
18,76.0255179794407,56.983198895432075
18,76.03094905115528,57.017899030042564
18,75.96752028911685,56.963639564942625
18,75.99180761093506,57.04752140170711
18,75.98149434780404,56.955858486786994
18,75.97779549290823,57.03427084507252
18,75.97924610300497,56.991480394216325
18,76.00397278833749,57.02696451667233
18,75.97800407980962,56.98551430501268
18,75.99763781068935,57.0424628874293
18,76.0002315546999,56.96103346880262
18,75.98711091031123,56.990501555581645
18,75.98977608913059,57.04270581770243
18,76.00688192046655,57.026579410342954
18,75.97949992759965,56.967705750379125
18,76.01885213865539,57.01233525682814
18,76.00001416202605,56.95567966970651
18,76.00345121332123,57.021976797349446
19,76.00393975551641,57.020660765522194
19,76.03242692314346,56.96708385225555
19,76.00862458977328,57.03258586305452
19,76.00339549250299,57.037855589591
19,76.02914271093366,57.01867367309158
19,75.99531838045819,56.99689816375417
19,76.03077680171401,57.02272808905786
19,75.96724168557868,56.96998784007556
19,75.99770057241001,56.97387361931041
19,76.03119936552092,57.02892568458197
19,75.99020416865454,56.98371852400529
19,76.00957690120903,57.0087808585141
19,75.99348221857072,56.98205009156253
19,76.04077467321318,56.99955389218755
19,76.01696001646175,57.01438626580255
19,75.98712652689882,56.98349546292281
19,76.00166710016956,57.00980053230297
19,75.97838446290415,57.00536648744278
19,75.97366012718874,56.98241290166933
19,76.01467304854802,56.961866765384976
19,75.96326949907247,57.00853480564979
19,75.99056507251395,57.038876618250384
19,75.97705565096989,56.990864657711
19,76.01481899070131,57.00288578250952
19,76.01689162247327,56.99994508548155
19,76.03568398761803,56.96511044781601
19,75.96980904649321,56.976093553336106
19,75.99677210031791,56.99868093353491
19,76.02928174936535,57.0235796826432
19,75.99779277252871,56.95075651459587
19,75.96921553597997,57.009566847701734
19,76.0153609392537,56.97017356831678
19,75.99318202278974,56.989740864764734
19,76.01434535450937,56.975593491427965
19,75.96019265294895,57.02526906521316
19,76.03906784148941,57.00192459636653
19,76.00997246799584,56.97401398960446
19,75.99008774692494,56.959541174103705
19,76.00917158219622,56.975029519854445
19,75.96928212122899,56.99798772270191
19,75.97945608491673,57.003931351679626
19,76.02381018742142,57.00470223065703
19,75.99856184839142,57.014724315479086
19,75.99502800375353,56.97605033391541
19,76.01833096837096,57.00820407913165
19,76.00769732592885,57.012391632160025
19,75.98227699138207,57.0340177512354
19,76.04092884350702,56.97906369552146
19,76.02054171568884,57.00636331985821
19,76.0029261816791,56.99955717061461
19,75.9700103297671,56.989156660638834
19,76.00107504384462,56.99773470566218
19,76.00012357310476,57.00575167663179
19,76.01807445500823,56.98407423741631
19,76.02040136837127,56.965186409193414
19,75.98610424532046,57.004149261115536
19,76.01739153306804,57.00583761979602
19,76.01739017854965,56.9945409263867
19,75.95924163776655,57.010131344054614
19,76.02225093540216,57.034286961119086
19,76.01494598667165,56.96793326475275
19,75.99109207079027,57.0344814671452
19,76.01166941588086,57.012911870848264
19,76.02179930855151,56.977152483490045
19,75.99686375456858,57.00346186267877
19,75.99285188848742,56.99639111719004
19,76.0128040097005,56.987496658272065
19,76.00732897557577,56.95764645889161
19,76.03747250195002,56.97750635769844
19,75.97024203474274,57.030928483183764
19,76.01743776271853,57.044924607785
19,76.00763221972812,56.96513067866114
19,75.98278431550816,57.02976390945456
19,75.98557589968513,56.99499560913311
19,76.01885703535645,56.97746833356867
19,75.9936214925912,57.02645648657825
19,75.99569786428678,56.97401085978872
19,75.9703323589734,56.97755238368536
19,75.99329458993269,56.99652590181779
19,75.99232316367949,56.99252862350821
19,75.98952594688113,56.97669426834771
19,75.98629600051758,56.99878064747872
19,76.00759639854861,56.958095936942776
19,76.03229955242321,56.98319221091498
19,75.99966792288795,56.97561087996962
19,76.02424392303391,56.985621442203794
19,76.01430678163781,56.98372062302146
19,75.9892021474295,56.97315381715413
19,76.00999640936735,57.034293827160106
20,75.98248446640834,57.00834319318824
20,76.01453797916157,57.02153270709523
20,75.99449122967386,56.97822233330543
20,75.9672590550118,56.97330614927297
20,76.01874842021402,57.00242476347301
20,75.98712145927394,57.039950369484586
20,75.9887305653916,56.98455703150396
20,75.99670322202523,57.00637317519704
20,75.98414505323736,57.02097379056079
20,75.96236752127342,56.97885316288965
20,76.02721059349895,57.02103315866827
20,75.97582691400686,56.95870793688946
20,76.0052770641032,57.01793362595216
20,76.01104634400617,56.95783866124969
20,76.02742812010831,56.99215539634203
20,75.9909620858069,57.036619772490646
20,76.01326816266614,57.02883824021417
20,76.04950768409768,56.99528506651964
20,76.00461835706844,57.01160204218246
20,76.02604635743783,56.97062038760937
20,76.03359142634218,56.99127068172714
20,75.97779105990105,57.01340832630297
20,75.95147849328983,57.00729542982639
20,75.98954557835513,56.95994853954399
20,76.0163592874941,56.98958908261959
20,75.97899074084943,56.95520454360275
20,75.98895001145557,56.980038694919
20,75.99554230246144,56.984237416796546
20,76.03574897971271,56.99636227166613
20,75.99171629125534,57.014187422834375
20,75.9982113795814,57.01468870436843
20,76.02581721083378,56.981707620182284
20,76.04519789229072,56.99898595229782
20,76.0056394888865,57.0093578743151
20,75.96866595781401,57.00306948354646
20,76.0238422752071,56.958195036352926
20,76.01120165409547,57.030016380565606
20,76.02207672915928,57.03341911946029
20,76.00343565609211,56.961468922026455
20,76.03925611772333,57.020148406904404
20,75.98193350529252,57.0148280319072
20,76.02160211368647,57.03338315440681
20,76.03702496127003,57.02738879157596
20,75.9819989321038,57.01298532691927
21,75.99641294777072,56.99628400304593
21,75.99455678245849,57.03168933911374
21,75.97920869583318,56.984987237911604
21,76.00917158219622,56.975029519854445
21,76.017849741424,56.96065652392265
21,76.04832351033095,57.00959057893408
21,75.96932805610345,57.006301619828555
21,75.9535972050588,57.01015299524751
21,75.96934286040519,57.02379785145831
21,76.02743802193375,56.98079381466442
21,75.98943280891343,56.980310501886834
21,76.00349309006867,56.96555820202784
21,76.00520116270089,56.9675761229248
21,75.99971788932582,56.97864776577009
21,75.98083924826327,56.961080298529275
21,75.98239233188184,57.00909445110552
21,76.00005717818296,57.02099759527775
21,76.03887809668315,56.97169844110603
21,75.99474988635168,57.0329704692645
21,75.97515168464413,57.00924632961848
21,76.01494090072516,57.02279404727632
21,76.02160068398913,56.98340374101776
21,76.00558795238601,57.02399137557355
21,76.01523206510586,56.98713502548278
21,75.96320653896149,56.991366194703375
21,75.98584326127634,57.03429259463413
21,75.99772074576796,57.045349760409856
21,76.02088776416649,57.0378752797748
21,76.01028714541503,56.994101613581364
21,76.04313357065053,57.00433812059087
21,76.03462019934271,57.025007976422394
21,75.95779307438865,56.97473134309973
21,75.97213613794554,57.007344387364874
21,75.99936043045491,57.03359625672134
21,75.99446365217071,56.9780221191837
21,75.96300820275631,56.98785864588707
21,75.97340168231376,57.015841628378524
21,76.0081581425968,57.04612710073767
21,76.0155599177634,57.00918241140346
21,75.98239863663774,56.99513244836952
21,75.99711020041384,56.97224695018298
21,75.96208199010731,57.01781805435027
21,75.95726556333238,57.024371564406685
21,76.01031557979562,57.03694766772612
21,76.01562389034062,57.00912293663005
21,75.97958631213429,57.04274693363753
21,75.99756847848037,56.96695806812003
22,76.02814405003113,57.02519781407119
22,76.00413866817543,56.977773672286766
22,76.03082284102437,56.97390583847533
22,76.02010661073953,56.96860112667796
22,76.04030936824282,56.98522697662245
22,76.00617958960937,56.98086746906289
22,76.03356491653481,57.03305491873251
22,75.9961724824388,56.96234216783726
22,75.99112010992397,57.02193792983848
22,75.98929752643183,57.01094291364146
22,75.97390832652486,57.023441608382306
22,75.99342169751341,57.02327055923254
22,75.97022593240553,56.99752935884181
22,75.99264643957899,57.01197348474755
22,75.96479996217705,57.01281034032087
22,76.0450982252461,57.01897867636536
22,76.03741473270071,57.03236479902537
22,76.03918947089845,56.99506601145463
22,76.03968422405976,56.997609584462495
22,76.02079482670217,56.96392187657335
22,75.99376589799131,56.977609711111235
22,75.96882343081626,56.96550771740956
22,75.99127339891307,57.01837394404903
22,75.98735433872758,56.985775629564564
22,75.99612056905342,56.99606225626169
22,75.98993135092026,56.98094623858549
22,76.01380162630706,57.044728949089055
22,76.02317651513545,57.00612407414757
22,75.97531489986044,57.02491710756109
22,75.99788759713978,57.02733497832925
22,75.95773469893027,57.01241029953203
22,76.01951287448425,56.99525842629091
22,75.954935681266,56.982870091720386
22,75.99736878759384,57.02440706301033
22,76.00414458137602,57.0087727741317
22,75.97598558686542,57.00168345283957
22,75.9608667898389,56.98229922155044
22,76.03465929897895,57.004962699343466
22,75.99561152487368,57.00038133906199
22,76.02208523982749,56.990727198152506
22,76.0363787742074,57.02267202839673
22,76.00361598043519,57.00249555328091
22,75.9624905794635,56.99714079157829
22,76.02672190746635,57.035421170725336
22,76.0168920015766,57.026650717182065
22,75.96802449814713,56.96913105749639
22,75.9702915056572,56.97637580995828
22,76.0409943154053,57.0122855401452
22,75.98323280512679,57.010696563853585
22,75.98711091031123,56.990501555581645
22,75.95888838291756,57.02277972034598
22,76.02345573805883,56.99781000833259
22,76.04560105062191,56.991490271147676
22,76.01931355794555,57.01919245649252
22,76.02006368081881,57.0282101968957
22,76.02685549502883,56.964020505562544
22,76.02542265496491,56.958728545887624
22,75.96498537257825,57.018257744381216
22,75.95231337032094,56.990000494008456
22,76.01648637574331,56.98972786052972
22,75.95352761542485,57.01663256580563
22,75.99560024512998,57.009140436307355
22,76.02594775768856,56.98516989019517
22,75.98281139568446,57.000878989554394
22,76.0136983969099,56.981866107285114
22,76.01050884194356,57.000480548196904
22,76.01221420983133,56.9879222885272
22,75.95508655270953,56.98306757088892
22,76.00675823870543,56.97365273523456
22,76.0076277715365,56.98783835990244
22,76.00310891524138,56.98619962427347
22,76.01232336516254,57.02328836963344
22,75.99105936546299,56.96546784535847
22,76.00999640936735,57.034293827160106
22,75.9670147894799,56.97407056268126
22,76.03417656553653,56.99072794607924
22,76.04133924499138,56.97877111591298
22,75.9755071858834,56.966202556482706
22,76.02750663133337,56.95862530757907
22,76.03520907511322,56.9681443937625
22,75.97248195827802,56.96319270152905
22,75.99218041314093,56.969941475934654
23,75.98497972940956,56.958738787122634
23,76.0236094177608,56.9642160383326
23,76.01821398461331,57.00058070934322
23,76.02414566025685,56.959746485948926
23,76.02940977314414,57.033781774187915
23,76.03850925437317,57.00897252202909
23,75.99385143207053,56.95372447431376
23,75.98426674817878,56.96855614877892
23,75.98885978561705,56.99093722258489
23,75.98763774824974,57.031166626109496
23,76.02684998161268,57.00535823155753
23,75.98947080668357,56.9642117340653
23,75.99655019137852,57.01135124555096
23,75.9829991299885,56.97945686519632
23,75.98499183644701,57.012754036468344
23,75.97573053502035,57.02495263086165
23,75.99283452361774,56.95059002277123
23,75.99368618081884,56.98382243000064
23,76.01043247900637,56.986610138546936
23,76.03377779956737,57.025025876000825
23,75.97482845343428,56.98684540157997
23,76.01993198425336,57.00599168675618
23,75.9796470452154,57.01477338208272
23,75.98191259877129,57.01863706473253
23,76.0236911923838,56.99714164831381
23,75.98236357839397,57.03829344854787
23,76.00052815401122,56.96812667947288
23,75.9949562950909,56.98400141803873
23,76.01189788199301,57.04813810158588
23,75.9643319664804,56.98907319663606
23,75.97596374156024,56.99926441774036
23,75.95751109081172,57.00247308641732
23,76.00356949504676,56.99826373278598
23,76.00309263354964,56.957526933770524
23,75.96962770082455,57.00496454197943
23,76.00301495609088,57.014382570034826
23,75.9908100339034,57.00535932528679
23,75.98604552111843,57.04757183486823
23,76.03773865384176,57.017666159140084
23,76.01581902735701,56.992060227009574
23,75.95932685576355,57.027624347475914
23,75.9857761628938,56.988626297473886
23,76.0340178925043,57.00417089385684
23,76.02824636170935,57.022067247756546
23,75.99888923270811,57.007682394827626
23,76.02081851443384,56.99715714838736
23,76.02579978947553,57.01598772313428
23,76.00418509588317,57.04392854161767
23,76.00296958036989,56.9890531230121
23,75.96398122267263,56.97094140419733
23,76.02996776642249,57.0001457428503
23,75.98971395219425,56.98352096171525
23,76.01231443930413,56.979444823082936
23,76.00743338108208,56.97730358350429
23,75.98950631685861,56.98878616530215
23,75.96929215904989,56.96268328788754
23,75.99825401623173,57.03902444835086
23,75.99304390943044,57.00726212124323
23,76.02806909542312,57.02933422150102
23,76.03147916180765,57.00784953569115
23,75.99686365239818,56.98953457171376
23,75.96606767009341,56.97145399163668
23,75.98818832674105,57.040156728791416
23,75.9737068467869,56.996628698951326
23,76.03271633916953,57.01076422842783
23,75.97684733632188,56.99897051313063
23,76.00937141276698,56.960872375173366
23,76.01833096837096,57.00820407913165
23,75.98602328466717,57.0273875254442
23,75.95645294074353,56.986818777931404
23,76.01832756358634,57.02564272058575
23,75.97110215123355,57.02089152801487
23,75.99238501387192,56.97652520375741
23,76.00458598043825,56.98833006988648
23,76.01052198823842,57.014724534047154
23,75.96845556326731,56.97006710206327
23,76.00249010412912,56.971253454840806
23,76.01716724240994,56.96457977888225
23,76.00590629070659,57.00437534287901
23,76.0136433717017,57.02069121426305
23,75.96345541810899,57.02895112448509
23,76.01104457901279,56.98095199625294
24,75.97571924416869,57.01907730585885
24,76.01994629679254,56.96765638279377
24,75.98132128327273,56.96532608128929
24,76.014093703607,57.024405981309904
24,75.9724658281822,57.00482550875184
24,76.03811509620641,56.990404911731126
24,75.99470762629747,57.022830603138935
24,76.00822823808467,56.963073865975026
24,75.99501297522319,56.979375402646845
24,76.0066828883312,57.037939975203145
24,76.02820347615793,56.98602507362753
24,75.97521542380495,56.9826194279354
24,76.03224967348473,57.02099582269137
24,76.00447660760034,57.005404227397825
24,75.9728493631358,57.041925496959514
24,76.0096993758137,56.980837989775196
24,76.0066635972308,57.009761080996974
24,75.9925093786928,57.03159521230965
24,76.0263826875181,56.99259117175404
24,75.98603592772596,56.95213763821043
24,76.00290298636955,57.02405586605397
24,76.02311893955088,57.00636638648032
24,75.9832580863656,56.9890401910521
24,76.03728341264902,56.99609076886859
24,76.02994419864434,56.9835488961112
24,76.00984153479277,57.01401879612226
24,76.0077975938128,56.96376172977574
24,76.02997920904016,56.99736715235688
24,76.03513070710687,57.033551345120905
24,76.0006712436438,56.97699793093896
24,75.96474149385851,56.990152337067215
24,75.98129932029441,56.983856234921625
24,75.99859814833019,57.01530301816292
24,76.00430102605647,57.02575774246024
24,75.99454112155239,56.985199383667734
24,75.99681080688757,56.96465152871986
24,75.98189401087998,57.003171378115475
24,75.97984477794517,56.98530549080779
24,76.03885032036798,57.00254162376637
24,75.96015045459163,56.9780949063658
24,76.00378761353274,56.95797892970991
24,76.01940982632928,56.961934271344774
24,76.01606198072061,56.992179224353016
24,75.97637859942184,56.98479114937715
24,75.9612767005241,56.976806694051895
24,75.98306281503815,57.006239346279656
24,75.98177390307261,57.00978502813871
24,75.9843814536511,56.97017511843729
24,75.97050369692158,56.9654718396835
24,76.00006304584406,56.96497743598403
24,75.99220676874722,57.00608156125388
24,76.01736740158807,57.02575569375644
24,75.96184557664589,57.022809641480464
24,76.03999257522764,57.01221942708603
24,75.96513920617897,56.989711532458486
24,76.04960576401368,57.004373481538245
24,76.01985931909232,56.994327358728924
24,75.95924439228024,57.01810408689922
24,76.02579978947553,57.01598772313428
24,75.9976646189507,56.982952230907145
24,75.97838446290415,57.00536648744278
25,76.0058711127404,57.00926865319568
25,76.02418519115369,57.03376647534073
25,76.04169252520465,56.97942362161702
25,76.02123825065222,57.02936093104921
25,76.01348523091903,56.994559516975535
25,75.9978022784763,56.95316069842362
25,75.98108545330108,56.99472635226012
25,76.03515865498068,57.00701591290631
25,76.03022909407223,57.02269146942558
25,75.98542880905484,57.035491225775814
25,75.99284781015324,56.97963680680423
25,76.04206697580187,56.9908008220896
25,76.01632211635058,57.017948297244274
25,76.01334570709844,56.980316288231535
25,75.95858215731599,56.99027900995949
25,75.98756031343214,57.00218902319105
25,76.04659909885167,57.002140417915655
25,75.98744906755189,57.00926257320992
25,76.01902445928249,57.032278894482836
25,75.9879335126557,56.97472589798309
25,75.98139884502547,57.02204243332446
25,75.99827385018826,56.9780240607056
25,75.98282434355777,57.01089847411217
25,75.98534533249064,57.03305287248605
25,75.98844764620489,56.988167312871845
25,76.00624264262095,56.983630911102885
25,75.97914743462657,56.98737202935038
25,75.9985760109618,57.0291566272811
25,76.01049211919874,56.99841237287832
25,76.0155408536699,56.98218410092606
25,75.96601853302984,56.98642967340045
25,75.99505892212257,57.003893948326265
25,75.95565148175699,57.01841670266118
25,76.04926178901366,56.994919553873494
25,75.97439356737243,56.97324407770935
25,76.01615685489526,57.012812072761044
25,75.9873778580419,56.9601828610385
25,75.98860151159036,56.954288514793454
25,76.03006278754455,56.97254153562978
25,75.97623120708535,56.98056690924183
25,76.01035649594685,56.96054875957341
25,75.96019029572382,56.996716230881894
25,76.02803298266876,56.97859667738905
25,75.9705814339021,57.03209599628756
25,76.00836678091646,57.03591326293859
25,75.97740094420539,57.02984087770795
25,75.97670022704014,56.994867860683044
25,76.00157959231971,56.95030061762577
25,75.99035122945031,57.037214346941404
25,76.00865340910005,57.017553547945774
25,75.9666619857983,56.97348280369732
25,75.99553921577896,57.04408824199972
25,75.97911423745174,56.95602635425924
25,76.00735729889658,57.01283611591472
25,76.02206959161988,56.969455463108226
25,76.03046887474311,56.988015702999995
25,76.03017454693513,57.03851591759733
25,75.98727980268315,57.023509659336725
25,76.00249577384345,56.96058463427462
25,75.95426939207726,56.98212252959405
25,75.956939361995,57.00392676366512
25,76.02663832514908,56.97806645291228
26,76.0157755598804,56.97511175367497
26,75.99496633472467,57.045095955520296
26,76.03116463325858,56.96655850635039
26,76.00978603644528,56.99371834103072
26,75.9681650066121,57.0373909967479
26,75.96154933494984,57.02181655962088
26,75.98874725959352,57.011795591961594
26,75.96729036171732,56.996588870808516
26,76.03702850984885,56.97174694294608
26,76.00583496094764,56.991002633987755
26,76.02600810160031,57.01222902089891
26,75.99162997984426,56.97513791291024
26,76.0486869147418,57.01106762660673
26,75.99725342576203,56.975745914381285
26,76.04534768537485,56.98778573048109
26,76.02090645134571,56.99643024283929
26,76.028694890302,56.96749952923924
26,75.98069706802211,56.954865248887735
26,76.01616494839269,56.97466868373818
26,75.9835970747146,57.023545814952136
26,75.97515348505824,57.02598693122033
26,76.01227908942256,56.985265287531774
26,76.00653337541479,57.016979826346045
26,76.00909377534477,56.959755929901895
26,76.01830031587221,57.04039908812882
26,76.00033879847201,57.01239745863834
26,76.03935029108956,57.001060771182836
26,75.97023345259016,56.97081914117249
26,76.0386613876862,56.980313452206815
26,75.98118700083423,57.016700828949226
26,76.00694822135348,56.9682229515438
26,76.01960823337616,57.02848461006139
26,75.95289474130871,56.995276999874065
26,75.97498680319286,56.99149980369958
26,75.9915665175479,56.98345087008303
26,75.98889680003491,57.0434509501307
26,75.97415371054407,57.0024835335737
26,76.03019550644915,57.03651741746999
26,75.99529698349569,56.970444585151725
26,76.01713681247278,57.02127447553523
26,76.03744837639559,56.98503422053639
26,76.0142460351729,57.030339566145145
26,75.96587414467014,57.02484574317065
26,75.97572982588939,56.981372761766956
26,75.99976314138071,57.01501492162957
26,75.97577597563924,56.99444646369545
26,75.98175396677472,56.960044746234175
26,76.00575854410037,56.99063917203183
26,75.95255425556908,57.000538152309474
26,75.99359100234001,57.03077005856346
26,75.99054100584205,57.02908712885116
26,76.00129698710026,57.02318607574741
26,75.96419296865139,57.02176555611966
26,75.99073146920526,57.021922322704896
26,76.02723939024462,56.98162271449697
26,76.03335237934851,56.995739949436725
26,76.01038488535899,57.000472759764264
26,76.00233942178495,56.95671189615162
26,76.00806104112566,57.00285185511644
26,75.99068648729819,57.036352011917565
26,76.03533919333846,56.99364640223825
26,76.0304449980535,56.96277748634091
26,76.03385816696267,57.016054833915966
26,76.00701640144784,56.97270100953915
26,76.0044743897942,57.00998617619982
26,76.01883807456032,56.995022342522496
26,75.99947725298023,57.04584229998465
26,75.95941619873788,57.01555806942291
27,76.04403457887275,56.979571409726844
27,75.97780697858491,56.96945426933495
27,75.99455282433864,57.049407299836915
27,76.00123409997634,56.98295198001586
27,76.01100931452063,56.993853955523015
27,76.01724675593557,56.995956583662775
27,75.99268134968023,56.95109858270329
27,76.00973166146126,57.0200851801137
27,76.02794794163876,57.02673292122888
27,75.95424190101323,56.99641416615111
27,76.00853088990337,57.00969076437448
27,75.99249727570015,56.97648851542663
27,76.00064072113278,57.01668568280924
27,75.97848624449927,57.00336289392464
27,76.03987635666968,57.01491110140927
27,76.02079759568646,57.02729355704609
27,76.01243077010946,56.99422997393014
27,76.0119872919613,56.98825472786645
27,75.9764392078402,56.96528063612435
27,75.98874725959352,57.011795591961594
27,76.01558500478758,56.979872950553805
27,76.02127015239135,57.03494333880486
27,76.01423113657242,57.02817766310224
27,75.98704489706628,56.9877481510185
27,76.001667951692,56.97334943888508
27,75.98613443653393,56.99447765664746
27,76.00488735200152,57.02599500153308
27,75.99904206451676,56.9893108607528
27,76.00389308751238,56.996871161261254
27,76.01411908626315,57.01525339750463
27,76.02196013813155,56.96615778893491
27,75.98294390806744,57.00675461562821
27,75.9745336213696,56.97414078500698
27,75.97048302550726,57.017710587999694
27,75.97626976177686,56.989155109720336
27,76.00459778515682,57.0179373481243
27,75.9973449890517,57.04454710686852
27,76.02472491833191,57.019447547403516
27,75.99709382243628,56.9712367203393
27,75.99718107501403,57.00948622393638
27,75.98055625546223,57.04482297400126
27,76.02653709902009,56.98083069320436
27,76.03217014886113,56.973441736304366
27,76.00856472427252,56.95418064254752
27,76.02464528968989,56.96047919232819
27,75.95370965225938,57.0016203964787
27,75.99338605582173,56.990568238448866
27,75.96417070227032,56.99722126289041
27,76.0007811234562,56.972219467939304
27,76.03801966394568,57.00947549243465
27,75.99660812980443,56.95199748546168
27,76.0118429491858,56.95247533161149
27,76.03531834227007,56.967451891473225
27,75.98190864488424,57.000870548470076
27,76.02087674986923,57.01247516192974
27,76.00147121692656,56.95782958100761
27,76.02309891139228,57.00876648867405
27,76.03756430506922,56.99255224327985
27,76.00631257900645,57.021292656269104
27,76.01191303145889,57.035347597133324
27,76.00746376423352,57.03914624706281
27,76.00833605258902,57.04362754120307
27,76.01299949707364,57.00753589011767
27,76.00812942545404,56.99487503973028
27,75.99421844623532,56.99061327729842
27,75.9714021312586,57.00093395333694
27,76.0274826472128,57.00998740223544
27,76.04182211957342,56.99676211877687
27,75.9876346602036,57.008186012396656
27,76.02504509309715,57.00867298452976
27,75.98812525458823,56.97995987287739
27,76.03008182606229,57.011679253747445
27,76.00274285675866,57.032847491469745
27,76.00510326763477,56.986172905057124
27,75.98887964662362,57.02899665692982
27,75.99223371951821,57.01311645749403
27,75.95369622675011,57.01471419047287
27,75.97476849770719,56.98741312093295
27,75.99496306359296,56.99814620652001
27,76.03181492318863,56.98332797278072
27,75.95425189362909,57.01887683003789
27,75.99419029817128,56.96665015915069
27,76.01864974980721,57.044479519644376
27,76.01543357272384,57.02612314638767
27,76.01500437387011,56.96166523042353
27,76.01648015689048,56.977211494646475
27,76.01161846940195,57.022974217045835
27,75.98300810312936,57.045579644616225
27,75.97515833336954,57.003425549430766
27,76.00191225231016,57.02166605814671
27,76.01929211205882,57.0374792241296
27,76.01833096837096,57.00820407913165
27,76.03734199243779,57.02147770766683
27,75.96629291464626,57.03303230667922
27,76.02248894663877,57.03470734390098
27,76.02749014893178,56.9659881279775
27,75.9810269355412,57.04078261568842
27,76.01999016275431,57.020460941111004
27,75.97689450240343,57.02817695946426
27,75.99614246876277,57.015081708447404
27,76.02364444625829,57.03437260365948
27,75.99944718288032,57.024959736870144
27,75.9825389388432,57.03234312147689
27,76.01082046068935,57.00448007363614
27,75.99741252183034,56.987666997960346
27,76.02046707283004,57.01575776695215
27,76.01462339473574,57.044226880145715
27,75.98856341225205,56.979218225765216
27,75.98960664087687,57.017154082750814
27,75.9952484520831,56.96429111992685
27,76.0220157923334,57.03670118617973
27,76.02647318746907,56.98979915476299
28,75.97351992316561,57.00441404794924
28,76.01007238871196,56.9712456399142
28,75.98367168870502,57.012066065739226
28,75.9761154868841,57.00731191754184
28,76.00385630743288,57.00400728302083
28,76.01393627962692,56.972597568645334
28,75.98646013921129,56.961060690267544
28,75.97312803902324,57.001572345440614
28,75.97638835542861,56.964475113124784
28,75.99118401720835,56.97056556032042
28,75.9739414099294,57.00358357472693
28,75.9826618908867,57.01342655521575
28,76.00319589853349,57.03261396662062
28,76.02945928519395,57.03996174826996
28,75.99973703015839,57.00666865498323
28,75.95466220289158,57.01044184074466
28,76.01766823198045,57.02540550174569
28,75.97887571180243,56.99176755159622
28,76.00360330897149,56.978764622819604
28,76.03390995435456,57.02839825510561
28,76.00399004614698,57.01464623246201
28,75.9614278534924,56.996693301099114
28,75.9582655390787,57.026637949197124
28,75.9958344852721,57.024573963846684
28,75.9909419568689,56.997849629869144
28,76.01540367181126,56.97837071467106
28,75.98284640055904,56.983808529672245
28,75.97063952771559,56.97982198401288
28,76.00561379705607,57.042368737639485
28,75.99901131294801,57.01288493968649
28,76.0012656995576,56.97804932513806
28,75.98812393125006,56.96483035893255
28,75.99062745297438,56.97080698145388
28,75.98442510607607,56.99381460353254
28,75.96240315160152,56.972962687868225
28,75.96728940626932,56.97539424032367
28,76.0460019230291,56.98904875422498
28,75.98665213283356,57.04439383593183
28,76.0363787742074,57.02267202839673
28,75.9744798345713,57.03091041662272
28,76.03506604850405,56.983857296289514
28,75.9886315486299,56.98819772769821
28,75.96895524291585,56.988541717614446
28,75.99782043186379,57.003228934014246
28,76.00976937691607,57.00596232530906
28,76.00106488923821,56.99285124735799
28,76.04168114349903,57.00743936653621
28,76.00099853705314,56.99024113421038
28,76.02931718471172,57.024141027601075
28,76.03274070902353,57.02551101317853
28,76.0148590540477,56.98747818345733
28,75.95717893183537,56.97539616563886
28,76.01063879899796,57.040528398141596
28,75.9859771020421,56.9573217583284
28,75.97331260258305,57.042190013162056
28,75.98884694589213,56.96904457692043
28,75.9877206735075,57.00181253137876
28,76.02468417977123,56.97692892890852
28,76.03161476645604,56.99525861073334
28,75.95840699664537,57.019345571259244
28,76.00707455050357,56.9716439410822
28,76.03017126931785,56.98152490920601
28,76.03636363723822,56.98709413342094
28,75.97932053490587,57.02020034084821
28,76.02349458620878,56.960684711317604
28,75.97632546205634,56.96303824810794
28,76.02150910453797,56.98251662465361
28,76.02591425491936,57.02140173095751
28,76.04850622433392,56.98894663468935
28,76.02177976980413,57.038669573784695
28,76.01299895781196,56.99890238387781
28,75.97305199960724,56.97269137536691
28,75.991116815757,57.040792266432206
28,75.96692097905651,57.00558580086253
29,75.98692616936744,57.032134423042145
29,76.01445688008117,56.99534621248594
29,76.02304940128022,57.027156651058036
29,76.04204649829396,57.01682926776831
29,75.9866309260266,57.01146087025715
29,75.99207422174135,57.0473194261533
29,76.04142393617352,57.019976789450894
29,76.00206943804197,56.9509336334461
29,76.00292263815498,57.010557044804536
29,75.96976658228873,56.98648394637171
29,75.99896504037235,56.950517167941676
29,76.01421034743178,56.999216718590525
29,76.0451141238886,57.00389910709361
29,76.00799896441141,57.01055469801674
29,76.01926699145072,57.032385056843665
29,75.96113745838912,56.98201529056512
29,75.98936428625447,57.03250928510044
29,75.99969765338356,56.95528649934698
29,76.00663692428837,57.04692561204571
29,76.00911472620886,57.020380193106305
29,75.97458815152234,57.03909007172077
29,75.98251236243334,57.04099990458721
29,76.02188986830971,57.03364697439461
29,75.98454582435669,57.00400982877357
29,75.98653274201409,56.9739748912215
29,76.02323347838299,57.00633329085017
29,76.01590917507026,57.033249942204364
29,75.9715349328593,56.98896966239065
29,75.9811523604055,56.955219151781414
29,76.02871886901978,56.968735762605114
29,75.98640047656154,57.022308737102804
29,76.02226451041842,56.96408046876067
29,75.97031716934815,57.00396632410538
29,76.00828283517684,56.98626122212056
29,76.03157223064662,57.037377129464666
29,76.0321757176064,56.965285563238
29,75.96889511073053,57.02626016095621
29,76.02615375836812,57.04049602234316
29,75.96680889402961,57.02809008473914
29,75.97184188800031,56.96052592572859
29,75.98206191842525,57.011566369818766
29,76.01521792293,57.0100247357403
29,75.98190242396478,56.98822458581111
29,76.0079415803219,57.04847273987575
29,75.98297797730915,56.973506605203156
29,76.00085004117099,56.96709976542809
29,75.9610217192806,56.97391543348192
29,75.98027609528866,57.01852556683515
29,76.00886458876978,57.009999049719774
29,75.99480911775365,56.98189880051592
29,75.97926082063375,57.0028555086787
29,76.01296427333409,56.9964949732361
29,76.01105880831382,57.014994429402684
29,76.00669472502247,56.96892585941621
29,75.97522855437698,57.036751626350345
29,75.96072247474304,56.99530788322855
29,75.99152417548183,56.990108107924264
29,75.97279615268735,56.9772951133313
29,76.00375568883342,57.00857288166808
29,75.96637225973132,57.033684429433805
29,75.99118201691873,57.031786105860995
29,75.97545147160821,57.000016125221556
29,75.95751743940869,56.98362802316415
29,76.02308411446374,57.04231992236678
29,75.9790793803489,57.02575793015236
29,75.97116979868177,56.96290920816632
29,75.96679305005252,57.016878253419954
29,75.9857761628938,56.988626297473886
29,76.03046297034231,56.96531624323455
29,75.96607121469698,56.98287611950571
29,76.03424885167108,56.97989891212551
29,76.0221613371807,56.981641778862915
29,75.97845503016339,56.955309663581275
29,76.0417526579326,56.99449829299179
29,75.9650919489505,57.033795176355575
29,76.02505039183806,56.980118534661145
29,75.96095114832828,57.0289965053384
29,75.98790541552786,56.956157189402404
29,76.00895061487448,57.03611367468375
29,75.9957474123992,57.00779520547518
29,75.98689443904483,57.01221304030137
29,75.96599893350168,57.00896700069274
29,76.0266854772325,56.994413878195104
29,76.01794707841634,57.01132716226774
29,76.03639062252026,56.97247377808761
29,76.03065892840263,56.96904206093691
29,75.99918367685851,56.96374294409425
29,76.03031245564895,56.996777062581046
29,75.9927832653435,57.01033295278826
29,75.99148110284185,56.992660028414804
29,76.00899876797702,57.01467959331098
29,75.98000552774906,56.99730252011933
29,75.9623112687342,57.00605469212931
29,75.97002777988388,57.0166905827428
29,75.99821717989163,57.0469789835836
29,75.99249101600455,56.966074306568345
29,76.01642829339126,57.00136317698144
29,75.9887752563399,57.02903775947574
29,75.99423873796839,57.034695955143235
29,76.0002768359258,56.99592601916941
30,76.02513746208274,56.96727729923877
30,75.9981168365921,57.016367015467395
30,75.9664073003182,56.998916383965444
30,76.00421086618671,57.03561475433449
30,75.97471934477701,56.99274063007797
30,75.96111798344049,56.971293373334674
30,75.99534797019919,56.95504187248861
30,75.99871449175076,56.98861361215406
30,76.03011424511526,56.96116581064545
30,76.02238294200725,57.00609912050416
30,75.99873017896017,56.95040849961132
30,76.02238374910607,57.0100095871508
30,76.00302445700737,57.04920846412101
30,76.02193099328264,56.98678372814966
30,75.9984663094524,56.958488632027944
30,75.9754248250875,56.99906799237561
30,76.002117965806,56.97710665938547
30,75.95903682470428,56.97705549539568
30,75.99036801814243,57.03657259666446
30,76.02967918062998,57.014258377294915
30,75.9841400006402,56.97000701736596
30,76.02789419537771,56.96421124477195
30,75.97802895249373,56.96502277935424
30,76.01913816293987,57.003126897347016
30,76.00107725473697,56.965974871692275
30,75.97902126773513,56.974392498664606
30,76.0193348328094,56.99117983307769
30,76.0324134661481,57.028335610009535
30,76.04182651783569,57.00092684335032
30,76.00920375195068,57.004491872038
30,76.02939623014866,57.02112808793363
30,76.02457363219153,56.997256569629926
30,76.02220820312876,56.977018312110204
30,76.01230138125021,57.00021979271555
30,76.03877692157282,57.016082461497504
30,76.02961983213441,56.97568339432738
30,75.95250613976914,57.00908934576024
30,76.02827597958198,56.996326824152895
30,75.97919733082118,57.00368034807886
30,75.95543220267169,57.01627489998624
30,76.0371055932729,56.9849452690163
30,75.98176911550217,56.982695985018815
30,75.96988547531676,56.96484678278618
30,76.03674047106321,57.00947998488512
30,75.97718055420083,57.00342843529757
30,75.99172108142061,57.011634680528985
30,75.98302788070198,56.988702688382695
30,75.98744679925933,56.95970157906948
30,76.01149087519879,57.00992914823734
30,75.98804077761447,57.01938486101699
30,75.98041999988382,57.00803276986205
30,76.02389760842446,57.002095410389245
30,75.98041607844813,56.99450097602303
30,76.01568541411697,56.994610434345844
30,75.99431636318913,57.00021689289034
30,76.01991207275556,57.013409150612205
30,75.96251899780565,56.99974541950786
30,76.00201161133434,56.99752728401852
30,75.95752975569793,57.00640468719663
30,75.9612504309321,57.011308251853215
30,75.96324222222462,57.01603112384145
30,75.97537588503344,57.032646729929525
30,76.00712519360769,56.992320608673424
30,76.00708452831316,56.96236757307098
30,75.97798961463451,56.972235208907094
30,75.9683446152761,56.99107310068031
30,75.97806731138446,57.00585571669671
30,76.02846918833156,56.992914562399456
30,75.99785943464266,57.03712564564776
30,75.95603129621632,57.00771051445319
30,75.97358120100007,57.025322338815556
30,75.95726643621842,56.999537394543864
30,75.9825080124535,56.991645599016785
30,76.02662212119237,56.98771436531886
30,75.96656419443187,57.02642846556886
30,75.95825611560414,56.9732893115652
30,75.98936724765196,57.00800384556558
30,76.00577495407252,57.02069169856385
30,76.00099538381923,56.98980095930819
30,75.97993600496174,56.9688256172711
30,76.0338686438963,56.97606211973527
30,76.02879726591618,57.03128838145896
30,75.99925550065132,56.957584563527845
30,75.99146977531521,57.03435808646848
30,75.97196358999625,57.00563315737388
30,76.01832997117192,57.012344681604965
30,75.97758641156322,56.96909642385027
30,75.9787706712864,56.975136251550985
30,76.02550285260209,57.008236062579805
30,75.97704726471262,57.03689447861397
30,76.01413141365063,57.0258500826754
30,76.0183482475763,56.95544887639791
30,76.00188370021918,57.012410835566094
30,76.03609173347897,56.98366194552424
30,76.007955307711,56.95276352120885
30,76.0422322497036,57.02604084213734
30,75.9950857747825,57.0059823928448
30,76.02650695024805,56.97297217957774
30,75.98069187444904,57.04173792769374
30,75.96027304934947,57.00898375552707
30,76.02372629950273,56.97566628957341
30,76.01537236065357,57.00543849139517
30,75.9928575867426,57.046951885497485
31,76.01097187986859,57.014660745136176
31,75.99861968666323,57.0399478097639
31,76.01801439699112,57.03438773460799
31,76.00596083783911,57.02581984958152
31,75.96276923449804,57.00872999291528
31,75.9686683408236,56.97058455341076
31,76.04385049450245,56.99736058118187
31,76.03475816787186,56.99019223913041
31,75.9927025819126,56.96827639079122
31,75.97592312513808,57.030037339946894
31,76.02165794570053,57.03930775983013
31,75.99488465901172,56.951356493127015
31,76.02702419982089,56.96050578630728
31,75.98155691582055,56.97618947154111
31,76.01457405788604,57.017151070644715
31,76.01906763260743,57.039679160834524
31,75.97146395664916,56.97501857129338
31,75.99280799752091,56.994481225586455
31,76.00521531295492,57.011167700097864
31,75.97914285553082,56.99209870510263
31,75.99567498144373,56.972875448384954
31,76.00645237570693,57.03304890265651
31,76.04665800125241,56.988264099002706
31,75.96482619774449,56.97883876886735
31,76.00915480531319,56.997134732510304
31,76.02812221684277,56.9674027705694
31,75.98360776964475,57.027869854359075
31,75.99841289238202,56.98880368107584
31,75.98039019455086,57.04125206803739
31,75.98631670931582,56.957339780860096
31,76.0362327921079,57.00057600810155
31,75.9851759490423,56.9780881182204
31,76.0114472045162,56.95378830573921
31,75.99940922785639,56.976781226623906
31,76.01518112680932,57.01356208798665
31,76.03276646768703,57.021700232376766
31,75.96047829369556,56.97556453016135
31,75.99393995307115,57.03481391668193
31,76.0274494903014,57.02367501945802
31,75.99783270818908,56.964902562200095
31,76.03200790166035,56.9900346172415
31,75.98230959319288,57.02487656923333
31,75.98960641804753,56.988221842619055
31,75.99473007061485,56.9983332478995
31,76.03999204667052,57.00444231024654
31,76.01145762353212,57.00766855247255
31,75.98944026324718,56.99637621913021
31,75.99730909978186,56.9860524355152
31,76.02954831622135,57.000462267841556
31,75.97955430338529,57.00882277481589
31,75.98773294828713,57.01666897590009
31,76.03341697720464,57.03048691254605
31,76.0002136413178,57.03555893510262
31,76.00071078049385,56.992557275136384
31,76.00982338712106,56.98876075794026
31,76.04165171991505,57.02397770492138
31,75.98423953882764,57.030296337686124
31,75.99788429854674,57.00059958120864
31,76.01855897751464,57.01107521667252
31,75.98971852187265,56.96563777641798
31,76.04781260139262,56.99995392736624
31,75.9612021325711,56.98625835142053
31,76.0044958553147,56.9822460407579
31,76.03403779591075,56.973561998772354
31,76.00313076672714,57.03281027664329
31,75.97454552119424,57.00192896351064
31,75.9894236540262,57.00093388357647
31,76.03002480116196,57.016305605275726
32,76.01795188736664,56.995482337346445
32,75.99468065985434,56.979770354578555
32,76.00176326963826,56.97633330596159
32,75.95456611614007,57.01060390601612
32,76.02405739863659,56.97481124307075
32,75.9828061927118,57.03045042381016
32,76.00740690164596,57.01195949770219
32,76.01188739677022,56.95371519488765
32,76.0006595692862,57.00779234600933
32,75.99994065092966,57.034927291974036
32,75.96207926298254,56.97805371698929
32,75.9836342556666,56.970132900308805
32,75.95229087866848,56.99142807722446
32,75.9952606268247,57.034957371497896
32,75.97572982588939,56.981372761766956
32,75.96678705749378,56.974316409357414
32,76.02201635007097,57.03571239459143
32,76.04757645468331,56.98678849289368
32,75.99929450032505,57.011925878121474
32,75.96252327868831,56.984070341175155
32,75.98075518111355,57.04463427747721
32,75.97775261927465,57.021613584925106
32,76.01964412596163,56.97148392454151
32,76.01599791811957,56.97183144174779
32,75.96955957259087,57.002093779130306
32,76.01210103506247,57.01888061508406
32,75.98587009133796,56.95675548776182
32,76.00629936369818,56.96756415209353
32,75.97771945871285,56.96213698089938
32,76.00163737524885,56.99635531228114
32,76.04486203490643,56.99075932953187
32,75.9848015389533,56.95937924425098
32,75.99997043285808,56.997165767401306
32,76.04353215042207,56.99258106558604
32,76.00635105775712,57.02236999851907
32,76.02293967019502,56.9559492191603
32,75.97415747838323,57.006280141204854
32,76.00638466264873,57.02233719714574
32,75.98882300524633,56.955560162299925
32,75.99701341162367,56.9950021271551
32,75.96392032428929,56.995820966794774
32,75.97565363711682,56.95956614695689
32,75.96651857046587,57.00064484569492
32,75.98863853940426,57.03420411659283
32,76.02142066600398,57.037162201581765
32,75.95951423324097,56.9725240011938
32,75.99113130030555,56.954472600524845
33,75.9941417256943,57.02224296444879
33,76.03932255831339,57.02851854826403
33,75.98775368758783,56.967303119206434
33,75.99815160904879,56.97343970493663
33,75.9936324815369,56.955891179485185
33,76.03450226586027,57.01680268822285
33,75.98098121245158,56.99812620754262
33,76.03054490673163,56.96391977046724
33,76.00091483076393,57.01287682990532
33,76.01367959820563,57.011969139317465
33,75.99877071005643,57.01622803054954
33,75.99765897792373,57.00978546898816
33,76.00101369668427,56.95971426447491
33,75.97887571180243,56.99176755159622
33,76.02650282409179,57.023003742239595
33,75.98839368545546,56.99655632415411
33,75.9794712945557,57.00451015453138
33,75.95967684901483,57.02737851139203
33,75.96685077570706,57.001375527543566
33,76.02361435064161,57.024150837142585
33,75.95641689085903,57.01446275118917
33,76.02118478967571,57.026716483858685
33,76.01367960255627,57.01945587782823
33,76.0390822934289,57.01083447139934
33,75.9928548083542,57.02958463481181
33,75.98460820333483,56.985363744239315
33,75.96666248658771,56.98314212382229
33,76.0308907534491,57.00067990345494
33,76.02956024663831,57.03999465545723
33,75.97140305449672,57.01524038546051
33,75.98729216263067,56.95499198529073
33,76.04096874480935,57.01277193484419
33,75.96051913019109,56.97974055278571
33,76.01307048284077,56.955824865430806
33,76.01309976107565,56.98813645775137
33,76.01015445668972,57.00332256642736
33,75.96034356421859,57.013668704658095
33,76.02989868164448,57.03069040116629
33,75.96391963860778,57.026199977925735
33,75.99345743910375,56.99025846034757
33,75.97515348505824,57.02598693122033
33,76.02548622377255,56.99534645627046
33,75.9581624650114,57.02687564622153
33,75.97713794478506,56.99830868954685
33,76.00839625202059,57.02977302300844
33,75.97319935344893,56.95863514574832
33,76.01853610084127,56.97087739637047
33,76.00175600115647,57.017938170109524
33,75.98689895533767,56.98973899615004
33,76.00317852437024,56.99471588227828
33,76.04244835035294,56.97572606572823
33,75.9635180299884,56.99372302487943
33,76.01098549171967,56.98713993656015
33,76.00292764372028,57.01892739266351
33,76.04146769292655,56.99044461380583
33,75.99111619707053,56.962467068387085
33,75.98793129087326,56.998586310600125
33,76.0346253809319,56.97726826864355
33,75.98615264809543,56.980140254960574
33,75.99806662190664,57.0183093863705
33,76.04440140489592,57.01214804145006
33,75.985102378189,57.01434355690859
33,76.03898953361232,56.974154115655054
33,75.9626112987042,57.03208104211822
33,75.99653032590209,56.9929786190317
33,75.99696622131567,57.009284548086626
33,75.99663632556774,56.98631356115117
33,75.9858580627882,57.04465315375483
33,76.01444177573556,57.011775773573945
33,76.00606384765388,56.96090600337376
33,76.01178897984751,56.9842598548521
33,75.97704259886325,56.99548475628231
33,75.97742564439135,57.00698801332777
33,75.98067910178219,56.9654998344204
33,76.03648582017603,57.03284178319795
33,75.98056442515797,56.98136940154831
33,76.01640355655391,57.03449995015416
33,75.98435238898941,57.027676884016714
33,75.97566702008798,57.041351350768146
33,76.0028373560666,56.98049064551232
33,76.02113554450688,56.95711117328023
33,75.95862364754485,57.02170608548625
33,76.01187824284465,56.97979036511017
33,75.9957837529876,57.003002575788805
33,75.98881269696373,56.963224869853285
33,76.0105713033488,57.02319812378534
33,75.98550867083571,57.023512453572906
33,75.98702621161662,57.02835754322849
33,76.02526336439365,57.02771953911408
33,76.01320533280638,57.044757545531475
33,76.04137370391824,57.00200043638325
33,76.01663591634073,56.975638005642566
33,75.99591846418431,57.041246602933896
33,76.01611102944543,56.96200082372934
33,75.99172659370676,57.04632975140479
33,76.02839922485552,57.01862273448385
33,75.98101907157245,57.0280017248496
33,75.95154282928782,57.00356906857929
34,76.03931763791078,56.99066727360375
34,75.99031556011359,56.973181738596736
34,76.0370276151117,56.98123733329029
34,76.0038732282291,56.955564545330695
34,76.02972704392747,56.96661697288529
34,75.98455317729972,57.039018203373445
34,75.97207706445526,57.02131426708309
34,75.98097975704607,56.9869945461106
34,76.01865081372341,57.042989473509756
34,75.96928212122899,56.99798772270191
34,76.0037307663152,56.9673613776998
34,75.98526062307657,56.979666060246714
34,76.02107040198605,57.009736044915925
34,75.97174422332634,57.00034901100383
34,75.9763311482745,57.02133299228679
34,76.02376486080121,56.99134970111705
34,75.98865213013276,56.98796033294541
34,75.95257152086026,56.99967130541795
34,76.02310058402188,57.02972306465552
34,75.99925398396188,56.965138381738484
34,75.9786550765018,57.03483482638131
34,76.00617122542698,56.9844788172204
34,75.96969160831861,57.02707149024076
34,76.01731566641826,56.95545976853112
34,76.02939993196779,56.989588212884804
34,75.95142837746275,56.991174442628726
34,75.99313525659754,57.04014121469538
34,75.97578141494589,57.038297365553746
34,75.98009367968211,56.99818387800215
34,76.00049283336138,57.01016406023622
34,76.00523896275207,56.967299900001976
34,76.02613559397943,56.986043316803546
34,75.96381627049206,56.97118675794051
34,76.01355691649455,57.03393020805547
34,76.00425341726203,57.03588739458463
34,75.96666391445565,57.00651217398015
34,75.9557055494565,57.01149714909115
34,75.9928493333947,57.02134792380108
34,75.98975143538121,56.99732714846212
34,76.01187824284465,56.97979036511017
34,76.0341203941172,57.023766508939595
34,76.03954900811515,57.00510644585759
34,75.97649867088394,56.990939758545004
34,75.99102557504858,56.98860473673929
34,75.9981168365921,57.016367015467395
34,75.96006840339525,57.004211573736384
34,75.99391631147199,56.97682651982127
34,76.0044779356524,57.02937981646047
34,76.01382392439808,56.97366679105881
34,76.0127314178152,56.98061212643643
34,75.99755354894066,56.98604638450017
34,76.02280997527578,57.02081110667205
34,75.97792299356432,56.97428736679577
34,75.95743527599846,57.013777645505115
34,75.98190496788023,56.95583265604049
34,76.02692959155193,56.96106022684424
34,76.00916342812533,56.9975457691376
34,76.02270507446002,57.03845619731773
34,76.01709932968163,56.997383249941876
34,76.02676069226143,57.00315105477333
34,75.99237102256113,57.016462143319224
34,75.96163636008268,56.97199046723476
34,76.00800596729351,57.00665636090724
34,76.00093096287651,56.988605207696025
34,75.98900821710106,57.0101763318882
34,76.00068780181549,57.02497888099836
34,75.97764903470248,56.971998592042084
34,75.97692815748769,56.99840965466869
34,76.02761645983837,56.98859315417909
34,76.02406638611406,56.96039040996686
34,75.96365848678953,57.02721159135967
34,76.01273490780527,56.979411108040125
35,76.0311277895426,57.00518750313116
35,75.99952984948769,57.03960597026219
35,75.99069305123214,57.01647516484517
35,75.95333197570106,57.00467379870699
35,75.98565839781045,57.0281097996357
35,76.00132646112512,57.038974965220575
35,75.99573026177791,57.03701971013788
35,76.00529135909733,56.978856235446386
35,75.97492429221334,56.97457590972618
35,76.04243145107856,56.99130402828886
35,76.04345236236995,56.99849094738049
35,76.03834911667647,56.999531427628554
35,76.02220531716107,56.985309615741464
35,75.9655915745086,56.996714793182875
35,76.0239892501964,56.95892827348501
35,75.99992445263368,57.00483568066761
35,76.03281354350925,56.98752987183033
35,76.04630995897205,57.01724194562154
35,75.97093513748354,56.960142937880164
35,76.01804757201627,56.979180184073336
35,75.99349447809438,57.00310893416253
35,76.03302332750383,57.00650948256337
35,75.9948739426109,56.970398610563905
35,75.98247682587176,57.03582826670513
35,75.98541871487768,56.96276769363797
35,75.97824846216106,56.96454570897548
35,75.96034515115144,56.9810976773212
35,76.02253747257484,56.97955575283849
35,76.02573682863772,56.9999505014815
35,75.96033936255941,56.98216714222036
35,76.04206868738655,56.98031312667863
35,75.98142683368582,56.96730332977118
35,76.03998154475835,56.97432571941506
35,76.00512374984177,56.97747329638144
35,75.98003257898469,57.041672677433105
35,76.0310307013058,57.01146823403576
35,76.01709729661611,57.04468672124301
35,75.98401713308141,57.01872905901457
35,76.01361253085152,56.99475252374245
35,75.96011154242933,56.97526349289973
35,76.03525724594299,56.965152986889734
35,75.95300600760474,57.00642807577027
35,76.00451204247761,57.02350027576132
35,76.02826570687772,57.0214270510992
35,76.04050082102219,57.01934717485311
35,76.0338456005068,57.00410309996012
35,76.00069189029959,56.957037342373795
35,76.01085976287253,57.02731986545228
35,76.02843213676508,56.984279234955736
35,75.95473810413031,57.01330198637584
35,75.9736896962591,56.96083457853973
35,75.97030257996457,56.96337572482672
35,76.00375337653439,56.979507194547146
35,75.96451890761534,56.97828153483771
35,76.02604635743783,56.97062038760937
35,76.00379769300932,56.99909183042568
35,75.96934286040519,57.02379785145831
35,75.98700782277415,56.99203406522377
35,76.03755025831192,56.97874538579625
35,75.95523855077475,57.00242792332734
36,75.97859966128536,56.957892593569355
36,75.98206444963552,56.97970639988346
36,76.04145193363658,56.976593836438056
36,76.01434290812117,56.95436068541658
36,75.99186087790605,56.95737279644945
36,75.96407398994985,56.97899646280056
36,76.01252128178247,57.03104367812722
36,76.0219177539504,56.97115629497122
36,76.01253043334556,56.99805571311713
36,75.9688847766304,57.020712207699724
36,75.97279160855179,56.98656345409229
36,76.0397452835809,56.99991532657906
36,75.99244729890582,56.96799405297535
36,75.98646013921129,56.961060690267544
36,75.98403161339515,57.017296589044065
36,75.96106711796527,56.97435293637366
36,76.01586722229675,57.042656538784136
36,76.00846615783884,57.00173365278562
36,76.01574589865099,56.980256183425006
36,75.97454132177799,57.03422489975997
36,75.96233987434988,57.03105084278951
36,76.00352651665894,56.95810332507893
36,75.99125522729507,57.022077836863
36,75.98238182395514,57.000413610791476
36,75.99661988124579,57.008590904220995
36,75.99874843857054,56.99006177590418
36,75.95596061128113,57.0150790831668
36,75.98618906342516,56.99463254210001
36,75.98212702275572,56.99530799562585
36,75.95964477047136,57.005301676241125
36,76.0159467685149,56.993191192384785
36,75.98477965192026,57.00056336528489
36,75.98689443904483,57.01221304030137
36,75.99656144886177,56.991229005027826
36,76.03803691292914,57.03145641156985
36,76.00803046869521,56.98394032993347
36,75.99537822796388,57.04558689643867
36,75.99370800825128,56.98575455466334
36,75.9703547057854,56.999807932518614
36,76.02773976736404,56.9813347283143
36,75.97608451466283,56.97647717140255
36,75.99100797404911,57.02134590355303
36,75.99373414694722,57.04505657279446
36,75.9956766587151,57.00482809930929
36,75.96870762112448,57.02558115889517
36,75.97773341478674,57.01220729305028
36,75.97458121019388,56.982537290366714
36,76.03529890342233,57.00644704597512
36,76.02550285260209,57.008236062579805
36,76.01129305905492,56.98539897768504
36,75.99081438383367,56.97589745688492
36,76.04122783037185,56.97580342708751
36,75.98944312779727,56.99790408278677
36,75.96640765089944,56.99462857340591
36,76.0392240217466,56.972296311653984
36,76.03098174051678,57.02170249065295
36,75.96159431081178,56.99060679799031
36,75.99173598285678,57.004990655319006
36,75.98161589273985,57.02209877749491
36,76.02301810354615,56.98977631987052
36,75.98542880905484,57.035491225775814
36,75.9856729658229,57.03165597427233
36,75.99193189382567,57.00809621895089
36,75.99214819303592,56.98998449103972
36,76.04291116766112,56.98801377081068
36,76.03687605787026,56.980161808911355
36,75.98528073030077,57.02637195430941
36,75.98850352092701,56.98783702737641
36,76.00253195514422,57.01610104172668
36,75.99953714749573,57.023449148661484
36,76.01600401758546,56.95509422309717
36,76.0214780333977,56.99979972244278
36,76.01438919317066,56.968642267503064
36,76.02446516229844,57.0364463289656
36,75.96299706363716,57.0077297519593
36,75.98860782447986,56.99341429931675
36,75.99600361626283,57.011181299651
36,76.0226849814106,56.97871733181877
36,76.0277274692619,56.992059713868805
36,75.98470198075822,56.98831011260179
36,76.0154815630985,57.01258572940393
36,75.95273220938877,57.009577326028534
36,75.973320982838,57.0001069784575
36,75.97777145254909,57.00168110139018
36,76.03486697686054,56.998393507564586
36,75.9677748502067,57.03799027236793
36,76.01832713793752,56.99883517611014
37,76.02637049754266,57.000189345866254
37,75.95788488544939,56.97634117392568
37,76.00504039885158,57.04571612015935
37,76.0179072358158,57.005110167156595
37,76.0288003530168,56.96990744426303
37,75.99711698516616,56.950651280089374
37,75.99076466854059,57.007952324324066
37,76.03386119867332,57.0066155328391
37,75.97697766169172,56.982189613042934
37,75.98153329671231,56.955271771137326
37,75.98021772978403,57.02073797995978
37,75.99634729708742,56.97111077803028
37,76.02370964493508,57.036006020485345
37,75.99407594479969,56.98163476156814
37,75.9871929726984,57.01473204805958
37,75.99746133546483,57.000079316688925
37,75.99245682108858,56.98630935800261
37,75.95535204488675,56.982142335666005
37,75.99844502424227,57.01767981873969
37,75.98976274813387,56.97000621703167
37,75.97211839117531,56.99194217531032
37,75.9725580940426,56.969563819730595
37,75.9685243474666,56.97778078358459
37,75.96988308569603,56.97388926288179
37,76.02774141739366,57.003360580528955
37,75.98849481249903,57.019773635198376
37,75.96223473719868,56.980036111856954
37,75.97998653735633,57.004507649967614
37,76.01405084130309,57.013759354086694
37,76.01153721729116,56.972236908079175
37,75.96400343327366,56.96960383624041
37,76.03626179204487,57.022228087865415
37,75.97808167011499,57.00263778562857
37,75.99106367423697,56.991674751543286
37,76.01876280790512,56.961366750726604
37,75.99369439075917,56.99189001792816
37,75.9667275459177,56.96511126853868
37,75.99566526871448,56.97021062101537
37,75.97999664311833,56.95630429675082
37,75.95591799787046,57.01488819693637
37,76.00787350312595,57.0160293388629
37,75.97756004252673,56.99581042224306
37,75.98435567591557,57.00462406854225
37,75.98051420122121,57.01236406976614
37,76.01517744830927,56.95730803729986
37,75.96167604839914,57.02601995837304
37,76.03073012921267,56.965340589884704
37,75.99755490132719,57.01306342150529
37,75.96772279859478,56.97012111547641
37,75.97271931564302,56.9964987933195
37,75.97608144596923,57.00660062178714
37,75.99323400340145,57.019787045921305
37,76.00674928612261,56.98303214235556
37,75.98293060027156,56.98540652987422
37,75.97170428251412,56.96860372238996
37,76.02108028501125,57.03135799347597
37,76.03019101321361,57.00808141453158
37,76.01469390932854,56.96647993644371
37,75.96319302147666,56.97161073804387
37,75.98153172982015,56.95680049337818
37,75.97050736835189,56.99659890224469
37,75.96773829512783,56.98013760316296
37,76.03246292281958,56.966082680157356
37,76.0001832676602,57.03450802884508
37,76.02357352811791,56.970580346681295
37,76.01437726127651,56.98115435476125
37,76.00034604991343,56.982676813757344
37,76.00932511029691,57.03811736510947
37,75.98364637749984,56.971375501790234
37,76.0454523607781,56.98030752351218
37,75.99163088517804,57.04846924623106
37,75.96964000253439,56.96250901152428
37,75.99713975045361,56.971037173408966
37,76.01340516135399,56.96576975552622
37,76.00080167834801,56.991525799736955
37,75.99887441277583,57.00646836848458
38,75.97524172489601,56.986972299341836
38,76.02121132108817,56.977121073033324
38,76.03190826858769,57.00385320819729
38,76.01320807932692,56.985355670655885
38,75.96047694535395,56.97098696094471
38,75.99204407577454,57.031736853030836
38,75.9761167154581,56.968985948138744
38,75.95305771834117,57.000440562954545
38,76.04087966016704,57.00957410650108
38,75.96127495199316,57.01790129939149
38,75.98223585164367,57.022693419791416
38,75.99756847848037,56.96695806812003
38,75.97226677997362,57.01397802261131
38,76.03758050591263,57.030827114844215
38,75.9765273289298,56.96021865721099
38,75.98494637966483,56.95400727528472
38,75.97646008438278,57.037370083222456
38,75.9750245988822,56.99900106116313
38,75.99030534174628,57.00290212735186
38,75.99622592890191,56.99225989883184
38,75.95681075916188,57.02195815574875
38,76.01571483963507,57.00414919282422
38,75.99530096255369,57.03039970361244
38,75.97152701415682,57.00340869154208
38,76.02462707877105,56.98225640323103
38,76.0065563894749,57.01802845422141
38,75.96263121775142,56.979106455121226
38,75.99688187452891,57.00237199453379
38,76.00740690164596,57.01195949770219
38,76.01961565047105,57.003048283757686
38,75.96886209151192,56.971546706562414
38,75.98256253164374,56.95964585504663
38,75.98781674024117,56.98279370335358
38,75.98530197991646,56.97277415989384
38,75.98074858706349,57.00350752806757
38,75.96728088535234,57.03459386847392
38,75.9934499799806,57.0077901582768
38,75.98223585164367,57.022693419791416
38,75.98651862205432,56.97113377462187
38,76.03431755720749,57.01517975207413
38,75.9743884533942,57.02974882287261
38,76.00476393630427,56.9771009647685
38,76.01296960714984,57.01967776287488
38,75.962528951576,57.03239609917696
38,76.01525072780649,56.95908562961581
38,76.0264394199396,57.02021089524906
38,75.95305334912756,57.014989277024064
38,76.02156297739522,57.009954919070005
38,75.9670427112723,57.015884260093195
38,76.02775041595208,57.0263650687102
38,76.00341974929049,56.95858127202495
38,75.95635592612128,57.02154777227856
38,75.98000186190642,57.02178606911712
38,76.03318791993223,57.036452089839315
38,75.96519331911522,56.99169594367559
38,76.02867928080036,57.02534804167376
38,76.01154468895035,56.97120390337113
38,76.00416235458137,56.95968643954372
38,75.96790123836811,56.98493618554018
38,75.99927552325074,56.95764711649991
38,75.99062003001195,57.00176739915733
38,75.97814008489797,56.994530196413336
38,75.9723237055793,56.99852236998555
38,75.97945960045018,57.02575849083641
38,76.0481677278543,56.988272059573774
38,76.0420478219085,57.01894539573592
38,75.96976048319853,56.989016564308066
38,76.04023811847972,56.97121146548295
38,76.04411159645015,57.0117640625311
38,76.01502452474286,56.9947279287995
38,76.01367692464191,57.018499352012036
38,75.97932560899233,57.0330664830332
38,76.00227027579598,56.95454622531774
38,75.9805502998295,56.97770754676153
38,76.03864806736581,56.97954305607851
38,76.02003452235296,56.998371650338555
38,75.95097648120519,56.996661382341976
38,76.00662998039542,56.97377768901754
38,75.98145765939573,56.98985386220773
38,75.97064152022982,57.002953739447904
38,75.97705446057559,57.03037407068537
38,75.98800610179943,57.0210750034432
38,76.01558897044087,56.96073557160235
38,76.01115152393136,57.016364268162086
38,75.95360421676813,57.01712085348497
38,75.99440799308972,56.98010527244306
38,75.98034238362023,56.96652802080082
38,75.99243274888751,56.98445575352392
38,76.04162371206097,56.98060379074079
38,75.96429190639944,56.969147053941455
38,76.01965834297513,57.04225002391453
38,75.97615413560713,56.98597432235736
38,76.02840011140549,57.017167362884024
38,75.99775546968696,57.03199844172895
38,76.00093238571179,57.01304298908844
38,75.97716946860399,56.97062099586965
38,75.99646961969702,57.03639677127201
38,75.97957462773734,57.02175664157365
38,76.00791253570506,56.99387353197854
38,76.0096577020233,56.95592950425135
38,75.99062164213802,57.02248460617036
38,76.00061551372157,57.00082049511412
38,76.03817316947273,57.020310386056266
38,76.00717109511754,57.00269361370263
38,76.00764566804905,56.991844835103976
38,76.00479818708186,56.98287855896158
38,76.01243085201892,56.96623610304992
38,75.99159704144652,56.97428095876784
38,75.99879260072623,56.999527910122936
38,75.98327156716789,57.047067117238804
38,76.03026954037892,56.983911934525764
38,75.99595277865086,57.011256846661254
38,76.02560871412936,57.038638629521294
38,75.9553506827171,56.98462817710252
38,76.00886328399628,57.007933400609446
38,75.99713885457365,56.9969175453985
38,76.01949462034744,56.98262247019068
38,75.95723601355728,57.00613641345325
38,75.97039804629917,57.018926731505445
38,76.00039767121724,56.98925236478516
38,76.04360176950506,57.009688874741386
38,75.97305389450197,56.98432383646561
38,76.0103039337072,57.02296418695319
39,76.00886504337511,56.99036359028022
39,75.95305771834117,57.000440562954545
39,75.97822534851852,57.01392249393456
39,76.02768295231634,57.00853266695298
39,76.03022738604626,56.99797352397826
39,76.04050171960745,56.989752911541494
39,76.0170204094232,57.0396698114035
39,76.0296589877482,56.96082688262603
39,76.00959135871919,57.009559236242964
39,76.02132892899913,57.03597145510936
39,76.02916381223152,57.036181044286515
39,76.0132445370999,57.00088665861355
39,75.99064145371266,56.968584990491486
39,76.0241480793211,56.993362307002144
39,75.99210642795212,56.99616827933345
39,76.0266052687607,57.029678770100055
39,75.96667302765519,57.03532464545381
39,75.95642305571995,57.01195571163891
39,76.04158124688486,57.00133715935219
39,76.01768897168745,56.981314413570786
39,75.98740716012885,56.99917089088956
39,76.00262136076115,57.00352449475308
39,75.96392032428929,56.995820966794774
39,75.98885456175213,57.02487896471736
40,75.97860909843533,56.98479665219541
40,76.01659558176834,56.95423769983937
40,76.00600245297443,57.03881168609536
40,75.98445608218196,56.99848873481333
40,75.97417463278067,57.012998434750116
40,75.98536708135904,56.9801411861688
40,75.97077014853423,57.01577415650538
40,76.01738990346284,57.01137730313992
40,75.98565595230694,56.96769739330434
40,76.01406904032612,57.01734679654255
40,75.98186347081736,56.984927679261894
40,76.03285477749802,57.0156822367876
40,76.04939064356859,56.99279015621326
40,75.96552955502791,56.9860109540367
40,76.02525643327431,57.00975368796745
40,76.00560876286534,57.025622761065435
40,75.97810979327924,56.965729725438386
40,76.01283011129233,57.021440256711216
40,75.9670427112723,57.015884260093195
40,76.00399529593919,56.98165006563089
40,76.02811589197222,56.96939031747028
40,76.02414040381208,57.020651279411005
40,75.9972343007093,56.9977798634402
40,75.97471624620702,57.03093503060325
40,75.98769141927045,56.98259301638928
40,75.99990965193233,57.02887351971378
40,75.98582538893162,57.001604218519944
40,76.00531745459122,57.00857583032117
40,76.01333768634335,57.01510046373585
40,76.00896938752553,57.02649464133461
40,75.9774031315585,56.962695595813685
40,76.00047649369445,57.00848118009548
40,75.98775010401407,56.980555420903826
40,76.02002031002763,57.01870868359114
40,76.00191535883395,57.006217607108255
40,76.02767012836087,57.04130650054289
40,75.99177213995131,56.99707819060549
40,76.00739195566669,57.035204648319244
40,75.98697171931389,57.04420883581881
40,76.00789042189449,56.98200669314792
40,76.0119872919613,56.98825472786645
40,76.00584188260659,56.96677390802433
40,75.99707701908268,56.974959634859474
40,75.96449708739217,56.96845259480495
40,75.98731449065313,56.96813118926848
40,75.97998160259932,56.97717600516269
40,75.98389704960324,57.04202163521113
40,75.97122335792534,56.97370960944294
40,75.9983152098424,56.995799742116745
40,75.95940455454932,57.00328066468689
40,76.02406174135683,57.03135063658745
40,75.98393222092716,56.96337361742918
40,76.0249731080227,56.96124086962927
40,75.98933321940262,57.0273155204641
40,75.96428239274589,57.01942083054283
40,75.98959987181587,57.03952108424449
40,76.01802018473742,57.013467556614714
40,76.01095317612622,57.01431157140374
40,75.96914072953565,56.962262177916756
41,76.0178863571305,57.001754028070444
41,75.98680456663328,57.03002122645863
41,75.96057449808939,57.02262361235819
41,76.01756854743323,57.03904031085556
41,76.03818090996396,57.00288036104486
41,75.974403202271,56.95831133522553
41,76.01389045925428,56.95649619503591
41,75.99870299922067,56.97823553514602
41,75.98850218215047,56.97880181887809
41,76.01443736574824,56.96958881479432
41,75.99849750116627,56.968384139730986
41,75.99998214835307,56.95931672358553
41,75.98700184664585,57.02924237815502
41,76.01230138125021,57.00021979271555
41,76.01733529041728,57.01361866980597
41,75.9779146823072,57.0035207974819
41,76.03207034717589,56.99049890575511
41,75.99877071005643,57.01622803054954
41,76.00571201346904,56.96907492737659
41,76.04181595638775,56.9961303201996
41,75.9625291369394,57.00864561279812
41,76.0456999534168,56.985786428142845
41,75.97096951188782,57.02337521307954
41,76.03918002156223,57.00981036839567
41,76.01904058629668,56.988561311937744
41,75.9826618908867,57.01342655521575
41,76.0166851616123,57.00678798386614
41,75.99800249103762,56.96484005375815
41,76.00972646454264,56.99024253149271
41,75.98582710820114,56.979494363243866
41,75.99226949849812,57.01685731380245
41,75.9860576090999,56.955829665367155
41,76.02751239885175,57.01679516039086
41,75.98473020925891,56.979887428261705
41,76.0050474413385,57.01735637315158
41,75.95593736677533,56.99527714868265
41,76.04273635614548,57.01036554519881
41,75.96523086863861,57.019322972593336
41,76.00938107568908,57.03630212927407
41,76.00716482892942,57.023068216834886
41,75.9703917047092,57.007883566933835
41,76.01611995035086,57.000999926512335
41,76.00698001178192,57.04566537408354
41,76.01673629144568,57.02880617616016
41,75.9612504309321,57.011308251853215
41,75.96682697106674,56.999204426385155
41,76.03035422302594,57.01992696748424
41,75.97752703716631,57.03453460297871
41,75.99657304944472,56.95566003534236
41,76.00862602773167,56.9698712588704
41,75.99352449394213,57.041788708380544
41,75.97409349792163,56.99968379998905
41,75.98278830366155,57.0298844391007
41,75.98234026889071,56.983781928914084
41,76.04259401932664,57.00478775317816
41,75.97794464071035,57.0021800689965
41,76.00591367372499,56.95906013234203
41,76.00281721067904,57.01548295874307
41,75.9988420526344,57.041524442625516
41,75.97558913543126,56.99199476677501
41,76.0214780333977,56.99979972244278
41,75.97748566528321,56.99129308009987
41,75.98898883677379,57.02809498059193
42,75.98187191713141,56.959443165863696
42,75.99283452361774,56.95059002277123
42,76.00001820785563,56.99077609204502
42,76.00782290354353,57.01298652179491
42,75.98655885593423,56.9816455918562
42,75.97515990445402,56.964149549196414
42,76.01765717016602,57.00348467248079
42,75.99117546080053,57.01809555878725
42,75.95810217276804,56.98713151264678
42,75.98595233883754,56.97832223292798
42,76.00505682079637,56.96052865715933
42,76.04337551340512,56.993372604086574
42,76.01106718169,57.027224313018316
42,76.00015373749292,56.97932560362032
42,76.03650991323718,56.98135319519905
42,75.97560852424228,56.995889976244804
42,76.02201657336097,56.99325385836111
42,76.00302875850072,56.96589712742213
42,75.97159109711401,56.97851100227286
42,76.03283843161746,56.9636602011071
42,76.01847996055778,56.98329025594535
42,75.9537820618541,56.98568094935552
42,76.01900419669343,57.04149959344204
42,76.00154933010916,56.98976691432379
42,76.01412435263877,56.96249127381911
42,76.02781142771961,56.96624185485074
42,75.9564890238968,57.016376536669625
42,75.98997714025282,57.03099317251229
42,75.97697766169172,56.982189613042934
42,75.98473557590025,57.030328653435184
42,75.98100053743359,56.96895303295737
42,76.00560972145445,56.95830931835911
42,75.99791989035985,56.989306764558364
42,75.9889527648175,57.04517583457325
42,76.01273128204205,57.01064241677603
42,76.0211064213788,57.00591204515022
42,76.01160403302035,56.99785851358877
42,76.04136623849122,56.98776156157111
42,75.9623673178079,56.972336685498874
42,76.04433512698071,56.99213137318845
42,75.98445645401722,57.00120853943569
42,75.99547855322116,57.005146355839116
42,75.96367636509338,57.00940451856783
42,75.98748670282065,56.963809230882845
42,75.99433100083075,56.96111961978327
42,76.02014041319725,57.00371205864206
42,75.97103691716639,56.987673397243725
42,76.02541421859533,57.042329985301244
42,75.98533200525215,57.020594445581224
42,76.01110049668262,56.99362853018345
42,76.00169306891381,56.983506801247614
42,75.98627246584641,57.03483528351097
42,76.02159275486181,57.018098997873686
42,76.02121224392583,56.984947095722966
42,75.99306318468072,57.02667702499379
42,75.98360059284128,56.97115222302955
43,75.97733256184627,56.96166182955983
43,75.99920592146687,56.98250480236439
43,75.97310433282082,56.973727230442606
43,76.0195798678612,56.976612588313145
43,76.01261803454048,57.013194304016125
43,76.01158563686859,56.98370806913761
43,75.98354149157434,57.01447084906055
43,76.02281341433113,57.01914089635384
43,76.01330645168262,56.99230833172228
43,75.99919978831947,56.99976140295298
43,76.03521713652017,56.992010534920986
43,75.99842670225812,56.97898591035749
43,76.00236260125354,57.012830829273796
43,75.95063483527954,56.99969461322734
43,76.01219851963693,56.9575105339769
43,76.01300110390262,56.96928157950602
43,75.9846442584645,56.97095177173136
43,75.96065141632698,56.98989945594891
43,76.03762623199995,56.97970948771748
43,75.97899188449033,57.040980675889045
43,76.02707942814529,57.021153846139015
43,76.04043771678727,57.01493893101187
43,75.95303323189013,57.00904760300389
43,76.02625139133613,57.03688386052844
43,76.01573398324452,57.02496250259865
43,75.99396531298584,57.04100217968021
43,75.99838851797895,56.9813856473204
43,76.01421034743178,56.999216718590525
43,76.00521370940615,56.977908770946954
43,76.03013857279711,56.97216380847174
43,76.01444467150584,56.98492516293913
43,75.95695612501696,57.00536538638164
43,75.9957278885698,56.98994887046477
43,75.98833085970037,57.02559478319161
43,75.99583695147157,57.002044353557736
43,76.01284361179192,57.039113613406236
43,76.02465209265493,56.98605696750513
43,75.99748281094612,56.994406552183655
43,75.98331685111864,56.979580009558596
43,76.0189925741424,57.04523204080481
43,75.98033283962262,56.96872329680319
43,75.98403837661778,56.988030134799956
43,76.03564979521292,56.968646990287894
43,75.99625940333513,56.997475947404716
43,75.97397850992928,56.9964399164216
43,76.02172005605784,57.00592993743087
43,75.98121525687792,56.997004904748636
43,75.99692311759934,57.000503908676066
43,75.9967451146188,57.00263656549124
43,75.99041308459144,57.02764099116863
43,76.00854121299415,56.98456835784072
43,75.96305599736823,57.02899802541986
43,75.96822931667556,57.022888483814356
43,75.99132721877508,57.03016617101242
43,75.97288736616487,57.019563586785864
43,75.99994627396896,57.04086732168893
43,75.98008319365917,57.04578353829819
43,75.98743716609346,56.95477540663158
43,75.98428390517738,56.99338769446465
43,75.95179306122287,57.00021348679576
43,76.02264257835998,56.95591866749103
43,75.97394251391081,56.98034491656855
43,76.0163916222011,56.99183020930596
43,75.9543042177636,56.992331537371896
43,76.01630583767177,57.0381135919568
44,75.9606566811137,57.03025171909274
44,75.99628802712756,57.009423822262434
44,76.00341974929049,56.95858127202495
44,76.02205163223483,57.025608237334986
44,76.0228954489365,57.04052517877662
44,75.97915083765959,57.01534361251818
44,76.02724091102637,57.00876926767849
44,75.99929978717391,57.02147541370628
44,76.04152196595166,57.01125838698123
44,76.02697262561054,57.026113471425546
44,75.96621592183975,56.98533673316764
44,76.02004510543836,57.030778655070435
44,76.03540225642692,56.97711854551082
44,75.97975632091158,56.998524849087666
44,75.99234167796926,56.997906327479654
44,76.01985497744212,57.027936137923376
44,76.00836678091646,57.03591326293859
44,76.00689332609946,57.031756288070305
44,75.96879761301946,57.00802322135793
44,76.00682728139547,57.020099420498504
44,76.00408088322892,57.021309329393496
44,76.01621537478864,56.973725269643765
44,75.98142302504549,56.96882777842269
44,76.02078329182199,57.03729313332787
44,75.99929978717391,57.02147541370628
44,75.97174054517791,56.96837132671322
44,76.00405797940996,57.01805790902874
44,76.00129392253794,57.01512099653915
44,75.98377633614943,56.99097140975579
44,75.98041634052716,56.96115559017052
44,75.96319302147666,56.97161073804387
44,76.00960725095167,57.045440725977485
44,75.98107628178614,57.018036184406235
44,76.00016728705953,56.95758907269669
44,75.9583460521557,56.990077550955995
44,75.97734294600633,56.96099332124054
44,75.98594579198553,57.01416863707312
44,76.00012846455515,56.982492396616074
44,75.96026620666069,57.027646626658694
44,76.00615355903888,56.954335086695174
44,76.03886843535574,57.014547323651485
44,75.9914568144808,57.037495763361534
44,76.02692083826972,56.989216485923755
44,76.01754190796169,56.993279668757324
44,76.03256540581224,56.979477207819045
44,76.01821828172794,56.95815505470541
44,76.01420759568447,57.01029301952271
44,75.98688969985275,56.96261202000116
44,75.99847278932455,56.97555176654646
44,76.00955199156562,57.01568017903196
44,75.99575180075556,57.04623336532066
44,75.97467939966451,56.9977555549003
44,75.98693269158889,56.99254071793233
44,75.95147849328983,57.00729542982639
44,75.97886323859454,57.02256959217728
44,76.02005282043903,56.99754706616582
44,76.02915210963201,57.006828305381035
44,76.01225393100351,56.968755781893854
44,76.01925148515431,56.96005624382751
44,75.98706473558065,57.04632361532888
44,75.96445355626328,57.03501793029125
44,75.99874843857054,56.99006177590418
44,75.99144578606786,57.02699165259079
44,76.03417073579595,56.97739104858631
44,75.96804570975064,57.02420420942431
44,75.96986473567122,56.993588318460276
44,75.98430039988258,56.97296786347241
44,75.9907897077154,56.97828503075229
44,76.00335618158661,56.99660534559685
44,75.95009740047571,56.99938898633965
45,75.96030305025789,56.98678580722021
45,75.99264119822101,57.02122669949942
45,75.99419029817128,56.96665015915069
45,76.01953357856779,57.01399281341754
45,75.9881738264202,57.01031437959612
45,75.98218969901976,56.96729005026478
45,76.01184991969392,56.96045037816905
45,75.97986463965657,57.04057226492571
45,75.970082872388,57.0060835347521
45,75.96851962144011,57.00476557689417
45,76.02836811876573,56.969295363196395
45,76.03696995729698,57.026286769778345
45,76.00401544678465,56.96368540669054
45,75.99276191376129,56.97167674120831
45,75.99755267330389,57.02187058850091
45,75.97937197337983,57.03062927295223
45,75.96876150375087,56.97014172969557
45,75.98363802521644,56.98780216886707
45,75.97069691613073,56.99513915596215
45,76.02520561875687,56.966235863062664
45,75.98169137041523,57.033574452544585
45,76.02810894023496,57.032144865817685
45,76.01938147391508,56.97409045675892
45,76.03684425172308,56.971248965713876
45,76.01589581499414,56.98149901240394
45,76.030773145437,56.99712085189246
45,75.97092868764491,57.007465970861524
45,76.02453661386922,57.00258604686595
45,75.98542655486268,57.01077716855101
45,75.95329398766845,56.99356909603226
45,76.01142690864485,56.97312317401683
45,76.02142395485794,57.0089546245396
45,76.01126485105617,57.005858391882676
45,75.99121365020919,56.99384785710135
45,76.01430024687944,57.045886528496794
45,75.9880234102959,57.019356264414206
45,76.00383373186924,56.99069892307487
45,75.99550596702036,56.98527544032722
45,75.9661695446097,57.007502826190326
45,76.01356943439282,56.98416704508052
45,76.01221644198952,57.039626623438146
45,76.03083410878602,56.998721512534225
45,75.98321363216678,56.995624981681495
45,75.96065141632698,56.98989945594891
45,76.03251206186647,56.9658002706397
45,76.00561367412998,56.98053555735114
45,75.96782455753076,56.98797399787222
45,75.99113847149168,57.01734417932531
45,76.0072752148472,57.01826476250269
45,76.03146143148213,56.989947215061164
45,75.97987514237175,56.98219637819187
45,76.04137903584027,56.978546549692794
45,75.96545467192941,57.0210278764698
45,75.99094643715866,57.04562396672875
45,76.00906191126175,57.02143954382734
45,76.00975938352651,56.99037194421542
45,76.03955742108268,57.01121693019053
45,76.03604725877024,56.985080311034025
45,76.00573501640157,57.0060340254398
45,75.97875652643367,57.0123018891958
45,76.04362994505001,56.99139754822025
45,76.02846099278528,57.03485095592402
45,75.98969540980796,57.02225212263208
45,76.01093295179493,57.02178898159449
45,76.03430889935589,57.011166787892876
45,76.00301495609088,57.014382570034826
45,75.98541871487768,56.96276769363797
45,75.98650451770384,56.99000670987535
45,75.97947281553114,57.044043423523824
45,76.0455775087653,57.013385365928
45,75.99574707658009,56.998370854034846
45,76.01874605718669,57.02986960868451
45,76.0248535622424,56.970465777307666
45,76.04442971257839,57.01105721967669
45,75.9785104905967,57.041212556263034
45,76.03025534364123,57.01701705761998
45,75.9908091986398,56.963410121435665
45,76.03123501089375,56.9984633561896
45,75.98891002861595,56.98902610891504
45,76.00653161559569,57.023507558617034
45,75.9709028257287,56.99311939274906
45,76.0067201614775,57.017948713238624
45,76.039265203011,56.979538160224
45,76.01324152357861,57.014489544995385
45,76.00946725794378,56.967905810696465
45,76.03281034066013,57.006912540468555
45,76.00498152021896,57.00586739988516
45,75.99171629125534,57.014187422834375
45,76.03126378583441,56.97985031265394
45,76.034495079994,57.01771145631842
45,75.98705687572638,57.00900380398878
45,75.99456554235849,56.98156989589476
45,75.98512722524089,57.00901851160223
45,76.01927698563148,57.01649473704529
45,76.00985071476005,57.018317496976486
46,76.0086234797507,56.982317936381484
46,75.98156290170284,57.030300742185595
46,75.99976811154299,56.970202355214994
46,75.99775095981995,57.001386377466105
46,75.98101134279655,56.95958731397229
46,76.02072616383796,57.00054992669099
46,76.01750427132782,57.00129038871763
46,76.01162988148926,56.98402445251879
46,76.03180070979815,56.98245751503232
46,75.98050144402,56.95805309429057
46,76.01256862758626,57.0035865922687
46,75.9854127098485,57.01981162207847
46,75.98940116942838,57.03247071015116
46,75.98423901571567,57.015495798266656
46,75.99651468629062,57.018595470108146
46,76.00808220847806,56.9521458053137
46,76.02118573495012,56.999884963082884
46,75.98970721483353,57.04148463376469
46,75.95535204488675,56.982142335666005
46,75.99812515256937,57.03826795689751
46,76.00116127609846,57.01917388915734
46,75.95278367031518,56.990609334977655
46,75.96105926316037,57.01652447648959
46,75.98754829429456,56.97606088011105
46,75.99142664720789,57.02741920258315
46,76.00949797512978,56.95298556207547
46,75.97206733438578,57.03934555747982
46,75.97419651506365,56.98021689077598
46,76.00921616229127,57.03046360513694
46,75.95990250828432,57.005500440641676
46,75.96985516161529,56.996160750770755
46,76.00267624322856,57.01800389771523
46,75.98681489600061,57.03590099535753
47,75.98249662186949,56.95620394523312
47,75.97088140725215,57.00860885050253
47,75.97159109711401,56.97851100227286
47,76.01129305905492,56.98539897768504
47,76.01152991354526,57.02024924989255
47,76.0160215779326,57.005642716862226
47,75.98236835416897,57.00429541839376
47,76.02644833472671,56.966082433606516
47,75.98405432355068,57.00853666791567
47,75.99071522116637,57.0086238626908
47,75.97625569480385,56.96926176539005
47,76.00603156315145,56.96725152878892
47,76.00030248499792,57.032454244536694
47,76.0159484011242,56.9747729368844
47,75.96447775851655,57.02456909760216
47,75.98683516812586,57.022923400928576
47,76.00778486272597,57.02530102047943
47,76.01765426708859,57.008711376726254
47,75.99842169730714,56.98438172784519
47,76.03169757241307,56.97165875103073
47,75.97851972036192,57.005022557507964
47,76.01134140540967,56.95367620918107
47,75.97478179120482,56.96631423527774
47,76.00899360529243,57.04250562221852
47,75.98793129087326,56.998586310600125
47,76.03737781249957,57.0085004495303
47,75.96189637729714,56.99824424231861
47,75.9833031217383,57.005945716063756
47,76.00323757033118,57.02165502946885
47,76.01952726551876,57.004728675805524
47,76.03963141527932,56.99917053812275
47,75.99087655667881,56.96060757407664
47,76.01088736084981,57.018473628457095
47,75.98089722853555,57.027746333511246
47,75.96359103528874,56.991331736417706
47,75.9735965569069,56.98440372409216
47,76.0202193393528,56.995985241079595
47,75.96538270298659,57.02106807580534
47,76.01125668194754,56.96567390265869
47,76.02549935739972,56.96964975237219
47,75.9789400335757,56.989632023809456
47,75.99790224890955,57.01854240011907
47,75.98228850145885,56.96453807015761
47,76.01413900897596,57.0402719481226
47,75.99554582093367,56.95663900915101
47,75.9836342556666,56.970132900308805
47,76.02671928945547,57.01440117721497
47,76.00726049903847,57.02372844493702
47,75.99593692985023,56.98953870043244
47,75.96952770669346,57.000841105035455
47,75.98237448805759,56.99223223741025
47,75.97902554570047,56.98999897333504
47,76.03006278754455,56.97254153562978
47,75.99022459096757,57.03645450784839
47,75.98927171453728,57.04315909456621
47,76.01316558799,57.01034490517995
47,76.01368102607964,57.02353629118341
47,75.99974479826902,57.018625628669604
47,76.00861094851133,56.959722989635296
47,75.99729333527077,56.9835431395075
47,75.99179530784565,57.0434921034945
47,76.0233765843954,57.00728755753116
47,76.0023495117469,56.95050639731196
47,76.00043105605072,57.02345248957542
47,76.03523454868098,57.02159191393375
47,75.9607529310468,56.97901166907033
47,75.97439109272582,57.009791340615855
47,76.00815629934478,57.014055090609396
47,75.99623383253224,57.046636344004995
47,75.99007051824162,57.03218728884216
47,76.02101852786456,57.03656668789623
47,75.96492672011331,57.00916129160904
47,75.96184965720376,56.99649118628409
47,75.96894725475886,56.988230245591886
47,76.01909814106466,56.975371084089744
47,75.95344871555095,57.01271875696955
47,75.98625235585206,56.97042064127341
47,75.9687594487351,56.970888998413606
47,75.98507091721028,56.984603114136604
47,76.029023477419,57.037075076904706
47,75.9984518214287,57.0455679531785
47,76.03668531705888,56.972299086900605
47,75.98783574340702,57.02047779338258
47,76.04047628802877,57.00624219455701
47,75.99683306454538,56.997820206815085
47,75.97792469888931,57.02650076195865
47,76.03042677958119,56.99781609716334
47,75.984044486309,56.95490371974433
47,75.95137597333019,57.00765344790789
47,75.98541831684427,57.03024036962094
47,75.97363186941551,56.96871394879461
47,76.0388122877483,56.97893539099296
47,75.98097975531464,56.97182979225138
47,75.95884072967294,57.02034725668229
47,76.03938604855617,56.97359791688717
47,76.03998258858036,56.98194587529273
47,75.98847906437084,56.98701539969557
47,75.95154260597323,57.00023467926441
47,76.01691929673937,56.96096499564557
47,75.95791882227995,56.976396777270566
47,75.96985659628274,56.99823825371351
47,75.98026124366302,57.01534136110939
47,76.00615559184673,56.97939049043676
47,76.00001866804351,56.96310102916307
47,75.99172108142061,57.011634680528985
47,75.98869437346532,57.01297744531888
47,75.99706836576392,57.037815563651215
47,75.99703625785845,57.04172760568897
47,75.97772530852413,56.99393495808357
47,76.01102631199856,56.9639663636604
47,76.02747208005187,56.97871834220206
47,75.98471583886146,56.99118366005074
47,75.99045577692003,57.04641792390813
47,76.00661509112489,57.015670719245165
47,75.97810979327924,56.965729725438386
47,76.00761537798653,57.03048851900994
47,75.95428778061029,57.008841929542136
47,75.9616602065821,57.0189681899933
47,75.98838737636306,57.01041725039154
47,75.98373247529392,57.01440591867906
47,75.98043052510431,57.03112574897979
47,75.99365559752154,56.991278827142764
47,75.99853848004007,57.02262902684071
47,76.02685009524656,56.97358345252873
47,75.99046859031125,57.02616408706005
48,76.01271105843973,56.98711560347328
48,75.98669733967463,57.03296487312141
48,75.98192854585176,56.9573545116659
48,76.03064908073041,57.00984691238523
48,75.98949674478787,56.994132836298725
48,76.01377711674705,56.99278043083944
48,75.96410615925382,57.010432378421825
48,76.03668569551813,56.99512255682453
48,75.99630923959931,57.02743279746329
48,75.99471904392112,57.0261756070281
48,75.96490012254252,57.00992301124338
48,76.0160215779326,57.005642716862226
48,75.99174756247027,57.04463033290427
48,75.99142940693905,56.97503516268455
48,76.02016433476228,57.0237565704881
48,76.00560548337006,57.0349347990505
48,75.95979403743368,56.99951809545698
48,76.00935899076507,56.95526656919917
48,75.985102378189,57.01434355690859
48,76.04724052533966,57.00358502684832
48,76.03623200515123,56.970771805987646
48,75.99276127194648,57.038885488815076
48,76.0405280188833,57.001240856835516
48,76.02425137850466,56.971250751946755
48,76.01731715293191,57.00266328820032
48,75.96343399029749,56.987063674696735
48,75.9616130608188,56.97302222161936
48,76.0096187434367,56.98430672985004
48,75.95723601355728,57.00613641345325
48,75.97153674816794,56.97503656714616
48,76.03174296077974,56.96974915911456
48,75.9950233011386,57.0161328687783
48,76.00161495539642,56.9744193038554
48,75.99925737082393,56.998742069093055
48,75.97367079547338,57.015195090633206
48,75.97696793102504,57.0277693529279
48,75.98230983129741,56.99367211270796
48,76.01581524979531,56.99841500052567
48,75.9759375019569,57.01990161679302
48,75.98444901540066,57.0169711915143
48,75.98974025582979,57.01790065802463
48,75.98616270604914,56.97782708077605
48,75.97093513748354,56.960142937880164
48,76.00178344767814,56.951151477926594
48,76.03567748576737,57.005249580921685
48,76.03669475872763,56.9922480257381
48,75.95926671795364,57.00972492112857
48,75.99356864270048,56.9932041138991
48,75.96256682510285,57.025395256583394
48,76.04896601312119,57.00242184429411
48,76.01381578049663,57.021462222100865
48,75.97136170511106,57.019196947302234
48,75.96347610532574,57.00245082566834
48,76.00402283011037,57.02402495316508
48,75.97635300834806,57.01043273914311
48,75.97008523348957,57.03268447191054
49,76.03957500428957,56.988944298068944
49,75.99975464132088,56.997718374054294
49,75.99500065112625,56.97192183086809
49,76.00806104112566,57.00285185511644
49,75.96981298147783,56.98716056600617
49,75.98793747957345,56.981883640145924
49,76.00770217293038,57.02088557309826
49,76.00853917628098,57.04306826794325
49,75.9855919817269,56.98184371564363
49,76.01599944406941,56.995446920031284
49,75.95845232181439,57.0104210375638
49,75.96312541179707,57.02141223820754
49,76.00648387249332,56.98864819463034
49,75.977555693657,57.027213758297975
49,75.9798817354858,56.97395368893499
49,76.00669744616353,57.00012224344474
49,76.0127314178152,56.98061212643643
49,75.98864591617382,56.98012470327615
49,75.9850102260802,56.976541010747226
49,75.99269506059483,57.04824610105904
49,75.95725628446347,57.010181901607396
49,76.02933874963912,57.0076526272717
49,75.96769515414327,56.973525360168146
49,76.02067515380908,57.0423288720499
49,76.01653581950208,57.04180271134247
49,75.99699630338533,56.994341299824825
49,75.95588267053569,56.99856232713762
49,75.99579479553661,57.02487011015344
49,75.97958461425293,56.99549784630313
49,76.03719864464246,57.023096922953485
49,75.99011766520833,56.98441960619184
49,75.9764845882092,57.03749591176893
49,75.98774089218605,56.967279642094475
49,76.01120859555446,56.96615576211635
49,75.99790548384071,56.99597010650076
49,76.0159085887356,57.04027043836551
49,76.0099916682509,56.97900126821242
49,75.968160313677,57.036653761664496
49,76.02019114888625,56.95513082850133
49,76.02691279896926,57.00246337274566
49,75.96559292914566,56.9861916372607
49,75.95941320545002,57.00387861341839
49,76.01877529875661,57.0146282439857
49,75.97027697222661,56.985384470485464
49,75.97969944440842,56.95937048303398
49,76.04558145385664,57.00957956948244
49,75.99410034687405,56.95806720087588
49,76.0393424772406,57.01709706083512
49,76.01983430147911,56.985507055961136
49,75.99270553708963,57.008115169411994
49,75.9547651085431,57.01881200369449
49,76.00924989940468,56.98853300530629
49,76.00602968307754,56.98853804593665
49,76.00350108863594,56.95921979656758
49,75.99408940395455,57.019104594808205
49,75.96376919310019,56.97397789475097
49,75.96960521278935,56.99608214290525
49,75.95560512438871,57.00005579523016
49,76.00026163191534,57.035108714010455
49,76.02667172112395,57.008933064575636
49,75.9831852634739,57.0009844230709
49,75.98372508355232,56.99388382057323
49,75.99467726063979,57.03928972152305
49,76.03530908212568,57.0281058212061
49,76.0326765877654,56.967044470443255
49,75.98242530531333,56.973214530999925
49,75.98829819739437,56.99971533360276
49,75.97222202720731,56.963380091587446
50,75.99873917034245,57.027948871497244
50,76.04591226918475,57.00969581980415
50,76.03262971347878,56.964925166183704
50,75.984113022155,56.99964465562757
50,75.96671677491591,57.02719179886472
50,75.96506053183367,56.98823842631295
50,76.00346779358685,57.02829371678085
50,76.00765928576953,57.010855723019716
50,75.97355368407995,57.040549523971286
50,75.99781836685264,57.014616292877534
50,76.03936229523765,57.01919584021575
50,76.01599257640493,56.98313275084914
50,75.99921452343882,56.996968927214155
50,76.02091360614891,56.99856586518186
50,75.99338984106609,57.013037080721595
50,76.03111037639763,57.00380799062666
50,75.96552955502791,56.9860109540367
50,75.99749582291022,57.001060340482404
50,75.9600360550684,57.01526003040947
50,75.98264676437792,57.013489340722764
50,75.96080606867594,56.97750116387176
50,76.03604488910126,57.01849169544214
50,75.97694229597667,57.021636918445466
50,75.99086892533462,56.97362857387916
50,76.01769612165594,57.034383512043796
50,76.03202020554946,56.980461751066514
50,76.01569074174343,57.02003086556694
50,76.02242628585783,56.99571262100442
50,75.99266211999564,57.021466025366216
50,75.98647703006179,57.02498743813614
50,75.99387815378705,57.00238326181568
50,75.9825080124535,56.991645599016785
50,75.9968229637536,57.01202691976532
50,75.96414294847861,57.020894575671015
50,75.98166072450857,57.02790596023798
50,75.96373608735965,57.01965961037512
50,75.97150352827079,57.034539357365176
50,76.00078062995912,57.02161485880518
50,76.0220157923334,57.03670118617973
50,76.02252822455641,56.99115598264254
50,75.97718105947885,57.00611268533619
50,75.98169055284069,56.979078082947325
50,75.99315941940013,56.95142562887765
50,76.03880253186844,57.02392361953832
50,76.00173473655963,57.0165432207927
50,75.997508447005,57.00852326748333
50,76.04160795869453,56.998622439098085
50,76.00760870640448,57.04126304588595
50,75.9845667550105,57.01070235345509
50,75.96707285833955,57.018602315606906
50,75.99821719207519,57.01330376721168
50,76.01220931655858,56.985871993756426
50,76.01427508650457,56.98296064773767
50,76.0183482475763,56.95544887639791
50,76.02447080770408,57.031643798704984
50,76.0382819552684,56.97746411061613
50,76.02052386891535,57.00082070413312
50,76.00872747046157,57.01370508667706
50,76.00937141276698,56.960872375173366
50,75.96173074318358,56.9689644781138
50,76.01408325470905,56.96443627302992
50,75.98059605192316,56.958215532904724
50,76.0258447360968,57.029873985760084
50,76.02016102600724,57.04505340988067
50,76.00603114395618,57.02227047229812
50,75.95344195687844,56.99209023945942
50,75.99787052163177,56.95222645494114
50,75.9864555704741,57.04438214114592
50,75.97663330439775,57.03648356047539
50,76.00639694260704,56.97904203716313
50,76.00870907288007,57.03518941335604
50,76.01130266807785,56.96670843955247
50,76.01817237471188,56.964181293370935
50,76.03151170837596,56.963442393004726
50,76.01885314491287,56.970274822020784
50,76.02812221684277,56.9674027705694
50,75.97492746349441,57.01960670907622
50,76.00361580507189,57.00390514205195
50,76.01697295425453,56.994226098010714
50,76.00577854843173,57.028438805751605
50,75.99134684476178,57.01074369709099
50,76.04799401823047,56.99786671072447
50,76.03242669478256,56.999644195087214
50,76.00026682736885,57.010464755145804
50,76.02928052651639,56.98241727883182
50,75.96623799859178,57.032282623141306
50,75.96050244359601,56.9985141422505
50,76.04087293916099,57.007167742083865
50,75.97854716130409,56.98182958869554
50,76.00262460718828,56.97583726683775
50,76.03775721006612,57.02541850846549
50,75.9660006464425,57.025308955810374
51,75.97548115583832,57.006199757399166
51,75.96784105107315,56.970521806082765
51,76.03298813752335,57.02900387412713
51,75.97624045131681,56.97556801172063
51,76.00333946473005,56.95013159607517
51,75.99220530941689,56.993205428327016
51,76.02012344694695,57.040315758088575
51,75.97111361682018,57.02695211351232
51,76.01985782782555,56.970598804315784
51,76.02179930855151,56.977152483490045
51,76.0474612822798,56.996048628156906
51,76.00568826773987,56.963338596609596
51,76.01870164813128,56.98337244465355
51,76.02014036716128,56.9993478636076
51,76.01347624358341,56.955361920315916
51,76.03803691292914,57.03145641156985
51,76.04150778898558,56.985271947295345
51,75.98455853384584,56.96419640983985
51,75.96530730523567,57.02263919507247
51,76.03879847597068,56.97805098351859
51,76.01914877802467,57.02874311421055
51,76.01996106010237,57.030737811752
51,76.0196707010005,56.991107487292794
51,75.98513143706474,57.01002091401947
51,76.01652394884385,57.043072229742506
51,75.98457534924633,57.02114405353234
51,76.03980372759537,56.98092317607126
51,75.99083251228679,57.035347254996616
51,76.00544400368537,57.01037132760083
51,75.98363820839673,56.963621408997135
51,75.98831723964071,56.97418667228693
51,76.0059101775453,57.03593556988618
51,76.03703175161831,56.97306009615564
51,76.0245110538075,57.031649250166616
51,75.9945808166301,56.96135903739685
51,75.95358547747037,56.99500393262556
51,76.00048618354762,57.03550006590864
51,76.00382230862125,56.97624523915112
51,75.99067323586813,57.022439802396185
51,76.02953328263587,56.97586548113495
51,76.00272022178281,57.03274013038173
51,75.99115693411524,57.001727495861175
51,76.01260086362386,56.966591162239176
51,75.97351993465453,57.041613721687895
51,76.00200048086361,56.97553288485671
51,76.01798402306594,57.00612455727449
51,76.04553737420179,56.993211016922565
51,75.98327156716789,57.047067117238804
51,75.99683858765412,56.953006636914836
51,75.96593335610447,56.976754442426326
51,75.99779277252871,56.95075651459587
51,76.00887230426252,57.008179453103345
51,75.96863042623693,56.98840899192446
51,76.00972476239193,56.995079579241285
51,75.97846884034807,57.031600062182434
51,76.02105985759063,57.0066145325457
51,76.00330617752779,56.96822486567442
51,76.02156297739522,57.009954919070005
51,75.99929527175195,57.02458591703535
51,76.00481623519522,56.989711855984474
51,75.97235536877021,56.97260502795404
51,76.03133129998268,57.014121724325705
52,75.98575799498059,57.006301627654935
52,76.00403259474987,56.96069754807442
52,75.98401713308141,57.01872905901457
52,75.98800504086726,56.986423856137904
52,75.95779049991683,56.98836683917892
52,76.01790664345637,56.99520842550136
52,75.99086480966186,57.03046585818049
52,76.00071024386028,57.0032637262054
52,75.97508799863225,56.96760891664566
52,75.98552393764326,57.03220577608552
52,76.04161458487431,56.98550430876089
52,76.0397842367434,56.98901044705274
52,75.99212639493224,56.972690351062354
52,76.01720568432039,57.018728154746334
52,75.99657875828349,57.018972009275586
52,76.01788547225848,57.04480793761267
52,76.00093641078644,57.011486930844214
52,76.02721059349895,57.02103315866827
52,75.97983714653245,56.96614547414139
52,76.02499427536773,57.02942510975191
52,76.00835391064874,57.000015024059635
52,75.97967440280168,56.98824627030678
52,75.97773341478674,57.01220729305028
52,76.02571987645916,57.03109726786069
52,76.01943581844544,57.04077951463665
52,76.04600564351513,56.99727878421615
52,75.99124178827114,57.045988290730236
52,75.98434700604112,57.0061376806416
52,76.02557457599944,57.01165426395762
52,76.01925540260099,57.03797348368104
52,75.96707564204539,56.97984146758462
52,76.01286642471867,56.97698853244092
52,75.98126654497908,57.03740571322948
52,76.02645726204513,57.02091575893001
52,75.97462265757717,57.00494482568266
52,76.04802323193361,57.009857949265026
52,75.95553454628211,56.99075270658313
52,75.9567357995222,56.97585785279054
52,75.96982589257559,56.978678271909224
52,76.00308183573776,57.013745660053054
52,75.96245802911375,56.98029068865711
52,75.98604653362422,57.04652195978411
52,76.00708378901967,56.967471917798136
52,75.97676341479189,57.00752469021712
52,75.97319783043353,56.999160084338236
52,75.96988288320856,57.036071524744386
52,76.02253719723636,57.000532782071915
52,75.98635510819607,57.011688607123126
52,76.01485522607689,57.017771215457635
52,75.99921452343882,56.996968927214155
52,75.9993712451446,57.02438491040518
52,75.99179530784565,57.0434921034945
52,76.00371699612333,56.96582577719631
52,75.98540402698586,57.037684822508524
52,76.04538176553378,56.98628146297032
52,76.00064149181594,57.02023840998095
52,75.98673049538037,56.98356088866267
52,75.98856341225205,56.979218225765216
52,75.97209721916673,56.99063132995468
52,76.00427179955172,57.01072152619518
52,76.00382230862125,56.97624523915112
52,75.97860923816341,56.981565949492705
52,76.02079404662723,57.025359169710484
52,75.96816492593837,56.973799720777144
52,75.99579660809769,57.00654343255374
52,75.9839266025384,57.043422730470326
52,75.96849048797684,56.996348599327945
52,75.9870682368766,56.988654797162766
52,75.99342272972568,56.977283446817275
52,76.01633293215795,57.01473413362269
52,76.01583319146991,56.985985369832726
52,76.01320807932692,56.985355670655885
52,76.00596225799852,56.99795917696111
52,75.96656419443187,57.02642846556886
52,76.00071090956624,57.023975932672535
52,76.02634808135228,56.96194366760185
52,76.03136013269663,57.03100877979881
52,76.00855858136188,56.984585887734085
52,76.03524295361677,56.96500854628024
52,76.0314544051278,56.96952275659638
52,76.02246787178173,56.99162784884091
52,76.02726756749803,57.03652463539634
52,75.98643689227178,56.98061974275214
52,75.95324071489289,56.98476838543698
52,75.97889321217178,56.99998123909337
52,76.02795290447,56.98320602585712
52,76.02950929069631,57.02489692813077
52,75.95831394337337,56.993681844343136
52,75.97347682304469,57.036679753320215
52,76.00574551918311,56.99701745854552
52,76.03855143870983,56.98517031491747
52,76.00358585976959,57.000554175809825
52,75.9772758460761,56.97848186618099
52,76.04672335321065,57.001520542832516
52,76.00021044384165,57.001889972905815
52,75.97175038618255,57.00220416156364
52,75.96413682888179,57.01367253938493
52,75.99521352963335,57.01995317806662
52,76.01127477678281,57.00960712828194
52,76.03497927096161,57.01992337888953
52,76.0411519690439,56.9781934706366
52,76.01218306523661,56.97750853767363
52,75.97314646210611,56.99941626148192
52,76.02736914236829,56.9649595987614
52,75.99878157984455,56.992067094580776
52,75.96039841391573,57.013023514215824
52,76.02160792189305,57.00334645348769
52,75.9952622766112,56.95109067402998
53,76.00863298110839,56.962320839983505
53,76.03233299743839,57.03193838515204
53,76.01749354202414,57.00449963931713
53,76.02393545381416,56.99782675041523
53,75.95496118652692,57.010784867933246
53,76.00964674366912,57.04685525445405
53,75.9815895076598,57.04126637716583
53,76.02293453046717,57.020969184853186
53,76.02887093510465,57.03926603954942
53,75.9614072602517,57.00560151774894
53,75.98379356559427,57.044600091425025
53,75.97083347717069,57.03921195885886
53,75.96935830417542,57.00447004054501
53,76.009518060897,56.95571821019092
53,75.99169745231376,57.040416581891805
53,75.96226905099482,56.97387924100667
53,76.00928738296261,57.010652712714844
53,76.02206895475872,57.0206741398069
53,76.02286041459068,56.99139735501395
53,75.97062248611846,57.01848102663383
53,75.9799280074564,57.04329254004898
53,76.00016232501052,56.98061588326637
53,76.01602831386846,56.97458218410174
53,76.01999988820448,57.04547484553036
53,75.98661484011741,56.97825651708324
53,76.00969892677188,56.964815674714266
53,76.01689236358013,57.0113209743544
53,75.97678540326474,56.997284845386574
53,76.01489210293462,56.97592974978663
53,75.99119035327148,57.020707123483255
53,76.02365068533311,56.978251315352104
53,75.98493005019371,56.96157716602882
53,75.99351997518953,57.0382209542014
53,76.0286011924177,56.98691172789361
53,76.00509827616811,56.98344130626501
53,75.98502740604455,56.96423615502591
53,76.00194516616784,57.048944452188515
53,75.99663286140155,57.044381704230105
53,75.98863711165808,56.990187764494735
53,75.98174910402392,57.006100291563534
53,76.0012656995576,56.97804932513806
53,76.00967448348344,56.96185022671852
53,76.00266233702048,57.010014925707516
53,76.01284444738981,56.989321128137775
53,75.97586869634533,57.02531689376662
53,75.99045509639221,57.000801320225214
53,75.95600540622814,56.9957123021562
53,75.98507950494553,57.03886489969726
53,75.97358120100007,57.025322338815556
53,75.97671962373232,57.03925107902252
53,76.02939993196779,56.989588212884804
53,75.99383138682909,57.01181743110067
53,76.02396587697845,56.97778296312592
53,76.02006631552804,57.02345613658665
53,75.99549451727724,56.98084509958262
53,75.96867712587326,57.03138943236935
53,76.02824235145948,57.01238103028167
53,76.0064206041115,57.01149398941707
53,75.98849085601256,56.9896074219627
53,75.98256253164374,56.95964585504663
53,75.96002453290372,57.027303465779
53,75.98463976875574,57.00601856898215
53,76.04594928218528,57.00478522697738
53,76.02457318911023,57.038413547128194
53,76.0066307382199,57.0118457523607
53,76.00415698828951,57.03181339163534
53,76.03131575798083,57.020603793309675
53,76.01178067793265,57.01963662327389
53,75.98457446405423,56.96416703319722
54,76.04180299589348,57.004409884951905
54,75.9681650066121,57.0373909967479
54,75.96547748394963,57.01289545111409
54,75.9952944431757,56.970561142043955
54,76.04050237112719,56.98384130538436
54,76.03119866087967,57.00594869773262
54,75.97149898114311,57.0226626485896
54,75.96234230532835,56.98612000888264
54,75.9925790804822,56.9954619067901
54,76.0089432714797,56.99953720415884
54,75.99362936880263,56.98674026295033
54,75.9763618553615,56.98237609432712
54,75.99406492583427,57.02468852430803
54,75.97557921654885,57.03728366532777
54,76.00845529979824,57.03406155176226
54,76.02594372716229,56.96999137069152
54,76.04153685752044,56.99851994282028
54,76.00107479204343,56.954204550409166
54,76.02905949193132,57.01739822389455
54,75.99373287425989,56.997674526417846
54,75.97853580106738,57.04405265735898
54,76.00113983442252,57.010417280813215
54,76.01705620103527,56.99398530176609
54,75.99962621355927,57.032510153364775
54,75.98103003433906,56.985908075835894
54,75.99496954638867,56.973436282810745
54,76.00206645263255,57.011743400536716
54,75.98179641795245,57.01508125080512
54,75.97998719692865,56.9640286598708
54,76.0259916515051,56.98160967896939
54,76.02836173158316,56.96890156147322
54,75.95250613976914,57.00908934576024
54,76.04282507145949,56.99036380119233
54,75.97724132812633,57.03481215116597
54,76.01723064368598,56.99414882843965
54,76.02360674813313,57.034019087670806
54,75.99691535635363,56.99754082372987
54,75.9891324722795,56.998146893937616
54,76.01968642385454,56.96551641506041
54,76.00748275615756,56.988643404314196
54,75.98201483055774,56.956947175591615
54,76.00643137592996,57.034891281937675
54,75.96626510456034,56.9877258084257
54,75.97451545968576,57.02417272113795
54,76.0044159217734,57.025023854605706
54,75.97289478685356,56.983108906525324
54,76.00565672156166,57.00675177581263
54,76.01578959308374,56.973860925871655
54,76.00073920079616,56.9752295528749
54,76.01498099513798,57.02116099638543
54,76.00295249452891,56.992904523063046
54,76.01235868574992,57.00775111564058
54,75.98033190950406,57.03874578033038
54,76.02698458435721,57.01441389829912
54,76.02000360884657,57.026270012562755
54,75.9578381107721,56.97769234860998
54,75.99172417043938,56.99362663302785
54,75.98738421856423,56.989786837566754
54,75.95352001970706,57.00128451907496
54,75.9830185965884,56.98816104472376
54,76.01421645313722,56.99624625736712
54,76.01906301859522,57.00601765162675
54,76.0298910084795,56.963320436284484
54,75.9797680248419,56.961010907837014
54,76.02007338882117,56.99925691988647
54,76.01277043732105,56.98616084893208
54,75.97998205004552,57.00726273954867
54,76.03143096249745,57.026587109631436
54,76.00619829368034,57.027930509443266
54,76.04836835756505,56.99638413817337
54,76.02153091016396,56.95725515322737
54,76.02513815106548,56.997430658473895
54,76.02246303698892,57.01385870165481
54,76.02168244900743,57.044311053233
54,75.99722435688423,57.033079320571794
54,76.00596004621617,57.02046685486735
54,76.03825852059484,56.99587549337931
54,75.99427754156545,57.0399358499652
54,75.9942769053253,56.99686675916478
54,76.02014036716128,56.9993478636076
54,75.95871276385081,56.9875828619088
54,75.97530734311471,57.00016100903726
54,76.02768295231634,57.00853266695298
54,76.00108624940817,57.032337133594076
54,75.99266211999564,57.021466025366216
54,76.01519256065444,56.95939075543328
54,76.01509250453189,56.981987056759884
54,76.00122026923258,56.95147466871907
54,75.98851768303163,56.99355921912714
54,75.98863921238363,56.95744084557464
54,75.98220907510131,57.03635297993823
54,75.96587823031253,56.98383566421541
54,75.96235697491707,56.987202187737566
54,76.01319246982891,56.99082430304559
54,75.99927771269881,57.005725409909395
54,75.9957949876302,56.97466652274392
54,76.025596822618,56.95958432504477
54,76.02013661200819,56.980594028214895
55,75.9770086276697,57.024535569528645
55,76.0392449764665,57.02771528315558
55,76.04774895581046,57.01465213227669
55,76.01322714166824,56.998728874857534
55,75.99406823814417,57.00132384942472
55,75.96150880150955,57.022342431903986
55,76.01300804846363,57.02599306661625
55,75.98077134348709,56.98584654781803
55,76.02641514985507,56.976918480690735
55,76.02852886684052,56.99682472754973
55,76.00668015174844,57.00342739659928
55,75.9634613305422,56.966998225916726
55,75.97127512011355,56.98955820918831
55,75.98907821686217,57.02610455290385
55,75.9956082427665,57.0436711012919
55,75.97957462773734,57.02175664157365
55,76.03655528017534,57.020093128693134
55,75.98210390552917,56.996625185087716
55,76.005662220434,57.000749827114916
55,75.95997446158246,56.97829761334918
55,76.02091360614891,56.99856586518186
55,75.96235245260553,56.967190007797875
55,76.0053643203521,57.023807042453065
55,76.02167423633345,56.97597737562772
55,76.00390010023204,57.01477379775979
55,76.02414040381208,57.020651279411005
55,76.0388122877483,56.97893539099296
55,76.04637235356387,56.99390476428683
55,76.04010758394047,56.97942667768718
55,76.03493550274244,57.018105992452924
55,75.97965550464227,57.02531866236685
55,76.03090915017854,57.03593859788061
55,76.00795927874593,57.04890662842419
55,76.02118167278243,57.03444712923806
55,76.02306032291011,57.00865495655427
55,76.00328219528718,57.01881900899035
55,76.02238374910607,57.0100095871508
55,75.98779365715876,56.96546818822411
55,75.96150338446203,56.999503558890225
55,76.00410177321166,56.987664064334616
55,76.0095287895346,57.0078530242037
55,76.00570849796388,57.00833011266672
55,76.03638527326825,56.99948175635374
55,75.96308122776249,57.031774032984586
55,76.03469023076792,56.97842771917767
55,75.96463700513345,56.985157855639514
55,75.96101527930468,56.99387421629813
55,75.98838843632477,57.04115694729231
55,76.02596034547255,56.97414107733531
55,76.02080086663945,57.033560408215024
55,75.96377148976966,56.99626042621734
55,75.97848624449927,57.00336289392464
55,75.95231903102597,57.00156856634613
55,76.00670519967679,57.005902844216294
55,76.01347971968885,56.96577603727954
55,76.01557558684388,57.0224407904235
55,76.02027811652974,56.97456086824235
55,76.03810307355397,57.011823511933294
55,76.00547777126917,57.01900391271552
55,76.01751751578998,57.02050203344885
55,76.03183733203741,57.00207512744935
55,76.01264600256354,57.012145631824474
55,76.01330632878452,57.015301993305044
55,76.00728130033109,57.020627974858655
55,75.96731727106774,56.9691930275119
55,75.99975464132088,56.997718374054294
55,75.98286057852903,56.99691993967257
55,75.96500881310341,56.971866833830006
55,76.01102631199856,56.9639663636604
55,75.97333989508448,56.95922415191299
55,75.9650872369384,57.01295316796929
55,76.02808959123095,57.02475421243434
55,76.01061243404918,57.00451247987713
55,76.01913140630751,56.966920479822534
55,75.99892682154302,57.00226658204056
55,75.98277184267727,56.981386037550394
55,75.99738723069639,56.9939979543512
55,75.95747776268291,56.97741397100024
55,76.01994847025954,57.01658643702867
55,76.00275023961903,56.9524590596241
55,76.014671355564,57.02738008895451
55,75.99856630404474,56.97393584746879
56,75.9608667898389,56.98229922155044
56,76.02931718471172,57.024141027601075
56,76.02319459064041,57.02501666220891
56,76.00643137592996,57.034891281937675
56,75.99741571287905,57.00397197746949
56,75.97982322766823,56.98269824332475
56,76.02690396951476,57.023399405816455
56,76.0386613876862,56.980313452206815
56,75.971593652925,57.03243195850292
56,76.01727943789685,56.978440170161846
56,76.01783580328093,57.00347234228336
56,76.02007507515137,57.00409198624796
56,76.03680438249962,56.99987334427774
56,76.03011424511526,56.96116581064545
56,76.01463102389754,56.969513087546915
56,75.98863612355713,56.98949399572283
56,76.0312398834025,57.014908454201546
56,76.02196288338573,57.022199536495364
56,76.00999290521759,56.96782328782414
56,75.97471168824629,57.01159310749264
56,75.96340301296568,57.00584545128015
56,75.95583464208097,57.01938408813432
56,76.0189925741424,57.04523204080481
56,75.98663804140043,56.99228365642043
56,76.01360110693817,56.9824934679909
56,76.02062799978893,57.00100659440062
56,76.02775872271272,56.97961468508342
56,75.9950304277788,57.022929914942935
56,76.04257133932461,56.998198758437
56,75.97099219620422,56.96223841773907
56,75.96642989576064,56.99854504104604
56,75.98799439790807,56.952831668580444
56,76.00940363773697,56.95775689718106
56,75.98996037376791,56.99318982365679
56,76.00441661282811,57.04595757094
56,75.99605309038269,56.9902094250424
56,75.991116815757,57.040792266432206
56,76.01444177573556,57.011775773573945
56,75.9576517948348,56.99227670715119
56,75.9640046722878,56.98954550981824
56,75.99701341162367,56.9950021271551
56,76.02646480659895,57.018345058565075
56,75.98548619138711,57.04676557057253
56,75.99390001958179,56.985349163027145
56,76.04018085113576,57.018734479545856
56,75.97524751179115,57.01062485864231
56,75.97400886930826,56.97011967416495
56,75.9765273289298,56.96021865721099
56,75.9823629103703,57.00267225051521
57,75.997260324304,57.02335970646993
57,75.9551456219805,56.985966459530836
57,75.96527672973522,57.01110577707675
57,76.03269344104805,56.97768802377187
57,75.98836270947385,57.00199892910867
57,75.98702307125897,56.9742855043147
57,75.99335209759609,56.97598015826133
57,75.98289491794112,57.01576106771483
57,75.98318414626128,56.97536067911573
57,75.9767441504509,57.00013244132608
57,75.95608643225908,57.00631837747459
57,75.98796250290587,56.97606637720865
57,75.97859767386092,57.040016034960466
57,75.96088469766723,56.99030570542308
57,76.03194186196973,57.00493174901976
57,75.96037029620008,56.98398726349578
57,75.99148334981263,56.9510236214193
57,76.04148179023956,56.98640679233969
57,76.01162695109171,57.00742210188529
57,75.9902167966556,56.995051475019174
57,75.96785729979017,57.035279103868426
57,75.98474106998336,56.967055570277026
57,76.0256982776364,56.99702135532568
57,76.01622105324574,57.02412971332928
57,76.03386119867332,57.0066155328391
57,75.98370325205042,56.97693854327773
57,75.98161599887275,56.9940278266933
57,76.01366678774993,56.95367671015302
57,75.97389489885792,56.967178357546835
57,75.99146612790909,57.02337183329613
57,76.03873763192463,57.02166888153884
57,75.98981491036838,56.99057883698399
57,76.02252822455641,56.99115598264254
57,76.0050724611527,57.00073226420773
57,76.0016899427869,57.02503758099618
57,76.00455726391256,56.98220632940786
57,75.96780090342162,57.01458349333504
57,76.03628019299947,57.015292483830095
57,76.04724430811751,57.0086654866971
57,76.0006684891496,57.04616945687608
57,76.03345927985308,56.99567538690194
57,75.9754736192139,56.995385042173574
57,75.9913644367069,56.95837520294857
57,76.03726987191162,56.99366750907359
57,76.01893721898453,56.98471748185569
57,76.02803298266876,56.97859667738905
57,75.99162168666214,57.01077394220727
57,76.01438240863577,56.965615060765195
57,76.00972990653214,56.95206778968403
57,76.00753937604028,56.99635992467025
57,76.03960787646263,57.02949471010878
57,76.03972500087559,56.99087157918189
57,76.01985574844551,57.00735755260379
57,75.9579552112161,57.00219867446022
57,76.00076995783796,57.006817178159444
57,75.98424505768484,57.0434304691104
57,76.02437689331522,57.000942139285996
57,76.00948171368357,56.96628547185652
57,75.9696838020466,56.98109092710482
57,75.95390301610027,57.00794753627551
57,75.98471674252482,57.0399372948585
57,75.99061663040159,56.99936869813962
57,75.95311979118367,56.993677136594144
57,75.9898054569024,56.982836917863914
57,76.02908238112576,57.03868299598798
57,75.98421655209587,56.986734004337166
57,76.0116054196879,56.984146657248736
57,75.97696545390986,57.02492086031919
57,76.0005465599621,56.98000678047545
57,76.01992766152128,56.9700428871604
57,76.02266736516007,57.006316733899645
57,76.01129305905492,56.98539897768504
57,76.00638466264873,57.02233719714574
57,75.983487973763,57.0122925719056
57,76.0455792188023,57.01193329815787
57,76.0068293186394,57.00243571660945
57,75.98858588701964,56.9960979537976
57,75.98383484728829,57.00808632591233
57,75.98956294247763,57.019752101219794
57,76.03197719034648,56.98391321157839
57,76.02215934967566,57.019751763997924
57,76.01271487085282,56.973026746038585
57,76.02107040198605,57.009736044915925
57,75.96870386031985,57.00582387133028
57,75.95502294760675,57.01807038640661
57,76.03339746516933,57.028705021366186
57,76.02973129654787,56.96773355974612
57,75.96472332417505,56.97077130690769
57,75.99737936045592,57.04979957240378
57,75.99768530952518,57.04596419458777
57,75.98810409910962,57.04362605139072
57,76.02562462784265,56.98276748305444
57,76.0466214832878,57.01658208817562
57,76.02308611033807,57.02254370007995
57,76.00272500162464,57.00330535530801
57,75.96006840339525,57.004211573736384
57,75.96148165986486,56.98732148328998
57,76.0248602517749,56.98113620650173
57,75.99574801761774,56.97364965937257
57,75.95414954863669,56.99328723119433
57,76.02366186900889,56.995164215052846
57,75.99683306454538,56.997820206815085
57,76.01482821372416,56.99449047590959
57,75.97002101723402,56.96108603921068
57,76.0092215260006,57.0400914040859
57,76.0326694382628,57.0154306661244
57,76.02403547377595,56.95894064927691
57,75.98435015933207,56.98237968551815
58,75.99856075035626,56.95775469454558
58,76.04509285562693,57.00829161193368
58,75.96680889402961,57.02809008473914
58,76.00981099458014,57.03152470897618
58,76.00692524621726,57.01645377548515
58,76.02603267629456,57.042482561108336
58,76.02645831456742,56.9839564145038
58,75.96213066419931,56.974664567574756
58,75.9966347803116,57.04146895464772
58,75.95471869542013,56.991470729075054
58,76.04644850198207,57.00239270206952
58,76.03494340950824,57.01519432527028
58,75.96711307609849,57.031017128238396
58,75.97439460994389,56.96974379535064
58,75.99599584845787,57.04837122845953
58,75.99741071171195,57.0002641791889
58,76.0128724191153,56.98592303645512
58,75.9927832653435,57.01033295278826
58,76.0335680681484,56.995175157455634
58,76.02088895779588,57.029946651066915
58,75.9912917992106,56.95939206184435
58,76.02022792883399,57.041284704787735
58,75.9692616754837,57.028697219294074
58,76.03320552565685,56.99005945548659
58,76.0088744328206,57.001637560888845
58,76.01283402392923,56.96677200300134
58,76.00343507348869,56.96162973741223
58,76.03032621075542,56.98080573721882
58,75.97494862933551,56.99946440327117
58,76.02312710990734,57.01475247546408
58,76.01855947932098,57.00592484576671
58,75.97674216775587,57.031571527684086
58,75.99882543993283,57.04990987418014
58,76.02391448814015,56.98595536584596
58,76.01689937286434,56.98509657775922
58,76.01321071459792,57.02055407188717
58,76.03291730997942,56.970299032787025
58,75.95447686401013,57.00628426525457
58,76.0014841229553,56.997608831495526
58,76.00213106026496,56.95811883287259
58,75.9691948505463,56.97971266184108
58,75.97251287922107,56.99037372737647
58,76.02765469005828,57.01112664680001
58,76.00341170287507,57.002836093919214
58,75.98285480680643,57.0427410834198
58,75.99662967683844,56.99360124436826
58,76.02209009348967,57.021138994559244
58,76.01184880562968,57.03308119201881
58,75.9837495879104,56.98175692674964
58,75.97429075056387,56.9619887091103
58,76.01203487325887,57.004811017408144
58,75.99258964541832,56.98058038344217
58,75.99350972570159,56.98415932477478
58,76.03455363882524,57.006280059405675
58,76.02132519947739,56.999599105566276
58,76.02785999416672,57.033574637009295
58,75.99534943183846,57.0210893094272
58,76.00909580731795,57.003536611629286
58,75.95903682470428,56.97705549539568
58,76.03479731819272,57.01895183907006
58,75.96742364254449,57.01970164334057
58,75.98579856622037,57.01572252974464
58,76.0007661449921,57.00956817166174
58,75.9946281525953,57.03078315987681
58,75.95600540622814,56.9957123021562
58,75.96571660685504,56.99833334026545
58,76.01910034863687,56.95593389849318
58,75.95730806685206,56.989956340153824
58,76.00707455050357,56.9716439410822
58,76.01845019965087,56.98816068103976
58,76.04774895581046,57.01465213227669
58,76.01741419183138,57.02388491465044
58,75.99763390899219,56.99464977426219
58,76.03408797365776,56.988675045262674
58,75.99404975066349,57.031871635692674
58,75.98137205871252,57.01156315045379
58,75.96090489838465,57.0268996103025
58,75.98960641804753,56.988221842619055
58,75.97786961751723,57.03273196928048
58,75.99919590486753,56.956629119210305
58,76.02656395787268,56.99136674695524
58,76.01356522126913,56.9907017973088
58,76.04388306684942,57.00642593445361
58,75.99834246300959,57.02358628501466
58,76.0193935725907,56.98451702513208
58,75.96696836322143,57.02893761783493
58,75.96805753719707,56.99429745112693
58,75.97100619253327,56.98093813979682
58,76.03723076163021,56.96979272012791
58,75.99141700078508,57.01015377938727
58,75.97034186682309,56.99249895579257
58,76.03947239558788,57.00024169699084
58,76.04445341691954,56.99283940804977
58,76.04446994926053,56.98123606189477
58,76.01180185886278,57.04686751843401
58,76.00490576738153,56.98337559141831
58,75.96490423504535,56.984310730569334
59,75.99722435688423,57.033079320571794
59,76.00127827014578,56.99829902865656
59,76.00701473646575,57.01027277687319
59,76.03210008255695,57.025186735243004
59,75.98504780062228,56.99276198290921
59,75.99696972586335,57.00359978100698
59,76.02504509309715,57.00867298452976
59,75.99564799281687,56.96069089320509
59,76.00561483532996,57.04650306305391
59,75.96905278610392,56.967670559714655
59,76.01676213341997,56.99909510827753
59,75.99352698651204,56.957552988031914
59,75.98555439003789,56.989715965997576
59,75.98043399351012,57.01168800388741
59,75.96108302367422,57.00309176158289
59,75.96201343712208,56.98107509205367
59,75.99425977121074,56.976563926632686
59,75.9710902880536,56.991139782032114
59,75.99478834645723,57.03175048379178
59,76.01556489967622,56.98720336932784
59,75.99319004485713,56.98086047460778
59,75.99524131209448,56.97443215667041
59,76.0368936873305,56.97452161198267
59,75.99260262709043,57.011288923164265
59,76.00611486225449,57.03687182700987
59,75.97492972361938,56.956915851633816
59,75.99906862819036,57.03457557723086
59,76.0068293186394,57.00243571660945
59,75.9732690569613,57.02170217358377
59,75.9761694803499,57.018187880348975
59,76.01441720200302,57.040072819720265
59,76.04311134750932,56.98706513967958
59,76.04291116766112,56.98801377081068
59,75.98318017719457,57.03007018951793
59,76.00011381968211,56.990719290156164
59,75.98470198075822,56.98831011260179
59,76.04699297226206,56.988889085344944
59,75.95475657723998,57.011238448289824
59,75.96425213664664,57.02848237656591
59,75.99015760735608,57.012730012838176
59,75.98566038696688,56.969357217422825
59,75.95483999745137,56.98782439746566
59,75.99917023294276,57.02454468940812
59,76.01640355655391,57.03449995015416
59,75.98840039786657,56.97454267041543
59,75.9974278536853,56.97626748508255
59,75.99636728291622,57.02416788599283
59,75.99146373676352,56.988286358610026
59,75.9987145475694,56.983156242681574
59,76.0052464321136,57.03687834416549
59,76.0066993537909,57.020733408792665
59,76.01254040978199,57.01878596531233
59,76.0053485802238,56.96784790722847
59,76.00039046141329,57.024311882115164
59,76.00894826965533,57.018801112883615
59,76.01451888894894,57.024471054596965
59,75.9774075575558,57.030831053466315
59,75.98573903271787,57.040631423782905
59,76.00561327630162,56.99823829567562
59,75.98164003558948,56.96619322391026
59,76.04855801938055,56.988357349501804
59,75.96659006956762,57.032396673713016
59,75.95651472648719,56.977380449498774
59,76.02852874706966,56.9973192095238
59,75.98646034507298,56.97072933675309
59,75.9865684252594,57.03185877055996
59,76.03537789567535,56.999960556938284
59,75.95537494569635,56.99518511808654
59,76.03567183844152,56.9757614807366
59,75.96387347823482,57.03414328790718
59,75.97783013254463,56.97485861228401
59,76.03608819396067,57.02747970861208
59,75.99148110284185,56.992660028414804
59,76.02049718078108,57.00536193126841
59,76.01307923307004,56.98425493735469
59,75.99537486652913,56.98048917193631
59,75.98919201491334,56.99502741077939
59,76.02110082902055,57.00838696904415
59,76.00180346625191,57.035210460925796
59,76.02708999494872,56.96664133937072
59,75.97950161607022,57.01586829783569
59,75.98639556104352,56.970175480346526
59,75.99974384645765,57.006986858150405
59,76.00372821497001,56.9836789193502
60,75.98866771821956,57.02942324820499
60,75.99564751280609,56.97872709377408
60,76.02168636609369,57.00844717631446
60,75.99543173170142,56.98847080016656
60,75.97641493672168,56.986002978371175
60,76.01407770551066,57.03314615024515
60,76.02782748891379,56.98890990647
60,76.02979630420694,57.02068342786379
60,75.95944438448183,56.98887240069577
60,76.00595839297728,57.02297487849909
60,76.03417073579595,56.97739104858631
60,76.00323408420546,56.99233762037858
60,75.98073899414477,56.983203162509255
60,76.0191933956685,57.03140735873774
60,75.99749582291022,57.001060340482404
60,75.99426642875684,57.022433390253646
60,76.01750048747952,56.96249837222081
60,75.95344871555095,57.01271875696955
60,76.03953041313919,56.986301692570564
60,76.02343033009805,57.001401284423864
60,76.00601839480272,56.95971389898371
60,75.99952759835364,56.99439059081029
60,75.96705244470634,56.967972408656934
60,75.97850929074285,56.98879296755406
60,76.0347076197811,56.996522852136415
60,76.03680406068322,57.01523753541782
60,75.99593481188931,56.99182861137485
60,76.0362578438521,56.99163575859262
60,75.99718137832008,56.9736044839568
60,76.03794675282604,57.0038325592146
60,75.9819989321038,57.01298532691927
60,76.00690077598048,57.0105949465178
60,76.0473532328191,56.98648775329313
60,75.97608144596923,57.00660062178714
60,76.00045560843523,56.96155119767594
60,76.00867831741127,56.95943065482536
60,75.98888645500824,57.02802339843614
60,75.97080103903393,57.0272207442666
60,76.0089531969478,56.99595268280203
60,75.98448300443735,57.01378922791405
60,75.99564015482062,57.00508767924998
60,75.96477530283819,57.021384205195595
60,75.96040468691147,56.98659072634334
60,76.00734205530172,56.99131594768464
60,76.02725019270197,56.96902754511012
60,76.01168146237559,57.02200361010466
60,76.01386780821366,56.985028369746985
60,76.0310153640428,57.00578432717989
60,75.95200375081993,56.99649159653013
60,75.98106647373744,56.95394447305778
60,76.00303033085615,57.038896925689556
60,76.00743676187479,56.973395442735594
60,76.00369773204841,56.98861307162931
60,75.95709142580021,56.98514307283841
60,76.03181289549686,56.963023191289956
60,75.97981553952495,56.999339157776916
60,76.00926719356433,56.96223546362525
60,75.99365559752154,56.991278827142764
60,76.0172113314467,57.03933183570366
60,75.97638617987647,56.99928536040353
60,76.02492937897904,56.9588731788289
60,75.99470576665783,57.04193360841854
60,75.98402684167573,56.953626710714204
61,76.01717678597643,56.999935211685084
61,75.96316239451419,57.00920203304972
61,76.02914637330943,57.02055113314923
61,75.99639870289649,56.95859609387075
61,75.95611097962573,56.98317758003589
61,76.0163327118177,56.98627880064335
61,76.03467946520266,56.9859226259739
61,75.99598966923155,56.96337699877943
61,76.02058793015549,56.95446957360127
61,76.00799561471273,56.961684562867994
61,76.02310410421845,57.0155147333521
61,75.9915642037402,56.97137422041417
61,76.04186110710883,57.015817741131265
61,76.03220591414114,57.00914992971338
61,76.04511072063553,57.01393005764908
61,76.00824759551973,56.99316915392799
61,76.0133025243754,56.99144319450964
61,76.04592233735059,56.992999115384066
61,76.00338831370144,56.993016636425466
61,76.03459879035682,57.009687169541515
61,76.04188476797636,56.9987803800717
61,76.00405051343233,56.95749464083016
61,75.99610842068371,56.99428957723189
61,76.00911610510126,57.01768060000356
61,75.97251287922107,56.99037372737647
61,76.01243085201892,56.96623610304992
61,75.99387382777448,56.96922703316427
61,75.97274567970668,57.03521413567029
61,75.9806805023466,56.972263419933576
61,75.98242692744097,57.03076868158459
61,75.95967684901483,57.02737851139203
61,75.97916372207798,56.98613524126963
61,75.98294267358118,57.01621107479451
61,76.02403689142687,57.00525079175744
61,75.96794475807845,57.00382214621387
61,76.00339378484142,56.96397958576208
61,76.00114779181577,56.953033897705005
61,75.95227830219544,57.00252365709121
61,75.96109009908864,56.981453947476645
61,75.98045459313558,56.963785153832696
61,75.99908840540309,57.02557771262613
61,75.97024906009626,56.966710842969
61,75.98037378097656,57.039291236935554
61,75.99821719207519,57.01330376721168
61,76.03019101321361,57.00808141453158
61,76.00803963168597,57.00860933517177
61,76.04119487524949,57.020921065100296
61,75.99515720897963,57.04368865622947
61,75.9912945988506,57.04112497632333
61,76.03131248670974,57.01938561920554
61,76.00679067083308,56.99986551804362
61,76.03548803624706,56.991458926024
61,75.98348937770274,57.016188878611985
61,76.02973042866272,57.018731076442286
61,75.9538449809042,57.00699253964798
61,76.01010359141442,56.99569167372309
61,76.00682438353095,57.045743269050185
61,75.97891481467303,56.97607815700673
61,75.97541979781393,56.967100266916034
61,76.00265672430993,57.012244947926504
61,76.0365828674399,56.985591417081885
61,76.01870164813128,56.98337244465355
61,75.99455282433864,57.049407299836915
61,76.03467185594218,57.00837348495801
61,76.00902293360019,56.98321336071995
61,76.00306497731775,56.98533620806442
61,75.99525008652472,56.97753320383917
61,75.96294588461475,57.01207128486139
61,76.03112836892839,56.97837924333732
61,75.9582121236974,56.97523547388257
61,75.9907680975441,57.04890035181114
61,75.97655743692476,57.0293922103312
61,76.02208497837911,57.03547779661178
61,76.00780187841049,56.95182425071706
61,75.99463215199329,57.008158726646286
61,75.97576701147264,56.965809539171474
61,76.0069661222465,56.97169608529227
61,75.98334998097992,57.003094632890665
61,76.0353507425661,57.000636357199625
61,75.97056044004634,57.03657125066102
61,76.0147635899656,57.03591079601984
61,75.97249312579123,56.99395289749025
61,75.95897643014167,57.00701769323985
61,76.01000125636361,57.016938713375225
61,75.99579479553661,57.02487011015344
61,76.01195543319258,56.989531574921735
61,76.02676128390719,57.031312425705835
61,76.0235566827178,57.00623519214204
61,75.97608144596923,57.00660062178714
61,75.99860461289681,56.954189509050195
61,75.99700418955257,56.99028110998324
61,75.9921826162575,56.95136806316752
61,76.01125449068772,56.976029205368555
61,76.0057356040542,57.048673991053164
61,75.99027168999602,57.0087115516091
61,76.00777828934713,57.00917416095713
61,76.00954985746111,57.00213815700649
61,75.95977052213605,57.00186374574965
61,75.9746599209311,56.98874240242603
61,75.98582538893162,57.001604218519944
61,75.97835802236688,56.9761503146212
61,76.03099725364984,56.97539505942441
61,76.00738160204511,57.00171475898754
61,75.9956819380318,56.988313734665006
61,76.01214384796364,57.01487810905549
61,75.95522420347235,56.981668784175554
61,75.98835306843138,56.96594686761509
61,75.9659428157227,57.015372492410584
61,76.00050807106354,57.02284375320769
62,75.97972516275308,57.02481890542601
62,75.97523470677099,57.02710493174284
62,75.9921385309851,56.97591625394368
62,75.99850852012592,56.97041578862941
62,75.99403415674661,56.99271871266393
62,76.00679873458353,56.96324316389824
62,75.98550498114564,56.99296122235523
62,75.97225078776235,57.039012239800655
62,75.99811327919275,57.00448392938596
62,75.99286777860401,56.9595593463135
62,75.99057994675918,57.015390599864496
62,75.97038125568449,56.98861365761651
62,76.00880570994661,56.98392897052532
62,75.96635072625142,56.985766805687405
62,76.02143601176284,57.03273707083506
62,75.96057832566646,57.01941350900605
62,76.04224861840561,57.02417797246485
62,76.0386248129412,56.99658935780079
62,75.99545406349152,56.99210170790903
62,76.02038955677553,56.99216784457444
62,75.99449399801715,56.96391905185537
62,76.01630583767177,57.0381135919568
62,76.00614288349017,57.00182585667542
62,75.99996723369559,56.9852841112857
62,75.99590147911088,56.9995060143549
62,75.99933797622644,57.00400517489865
62,75.97975632091158,56.998524849087666
62,75.96772279859478,56.97012111547641
62,75.98947080668357,56.9642117340653
62,76.00869444570073,57.04254535996351
62,75.99404975066349,57.031871635692674
62,75.97269398100066,56.99230962152076
62,75.98480469193368,56.98589488974154
62,75.9590093796623,57.00710757642719
62,76.01381089190241,57.030449441582554
62,76.01008919110149,56.99925435257176
62,75.97236671336006,57.0111233546331
62,75.98919384445732,56.98049787299018
62,75.97615617396798,57.00176867597528
62,75.9667751494841,56.97320218364922
62,76.01818589390487,57.02163439607494
62,75.99152770917732,57.00622762793076
62,75.97197235591621,57.03084701602048
62,76.03366495813783,56.996246997638366
62,75.99245867777843,56.9980678877407
62,75.98438529465356,56.97970418128616
62,75.95913098919871,57.01290575831375
62,75.95903411497939,56.98715089803851
62,76.00688014091992,57.00514432428649
62,75.99610842068371,56.99428957723189
62,75.98804967700266,57.01871970243787
62,76.01910709825964,56.953803733294066
62,76.02860491118244,56.96454774976153
62,75.98602328466717,57.0273875254442
62,76.04542711748876,56.996554902240526
62,75.95718012448664,57.00336279304617
62,75.9663821982965,56.99958469409504
62,76.04276610149547,56.97797160545612
62,76.03815031938514,57.00177578498116
62,76.01449825774591,56.965916638572125
62,76.04148179023956,56.98640679233969
62,75.98359261023614,56.95556927813557
62,75.99611284324963,56.96968598534891
62,75.99708113880789,57.000675429127504
62,75.9892800244769,56.98960235080965
62,76.04091697119833,56.976436733601304
62,76.0134692067586,56.98858057049345
62,75.98076972161577,56.97826122195293
62,76.00900155558497,56.96166863407075
62,75.98058006172715,56.955744014805326
62,75.99928407826637,56.96602870923353
62,76.03805946246062,57.01140648105726
62,76.01512664849926,57.01813748382347
62,76.00400074464874,57.01668481241022
62,76.00559742247746,56.992039973609366
62,76.00722923569604,57.02824422682453
62,76.00145382164132,56.98650258823471
62,75.99566526871448,56.97021062101537
62,76.04722163201028,56.99440969057714
62,76.02767574277284,57.02272686593798
62,76.00497253112212,57.018433126326116
62,75.9828930098135,56.967372937882274
62,76.04663835941311,56.988558103921854
62,76.03824474377394,57.02849247964789
62,76.0276671641246,56.9923327193848
62,75.95596625977609,57.01157196237866
62,76.03877291372554,57.01263712902524
62,75.99190829568754,57.03744614974423
62,76.01523634365388,57.04001387624156
62,76.00532689192266,56.95292860059748
62,76.0308369077912,57.03414911994377
62,76.01534130004096,57.044981188509304
62,75.97389251642008,57.020417336218394
62,75.97951345813645,56.960202436507124
62,76.02869335075685,57.03721305118278
62,75.96589870214845,56.984116955354054
62,76.01015776508385,56.965103648854594
62,76.01154147155883,57.021733754074376
62,76.03707148290462,57.0087286000949
62,76.00577495407252,57.02069169856385
62,76.0186733311514,57.026086687200745
62,76.03602093417283,57.01924598540839
62,75.99933813385236,57.00679730477317
62,75.95889967346442,57.002540396023576
62,76.02574339817573,57.00089954282167
62,76.012484807009,56.96521291406426
62,75.99356563555334,57.00668434292466
62,76.01661580090646,56.95890164338018
62,75.96662773566588,57.03505341838658
62,75.99467827033511,57.04699766939009
62,76.01071599828947,56.953420036693885
62,76.01353920693754,57.03221347621602
62,76.01357642916135,57.01953979266983
62,76.03169975533278,56.962401162648376
62,75.9909383062786,56.95718380736218
62,75.99941966388565,56.99810178158167
62,76.01843663802191,57.00144202238839
62,75.99582063665405,57.02397726846603
62,76.02512837441581,56.97356023344941
62,76.00513015031585,56.98820329088144
63,76.00103198507126,57.0230839038338
63,75.9686040786019,56.9765508137434
63,76.01160375450073,56.95928864528177
63,75.98404499917008,56.99302573751686
63,75.97352725900133,56.9727424599586
63,75.99331357600441,56.9696992583708
63,76.03264686911994,57.02235156073292
63,76.00275023961903,56.9524590596241
63,75.99764879630135,56.95977115555308
63,75.98539098226995,57.02262817761095
63,75.98694927266914,57.02265203636446
63,76.01284715390118,56.97709115480106
63,76.0104643857391,57.03081418277616
63,76.00457934340037,57.034813510395864
63,75.99976314138071,57.01501492162957
63,76.02595403323004,57.00952657235379
63,75.99481804787159,57.00976921846333
63,76.00206943804197,56.9509336334461
63,76.0193846082178,57.035827563797355
63,76.03414479102656,56.98763136085027
63,76.03554403994262,56.98826207381221
63,75.9667002624287,56.98063351382084
63,76.03279834894154,57.017956073295586
63,75.9587550081025,56.97652845301131
63,76.01856501674203,56.9956984180312
63,75.98218124738813,56.969037830365814
63,75.9931985126126,57.01573265905166
63,75.97658861174665,57.03641093829041
63,76.02052599771069,56.95738479360612
63,75.96396213578016,56.971272780669025
63,75.9900877326548,57.01500471155162
63,75.97939028510399,57.017699329166156
63,76.04773722590984,56.986054167978594
63,76.0223525458322,57.006284595017476
63,76.00033958804825,56.99379465708828
63,75.9969224616258,57.0217244077596
63,75.99276127194648,57.038885488815076
63,75.97810624892703,56.95636777973905
63,76.01524036779503,56.98052586633407
63,76.00777739749816,57.00970708689811
63,75.9925963404973,57.01742243798712
63,75.99044944857643,57.002581143180535
63,76.04074105728854,57.00792813196753
63,75.95256612689948,57.00910918639306
63,76.00495118010541,56.97726135749996
63,76.01649329515263,56.95657166730392
63,76.03597599085379,56.9880140359883
63,76.01393652843231,57.021206224631854
63,75.96276000077697,57.02786141938851
63,76.01850113368032,56.97596477558789
63,76.03012627050325,57.025209719258626
63,76.04414514749017,57.0153588237901
63,75.97446437003468,56.974777329096675
63,76.0357507201158,57.00408002044582
63,76.00757229903586,56.96105642057196
63,75.99825081505983,56.95504487998928
63,76.00904775442034,56.98690035726551
63,75.96278485536622,57.00933503845578
63,75.98434491665176,57.01584264458484
63,75.9785079547698,56.989560954498764
63,76.00786827651704,57.026100870041425
63,76.01678811724824,57.008087751698675
63,75.97409236042117,56.98876445271104
63,75.97452321106786,56.98003915669555
63,76.00697772767592,56.99653016632922
63,75.98769141927045,56.98259301638928
63,76.04899493844961,57.00948327837752
63,76.03808673112985,57.027792487776196
63,75.96688636155251,57.035352954906216
63,76.00879231275242,56.97208745224942
63,75.95578722464532,56.99122161278929
63,75.9612767005241,56.976806694051895
63,76.04577197982736,57.00248214271893
63,75.97461409513093,56.96806903160572
63,76.00093096287651,56.988605207696025
63,76.02790405778202,56.998681234531034
63,76.01457152903677,56.98072149576075
63,76.0119760808314,57.02834896585238
63,76.0174046060154,56.95951426595049
63,75.97553410312162,56.99806190229625
63,76.01147679534458,56.97086966572179
63,75.98249028052538,57.016231701318176
63,76.02070490370215,56.9944227811607
63,76.02536367409945,57.01405539539676
63,75.9814291607811,56.991031819992514
63,75.99265158022568,57.00826909346371
63,75.98425731046379,57.000363071152414
63,76.01556489967622,56.98720336932784
63,76.01926699145072,57.032385056843665
63,76.00458691939049,57.04673444149619
63,75.98884942022394,57.04334226363853
63,75.99973703015839,57.00666865498323
63,76.01221604930414,57.019992766226565
63,75.97160372325996,56.966700397706404
63,76.00765244855555,57.04638929317149
63,75.9546159518498,57.00760948016725
63,76.01987878375294,56.955729372487276
63,75.96582636166963,56.997769182993586
63,76.01954049045789,56.96573399047739
63,75.997326255558,57.03588948058881
63,75.96396450784137,57.030311612098146
63,76.01940982632928,56.961934271344774
63,75.98198685390167,56.96061297101114
63,76.02855080333106,56.97233838440393
64,75.98792378627668,56.96023159724259
64,75.9957959243558,56.96715460101397
64,76.00082158534515,57.00529355310998
64,75.96326529576542,56.97262854290394
64,76.01334570709844,56.980316288231535
64,75.97244776275053,57.01391881351529
64,75.99613299432077,56.99460284342685
64,76.00447660760034,57.005404227397825
64,76.03860124762976,57.02352208437201
64,75.98864998712651,56.959644147440386
64,76.01423016567925,56.98818894043543
64,75.98386447217234,57.03615033388475
64,75.99256095022074,56.98207721151564
64,76.01977215001921,57.031642864461254
64,75.96012516658601,56.97748475941979
64,75.98497985629368,56.95835552848203
64,76.0027511503479,56.995571877205975
64,75.96311783080834,57.02743391109154
64,75.96379240832786,56.971031187728485
64,76.02325073165768,56.96545680961399
64,75.98556326401254,57.04635130955759
64,75.99341069434476,57.03035979024798
64,76.01887423445714,56.96130628125088
64,76.01490467512862,56.97059697020653
64,75.99739598047464,57.003480520013774
64,75.98766383782724,57.0189323402936
64,76.00513984210187,56.97549742378738
64,76.01182730969954,56.98168900050651
64,76.00390013479904,57.01642778836091
64,75.98765613138413,57.04315232291001
64,76.04440703620202,57.01718618891809
64,76.02571987645916,57.03109726786069
64,75.97663294081872,56.97219554984617
64,75.99385054146748,57.01327529946286
64,75.98696467315159,57.002813042287116
64,75.97608144596923,57.00660062178714
64,75.99034513581496,57.03942440755509
64,75.96588457983577,57.02091550240741
64,75.95553454628211,56.99075270658313
64,76.02013908959614,56.96137309806864
64,76.02481466903933,57.028702755337456
64,76.00061902393605,57.01844405198814
64,76.0044779356524,57.02937981646047
64,76.00093238571179,57.01304298908844
64,76.03386036964079,56.974753091391264
64,75.96189852612034,56.992201856079845
64,75.99124956253542,57.03915023484661
64,76.00798899117477,57.0129270129724
64,76.03711878414147,56.993623098139224
64,76.03143096249745,57.026587109631436
64,75.99829165468601,56.98823742246439
64,76.01396032920829,57.0019402128418
64,75.99687743500039,57.03681305653274
64,76.02089448948219,57.00818339550984
64,75.98060145478242,56.96168292690989
64,76.01876280790512,56.961366750726604
64,75.98341571348215,57.005145499324115
64,75.99355554374229,56.988167427424536
64,75.98285171554824,57.038648541296695
64,75.99473194487993,56.99193006690021
64,76.0034006598089,57.010366231948645
64,75.96167156838712,57.00814987470211
64,75.98863880094208,57.018441635450095
64,75.99010753199558,56.999979509264115
64,76.0429382256181,57.01752513974529
64,76.01625258844027,57.0306650160992
64,76.0009836527318,56.987519803407444
64,76.04242955940443,57.01695749375825
64,76.01039118342032,57.00827089785635
64,75.9691751494754,56.968982269811235
64,76.02095039525422,56.987739410451994
64,76.02603267629456,57.042482561108336
64,76.01142339875166,56.998766100737555
64,76.03106527646307,57.03828306846646
64,76.01859990679837,56.95487834491358
64,76.0093927082683,56.97516865932233
64,75.98731277431001,57.00098075042952
64,75.98385020727261,57.007191041314606
64,75.9903190481234,56.958001213675615
64,76.03108632504896,56.98873141494292
64,75.99455678245849,57.03168933911374
64,75.9830874770277,56.97346771124693
64,75.97833754263492,56.95548041779913
64,76.04152580267426,57.0259871309669
64,76.01302800614735,57.01895745867357
65,75.9921117045271,56.99571097141459
65,76.01766976177083,57.02893081811886
65,76.03449749653028,57.000438296595334
65,75.98747283126929,57.03969053964788
65,76.03279408754112,57.00637544745128
65,76.00134364298061,56.979072813172344
65,75.9907897077154,56.97828503075229
65,76.00953189534768,56.986360019259024
65,75.9814351961463,56.991333302776944
65,76.00080734686013,57.01756066529254
65,76.02408611721016,56.96672627080824
65,75.99823543533176,56.98786385690854
65,75.95763044706007,56.97772041300168
65,76.03085462220139,57.03620141260623
65,76.00941536144352,57.02932317149215
65,75.97622134445955,56.967429939032684
65,75.97427212049624,57.035526001008044
65,75.97695268478607,57.01564521021689
65,76.00710771283654,56.977030677374806
65,75.9994718683563,57.02170839714778
65,75.98764653896524,56.9579261887994
65,75.97394053455706,57.03900410339009
65,75.9988155038417,56.99555364662197
65,76.01739153306804,57.00583761979602
65,76.03671749875438,56.98024577176285
65,75.96152452347522,57.0087170540002
65,75.99298200488059,57.01989488930363
65,75.98337382027402,56.99805628891851
65,75.99477117466806,57.008090487943065
65,75.97083356007657,56.985071674631534
65,75.9949174306766,56.97988985122021
65,75.9834172660385,56.98157168621835
65,76.04323252230937,56.9973151329262
65,75.95257152086026,56.99967130541795
65,76.01150003631633,56.96165286318
65,76.02554462734192,57.02870855889266
65,76.04094093374064,57.00813935180862
65,75.9859380668342,57.0350363932645
65,75.99812503892095,56.95380284404673
65,75.99430249945246,57.00110415856442
65,75.98034238362023,56.96652802080082
65,75.97025652443227,57.01973601062869
65,76.01691929673937,56.96096499564557
65,76.01003673484512,57.0340218691795
65,75.98821129684309,56.95849671978262
65,75.97540737105071,57.02495418720349
65,75.97084357303208,57.008818701767616
65,76.00759434169845,57.03453863115437
65,76.001635908065,57.04300414498597
65,75.99368934778789,57.030416125987834
65,75.99538390502184,56.952471181835186
65,75.99496658707514,57.02871084118828
65,75.97510987937522,57.0204519877351
65,75.99519080607188,56.99345702379501
65,75.98705833956741,57.02455351377707
65,75.9960375673586,56.99872328329164
65,76.03298813752335,57.02900387412713
65,75.97366901257016,57.02320228177254
65,75.97334176721822,57.0239776806937
65,75.9568407445444,56.97901413325177
65,76.00962543180891,57.00499346510547
65,76.00415921378404,57.00219123114882
65,75.99412374704839,57.020741073360156
65,75.96353916323895,57.022357925999806
65,75.99494603131099,57.01606840366046
65,75.97203049015882,57.00630123420868
65,75.96650047649554,56.984129501970145
65,75.98891966922179,57.014732842852524
65,76.00313541523066,57.0131457733654
65,76.0080730621707,56.98620827272261
65,75.9786880092429,57.00725204570576
65,76.00475377138442,57.01801957848764
65,75.99571431134044,57.01564518484189
65,76.01882917950907,56.982247619356016
65,76.03626571489744,56.97593493600669
65,76.04722163201028,56.99440969057714
65,76.00848982509943,56.98175946378511
65,76.0136953743792,56.974863886679984
65,76.00147863755971,57.010025063377334
65,75.95341625176854,57.01212766202699
65,76.03346771833493,56.992943050493054
65,76.015601016802,57.006044228012215
65,75.96457805237014,56.974500215618036
65,75.97109423013195,56.99105150324581
65,75.9810039842051,56.99922244611646
65,75.97697227289487,56.9567501441447
65,75.99258033692261,57.042440850121814
65,76.0408987016085,56.97800926056693
65,75.99785943464266,57.03712564564776
65,75.97375297691522,56.98789341613147
65,76.03243985982589,56.99657563167556
65,76.00358684764271,56.969983030618366
66,75.96337066407924,56.969760619099574
66,75.98086538154716,56.99933626591758
66,75.96339222678849,57.010192125256836
66,76.01147867639598,56.9600113847257
66,76.01993198425336,57.00599168675618
66,76.04233113653562,57.000483984406145
66,75.97859767386092,57.040016034960466
66,75.98685948844755,56.993737156207146
66,75.97746354785036,56.97723043580994
66,76.01247553355476,56.99426968770325
66,75.98685948844755,56.993737156207146
66,75.97828023227409,56.98832284540579
66,75.99953714749573,57.023449148661484
66,75.970365204513,56.96009510117911
66,75.98411683926354,56.986276476704674
66,76.01934286272164,57.02796597592182
66,76.0169696257199,57.005444329808284
66,75.98745439481937,56.98973468339477
66,75.99113087974867,56.97756260129511
66,75.98235085207222,56.98778293782213
66,76.00793200439561,57.011015674027796
66,76.00899587754941,57.04725142873547
66,76.01297248838377,57.00367379369257
66,75.97544215650122,56.96829152860761
66,75.9684007954736,56.973390405540975
66,75.99595074125568,56.97921868284055
66,76.04669367831268,57.01668292951449
66,76.03039023069833,57.024508575543756
66,75.96671677491591,57.02719179886472
66,76.0247684803688,56.96427258323466
66,75.99647443609598,56.99589473057943
66,75.9728493631358,57.041925496959514
66,75.99234653237478,56.96458375997078
66,76.03615260031825,57.01277175992997
66,76.01773762490038,57.038584517179174
66,76.03856529634382,57.029014663318684
66,76.01200222563966,56.9737104417593
66,76.01865968914827,56.982329115342125
66,75.9832153130651,56.97926121120474
66,75.98274211496884,56.95856143609066
66,75.99199884386799,57.04265068197196
66,75.99043466695989,57.03458797864879
66,76.03681151624232,57.015599630563365
66,75.9587550081025,56.97652845301131
66,76.02572220415712,56.97367306769097
66,75.96551861034094,57.03143261460632
67,75.991712448204,57.0379394649253
67,75.9558300059034,57.022886366796776
67,75.98237960915299,56.995326415418965
67,75.98581953871111,57.008778882889736
67,76.02787484379367,57.01453096886251
67,76.01772683910953,56.98482578116249
67,76.01957270165937,56.973115760180406
67,75.97757581742346,57.04000179261484
67,76.0254245615313,57.03130618003358
67,76.00321171445731,57.03184832813951
67,76.0181609160308,57.01050463385176
67,76.00763322541621,57.01658064920203
67,75.97404785320444,56.98322232646154
67,75.99528059965019,57.03624089614426
67,75.97970473920348,57.01208302701982
67,75.99630319453189,56.99933451976789
67,75.96968168490507,56.996228553940384
67,75.97982826365825,57.03944994784206
67,76.0261462846348,57.02889510440945
67,76.01226329194671,57.000546735364374
67,75.9890011087221,57.024512639451274
67,75.95723601355728,57.00613641345325
67,75.96157647933603,56.987557258225344
67,75.96631264293335,56.97826281235014
67,76.01760993989643,57.002929752531166
67,76.01739120493252,57.027407679174146
67,75.99324014843219,57.03620507171721
67,75.99385302917126,56.99349811677578
67,76.02388192959101,57.03883807354957
67,76.01609402931194,56.95877720966818
67,76.03201621876711,57.017040592635865
67,75.97170501514789,57.0087148844207
67,76.00282340184359,56.96488418090026
67,75.99979268747676,56.98126065210811
67,76.01799317203242,57.00743391399843
67,75.98809173083498,57.04710835741782
67,75.98498900208621,56.95237772156575
67,75.98408900872367,57.02564031355678
67,76.01880736650322,57.00696523978984
67,76.03570413281071,57.031824639295245
67,75.99685453931947,56.995149620021984
67,75.99475716114712,56.960995630747966
67,75.98996534861338,57.00829421158241
67,75.9972511777217,56.988191926012945
67,76.00087968975149,56.99975706254688
67,76.02111178655356,56.99696799963839
67,76.04874857197396,57.006215614684585
67,75.96774244410493,56.96237446158972
67,75.99258033692261,57.042440850121814
67,75.99725342576203,56.975745914381285
67,76.02291083236452,56.97045534048298
67,76.02191190468322,57.02627934156126
67,75.97542150557888,57.038639948715876
67,75.99695708749634,57.029852901875124
67,76.01248466218038,56.98852132218939
67,76.01545350623057,56.987357547231326
67,76.02618255629166,56.98142825786606
67,75.95484131919798,56.989219000182864
67,75.95750610756222,56.9892602838124
67,75.95420968307383,57.01664671429752
67,75.96319262458465,57.015256202910734
67,75.99694418523111,57.00537462764077
67,75.98337382027402,56.99805628891851
67,75.95288389891678,56.99399735288974
67,76.01599944406941,56.995446920031284
67,76.01626143151871,56.98978151938939
67,75.98211139103918,56.97405768116038
67,76.02891158081187,57.00142641508609
67,76.04266726533945,57.02442674883951
67,75.9676969131307,57.029580850012444
67,75.99215155571379,56.9948057701304
67,75.98164441759312,57.03178308844488
67,75.98565353185623,57.00262835839895
67,76.04096874480935,57.01277193484419
67,76.0195698100193,56.96553991798852
67,75.99301242291722,57.012138730117066
67,75.9712829322692,57.03285784867839
67,76.02350189404768,57.03562225379982
67,76.00819626727409,56.98314635584898
67,76.01207910673345,57.01941262197972
67,76.02984286424362,56.99335348968224
67,76.01672355162688,57.012486953713484
67,75.96799756684658,56.9992940042604
67,76.02672893999974,57.04151634604677
67,76.03628570827385,56.99070177826654
67,75.98527354688362,56.986123701668944
67,76.02292191086205,56.99353983026279
67,75.98600043549546,57.043111821446495
67,76.02992604381448,56.979710728063374
67,76.03419162362454,57.02903201464899
67,75.9843687014823,56.976585656130354
67,76.01544547920523,56.992426532503856
67,76.01612432813434,57.037111271352636
67,76.01618381669168,57.04386005567207
67,76.00722776441738,56.99759106972471
67,75.97939818759754,57.04310229302179
67,76.0023306285828,56.97170786453151
67,76.02366676777298,57.02012344411191
67,76.00592447925662,56.995076282637235
67,76.04399579811175,56.98253847069293
67,75.97396864097719,56.98309428756144
67,76.03900797114625,57.02035779192594
67,75.95654058109714,56.977056327989466
67,76.00563181947189,57.022333249418
67,76.00548779639003,56.97596710994882
67,76.03510387352301,57.025441682834376
67,75.98845096743557,56.972005396655014
67,76.01761733940853,56.97971901895191
67,75.99206615681139,56.96763857642584
67,75.99920592146687,56.98250480236439
67,75.99593891382112,56.988524398182506
67,75.99249858545623,56.9820498274737
67,76.04139528556298,57.014477262907526
67,75.99383934329877,56.98374561439271
67,76.03300044898411,56.979032428378524
67,75.98132396082009,57.01985944581797
67,75.96848681752597,57.01714687531721
67,75.99600109356305,56.95955626030011
67,76.00146062059878,57.005571451607175
68,75.9994152933765,57.04337382676354
68,75.96931164263556,56.97171812435256
68,75.99357046682486,56.96650960817272
68,75.98268962798797,57.021341815830084
68,76.01855166005933,56.966912006176806
68,76.04247895464624,57.00067923716882
68,75.99035110445784,56.98445188344443
68,75.9758946361481,56.983494039130825
68,76.02204169827829,57.04188782407441
68,76.0338836250587,56.97857981415716
68,76.02119976712606,56.99971955007627
68,76.04034476098204,56.97557886889143
68,75.9925741212101,56.97298042561475
68,75.98504070571973,56.97775902248559
68,76.00508855098178,56.95740788383086
68,75.98900117862328,56.97982667330191
68,75.99027717903743,56.99992592272879
68,76.00637214399949,56.969874784150214
68,76.00328985981031,56.99641189387756
68,75.96988265436205,57.024645451413726
68,75.99936709289379,56.98691102745755
68,75.98100798794404,56.96120914020022
68,76.04798723938738,57.012884146653306
68,75.99367303039938,57.01840881717325
68,76.01364613369601,57.02905060418102
68,76.02386248451418,56.99687014277516
68,76.03656002812357,57.021873166727005
68,76.02540467180948,56.97076538414716
68,76.00645807110892,57.028229309693195
68,75.98287718749913,56.98043242897728
68,75.98178414246078,56.9899346289377
68,76.00806104112566,57.00285185511644
68,76.04395552040906,57.007075222751546
68,76.00982298227159,57.017543523737636
68,75.99965688734969,57.0198245107888
68,76.02167776758318,56.988324718174944
68,75.99845295380018,57.01804948098446
68,76.01181730320724,56.9922875680997
68,75.98969377088271,56.97883181971805
68,76.0322884749475,56.98493975671224
68,76.00594239435982,57.02260076542506
68,76.01962920669474,56.96609215599377
68,75.9726677005173,57.03487748418909
68,76.00008949514208,57.00064533305256
68,76.04119261881517,56.97786644244915
68,75.99364060708167,57.04814993231125
68,75.99528059965019,57.03624089614426
68,76.01373390845194,56.98122457706914
68,75.97861609888263,57.01807363205256
68,76.00071788384585,56.99063329766206
68,76.03758462329935,56.99456757817374
68,76.00883163294569,56.963360063220726
68,75.99479791681797,56.99364534147581
68,75.9865655242403,56.99929638686928
68,75.9821512544893,57.00591723460563
68,76.0005465599621,56.98000678047545
68,75.95693631053325,56.990968357700716
68,76.04018540585638,56.97908713438665
68,75.9809599550707,56.98529301988052
68,76.02845238851114,56.96384312054735
68,76.00574551918311,56.99701745854552
68,76.0359368653095,57.0061146555146
68,76.00014217524502,56.99310353495422
68,76.00649113000989,56.95566085381858
68,76.0160215779326,57.005642716862226
69,75.95068274242297,57.000720309812536
69,75.99148110284185,56.992660028414804
69,76.01537236065357,57.00543849139517
69,75.99770889681977,56.978987646596714
69,76.0161037880451,56.99216627506802
69,75.9942796652516,57.036974219959404
69,75.99357470457707,57.012503200017356
69,75.9845121075778,56.99530927861608
69,75.98764653896524,56.9579261887994
69,76.0085049575262,56.96802111730243
69,76.01268994356909,56.997366605656474
69,75.99997757798164,57.00994810350247
69,75.99854056870467,57.01511835340669
69,75.99033102781803,57.033162973219724
69,75.99892327764269,57.00329008495992
69,75.97096918886068,57.04067785251158
69,76.00746037558376,56.988536268818834
69,76.0393424772406,57.01709706083512
69,75.98911500974044,56.99285845223273
69,75.99386672981991,57.02102320420803
69,75.99567638097933,57.03276177252023
69,75.98499486495078,57.003316824568415
69,75.98441892561247,57.00050425657185
69,76.00127139126387,56.9656849657486
69,76.00329621975877,57.02219720093687
69,76.0353592178781,56.98856756983037
69,76.00733369708382,56.97435424362382
69,75.97576744837245,57.01233110905615
69,75.99687472029541,56.9845737061254
69,76.03596634034216,56.99759815517309
69,75.99774231339713,56.95823650393938
69,76.01418954574905,57.03082862842482
69,75.97992749725596,57.00791875581112
69,76.0264404994615,56.97934324111075
69,76.0273810550472,56.98353391580548
69,75.97799039796517,57.02189076512937
69,76.00577854843173,57.028438805751605
69,75.98898770730936,56.99714047450097
70,75.99624028772938,57.0429890251084
70,75.95221667849178,56.99304710969266
70,75.99826867750933,56.96326984399258
70,75.97010671445778,57.029580490170375
70,75.99981421532864,56.98541090921853
70,76.00147145346452,56.97101195817179
70,76.03318791993223,57.036452089839315
70,76.04504463211295,56.986570228780835
70,75.9713251892696,56.973752962514496
70,75.99962444328915,56.983207751702544
70,75.96514071814413,57.01350601680613
70,75.9980185030043,57.02161969378316
70,76.0012303562983,57.020331526143075
70,76.01307923307004,56.98425493735469
70,75.98793751835996,56.95435890381847
70,76.00430454336741,57.01525637871121
70,76.0038077242219,56.96081304384766
70,75.96113573213465,57.004344688843155
70,75.98228850145885,56.96453807015761
70,76.01239988289656,56.987142305296054
70,75.97088194774818,57.0299223340573
70,76.03849970014433,56.984653456134545
70,75.98798275146379,56.97631056812778
70,75.99305271166097,57.04922922276685
70,76.02496932929125,56.983418922737606
70,75.99604409840146,57.01004723920995
70,76.0007074846353,56.96421288618689
70,75.99017115167297,57.006547253619196
70,76.00527569256788,56.97365323319564
70,76.02776806420837,56.991190084120994
70,76.0034907012783,57.045130647633485
70,76.00336597538163,57.026458023305956
70,75.97321920926524,56.98841633115759
70,76.04813978014217,57.000689988331324
70,75.99475239097096,57.02217799095855
70,75.99633764599767,57.0337888793458
70,75.98494392884275,56.96547358204089
70,75.96936636507061,56.97536805318913
70,76.04313357065053,57.00433812059087
70,75.98280050921423,57.0465204016292
70,75.97426677841615,56.97871093524593
70,75.99515720897963,57.04368865622947
70,76.01863274723104,57.00529851256773
70,76.02018753575025,56.98796877116354
70,76.03809233056599,56.98308792292681
70,75.98735856091594,57.01015600885182
70,75.99322210395593,56.98472977329229
70,76.0165763513143,57.031138942268015
70,75.9634166972986,57.002702471919534
70,75.99485899771071,57.03567286267642
70,76.00275348243859,56.99791599987657
70,76.00009244323806,56.99465076995334
70,75.99350170642819,56.998079757466705
70,75.97821409704021,56.977442385132036
70,76.01073248988735,57.005553749225264
70,76.00826773436808,56.957959606940825
70,76.01649214767184,57.043268700559885
70,75.99341845479717,57.00652577603828
70,76.00280399099256,57.04572415129555
70,75.96030233164517,57.02874476223486
70,76.0041570750077,57.02815005183734
70,76.00901938505021,56.99093004682812
70,75.98820541626043,56.97226499878955
70,75.95867889153618,57.00595028717144
70,76.00760129791689,57.00727478799365
70,76.04622953743043,57.01230283361384
70,76.00453290897732,57.039045006915565
70,76.0208702732962,57.013406639677136
70,75.97598936437035,57.03883252546625
70,76.01435981498426,56.971874325952996
70,76.04785986170293,56.98977314872655
70,75.98905865385595,57.01818460915669
70,75.98280116233201,56.95439162247595
70,76.02628862296865,57.016517000254375
70,76.03598847374793,57.00134640000252
70,75.95633664167262,56.99707387012085
70,76.02259082275204,57.00752959373911
70,75.97142997689988,56.97534288379924
70,75.97480980162172,57.03252757924676
70,76.04817200649147,56.99862706131631
70,76.02253719723636,57.000532782071915
70,76.02315149389977,56.99416558763671
70,75.95935666592477,56.98652906498622
70,75.95455440634476,57.00455739918378
70,76.00500547462417,57.044413631874306
70,76.02915210963201,57.006828305381035
70,75.9830185965884,56.98816104472376
70,76.00493044413551,56.97857752937974
70,75.9728239762239,57.02115761499309
70,75.95735201844715,56.9977931333935
70,76.00728930302746,57.02309999944303
70,75.96012516658601,56.97748475941979
70,75.96653289185227,57.0034288182819
70,75.98946484200457,56.981302674347106
70,76.02137355022147,57.011519830362005
71,76.00456177369588,56.98521033451565
71,75.99979442313195,57.04028740718382
71,75.95755384368506,57.012934617827504
71,75.96080984290757,57.00316308801879
71,76.03982112567996,57.00418710651349
71,75.96106711796527,56.97435293637366
71,76.03481194491657,57.03418045270074
71,75.98622642745813,57.03538373105768
71,75.98259397793167,56.97502098418042
71,75.98139351856527,56.96975862346144
71,76.01852080015722,56.99675202478971
71,75.9903329240453,56.982723556979465
71,75.98288475755855,56.988838781724546
71,75.95736282792217,56.97411995412914
71,76.03636136580944,57.02108812588883
71,76.01847690673388,57.03387309852337
71,75.97308882915503,56.98604457055899
71,76.03215659240689,56.96411917805481
71,76.00732074921297,57.04398748945406
71,76.03679312905966,57.01625935997545
71,75.95356066514688,56.988605036985746
71,76.04504694623772,56.98527088515915
71,75.98375948918871,56.98750612064878
71,75.95365835455816,57.00093033907543
71,76.03042991774974,57.009569159311766
71,76.00886504337511,56.99036359028022
71,75.98468247142489,57.00387334949703
71,75.97829488202593,57.00114145490212
71,75.9754076919353,57.00509142347601
71,75.98392785898757,57.033408552402534
71,75.96977886407467,56.98862417309266
71,75.97768735412767,56.96141040412799
71,75.9712829322692,57.03285784867839
71,75.96410947394105,57.02509874354523
71,76.02517045428763,57.00879043418884
71,75.95565441429974,57.022461379767954
71,76.00681080629548,56.9932765078886
71,75.99566526871448,56.97021062101537
71,75.96540156110932,56.9803652615173
71,75.95309842677239,56.98717359526455
71,75.98671493066854,56.95961710643353
71,75.99841880742895,57.006816574807566
71,76.02273348236126,56.994748290336716
71,76.04262733582142,56.998662675026935
71,76.00255818910088,57.04332976402013
71,75.96381357426014,57.01386196044708
71,75.98949477455477,56.95833545277925
71,76.0025072618664,57.0433902636501
71,76.00424619011878,56.964130706114126
71,76.01223327514687,57.01087719704033
71,76.00630548006828,56.95480317044858
71,75.97858091515054,56.981412970394885
71,76.0144650411912,57.001385969747496
71,76.02261981291727,56.96877421138128
71,75.98478065394919,56.9705284247018
71,76.01932022436937,56.98617643151426
71,75.97839582312055,57.04053217718783
71,76.01853610084127,56.97087739637047
71,76.03731051907188,57.015179488846286
71,76.00508855098178,56.95740788383086
71,75.97909656931982,57.00528960820794
71,76.02576923289962,57.024390689065356
71,76.01578138471177,57.00810845292525
71,75.991138274382,56.990276298237
71,76.01421428402614,56.95584326173921
71,75.9959788987856,56.981177829093774
71,76.03784709321636,56.99998323055895
71,75.99799288618286,56.99268404397597
71,75.96857746401773,56.99175798045429
71,76.00532013516772,56.97855885607634
71,76.00691871527779,56.96111426168375
71,75.95664455965323,56.984164491506434
71,75.96585186788455,57.031517957603896
71,76.04259401932664,57.00478775317816
71,76.01527680690955,57.03437205647799
71,76.01781134211028,57.014249647243595
71,76.02935155863861,56.979768617908675
71,75.97288736616487,57.019563586785864
71,76.03946881093933,57.0128487362902
71,76.00593566280578,57.0124322938682
71,76.01568310628491,56.98044004768803
71,75.96524583085338,57.0007388769641
71,76.03953863789187,57.0285449707878
71,76.01438240863577,56.965615060765195
71,75.99641450831932,57.013960676242775
71,76.02427698671285,56.99709470141706
71,75.98169485176798,57.023337559050724
71,75.99140821158551,56.95908119985314
71,76.02145156379102,57.0426443313944
71,76.01183974472876,56.97267387179415
71,75.9883701374822,56.96388611389847
71,75.95611097962573,56.98317758003589
71,76.00653363278984,57.01196870203492
71,75.9772176277587,57.01613496568462
71,76.03999094389768,56.98833280658274
71,75.99933075823775,56.98606181943506
71,75.96431212903103,57.002153318881874
71,76.01320807932692,56.985355670655885
71,76.0012651089391,56.96885590945488
71,75.99613299432077,56.99460284342685
71,75.95640878174261,57.02312426546703
71,75.99343144252606,56.969229973496084
71,76.00127206512799,56.98210513767229
71,76.00224040643405,56.96381654856272
71,76.02588924664077,56.979087681853784
71,75.99435337872919,56.994734612490404
71,76.0274682514709,56.97104592411944
72,76.03062796409048,56.982159783469825
72,76.01169735427096,56.98868923678373
72,75.97264462539947,56.9598029358624
72,75.98470587520711,56.99934830493119
72,75.96582636166963,56.997769182993586
72,76.00553743438064,57.04404140102854
72,75.98240416790343,56.98821895230358
72,76.02807890560098,57.03819011989831
72,76.00534741963565,56.983808355115265
72,76.01069915267638,57.04681968503749
72,76.026438981753,56.99687701931917
72,75.9787909614463,57.04223705732581
72,75.97531977801421,56.99493965742938
72,75.9861964942007,57.01018964827915
72,75.9686683408236,56.97058455341076
72,75.9697348601472,57.02552271698373
72,76.01319863149354,57.03518599959846
72,75.99722156635022,56.98538628249282
72,75.95530798569945,56.98735130680639
72,76.03515442710619,57.01722736219006
72,75.98740716012885,56.99917089088956
72,75.98578413502013,57.00032956014492
72,76.00860541806173,56.98248136988059
72,76.0081008393083,56.97661301833459
72,76.02000360884657,57.026270012562755
72,75.97887442164676,56.97882398800932
72,75.95808044152054,56.98747072265146
72,75.95755586428751,57.00513978774092
72,76.02408124050436,56.96022475457522
72,75.97992255731079,56.956491124747004
72,76.02510099787744,57.028523573580095
72,75.95212711290112,56.99819781759564
72,76.03972107171865,57.02019235587651
72,76.01061243404918,57.00451247987713
72,75.99779503895292,57.044150211473564
72,75.98192844344311,57.040821923586854
72,75.98989026163038,57.00516836222499
72,75.99531838045819,56.99689816375417
72,76.02069870274491,57.030050552660065
72,75.98498472991827,56.965321223608825
72,75.9886376704426,57.03525385266816
72,75.98754829429456,56.97606088011105
72,76.02119432149765,57.01158701684102
72,75.996762057799,56.97825909007928
72,75.9829694521559,57.01550162532321
72,76.00761537798653,57.03048851900994
72,76.02747208005187,56.97871834220206
72,75.98058363223929,56.95780399545107
72,76.01794100580283,57.04365075843492
72,75.9942769053253,56.99686675916478
72,76.00434649919045,57.02275931414905
72,75.99925737082393,56.998742069093055
72,76.04047628802877,57.00624219455701
72,76.01794989352457,56.95539222505449
72,76.0173806514552,56.98582453758383
72,75.95446382290501,56.987936649069695
72,76.00236665991017,57.01764510911646
72,75.98895001145557,56.980038694919
72,76.02724692138761,57.016027264419115
72,76.02551360706236,56.97909049946711
72,75.97915083765959,57.01534361251818
72,75.9812794487918,56.97437912993987
72,75.98552666174183,56.99059503339383
72,75.9684697805746,56.999896792103556
72,75.97395900942165,56.99154178412361
72,76.04329623624257,57.013733549781634
72,76.01315400326352,56.963315424891675
72,76.01563386773792,57.03654594190707
72,76.00165956614642,57.03819806774604
72,75.99643230828572,57.00273822438484
72,75.99977204494947,57.0094920266072
72,76.00349382565393,57.00312967949485
72,75.98939854111158,56.95469498259053
72,75.97921078777989,57.00786845015403
72,75.98363309417014,57.00576058544635
72,76.0184232282758,56.99856034256265
72,76.01469871525276,57.026334575706876
72,76.04091476981625,57.02722672108595
72,76.04504371196472,57.00490126889422
72,75.9805564849317,57.01489960089968
72,75.98821678650773,56.998480466443716
72,76.04647590784332,57.015256187427504
72,76.0254262659335,56.97013865758232
72,75.97702477339813,57.011373302473025
72,76.03912731790497,56.997556609269324
72,75.96592853698556,56.97368692873609
72,76.02065821376185,56.974919487788306
72,75.9797846471063,57.00608923876235
72,75.98170249846147,56.95739161071546
72,75.99645962366787,57.008364059352225
72,75.98644902001234,56.98555875226583
72,75.97499311922198,56.9997233226602
72,76.0085049575262,56.96802111730243
72,75.98471978935905,56.97775821001987
72,75.9933611425334,56.992760226958815
72,76.0439511566579,56.988602436051615
72,75.99269849619058,57.01181590499853
72,75.99435337872919,56.994734612490404
72,76.00747019564614,56.97929369849834
72,75.98638401330717,57.041608025128106
72,76.029016979645,56.99284899206556
72,75.97300637508545,56.999540567623114
72,76.00068896449967,57.00939657144559
72,76.03599372735873,57.01123685155628
72,76.0160702628459,57.001559302749456
72,75.95760004000776,56.97370439605292
72,75.99324014843219,57.03620507171721
72,76.01316222325798,56.983217509802316
72,76.02276100788156,57.022691233634475
72,76.03782089866957,56.99904687580305
72,76.01838234432093,56.99435970387907
72,75.97480450436659,56.99627162219414
72,76.01427508650457,56.98296064773767
72,76.01024069175189,57.01520015045194
72,75.95753906265676,57.00540061119384
73,75.98549916597771,56.9993142772955
73,76.02332551179433,56.96592709029591
73,75.96246454233106,56.999724340622926
73,75.9909858157801,56.9987338905198
73,75.98492958273674,56.96030526794096
73,76.01989921502637,57.04422566397218
73,75.99086892533462,56.97362857387916
73,76.0224957060566,56.96009788397829
73,75.99111407160504,56.99489712662774
73,76.00944922354562,57.036746050856344
73,75.95913775064561,57.00342858149877
73,76.02911078125962,56.96400099734252
73,75.9529256720311,57.01210764749005
73,76.00201161133434,56.99752728401852
73,75.99849931392411,57.038160041171736
73,75.99878157984455,56.992067094580776
73,76.04293860353994,56.98768665597955
73,76.03542504557552,56.9791206906671
73,76.03143490686442,57.00471727842698
73,76.02162280869386,57.014823398329774
73,75.99808580277256,56.9576580286808
73,76.00388581233419,57.00982907427717
73,76.01195658035844,56.9974146375085
73,76.02405752647707,57.02507169587586
73,76.00236103046207,56.95905381154479
73,75.98040284062365,56.99684109498018
73,76.0319679523064,56.98761489803476
73,76.03984385204892,57.00363926999627
73,75.9967148772857,56.96424000539287
73,75.97452059754045,56.97582441872752
73,75.99248451102592,57.024390892655624
73,75.96977579966942,57.02293102683341
73,75.96861696225034,57.01268501335314
73,76.01381412537069,56.978648207367876
73,75.97005033961578,56.993176771018575
73,75.98288993269635,56.96778562672345
73,76.031502522712,56.99923620093325
73,76.02194000341979,56.96102405853471
73,76.01973496575754,57.02478872918838
73,76.01816075583751,56.96884505955181
73,76.01055151438592,56.98953767750848
73,75.98107628178614,57.018036184406235
73,76.00680666653405,57.002028130181024
73,76.00548621193558,57.00699658808693
73,75.97464028832988,56.97871313317083
73,76.00855664721527,56.976294375346626
73,75.96223473719868,56.980036111856954
73,75.98557885684195,57.00330559671079
74,75.96330764288999,57.03101800617401
74,76.00457934340037,57.034813510395864
74,76.03166894775676,56.98378129804065
74,76.03763796187461,56.96746999049738
74,76.0225688764831,57.02973053464176
74,76.03306086895707,57.01878731474348
74,75.98568475624609,57.03384361106433
74,75.98594228428104,57.02756551657313
74,75.97482845343428,56.98684540157997
74,75.98212783058894,56.9792580265177
74,75.99189670407983,57.0061206136254
74,76.01038830780432,56.98129600222237
74,76.02685090037278,57.030909951979396
74,76.02183780208269,56.987970037368925
74,75.99521239106954,56.99150756201984
74,76.01792997082917,56.97944032073571
74,76.04833600010903,56.991605056611874
74,76.04417850672282,57.003397433130225
74,76.03383661070113,57.01160607885877
74,76.02989697725161,56.98324266571122
74,76.02662687068398,57.022625007340466
74,75.99485642966106,56.96803072979021
74,76.02204348473215,57.038712510558504
74,76.01024439113867,56.99171349344088
74,76.02156440359819,57.029534022041304
74,75.9993993101271,56.99144534502055
74,75.98603720209276,56.962074308129154
74,75.98152118675803,56.971154005943696
74,75.9796442111307,56.98697690123514
74,75.95484994842006,56.9829698259596
74,76.04746390894111,56.99860170439554
74,76.01209941709196,57.005661587522034
74,76.02420355210403,56.97861664459168
74,76.00315457520766,56.97923080142063
74,75.99368618081884,56.98382243000064
74,76.0116326527981,57.00274826044565
74,75.9795882029958,57.00456655855621
74,76.03016751648393,56.965775689979125
74,75.95851216926201,57.0073311116146
74,76.03747034256553,57.017569904790975
74,75.95019760917435,56.998622912731875
74,75.96404675641227,56.99714912638114
74,75.99982199091939,56.981583440787496
74,76.0367899816939,57.033176794994866
74,76.02026426956931,57.01186119605051
74,75.99823649036459,57.004226642702235
74,75.95936558431326,57.00447432812449
74,76.0111821286008,56.979516526092766
74,76.04241612805906,57.01395609936784
74,75.97565387034099,57.00221459877858
74,76.03564424956603,57.02512224485919
74,75.97558913543126,56.99199476677501
74,75.98261838124888,56.98766243116073
74,75.99262755793663,57.003990487356134
74,76.0179624107804,57.04057670686114
74,76.02860491118244,56.96454774976153
74,75.96518276137097,57.01202724798691
74,75.98961375816552,57.040380130313125
74,75.98415598552047,57.003138473031214
74,75.99938382538559,56.97595375789479
74,75.98469936049086,56.977817921140876
74,76.02784037612042,57.00428706810055
74,75.95124150081483,57.00440819210993
74,76.0006595692862,57.00779234600933
74,75.983970327173,57.00331849571469
74,76.00546753279276,57.01569570703769
74,75.9871512405094,56.97229564976172
74,75.95632772080786,57.01052623713929
74,75.95231693164881,56.98520093613373
74,75.99140715694615,57.01994720188552
75,76.02413917374987,56.9660748985536
75,75.97939953194847,56.957297848505526
75,76.03339830646765,57.014243200261525
75,76.03172337482714,56.97823400742903
75,75.99265366989582,56.994507897078215
75,76.00984153479277,57.01401879612226
75,75.97344695329669,57.03810976435113
75,75.97053842698273,57.00624822635978
75,75.96049544000853,57.00764051426606
75,75.9743786926295,56.96052814826516
75,75.99957377897697,57.02145793157911
75,75.97514038199226,57.0322386563271
75,76.02849403434769,57.013193148486565
75,76.01766823198045,57.02540550174569
75,76.01691644253668,57.010674696380875
75,75.98646622157382,56.99216446495912
75,75.98553695989528,57.045538700526265
75,76.0134067568545,57.0373958987535
75,75.96345570147537,57.0141176377944
75,75.98937675160748,56.9604026336417
75,75.98472379462588,56.9957527332621
75,75.96029878779635,56.972447823840035
75,76.00605994654317,56.9781068496059
75,76.02625866024182,56.99768040237319
75,75.99266375767479,56.99875839996162
75,75.98905753672075,56.98502650214832
75,76.02645831456742,56.9839564145038
75,75.99927918251302,56.953069515235285
75,76.02693346582026,57.00386843399975
75,75.99107622647577,57.04103161856057
75,76.0070821322635,56.97676411369715
75,76.00488735200152,57.02599500153308
75,76.03957500428957,56.988944298068944
75,75.97522026389157,56.99659769283157
75,75.97770758772086,57.00380463411862
75,76.02538820739026,56.96718655840767
75,76.00170769759049,56.975503049069864
75,76.01397674126952,56.99319700652436
75,75.96588457983577,57.02091550240741
75,75.99505892212257,57.003893948326265
75,76.03495858345893,57.01386871177589
75,76.01300975126378,56.95481479576449
75,76.0140684042356,57.039719333625385
75,75.98881722917683,56.97449393625501
75,76.01523937357513,57.00615243030442
75,76.00565042388882,56.96761036440553
75,76.02972704392747,56.96661697288529
75,76.02159779302494,57.03395075909768
75,76.01421639467483,57.018694477893995
75,76.00067908163577,57.01819810725805
75,76.01763126480863,56.99105923081708
75,76.02298398927573,56.99911276167843
75,75.98415505056485,57.03599202322519
75,76.0267204735135,57.01036333888249
75,75.96056359021053,57.006986427861655
75,76.00871419657346,57.03724118227316
75,76.02750176747068,56.96306618991313
75,75.98896563755508,56.97342885695353
75,76.03640219412928,57.009252484098205
75,76.01872909428968,57.01542296175077
75,76.02316640617192,56.993042244282066
75,75.9979074427,57.00229266382937
75,76.02415962346663,56.99464547783873
75,76.04137292125739,56.989398986281415
75,76.0195969225793,56.98125067022832
75,75.96115976618131,57.019068353455104
75,76.03113118389342,56.97950255752057
75,76.04236883926454,56.99721153667604
75,76.00886504337511,56.99036359028022
75,75.98430370798475,57.03549925850334
75,76.02070490370215,56.9944227811607
75,76.00789998466274,56.95872083903636
75,75.9878791645827,56.998794591962785
75,75.97444227678578,57.009009042203935
75,75.97345512702256,57.007411740673184
75,76.020694854724,57.018230885155475
75,75.96655279652265,57.031873191541095
75,76.03927780063827,57.020336451570294
75,75.987791178996,56.99968380761446
75,75.99008306222923,57.01723076843941
75,75.97267486046111,56.96270912066353
75,76.00109435278684,56.977079764716905
75,75.9960429119735,57.00027843342109
75,76.01798823698185,57.01326938267282
75,76.00608948814481,57.04145705786101
75,76.01587757705961,56.99443608657487
75,76.01547506855853,56.99256629564739
75,76.01437160321872,56.98928470014263
75,75.98737853867775,56.98610160249192
75,75.9946120599131,56.97537208667791
75,75.98982536188585,57.030469688238625
75,75.97998235064769,57.034502574451146
75,76.01615154788159,57.046888245429614
75,75.9886445765819,57.002038339852355
75,75.95748624725334,57.00104624673507
75,75.98658414297414,57.01034497020288
75,76.02751067121326,57.03373261226414
75,76.00068983849428,57.01657846374323
75,76.01953741158292,57.03241253772009
75,76.01731715293191,57.00266328820032
75,75.98368255495765,57.003148229238874
75,75.96923852144809,57.005760659133486
75,76.0331305660511,56.98409671438556
75,75.97720774106213,57.000124853079235
75,76.00568974373093,56.98233131705381
75,75.97197684453745,57.02236019805975
75,75.97842901742145,57.01048270556658
75,76.03251206186647,56.9658002706397
75,76.0147701528802,56.98481998656083
75,75.97885682621958,56.99026207405958
75,75.99086480966186,57.03046585818049
75,75.96948310875429,56.96328363539897
75,75.9989387814261,57.0223509045862
75,75.99341069434476,57.03035979024798
75,75.99967203158766,56.98029183453275
75,75.99965149883867,57.0061439842073
75,75.9842493003471,56.98200004960686
76,76.00359476558185,56.963470369552134
76,75.97702747401812,56.9641185690047
76,76.00213908013725,56.95987194042117
76,75.98352216210978,57.01925283861817
76,75.96828546904817,57.0070780639986
76,75.996061972846,56.96085157532042
76,75.97795660580739,56.96189191133163
76,75.98034882562635,57.013040853812235
76,76.02355584872852,57.00281967668287
76,75.95477393353707,57.00820440948702
76,75.97920292994588,56.986217879277
76,75.960544124867,57.02396555327939
76,76.00576802990788,57.020603553706174
76,76.03829643711317,56.98270117851439
76,76.01956833113505,56.980928402202586
76,76.0007923455968,56.99899859015344
76,75.9746380162778,56.98924329063125
76,75.96536460637782,57.01154856876306
76,76.01442829519446,57.01617643513801
76,76.0170297027829,57.038441884102454
76,76.03567125902359,57.013352407229945
76,76.00990328448263,57.010052788377784
76,76.00675412348654,56.99543586102156
76,75.99661988124579,57.008590904220995
76,76.02354777686416,56.986959995784666
76,76.02493050764619,57.035908095371475
76,76.0291806678921,56.97134484548454
76,75.95060406580201,56.99325189297043
76,76.00145752460894,56.97388507910742
76,76.01547908430483,57.01567025953499
76,76.04211391669173,56.98880425162385
76,76.02034222210438,57.01097768220709
76,75.97279555179028,57.00851966598232
76,75.99082712447296,57.014448178793025
76,75.98960079013513,56.97928869544853
76,75.98189654547353,57.02568627532724
76,76.0173806514552,56.98582453758383
76,75.97851972036192,57.005022557507964
76,75.97462013790324,56.99210977314942
76,75.97130587991643,57.01200964868203
76,76.03453293966582,57.005358155179785
76,75.98094624495451,57.0350485415777
76,75.96104662838586,57.03121609318262
76,75.97497349374504,56.983785349643924
76,76.02710558795403,57.005783360157245
76,76.01760993989643,57.002929752531166
76,76.00768658214788,56.97433796229856
76,75.96747787181339,57.03308621009855
76,76.02057002651225,57.03408253767334
76,76.01810348142912,57.03233217094538
76,75.97691904403946,56.9572646630576
76,76.02302542189798,56.96541124219903
76,75.9669231774949,57.01746510211639
76,75.95996221376046,56.994403507157045
76,76.00366719587169,57.02257929585082
76,75.9677748502067,57.03799027236793
76,75.95225795862913,57.002235835974346
76,75.96729823474699,57.00944570082335
76,76.02464008621777,57.008490612615496
76,76.02314965699175,57.01001512588954
76,76.01774730562539,56.95487739966295
76,76.02596917774248,56.981083832409
76,76.02196288338573,57.022199536495364
76,76.0020304488492,56.99948469397903
76,76.0216655992638,57.0153465925631
76,76.01061585338066,56.974335398272544
76,76.03165331767205,57.03243612025929
76,76.00373327330298,57.016465207879484
76,75.97522884830653,56.962228603579
77,76.0329760236192,56.974007295774044
77,76.00509763558318,56.95628366161268
77,75.97902238209103,56.95531079602367
77,75.99594885404768,56.97828754502385
77,75.9928575867426,57.046951885497485
77,76.02801322427601,57.00586981448279
77,76.01324801319463,57.00832115063763
77,76.00813265250437,57.0342514269518
77,76.01600297364877,57.03162023837329
77,75.98789993855134,56.97935231863134
77,75.96373229571087,57.02878068800503
77,76.01903460109796,57.00530908892595
77,76.00159446640397,56.993741955670934
77,76.03450637310333,57.01191424296032
77,75.9795928226782,56.999134528106204
77,76.0038143729275,57.02387486619834
77,75.99927262495777,56.988015202090395
77,75.99982823540807,56.9504173355026
77,75.9634810218709,56.99159992399414
77,75.99719756667741,57.037852414820875
77,76.00768955608383,56.974992971473405
77,76.02643654276811,57.033346799683756
77,75.95780169816992,56.99788667887217
77,76.00069823454453,57.03948096981485
77,75.95588356171453,57.01686123308195
77,75.95761013657192,56.996631102824026
77,75.99588116303222,56.96613445095193
77,76.03918947089845,56.99506601145463
77,75.98622881664251,56.95587757495666
77,76.0270449585055,56.98742673685899
77,76.003647028723,57.005397755282615
77,76.01046918487283,56.97800196095841
77,76.04064312745318,57.014791684772426
77,76.00569046050171,57.01167495652388
77,75.96797447540035,57.025775197788825
77,75.98327596915016,57.00358054003979
77,76.0115394403246,57.01753813895193
77,75.97950591996867,56.98282863815578
77,76.0302231922112,56.96744237328608
77,76.02811117718497,56.98201991100641
77,76.02163558629141,57.03553259316256
77,76.00056029071438,56.98360952870435
77,75.96412082783073,57.022434638223636
77,75.9850490177577,57.00530642505295
77,76.0169289314337,56.98403790811981
77,76.03424172175386,57.02505308887494
77,76.00531256754904,56.996999262976956
77,75.97430759862098,57.006487075563676
77,76.01575529801624,56.98071200642542
77,75.99650791735199,56.976467368307965
77,75.99086744740744,56.97591705261582
77,76.01412741093006,56.985441051621564
77,75.9509635449785,56.99068264986075
77,76.01694666197177,56.9569196360437
77,75.999187777724,56.9553371529286
77,75.99249727570015,56.97648851542663
77,76.0075534793081,56.97974864679231
77,76.02567770683193,57.000578903770844
77,75.9672664006716,56.99223420019476
77,76.01569667755525,57.02980643845166
77,75.98771809492895,57.03032409312733
77,75.97955332473181,56.99004186585349
77,75.99186821831161,57.00754581760332
77,75.9794712945557,57.00451015453138
77,76.01008309798175,56.98897629300575
77,75.97705258364282,56.96008200073755
77,75.98849481249903,57.019773635198376
77,75.9755778448652,56.98082276280853
77,75.97052628112988,57.03602182344353
77,75.99132841461166,57.01137684361434
77,76.04208518773977,56.973864348919776
77,75.96583310434738,56.99270753131811
77,76.00942561954938,56.99320405722968
77,75.96977632574745,56.986625152546715
77,76.0062496006312,57.02464752251872
77,76.02656395787268,56.99136674695524
77,76.00814298231496,56.96957429514707
77,75.99401085798696,57.02346174279542
77,75.95551574128218,57.010974489693396
77,76.00147957273705,56.98417297837265
77,76.0135418646231,57.002692314130556
77,75.984398990673,56.96185603105491
77,75.97818528984018,56.99253969542924
77,75.98939937029884,57.008354170888914
77,76.02319459064041,57.02501666220891
77,75.9707266804374,56.98534953704402
77,76.03997848689124,56.979597180584335
77,75.97809815300813,56.968996952668014
77,76.00065806811521,56.97763691940441
77,76.00799561471273,56.961684562867994
77,75.97505850119865,56.979773215697556
77,76.02007018232435,56.97681474328727
77,75.9805898007115,57.02243024325346
77,75.96106711796527,56.97435293637366
77,76.03463523777404,56.99357231785431
77,75.9938202414857,56.99752949945395
77,75.99577275148597,57.02899662011699
77,75.95353379066178,57.011695283421545
77,76.01847906171307,57.00238609381273
77,75.96826533300008,57.02864210952911
77,75.99632591114428,56.99887891039906
77,76.00107121898132,57.03043925501491
77,76.01061371994811,57.00965822723674
77,76.01952726551876,57.004728675805524
77,76.02544141136602,56.999784973766324
77,76.03434973633637,57.022316584130174
77,75.97477778618497,56.96313635891542
77,76.00563510707016,57.00437208023007
78,76.00224040643405,56.96381654856272
78,76.04513953832293,56.97923577190722
78,75.98199973929476,56.98857085178178
78,76.02166734499234,57.001657720487366
78,76.01847690673388,57.03387309852337
78,75.99658560282268,57.03580404584498
78,75.98291670207279,57.022903698679194
78,75.95784003554459,56.99602519744145
78,76.02307540622611,56.97052652167103
78,75.99219833007047,57.00392994327565
78,75.95407318662848,57.010264022189766
78,76.01898017336097,56.98109274362003
78,75.99655469022053,57.03560905833628
78,75.9959239569641,56.97621177761717
78,76.00738160204511,57.00171475898754
78,76.01528233218302,57.00927344094955
78,76.02390323395205,56.97562809757676
78,76.04601807290409,56.99259833445605
78,75.98556283860542,57.00249706775473
78,76.02572905229837,56.95938138934084
78,75.99385270727113,57.04873057715768
78,76.0042209435309,56.98678746117536
78,76.02588808398698,56.9862456047339
78,76.04672391231183,56.98767539880036
78,75.97660188490214,57.0132132025708
78,75.97013673483856,57.00452569744446
78,75.99868073064283,57.04028461383124
78,75.99207393081448,56.97898936533061
78,76.01478142201262,56.99070912448891
78,75.9907613243462,56.970360658026486
78,76.0041570750077,57.02815005183734
78,75.98838814160585,56.95207288385471
78,75.95633011721196,56.9835933391144
78,76.03063328468542,57.03660454870543
78,75.9737182897945,56.96475569512002
78,75.99273284665449,56.98424399886927
78,76.01325119358056,56.99046310562951
78,75.98976274813387,56.97000621703167
78,75.96444031598828,56.99863460070479
78,75.99742723137648,57.01776914265765
78,75.96354755748513,57.02536315612912
78,75.96274956124154,57.03327462000646
78,76.01962782464764,57.045213920355756
78,76.02041179834097,56.99512101939224
78,76.03403779591075,56.973561998772354
78,75.97366547767987,56.99320489523225
78,75.99122116963005,57.01535467266956
78,76.04542029237996,57.02055919202018
78,76.02122982166324,57.008898563236876
78,75.97824441431331,57.03959384987661
78,76.01741419183138,57.02388491465044
78,76.0171371225817,57.0141329249315
78,75.98486617487944,57.01118414804063
78,75.97722841935997,56.994803469738784
78,76.00016197209322,56.99963680000674
78,75.99210064046366,57.03561311983113
78,76.02023411811506,56.96210311303461
78,75.99958530494348,57.04554822959874
78,76.02427698671285,56.99709470141706
78,75.99892094398089,57.00867166732203
78,75.99814995581934,57.035400457196495
78,75.96533740211082,57.02172439913947
78,76.00592219078194,56.98084425657375
78,75.99914421214163,57.02905344967012
78,76.03583093841154,56.971334892764354
78,75.9989225205994,57.036713478406064
78,75.99983670528336,57.024905253651426
78,75.96218029607157,56.997120066061164
78,76.00110973154632,56.965085055334136
78,75.98743716609346,56.95477540663158
78,76.02861354962484,57.023660024001934
78,75.97485675363993,57.00145368648257
78,76.01464842514663,57.005311870659526
78,75.95728221759444,57.02572194084727
78,76.00765370546502,57.02398230890628
78,76.01619456022458,56.982985559636404
78,75.96426847199713,57.0322650617784
78,75.96544192567113,57.01646524458438
78,75.99904206451676,56.9893108607528
78,76.04622953743043,57.01230283361384
78,75.98998253607952,57.02597047047271
78,75.98951745269069,57.00036918652996
78,75.97131123883189,57.01288586916918
78,76.00421268985227,56.96807039192945
78,75.96693077338486,57.008352841731316
78,76.0056861681619,57.007239330904206
78,75.98679414236399,56.99998567086347
78,75.99922278511399,56.997529225290684
78,75.98053776829127,57.0150234918235
78,76.00544400368537,57.01037132760083
78,75.98457729950212,57.01868767538749
78,75.95365140536727,57.011243766551786
78,75.96622421227995,57.012203465487055
78,76.04755658775507,56.99772025316264
78,76.00536594880461,57.00993708410093
78,75.99775095981995,57.001386377466105
78,76.02229660407548,56.97701229215454
78,76.00026410793849,57.01695969291414
78,75.99154533334743,57.0005782882859
79,76.03581211038318,56.97201341691865
79,76.01890449539961,56.97559904707761
79,76.01504260189289,56.96965439600746
79,75.98379874051368,56.9974806600981
79,76.0219977081046,56.97917717229159
79,76.03202107115756,57.0178756366258
79,75.97718536686995,56.9788121285793
79,75.99910262723199,56.96929750589744
79,75.99503258496338,56.98102679609811
79,76.03012627050325,57.025209719258626
79,76.02966356617904,56.99978458836114
79,75.95592035791054,56.989201901592146
79,76.01609668992174,56.96402107366041
79,76.01946868144525,56.98889874386005
79,76.00718652740062,56.98265517205728
79,76.00632480447203,56.97518319057816
79,76.0233765843954,57.00728755753116
79,75.96853250820492,57.01099642071142
79,76.00047561203255,56.96733590885938
79,76.04118150862898,56.97708283855429
79,76.0001412606321,56.966952654376904
79,76.00224244839733,56.984738485322616
79,76.03201641578785,56.9847894829728
79,76.00900847602203,56.97285112827379
79,76.02343324212603,57.019638031814885
79,75.9954633136076,56.989544368627605
79,76.00562400715181,57.0042948520964
79,76.0444311828204,57.01304908604896
79,76.00124423353957,56.96916204422583
79,76.01001890501605,57.04844506544487
79,76.0290579923478,57.035375769751646
79,76.02920942446066,57.016823677450866
79,76.0054198979273,57.04252324290381
79,75.96649710582159,56.97410050550236
79,75.96743113730459,56.99811615327894
79,76.00799833477143,56.96826088605261
79,76.01156932579116,56.99680593243964
79,75.99450358397877,57.038735261326416
79,76.04148848624737,56.976185673934175
79,75.96377591944963,57.00985908399031
79,75.97813392223047,56.96217256264609
79,76.02239692757257,57.00521956779292
79,75.98339744295355,57.00331207403742
79,75.97042851346146,56.96736502870931
79,75.9583390334336,56.99727959810139
79,75.98969107921722,56.95264634520884
79,75.98622903796411,56.98440572231006
79,76.04250748690802,56.9743352580738
79,76.03154835915983,57.00231769952353
79,76.01121748045189,56.954453768110156
79,75.96517216300688,56.98639467318774
79,75.99873554902949,56.97488098409703
79,75.98956638575375,56.95587491851778
79,75.9898760428208,56.9656094107214
79,75.99221413325223,57.007989415346316
79,76.02411868411839,57.02921580990746
79,76.03087086684876,56.98641882280775
79,75.99790733393323,56.98823414504273
79,76.02635363002179,57.028502537141435
79,76.01846644705603,56.98699573933061
79,75.97993100390775,57.0246975260826
79,75.99455150252662,57.01098109584931
79,76.02818678521811,56.96064018071338
79,76.02935571507783,57.02334133329073
79,76.02434831910173,56.96205237629854
79,76.02471737708812,56.988138306818456
79,75.98592723857791,57.03197318118668
79,75.98921396438398,56.95260809798314
79,76.01637669955352,56.98628486754187
79,76.00049219491663,56.99876223217857
79,75.97606524943299,56.99410863649633
79,76.0244850555749,56.96728658067699
79,75.97235316324077,56.98544714152093
79,76.03354945449891,56.9960975470393
80,75.97761733087025,57.007168955306156
80,76.01218306523661,56.97750853767363
80,76.01775121733073,56.99240799485412
80,75.99015760735608,57.012730012838176
80,75.992499214171,56.98135043812927
80,76.02145602316232,57.000874318213604
80,76.01709729661611,57.04468672124301
80,75.95311979118367,56.993677136594144
80,76.02604851721522,56.96659894592031
80,75.97529907446223,57.0201812333006
80,75.96972307023891,56.986957506564586
80,76.02081348573017,56.973999339086234
80,76.01607521551257,56.97307110843
80,75.98198949477468,56.994114920880754
80,76.00659483058567,57.02775691614184
80,75.96935830417542,57.00447004054501
80,76.02805354954424,57.02893843175621
80,76.00118351105888,56.981640324830025
80,75.99465455092576,57.00640523998612
80,75.99284573169065,56.95650916193051
80,75.97367079547338,57.015195090633206
80,75.99509972722598,56.98551211575716
80,75.99097456504148,57.003812379694125
80,76.00340839744663,56.99508718727818
80,76.00375232043965,56.99564570078579
80,76.01469727958474,57.042328762897924
80,76.0185220395936,57.038495383896475
80,76.00399462434466,57.01576758861433
80,76.04339645393873,57.0243590062182
80,75.99158758895648,56.99492371423877
80,75.97897580313453,57.02038717257107
80,76.01063781957326,57.00355687868444
80,75.99654754061413,57.00524122462103
80,75.99491871797095,56.99585636677576
80,76.00453636112871,57.00059467246977
80,75.97454481678587,56.96981482527911
80,75.98307859064951,56.970305566997325
80,75.99514649207387,56.979331049445506
80,75.96099148977146,57.019080621658816
80,76.00370507891981,57.02275501937208
80,76.01251514326515,57.01776122216547
80,76.00267344977492,56.98462039506827
80,75.99196489447611,57.02304835440379
80,76.00858483237563,57.01999946622492
80,76.02631678886546,57.01536915875252
80,76.02506812667256,57.017736100949136
80,76.03801958546246,56.993582374854114
80,76.00693446591082,57.03151159891378
80,76.00017484904183,56.98740737443635
80,76.01811986318295,57.01905965830975
80,75.97856515310045,56.97047213196281
80,76.02728804577404,57.016981470379065
80,76.00634344468354,57.00191322217034
80,76.01537175320718,57.00678001315502
81,76.0089207717407,56.96102782838331
81,75.99341970291111,56.9607313922455
81,75.97518904198016,57.00033055432297
81,75.99142816243493,57.04065934715782
81,75.99501297522319,56.979375402646845
81,76.00151866680584,56.97769551824801
81,75.97917289697914,56.99525194209501
81,76.0056832689406,57.02630188598418
81,76.02367852339319,57.0346514830041
81,75.99625940333513,56.997475947404716
81,76.02546634741246,57.02940404828819
81,75.98671231615324,57.016764306382406
81,76.02492989905952,56.97375303091894
81,76.0150392053657,56.99294339032693
81,75.99110146602291,56.95948675128374
81,75.99994111104678,57.02768283739364
81,76.01307923307004,56.98425493735469
81,75.99982199091939,56.981583440787496
81,75.98678460234001,57.026916631344626
81,76.03224648790713,56.965205646196324
81,75.97351867144069,57.01446289066774
81,75.99294528329811,56.961593457562145
81,76.0235819320241,56.99474902101009
81,76.04840085620782,56.99685465276209
81,76.01730900888633,57.002780371555204
81,76.0001691069978,57.0438648159284
81,75.99564511168931,56.95967892470631
81,75.96555397006483,56.98195562022242
81,76.03446380512715,56.983694168000625
81,76.02580365718867,57.0216059680484
81,75.9928912567754,57.03637146036113
81,75.99965450297955,56.979680429545326
81,75.98041868614472,57.018304825202755
81,75.96053409149754,57.025875923154
81,76.0288183220239,57.00698306513391
81,76.0377342763985,56.98750324776849
81,76.00765370546502,57.02398230890628
81,75.9679990481594,56.985443672174426
81,76.00429634970351,56.95138102654441
81,75.96475604433658,56.982807451437615
81,76.01202231811956,57.001357526829224
81,75.98894302113108,56.96653456361194
81,76.03045652245562,56.97461969767748
81,75.98775368758783,56.967303119206434
81,75.96824344937954,57.00249187324545
81,76.00084548906383,57.04049340636673
81,75.96719145433453,57.01865490051124
81,76.01712941333487,56.97970881175626
81,76.00905460691573,57.04620884273932
81,76.01128768579595,56.95737981528765
81,75.95937764674957,56.97913439436706
81,76.00284266131143,57.01337205195918
82,76.0315015124484,56.99970699038057
82,76.02238374910607,57.0100095871508
82,75.96934394738024,56.970212276064835
82,75.99493838361182,57.00631277921033
82,75.96062487474298,57.01951851225738
82,76.0071476218036,56.998089522076675
82,76.00418458098794,57.035769409336886
82,76.00570173228502,57.008057193409265
82,76.04449795741166,56.99282549561901
82,76.04203937356655,57.026728044558396
82,75.95621399926057,56.99509634246481
82,76.00826566120459,56.99996353099541
82,76.01686164906374,57.010736074460254
82,75.99928184520945,57.00632499005705
82,76.01738313592412,56.99589090142502
82,75.99781122836367,56.97626258069899
82,76.01887188877646,56.967276138475526
82,75.9781280286367,57.01666458795219
82,76.0440112179094,56.9885473619373
82,76.0391863137558,56.97906685756368
82,76.0198514552155,57.024255164680575
82,75.97799713940047,57.03815803863252
82,75.99609507102019,57.005617263955145
82,76.00903033848364,56.97379390389798
82,76.03347737664438,56.99873571955946
82,75.98714512805452,57.01233877874725
82,76.01592861084568,56.959376653339646
82,76.00962523535723,57.040625947516624
82,76.00860012889584,57.01528912858775
82,76.0240981728959,56.95671971816138
82,76.01893890016056,57.00332445609616
82,76.02205714592576,57.01868266786748
82,75.99958275654656,57.00455421991462
82,75.99099246336282,56.9867660998573
82,75.99892094398089,57.00867166732203
82,75.98026383791613,56.958949602602566
82,75.9638808067909,56.99872519032305
82,76.00997664116812,56.96685807646236
82,76.03840326967337,57.022175340215234
82,76.03952232041104,56.995906371093994
82,76.00544872993358,57.02396238415878
82,76.00859381206833,57.032848889518895
82,76.01127194483983,56.95600382246069
82,75.9571296541457,56.97919215328026
82,76.03885616749473,56.98991123158797
82,75.99469083373153,56.96584706294985
82,75.97987103071735,56.97366188051417
82,76.00616636101041,57.01580513032738
82,76.01299470293829,56.99292035691907
82,76.01938756362902,57.030307137346654
82,76.01902445928249,57.032278894482836
82,76.00141531849192,56.96635050563103
82,76.03917783721826,56.99348408609929
82,75.997260324304,57.02335970646993
82,76.02553966392614,57.003017560628216
82,75.95543220267169,57.01627489998624
82,76.0173806514552,56.98582453758383
82,76.02462778103558,57.04240611682985
82,75.96973188624672,56.998172572161565
82,76.01085976287253,57.02731986545228
82,75.968321689406,57.03216665362543
82,76.0037522187045,56.98011325641691
82,75.9943064800754,56.99495529866071
82,76.01756799180772,57.02695252421111
82,76.00357622186482,57.00225987335142
82,76.03327589434049,56.96447823157625
82,76.0072566417715,56.98166923621767
82,76.01568386219742,57.001579093162505
82,76.03963748637689,56.98115260851176
82,75.99301242291722,57.012138730117066
82,76.01346989805717,56.96019615299644
82,75.96796996226696,57.02794199354707
82,75.9954138241678,57.04164302258742
82,75.97373020838243,57.01396530152893
82,76.04136990600138,57.02196921339535
82,76.03134118614996,56.975801423844146
82,76.00690765608286,56.996908783488344
82,76.02668211476988,56.96082527045015
82,76.03346031847813,57.03022608552098
82,76.01538445362422,57.046847594272634
82,76.0135874510855,57.031651500741425
82,76.04203937356655,57.026728044558396
82,76.01134312959556,57.00387974436985
82,75.97328555790037,57.0087864381677
82,76.02586082301536,56.96145333685741
82,76.01366235374755,56.9834402378058
82,75.99612795156277,56.96511059449712
82,76.01458808805063,57.04688508369508
82,75.99598966923155,56.96337699877943
82,76.0122897027259,57.04595654239328
82,75.99035235556093,56.99088122087558
82,76.00817080633269,57.034652332444836
82,76.01377711674705,56.99278043083944
82,76.0417767215372,56.98111228986324
82,75.98590218526411,56.973803744025226
83,75.98251371661017,56.99083249227149
83,75.9969224616258,57.0217244077596
83,75.98263594361215,57.01781233483143
83,75.9556201213806,57.02195722218085
83,75.96398122267263,56.97094140419733
83,75.9568443136308,57.020331822407286
83,76.02700573788192,57.00069262798415
83,76.02707984271491,56.97302919973435
83,75.96790806030037,57.00081730622363
83,75.99689689129075,57.033027753259056
83,75.95880461755468,57.002790471182266
83,75.98880597703568,56.98836995206904
83,76.04632724937682,57.00302120894152
83,75.98819747503087,57.04483700625012
83,76.03224648790713,56.965205646196324
83,75.99218885273385,57.0487720615218
83,76.02209853200932,57.035627245874004
83,75.98263445632122,56.984097591053896
83,76.02855324464839,57.00212644649138
83,75.9905987449492,56.95984873050145
83,76.02708487226575,57.025322662885785
83,76.0202751995937,56.97617269793514
83,76.00711083144836,56.988452087852025
83,75.99127722540567,56.98482232249737
83,76.01441720200302,57.040072819720265
83,75.99187218972453,56.986535229402136
83,76.04346850996323,57.007000333867346
83,76.04198183646349,57.02023211282925
83,76.01833059188307,56.96650234581086
83,76.00366268747946,57.01518585769575
83,76.0135074403077,57.0220800144258
83,75.96780090342162,57.01458349333504
83,76.0062613282151,56.972120451788086
83,76.04270571329468,56.98858819236771
83,76.01833799722482,57.045850984953674
83,75.99272013966555,56.97569730195717
83,75.97814008489797,56.994530196413336
83,76.01825863961689,57.02373645229766
83,75.99314782675705,57.02181238858286
83,75.98392414286026,57.01642978083568
83,76.00772902409828,57.018079661586185
83,76.01576276235078,57.04591722354141
83,76.02001409577615,57.041475026796725
83,76.01794009181195,57.02655343669391
83,75.97065612693915,57.04027651792302
83,75.99035080683889,57.043517909024914
83,76.00033565647868,56.97281405741802
83,75.95431344523604,57.01554298451918
83,75.96662415378003,56.974090083592216
83,76.04119975891909,56.99532186639894
83,75.9933121929469,57.019293378732186
83,75.99903810871312,57.022783916134856
83,76.0310071945034,56.9908270087694
83,75.96778432917382,56.970382012039444
83,76.02283392276385,56.96857704420422
83,75.96474658231044,56.971981497764325
83,76.02460362652738,57.040355233088654
83,76.01118305264487,56.966483202146335
83,76.0179552698055,56.99457065650544
83,75.98264676437792,57.013489340722764
83,75.9831916264402,56.995295992448675
83,75.99836840956017,56.99370298430855
83,76.03491777234876,57.004685364545495
83,76.01993198425336,57.00599168675618
83,75.97975925443272,57.00775857975363
83,75.99627373865155,57.00859489802524
83,76.02040542143129,57.03694519471998
84,76.04279238240102,56.99780573448175
84,75.99065004054107,56.987305692859664
84,75.99394945063327,57.01622235077142
84,75.9802531466774,56.99592700939174
84,76.0105638356519,57.0240437218609
84,76.02634808135228,56.96194366760185
84,76.02407758078235,56.987758253302935
84,76.04026014820136,56.98945807010873
84,75.9879847369446,56.99221762574204
84,75.98719429909062,57.00459151749927
84,75.98386119500815,56.97470055400881
84,76.01739873171617,56.96046554494179
84,75.96414391088555,57.00823222122661
84,75.98673048889911,57.00099100688179
84,75.97717462191582,56.97002930574961
84,75.97137987704944,57.007738748598385
84,76.03061732804491,56.991143817164605
84,75.99722156635022,56.98538628249282
84,76.0060794262135,56.99621916922541
84,76.03898953361232,56.974154115655054
84,76.0478006467406,57.009844952404336
84,75.98962103368955,57.02311433925833
84,76.01139695856658,57.02987499609949
84,76.00956159461256,57.036871317533624
84,76.02778283798732,56.995811535346355
84,76.01645230315232,56.96978092940642
84,75.98541298336237,56.97402368863375
84,75.9867705508572,57.033378809109145
84,75.96547092136606,57.036153825732754
84,76.04023258724999,56.979245990308385
84,75.96105926316037,57.01652447648959
84,76.02802968195377,57.00795485025734
84,76.02635320475264,56.97524996540692
84,76.00783918881883,57.01483062049377
84,76.00619476296676,56.96672548110955
84,76.01766096753545,57.010299062597866
84,75.98509918704339,57.01521191164644
84,76.00279742672602,56.98799778340751
84,75.97876163356112,57.040968838567665
84,75.99953467143192,57.03951644710107
84,75.96188222568584,56.97126885698026
84,75.9956819380318,56.988313734665006
84,75.97486975016834,57.020984796187584
84,76.02427698671285,56.99709470141706
84,76.00496847001203,56.95115146364694
84,75.99081438383367,56.97589745688492
84,76.0120214309762,57.0212291642238
84,76.04044119122437,57.01627616754475
84,75.99668573033988,57.010897443910586
84,76.03408279093253,57.002788851532024
84,75.96001694178767,56.97608977487494
84,76.04148786753214,57.02030319376556
84,76.01283119284204,57.006738763252024
84,75.96980125113734,56.974910412337096
84,75.97232218085189,56.996360976258565
84,75.97663251443572,57.014405413733655
84,75.96353020732896,56.99825234169461
84,75.99168499412346,56.99264368333038
84,76.01250402253054,56.96908853914454
84,76.00505682079637,56.96052865715933
84,76.0363787742074,57.02267202839673
84,75.98089523067094,57.010833206585154
84,75.99242992741156,57.002626689296264
84,75.98992366005751,57.039139034503705
84,76.01734474537096,56.999098595693056
84,75.97116401067113,57.0287225474586
84,76.01587757705961,56.99443608657487
84,75.98757991714776,56.97326182604304
85,75.97459775898653,56.977741702847226
85,76.01276895985494,56.99544699565309
85,76.03370856061505,56.979344636427996
85,75.96867856433109,56.96346685663732
85,76.01690376783823,56.96434855173847
85,75.97841156324206,56.99855591996442
85,75.98999423961604,56.9546385188206
85,76.01459304094746,56.98741725701985
85,76.00689145927934,56.95078445639382
85,75.9938544992934,56.97636306722805
85,76.00107165862165,56.97186445700555
85,75.95617346691074,57.01295928916478
85,76.0220472219899,56.98605651358096
85,75.98849770026114,57.026434768209405
85,75.98611268219165,57.02474558316737
85,75.99789508566285,56.980728844386576
85,76.0219897046159,57.010614063796766
85,75.97965604403575,57.01369478389853
85,76.00081556725863,57.02992838851287
85,75.97971974744692,57.039951274045485
85,76.01318254093053,56.95873387926759
85,75.96964327285626,57.03576438103397
85,76.01361492773803,57.008583500987484
85,75.9947304986698,57.02462990562988
85,75.99926284160813,56.954377217744415
85,75.99933298542963,56.984551810505074
85,76.01309976107565,56.98813645775137
85,75.96126580610385,57.02859404963621
85,76.02241382001442,56.95612696711135
85,75.98798275146379,56.97631056812778
85,76.01141616089198,57.035351832954234
85,76.02466100546945,57.028016642867165
85,75.95834098820649,56.988844719857426
85,75.99674873178479,56.984265284140534
85,75.96172688556412,56.98677910584813
86,75.99393814462928,56.96437659855423
86,75.98634118711722,56.9796736650991
86,76.01968954890572,56.99844788589821
86,75.97898383454947,56.996647804501606
86,76.00698001178192,57.04566537408354
86,75.9684269389728,56.988526667223084
86,76.00336487298956,56.99874088857019
86,75.97680562094037,56.98059028398711
86,75.9970417434767,57.03760675594644
86,75.99162755593822,57.0334090448058
86,75.98903658749808,57.026701881440715
86,75.98454737117667,56.98597367605446
86,75.9547828155555,56.97990666245742
86,76.04719576329047,56.99569559456083
86,76.00995577156642,56.971289829980776
86,75.98997363580105,56.9690171462766
86,76.02315643485099,56.97739116853829
86,75.96654841841901,56.97664409095307
86,76.0140078604465,56.95514207789543
86,76.00301495609088,57.014382570034826
86,76.00201161133434,56.99752728401852
86,76.03568593858684,56.975274597459766
86,76.01581201483921,57.04059813971817
86,75.98288475755855,56.988838781724546
86,75.99124715785135,57.03039136368294
86,76.00690077598048,57.0105949465178
86,75.99184487223035,56.97393544328603
86,76.01034266999429,57.034608616273985
86,75.9941632984033,57.014944438087085
86,75.98436562852467,56.97744929228114
86,76.0316163541324,57.00658453637478
86,76.01866310658399,56.96628584889937
86,76.03109199250962,57.011232269464145
86,75.97116623603351,56.96036839091262
86,76.016810688701,56.98529631513778
86,75.98729348483636,56.96326272309023
86,76.01350576311698,57.036400536173424
86,76.0166851616123,57.00678798386614
86,75.99361691921479,56.95378801106365
86,76.01416832327162,57.00531368702289
86,75.95888838291756,57.02277972034598
86,76.02142066600398,57.037162201581765
86,75.96361150513641,56.98615040524153
86,75.98515572155215,56.96345874274137
86,75.96450307795473,57.01693020208157
86,75.97050369692158,56.9654718396835
86,76.02730783013361,57.02449069619895
86,76.01508913803596,57.0310682914385
86,76.03895503574861,57.02854037555434
86,76.00033958804825,56.99379465708828
86,76.0165583045927,56.989583114919135
87,76.02803113054027,56.97870059899533
87,76.00444048507742,57.01889708967572
87,76.01358122796498,56.97400945496793
87,75.96714528843252,57.004612654158144
87,76.0020200869382,56.99328317239991
87,75.99221413325223,57.007989415346316
87,76.03811509620641,56.990404911731126
87,75.96431753728218,57.02921348821928
87,75.9949269801484,57.00412118111179
87,75.99206667906292,57.01742525611991
87,75.97602326812239,56.998908536182576
87,76.01516322386303,56.973790811739676
87,76.03401130650107,57.03036990100245
87,75.96491185019777,57.00550838813003
87,75.96002956531046,56.998502754661246
87,76.01109752483895,57.02387686537291
87,76.00528964655126,57.02060423674161
87,76.03673244690172,57.029109216552534
87,75.99660230943782,57.03326834291322
87,75.97137987704944,57.007738748598385
87,75.98244651790121,56.97846048494916
87,75.96725745799739,57.01992446318606
87,75.96290820491112,57.01633171628965
87,75.96928214932791,56.98657950219039
87,76.0090989831453,57.04138212732675
87,76.01198939961935,56.97878291515608
87,76.00609352949101,57.0318459531194
87,76.00308183573776,57.013745660053054
87,76.03770332684748,56.99098159289614
87,75.9678372860277,57.022987757330874
87,76.00296958036989,56.9890531230121
87,75.9572562339598,57.00580733078853
87,75.98850851057605,56.99851757519796
87,76.03146143148213,56.989947215061164
87,76.0015368655831,56.99152405091284
87,76.03313134583037,57.00924199753545
87,75.98959430245006,56.98375488989661
87,75.97923599795664,56.96093320125498
87,76.0482584155815,56.99271857265688
87,76.01938094741337,57.02228423766878
87,75.99822307960447,56.96570901453427
87,76.0184164173207,56.98253315872909
87,75.99305271166097,57.04922922276685
87,75.97920202595155,57.04432475882392
87,76.01011880950617,56.955900041640476
87,75.986294311162,56.9887292036472
87,75.96458038905517,57.01141580853394
87,75.99705777701442,56.981331137316666
87,76.00461561207811,56.98279367263142
87,75.99773492886109,57.0113224320622
87,76.02383305159266,56.965777460858895
87,76.02929546244788,56.990172698282464
87,75.97348736439085,57.01297778099748
87,75.9972484599067,56.98282481711103
87,76.02069870274491,57.030050552660065
87,76.00515067388233,56.976829722377026
87,76.03566370568416,57.02995503564549
87,76.03582640919328,57.00300419097831
87,76.0496644915565,56.99649357866873
87,76.00382979763224,57.01959453012647
87,76.01749354202414,57.00449963931713
87,75.97978260193982,56.98548451117558
87,75.98869592011617,57.000006476207176
87,75.97630749041636,56.98367571060695
87,75.96981298147783,56.98716056600617
87,75.98110560560364,57.008335605341244
87,75.97542999933479,57.02582464830234
87,76.00388928872918,56.95451667148659
87,75.99689969104033,56.99842505844812
87,76.00565243431463,57.01039924146354
88,75.97314646210611,56.99941626148192
88,75.97142722430428,57.03122705322797
88,76.04339077164617,56.997661773728865
88,75.96481640829019,56.985626151895254
88,75.99389029424516,56.962581313779864
88,75.98735433872758,56.985775629564564
88,75.97160296397513,56.99203280059187
88,76.03463335511327,56.97259669663476
88,75.98855217245553,57.009566184101764
88,75.98103003433906,56.985908075835894
88,76.02709302929622,57.0419493906812
88,76.03004353697145,56.978244054015306
88,76.01725914536003,56.98889132279651
88,76.02505990231387,56.977594942083975
88,75.95889967346442,57.002540396023576
88,75.97864957496442,56.95504857978181
88,75.98992326669023,56.97008705366238
88,75.9735234957236,57.00085473025941
88,75.97998160259932,56.97717600516269
88,76.00558393362329,56.99563438947109
88,75.97146964573874,57.009494893479626
88,76.0019663033337,56.9919324088217
88,75.99823543533176,56.98786385690854
88,76.01641843155845,57.03198552588078
88,76.03636429702239,56.96735402890363
88,75.97252998821833,56.96394141222997
88,75.98160209638287,56.998230321328705
88,75.99844387480819,57.04094400063167
88,75.96566211518632,57.025831947598434
88,76.04255508765257,56.98904542315388
88,75.98668540256,56.969188525030596
88,76.04198691794373,57.01035942323088
88,75.97165584157993,56.978148173061356
88,75.9860712721168,57.04324870654706
88,75.97101720051761,57.03996966994391
88,76.03444541838346,57.00058243841492
88,75.97325440859213,56.9596604485818
88,75.99782315470357,56.98045086020893
88,75.9567037916124,56.976279173385905
88,75.97125128875403,57.0324081429661
88,76.0008541997383,57.03230099049316
88,75.98136843638397,57.0265456506555
88,75.96793794179223,56.967526838134916
88,75.9694650160718,57.010150878312
88,75.98258843966144,57.03490236491776
88,75.98958007997108,57.004706907606916
88,76.01698140346329,57.014189502727305
88,76.03088536134315,57.03183139441153
88,76.02594449672549,56.958608158630554
88,76.02863622076268,57.03971155136691
88,75.98407961702176,56.986600907461266
88,76.0412434302078,57.012271282936695
88,76.01698645881855,56.998254746560356
88,75.97278506740987,57.01893422938117
88,76.02219496481669,57.030786751572435
88,75.98790995296224,56.952200563982906
88,75.98015151705529,56.95658262562192
88,76.04033423811835,57.02895916144743
88,75.97135608630182,56.990483472360125
88,76.04369128663822,56.9946437495921
88,76.02979872338929,57.03459641400583
88,76.02404715107846,57.03233951050883
88,76.0096612629443,56.988798131149125
88,76.03186975928892,57.02525811159754
88,75.96520896742956,56.99674596228669
88,76.00524034279451,57.00200211381291
88,75.99439984560233,57.04458242057839
88,75.99036209354617,56.966268342883986
88,76.02588340432307,56.993628740301645
88,75.99148110284185,56.992660028414804
88,76.00699040155259,56.98940647841386
88,75.99817792836218,56.98056708493222
88,75.97393416551323,57.005162055130896
88,76.04495027427213,56.98751875176835
88,76.00551052850736,56.98477652940437
88,75.98050060323715,56.9755502195533
88,75.97852385555184,56.977960584707404
88,76.0193153366842,57.03624358931395
88,75.98098297349283,57.00028282681443
88,75.9537820618541,56.98568094935552
88,76.01357452311936,57.01796381803606
88,76.01510211062761,57.02646421042323
88,75.98070962887493,57.029696675678835
88,76.03286372811857,56.99987084740348
88,76.00451906623667,57.04160369518198
88,75.98592723857791,57.03197318118668
88,76.04488025366787,56.98860920506256
88,75.99777930343723,56.95444003740766
88,75.98193227769765,57.01264278727583
88,76.00103198507126,57.0230839038338
88,76.01482864274396,56.984857555279824
88,75.9845163631483,56.981104441741
88,76.00808151618071,57.047206374497044
88,76.00152951708318,56.98124521657074
88,75.9509635449785,56.99068264986075
88,76.01676509723856,56.969537571901846
88,76.01880736650322,57.00696523978984
88,75.9624905794635,56.99714079157829
88,75.98621012407294,57.047516863418835
88,76.01125295061988,57.03570189479982
88,76.00301495609088,57.014382570034826
88,75.99364207365264,57.02524817665752
88,76.00558373662957,57.02160500882059
89,75.99129476527216,57.02614642722548
89,76.02636863838356,56.963757289713946
89,75.97482617356742,57.03283035443308
89,76.04832351033095,57.00959057893408
89,76.00439058699429,56.96707389550594
89,76.02128279063942,57.01409942134545
89,75.98200995992511,57.009674157557676
89,76.04109574015126,57.005699154007075
89,76.04136990600138,57.02196921339535
89,76.0066896092845,57.008204946635495
89,75.9857771912895,57.00786756338194
89,75.99455397375156,56.960723458716345
89,75.98703918608405,56.96677875979988
89,75.95546042635415,56.993052116307986
89,76.00326436730005,57.037477865770946
89,75.9790570031931,56.987558987105295
89,76.0140684042356,57.039719333625385
89,76.034975031048,56.968033803154256
89,75.98028562981105,57.02645079051485
89,76.04117406567377,57.00982128928892
89,75.99820724552389,57.03850332650484
89,75.96482619774449,56.97883876886735
89,76.01184297063806,56.95725117328527
89,75.9644216565072,57.01306322834625
89,76.01268994356909,56.997366605656474
89,76.03838354574863,56.995949023688
89,75.97321920926524,56.98841633115759
89,76.01813009352516,57.03499759087879
89,75.98312891800364,57.03006108529562
89,76.01568690662565,56.95440787003138
89,75.95784946935893,56.98486654184393
89,75.97900841184904,56.95594748267856
89,76.04420506816288,57.01786914511361
89,76.00940432946994,56.9557408739253
89,75.97955682134622,57.02550185646154
89,75.9720929163946,57.04053454921129
89,75.97638781701849,56.97478696480421
89,75.96588514922175,57.006358735853254
89,76.04168114349903,57.00743936653621
89,76.02101766214821,57.0069739268301
89,75.9722529419483,56.969674653915824
89,75.98557385815226,56.952431320357704
89,76.0390627479145,57.00629759940947
89,76.01322714166824,56.998728874857534
89,76.00234192816022,56.9939677652989
89,75.97308557692499,56.978525277710595
89,76.02605449997765,57.020335818951295
89,75.99221413325223,57.007989415346316
89,76.0203555524695,57.02385401844517
89,76.04798723938738,57.012884146653306
89,76.02261886443245,57.00852712705609
89,75.9556934224595,57.01648390560164
89,75.97203049015882,57.00630123420868
89,75.98155498682058,56.99609485586639
89,76.01898017336097,56.98109274362003
89,76.02614436363804,57.00287508826971
89,75.99765897792373,57.00978546898816
89,76.04402580311759,56.985278970108844
89,75.96429756837554,57.03250731549546
89,75.9888676612524,57.00620308715027
89,75.99521247054402,57.04187382949489
89,75.96307995766946,57.02419087181824
89,76.0096187434367,56.98430672985004
89,76.02080472591697,56.9836165064086
89,76.01807445500823,56.98407423741631
89,76.02325073165768,56.96545680961399
89,75.99308537040132,56.9928246228341
89,76.03940536201141,57.020477691651
89,75.97650916899886,56.9963272702237
89,76.02970287947959,56.96379519287531
89,76.0463428781316,57.0138192983133
89,76.04000670655286,57.02470819914454
89,76.01615524863934,57.03303231792347
89,76.01893890016056,57.00332445609616
89,75.9984647307182,56.99764605341176
89,76.00190485720711,56.97475483493685
89,75.99100797404911,57.02134590355303
89,75.9919704294634,57.00348900439027
89,76.01113196172443,57.00651589494936
89,75.98020890128983,56.968291105790094
89,75.97052484291002,57.04018775902965
89,75.97708970680412,56.97196128058746
89,75.96907575344457,57.026035907453945
89,75.96272786579318,56.98241613346658
89,75.99594133164341,56.99680540390241
89,76.00165315852769,57.02846434364428
89,75.98339897308637,57.00800758064589
89,76.02474800416472,57.03754084162114
89,75.98994885144853,56.95905421014574
89,75.97550590072123,56.99055784293057
89,75.98070310204643,56.994036814910345
89,75.9630016650591,57.000715704402246
89,76.01438240863577,56.965615060765195
89,76.02466834016398,56.98790639549801
89,75.98060455603759,57.000271868158045
89,75.99083388595541,56.99041955753717
89,75.97873351524592,57.00079980032002
89,76.01642743114228,56.981305670600186
89,76.01972577278345,57.0017906359155
89,76.00218227836208,56.995558276783164
89,75.98590185017585,56.99794286190581
89,76.01803320409721,56.9958241400545
89,75.96696322146022,56.986075149033944
89,76.02923645117768,57.034149849360674
89,75.96285958376454,56.96672338751156
89,75.96826125918085,57.02546468790104
89,75.99650791735199,56.976467368307965
89,76.03915579430983,57.00717949354883
89,75.993115927711,57.00461361979861
89,76.00642480127192,57.01942924968192
89,76.0016119198422,56.96628664217851
89,75.95632481003513,57.02207560295183
89,76.03256540581224,56.979477207819045
89,75.97279160855179,56.98656345409229
89,76.01575624104086,57.01575867987358
89,76.00314866289564,57.01462432282298
89,76.02730794009523,56.963497142781065
89,75.98588764563759,56.97430956269485
89,75.9986277706946,56.97563239356561
90,76.01568541411697,56.994610434345844
90,75.96293970096806,56.999667656058115
90,75.97089066027506,56.977092932412674
90,75.99847278932455,56.97555176654646
90,75.95258887471788,57.00288671239043
90,75.9743021284489,56.9615445253122
90,75.9836379362281,57.04714682755169
90,75.95928768887485,57.013482619426696
90,76.01438832635674,57.00325473428285
90,76.03336027299189,57.011319105702405
90,75.9989641298051,56.95669925303214
90,76.01088736084981,57.018473628457095
90,76.00448950473081,56.99805637559871
90,76.04057957954355,56.993412140200405
90,75.98258911529037,57.02806901884612
90,75.98795712627476,56.96390141723648
90,76.00539830427896,57.04784973729606
90,75.97522429643709,56.95847504299002
90,76.01204434550344,56.9640880239388
90,76.00911310731804,56.986550883683336
90,75.99518925416223,56.968534737460324
90,76.02316919676166,57.008382009937876
90,75.98057274121872,56.97711665096499
90,75.98898770730936,56.99714047450097
90,76.01160403302035,56.99785851358877
90,75.98113019305227,57.01687451651998
90,75.99008561379185,56.983192658486225
90,75.9562546728661,56.975874975914095
90,76.04577307286525,56.983248872727444
90,76.00659254063451,56.97519110177431
90,75.97641560222483,56.98362708874869
90,75.95151924627203,56.9990156579913
90,76.01949462034744,56.98262247019068
90,75.97030003321358,56.99376737928029
90,75.9983525181011,56.97745396313472
90,75.99508567644995,56.98594652672457
90,76.03441805521983,56.98999161574656
90,76.0315620039035,57.016485318635446
90,75.996063657807,56.98720118531086
90,76.00775025218424,56.95561012508537
90,76.03424275953489,57.021589519793665
90,76.01388104713926,56.974715952601244
90,76.00844951379253,57.03601537065297
90,75.9845662736755,56.98150581549006
90,76.03664809122907,57.023976012668534
90,75.9888594215164,57.01479443119328
90,76.03463578960745,57.00548622049357
90,76.01667040094323,57.02091284972279
90,75.97562704607454,56.968094264227965
90,75.95814554070826,57.02456815684713
90,76.0402425548718,57.00390950642929
90,76.00927378090883,57.01624306333449
90,76.04198324410964,57.00747137561356
90,76.0159085887356,57.04027043836551
90,76.04791677079602,56.992940585980605
90,76.00650145239122,57.02156277434799
90,76.0173740928442,56.97662408451167
90,75.99297707527067,57.042727931353575
90,76.00055208869239,57.03303294996669
90,76.00927246833096,56.96932987487671
90,75.97566061214322,57.012925973941144
90,75.98337132798743,57.00890959329603
90,76.011338708074,57.015680212813066
90,75.97218523885114,57.03407561411284
90,75.95877250690546,56.977102232029544
90,76.0221908223068,56.981225526392834
90,75.96682210717876,57.00270900857856
90,75.97935023337013,56.96915778693144
90,75.96043646963139,57.00776514304244
90,75.9886441898098,56.95861037979931
90,76.00892799442929,57.00131470570496
90,76.00308678411015,57.003604234082545
90,76.01475490061287,57.003420838342585
90,75.99668225170959,56.9597700620437
90,75.98665979844074,57.010217110921516
90,75.9988293386653,57.031339681991604
90,75.99466855271558,56.990775531274465
90,75.98241182138844,56.99833176996102
90,75.98991937356519,56.9873775359738
90,76.01324152357861,57.014489544995385
90,76.03266834487299,57.033554188101036
90,75.97723517920555,56.99828848975211
90,76.0339565257007,57.02147844755405
90,75.986046512764,57.006400441743175
90,75.95312208157142,56.98537200490708
90,76.02011922943349,57.03746781680767
91,75.96926417414068,56.984316162445204
91,76.0335425323329,57.01522345093984
91,76.0048892845064,56.95904209210755
91,75.99701341162367,56.9950021271551
91,76.00282522249267,57.01817698475379
91,76.00910080348255,57.013157751906
91,76.01181152139708,56.97401295987951
91,75.96386036988592,56.970687386991195
91,76.0236507307388,57.02218356525417
91,75.98212702275572,56.99530799562585
91,75.99304880844325,57.0451690486683
91,76.007893247839,56.98934587466299
91,76.01523942652535,57.01411453183596
91,75.98814237954228,57.02510437143211
91,76.03794675282604,57.0038325592146
91,76.02623083215629,56.96397437887759
91,75.97850929074285,56.98879296755406
91,76.01998112394128,56.987487030026
91,76.02089428162188,56.99248077014926
91,76.01395184392828,57.00067391068976
91,75.97946280170967,56.957097034821714
91,75.9584850725645,56.99919619245722
91,76.01741663775547,56.96308002803569
91,75.97137320731427,56.98076972133107
91,76.00141615208564,57.02859511956152
91,76.02246303698892,57.01385870165481
91,75.9860892192185,57.02115590891504
91,75.97395336392658,57.01979248439941
91,76.0214197636657,57.03497491934558
91,75.96742865363645,56.99322870108228
91,76.03283728777825,56.99287781436255
91,76.0193935725907,56.98451702513208
91,75.96252601642796,57.013230731837446
91,76.02504760774464,57.00146864438858
91,76.00125940556472,56.989722351388764
91,75.98206191842525,57.011566369818766
91,75.98109945500285,56.997113701355346
91,75.9674236432628,57.01671103390838
91,76.00588935807009,57.000336345253714
91,75.96735960790645,57.00337391127884
91,76.02669402053955,57.01772952371213
91,75.95987225256084,57.00790633830955
91,76.01947201060993,57.00569471550408
91,75.99716043063592,56.99065733244094
91,75.98545814358411,57.033983566878845
91,75.97889378424483,56.99801131782613
91,76.0305549964528,56.996022261339796
91,75.98685948844755,56.993737156207146
91,75.99934638896836,56.98548375640797
91,75.99073376031232,57.00139319403116
91,75.96298567967503,56.976232564645834
91,76.03001826743402,56.99174474404088
91,75.96819829715415,56.99530805354135
91,76.01713857263425,57.01708778674453
91,75.98825522666603,56.9925650244559
91,76.00492175409889,56.99493640696377
91,75.9956300632031,57.03310644980562
91,76.01397051734288,57.018661206581584
91,76.0020304488492,56.99948469397903
91,76.00169317632964,57.0161671829164
91,76.00806953149156,57.00468429077464
91,76.00034604991343,56.982676813757344
91,75.97261624184408,56.97989480945837
91,75.96948853030597,57.00079232420537
91,75.98086930515554,57.02406098021773
91,76.01958937030437,56.984377825997775
91,76.01736546649957,56.99655134976318
91,76.0150606607918,57.010158801654235
91,76.01976528215953,57.00827974479239
91,75.99838290608199,56.968503455806825
91,75.9900649871285,57.02897268287714
91,75.97334999742095,56.972588258361384
91,76.02462707877105,56.98225640323103
91,75.98673585156173,56.985593461995606
91,75.99394917132047,56.99126150166398
91,75.99728566293285,56.99309554245249
91,76.02566750017958,56.99343197363846
91,75.96937996595365,57.01750510399365
91,76.00978042829632,57.02642996762737
91,76.00828168874793,57.00224183244728
91,76.00550605020172,56.990598246943996
91,76.00941023859875,56.99727986762782
91,75.9722529419483,56.969674653915824
91,75.98667083866178,56.97227817288176
91,75.97423021975004,57.005569294551556
91,75.99768086014267,57.00693918109262
91,76.01685828655141,57.011795919088996
91,75.99480911775365,56.98189880051592
91,76.00773113800312,56.98722694103903
91,76.00386930892283,57.01056038288438
91,76.00915480531319,56.997134732510304
91,76.01483809626096,56.96336579697722
91,75.98238156470117,57.02718188427402
91,75.98652637339426,56.966230854936924
91,76.00448950473081,56.99805637559871
91,76.01899385277703,56.998985016845154
92,75.96725145003508,57.01008096416276
92,76.01027500723806,57.02291306041443
92,75.9787313983666,56.98462294888611
92,76.04502639320569,56.9827378557684
92,75.9942319261886,56.98897152951558
92,76.01683172021198,56.9652482973411
92,75.97374455987399,57.020411606130445
92,76.04185088495694,56.982803101671095
92,75.99936554362898,56.98878932381667
92,76.00327410959197,56.98930712044783
92,76.00542832247606,56.98177070211654
92,76.00562879921983,57.047805792387834
92,75.96112162665118,57.01153393655234
92,75.9741966871329,56.96233990081689
92,76.01243503237664,57.00882882429224
92,75.96717768049783,56.982368990152715
92,76.01958361308249,57.00552647979843
92,76.0314544051278,56.96952275659638
92,75.95725199464015,56.97899861945571
92,75.97950591996867,56.98282863815578
92,76.03387193211016,57.0206783702806
92,76.04110031773173,56.99142366595126
92,75.97174725726863,57.01354242553748
92,76.04350994916418,56.98017383058512
92,75.98819726044042,57.04308286938154
92,75.99446365217071,56.9780221191837
92,75.98685797252686,56.95739700484467
92,76.00200572954935,56.95460443505839
92,76.011871897809,57.02632816545033
92,75.99533384062295,56.9727700392444
92,75.99799197577748,56.99675414692452
92,75.98027001656926,57.00374873546101
92,75.97423301650636,56.958677014379845
92,75.95257152086026,56.99967130541795
92,76.03084864083755,56.985602104809246
92,76.04485746860844,57.00320442574678
92,75.99259413749873,56.99228007986487
92,76.00537571267577,57.00663468415161
92,76.02667280812075,57.030735807687456
92,76.01259066961916,56.96725018113055
92,76.02773429263361,56.99926317648592
92,76.00783918881883,57.01483062049377
92,75.9807154657426,57.00804089130864
92,75.99800455518606,56.98317780530031
92,76.04144952792619,57.00659498248287
92,75.9880877138065,56.963627499767256
92,75.99959714790755,56.98549327367286
92,75.97428916455478,56.98634464022667
92,75.984398990673,56.96185603105491
92,75.99744683256127,57.001318814959994
92,75.99177918124404,57.03115435765583
92,76.01590372722109,57.01359348761063
92,75.97396091765756,57.01681038106307
92,76.03992158874954,56.984023934704126
92,75.99396134495126,56.955731255493184
92,76.02470969981997,57.038152027748914
92,75.99619634614858,56.98095729900132
92,75.98829872898531,56.99822881006585
92,76.02059749095284,57.008154320689506
92,76.0079158393921,56.96059234663187
92,75.9837056034192,57.028750580605546
92,76.00249577384345,56.96058463427462
92,76.00263663541952,57.011103775879285
92,76.01472226462681,56.98463044381061
92,76.03840902004974,57.01639400303005
92,76.02033162311662,56.993451786539865
92,75.97304026376798,56.96289347447087
92,76.02593395366475,57.00105468397147
92,76.00315807375195,56.96525679354649
92,76.01691449525636,56.99285211869947
92,76.00099538381923,56.98980095930819
92,75.99303332131225,57.03800739428292
92,75.97555875436284,57.028855983168576
92,75.99172564520529,57.04290486897079
92,75.97650074559076,57.01253780512301
92,75.9774615229794,57.03987010156086
92,75.99915856901639,56.97856637928561
92,76.00475520682946,57.038831512124446
92,75.98255400876762,57.019948410649796
92,76.00911472620886,57.020380193106305
92,76.00997664116812,56.96685807646236
92,76.00982455978752,57.03148794347791
92,75.95770364351569,57.00401709414147
92,75.98295216303197,56.999643742461345
92,75.98507091721028,56.984603114136604
92,76.02917847823028,56.974747931842344
92,75.99522845159143,57.009407751612855
92,75.97670022704014,56.994867860683044
93,76.02475733663125,56.95934694748673
93,75.97947830954024,56.96616999755603
93,76.01745845969272,57.0450891332014
93,76.00376279715398,56.99241263622924
93,76.02197743183487,56.98904696848854
93,75.97612453507259,57.019291610301096
93,75.97204357094068,56.99021855794352
93,76.03596634034216,56.99759815517309
93,75.97082776438904,57.023991004541905
93,75.97315395714982,56.96570045760633
93,75.99939423480305,56.9780808121956
93,76.01334890579979,57.01849680708631
93,75.96683619509618,56.97214246884843
93,75.97340946507201,57.0246208155398
93,75.97989929420513,57.01302641892615
93,76.00959951482334,56.95507128629182
93,75.96890039722216,56.9745741174825
93,75.9684770554592,56.99049566699759
93,76.00434954675006,57.048100072894044
93,76.02814218733185,57.02091101112649
93,76.00091483076393,57.01287682990532
93,75.99265158022568,57.00826909346371
93,76.01118998155826,57.017978372030605
93,76.00610088781086,56.97624624227767
93,76.01710003746207,56.99534012424796
93,75.9722691095149,56.96655930119936
93,75.97988198581615,56.990243834736944
93,76.017836968774,56.96392406199881
93,76.00652565201155,57.02691527084128
93,75.9509515206075,57.00724903651506
93,75.99113087974867,56.97756260129511
93,76.00709666416138,56.95217290390818
93,75.9861646623516,57.01117558311246
93,75.99460374990637,57.019115340786826
93,75.96492549391722,57.025925143542985
93,76.02549720190143,56.98230764993798
93,76.00194915931233,56.98378027408687
93,76.01491772242855,56.97490028590748
93,75.97854736707629,56.99108873838525
93,76.0402271519667,57.026727910229624
93,75.99710510079635,57.00496857951704
93,76.01543174497613,57.01422898334302
93,76.04614318095405,57.0061695654192
93,76.02472604839288,56.998049983222785
93,76.02048709990655,57.03718768071061
93,76.0067578045099,56.97033856173104
93,75.98211352338754,57.001427745286016
93,75.96832026075985,56.99754812032794
93,75.98942224970534,57.04474305477706
93,76.00564897350418,56.97672426094829
93,75.989302193044,56.985647167200376
93,76.04430063544105,56.985201755260746
93,76.0123433354752,56.95936183590797
93,76.04226637936716,56.980056073201105
93,76.04123586077175,57.027566579312655
93,75.97770278791106,56.98664985027433
93,76.0414425718622,56.97423918681592
93,76.00221425342606,56.98399508949941
93,76.00481623519522,56.989711855984474
93,76.03002875877138,56.97391412352056
93,75.96870206192386,56.961792186647145
93,76.00718652740062,56.98265517205728
93,75.99508446529192,56.955986548250465
93,75.97936303638582,57.00837424301889
93,76.00927246833096,56.96932987487671
93,75.97680802813304,56.95786172537364
93,75.96575937191156,57.0233127357227
93,75.9664800178321,57.026906860500766
93,76.02960007829044,57.01529838806393
93,75.97230581915314,56.98112848178193
93,76.00001820785563,56.99077609204502
93,75.99854642999284,57.00896160126044
93,76.02137517846998,56.95899527459669
93,76.04379390882809,57.00178865525335
93,76.04300797285505,56.9994079238638
93,75.96882385808914,57.031794093955575
94,76.00268271128873,57.01882297631526
94,75.97785476700442,57.040887176242734
94,75.9847770144815,57.0133145450798
94,76.01636711938244,56.96179686527102
94,75.98363647572445,57.01640138141434
94,76.03675817490056,56.98101320325331
94,76.01599791811957,56.97183144174779
94,75.98707391203743,57.028250046006086
94,75.98230697571363,56.98669913737979
94,76.00357622186482,57.00225987335142
94,75.99622592890191,56.99225989883184
94,76.02186146747711,56.96921550005281
94,76.03463769873213,57.02717982550014
94,75.99887441529374,57.01946747787751
94,76.03798543373601,57.02611569637884
94,75.99764717185627,56.97408848213752
94,75.95660951602325,57.018528208673736
94,75.9526811809447,57.00587727307111
94,76.02276989151721,57.0096012603008
94,75.98549974151358,56.98962108756949
94,75.97913308057436,56.96375461847454
94,76.0166450308556,56.98976090678201
94,76.00388928872918,56.95451667148659
94,75.96969944558768,56.98705458674738
94,75.97368764693698,56.9668534383288
94,75.99151788567808,56.9651183133269
94,76.03618964863271,56.97178714268103
94,76.02276989151721,57.0096012603008
94,75.96989645711308,57.00258224990843
94,76.00789805381818,57.044688450435586
94,75.99513888974327,56.952312758445515
94,75.99622592890191,56.99225989883184
94,76.00368395287464,56.96799752655028
94,76.02097503788028,57.01413651718456
94,75.95526190927609,56.991526154806245
94,75.98526521147245,57.045860125957965
94,76.0066593557645,56.9750726475585
94,75.9709259542684,56.98892381405934
94,75.99335298916102,57.04872867340701
94,75.99620767679465,56.960070555405565
94,76.01077731450941,57.04702756517047
94,75.96855746933225,57.02488647260716
94,75.97362215700343,56.986755763469354
94,75.99354944900806,57.00312724165108
94,75.99462438483502,56.993256716193116
94,76.0300327195811,56.96729777408349
94,76.03305966947318,57.01450322829289
94,76.03386119867332,57.0066155328391
94,76.04315647961339,57.000193709527025
94,76.03309555190225,56.99924839489474
94,75.9887337166352,56.98444074612458
94,75.98362834214348,56.99946009721678
94,75.97015329225977,57.031798647744694
94,76.03740057793587,57.028441521059634
94,75.99798500291183,57.03853542478445
94,76.04142815077056,57.008218543928244
94,76.02801322427601,57.00586981448279
94,75.99713356716123,57.027057559823014
94,75.99528044951302,56.98978792102745
94,75.99736585876272,57.010955956845265
94,75.95764900771289,57.02448209175965
94,75.97573053502035,57.02495263086165
94,75.96926417414068,56.984316162445204
94,76.00282379413557,57.030576768238035
94,75.98086404440588,57.00420981423246
94,76.02785999416672,57.033574637009295
94,76.02658585638737,57.02633605603041
94,75.96958651200032,57.01325055780584
94,76.0319295006115,57.03088077566599
94,76.00792565468531,57.01650763222806
94,75.99045261885281,56.988649662434504
94,75.98145138680209,56.989696512487114
94,75.95571695533144,56.97972216469167
94,76.01341618026885,57.01937022946828
94,76.02520584493391,56.97321026539184
94,75.96828802094669,57.02570205108242
94,75.99275969022776,56.95238910263516
94,76.00938506855583,56.96092736299992
94,75.96353526541412,57.00371352510219
94,76.02067215060588,56.992725300771994
94,75.99505224827737,57.00962662088574
94,75.97047953955575,57.00572363325126
94,76.00078062995912,57.02161485880518
94,76.00018587958868,56.97569714869243
94,75.96954657687948,57.005009501910344
94,76.0239513914628,57.03465294252575
94,75.98831723964071,56.97418667228693
94,75.95573540313325,57.02216309204089
94,76.01688999338519,56.95596483355166
94,76.00806326618515,57.010102260204235
94,75.99827385018826,56.9780240607056
94,75.99480911775365,56.98189880051592
94,76.02635971703108,56.98724171559519
94,75.96994223593822,56.99236439744317
94,75.99619969266962,56.95911461308184
94,76.01294533711904,57.00368181537374
94,75.97540737105071,57.02495418720349
94,75.9900768858877,56.99949064901262
94,75.9925790804822,56.9954619067901
94,76.04676517548097,57.00557348110261
94,76.02696861339187,56.982776437496845
94,75.9612133297731,56.98062822452822
94,75.96326949907247,57.00853480564979
94,75.98238211409627,57.042057395310934
94,76.0273248515015,56.960974839127644
94,75.95843348007196,57.02189959653637
94,76.03638642288185,56.99309966656339
94,76.02464273551742,57.00719788221864
94,76.02504760774464,57.00146864438858
94,76.00774852482448,57.01704273827973
94,76.01040731331547,57.0186294556692
94,75.98613823012056,57.01426237269405
94,75.96590855087487,56.98182943181094
94,76.04115002038661,56.999462156977046
94,75.95748624725334,57.00104624673507
94,75.96676267417195,56.99973904353176
94,76.01279697482968,57.0071437964035
94,75.97711379639405,56.97414301628574
94,76.00373341211024,56.9996666590446
94,75.99158314817441,57.03692316003253
94,75.98425988594828,57.02868680623404
94,76.0149519524675,57.01137804664839
94,75.99132680664678,56.994429862839034
94,76.00574823264527,57.02309320299069
94,75.96840426846902,56.98575927709732
94,76.01999749749535,56.9818370543644
94,76.02883255185667,56.98996586800288
94,75.97555340602436,56.99883875179988
94,75.99456221657239,56.993141049433895
94,76.0148858575247,57.03556249840463
94,75.97911702054772,57.017576976474686
94,75.9982648869897,57.0178369419548
94,75.97991597273466,57.00802925786591
95,75.98107775909884,57.018433170689505
95,76.00791253570506,56.99387353197854
95,75.9738760175085,57.02439233312143
95,76.03801050397126,57.00308109577321
95,76.02447967584723,56.969016106884865
95,76.04123705857057,56.99778582196351
95,76.02018496401868,56.99497343327588
95,76.02584247627304,57.00648359912002
95,75.96305689955773,57.00317576000431
95,75.97449618441466,57.00146780175225
95,75.9866309260266,57.01146087025715
95,76.03566370568416,57.02995503564549
95,75.98812709295034,56.99277838525963
95,75.98772790750247,57.047203005982034
95,76.01860381125113,56.99663523712193
95,76.02916381223152,57.036181044286515
95,76.04393542674461,56.97669398093263
95,75.9618836778634,56.9995656719257
95,76.04716517389654,56.990631961723025
95,76.00440798727905,56.956603855185534
95,75.96092832839399,57.00484691501079
95,76.03167138707735,56.99600244606474
95,76.00762501108981,56.96539808891412
95,76.01302336940448,56.991271643572524
95,76.02521944219964,56.96516514890537
95,76.01671068395567,57.04366103741427
95,76.01597041390355,57.03764184968277
95,75.99008990018145,56.97566594291562
95,76.03083546674578,56.9959744878024
95,75.99845390515782,57.04943252890981
95,76.02744647671005,57.00938876387955
95,75.97483774338343,57.038654147344694
95,75.95488989488672,57.019098486392195
95,76.02641254329563,57.029860191763724
95,75.98795813727509,56.98547383862104
95,75.97264060537218,56.99862734282281
95,75.97576701147264,56.965809539171474
95,76.03144094330817,57.03873859318785
95,76.02067400222424,56.99749655164522
95,76.02901294837204,57.01094103535792
95,76.00243500284924,56.96468889655644
95,76.00276668229097,57.04445884071365
95,75.99292721994462,56.986800502934294
95,75.99262813856127,56.996688714269936
95,76.03620696154415,57.031581600174654
95,75.99368689382845,57.04038095830962
95,76.00140008074449,56.96129455984418
95,75.99634729708742,56.97111077803028
95,75.96871891414052,56.985225827120864
95,75.9728149658265,57.02032120547994
95,76.01769612165594,57.034383512043796
95,75.95816110105,56.99051633289004
95,76.01232862116456,56.988418159659595
95,76.00470512184525,57.03731646965419
95,76.01742031337716,57.00070202093897
95,75.96944183199335,56.97528768621768
95,75.97616856038164,56.998769145366616
95,76.00619234356785,57.013141774783556
95,76.04285152076518,56.99937645518331
95,75.97092868764491,57.007465970861524
95,76.01844892696626,56.990093345496796
95,75.96037143025889,56.9772758646487
95,75.99055952528498,57.018048340327965
95,75.9662157933967,56.977653656871844
95,75.97812196205572,57.011981213929204
95,76.00819680916875,57.00862468013968
95,76.03673244690172,57.029109216552534
95,75.99567962629835,56.99482789082598
95,76.02400717740967,57.003437801129344
95,75.9691098900394,56.99041493930113
95,76.00450696659222,56.95536690825777
95,75.98869592011617,57.000006476207176
95,76.02868091144336,56.969795183446635
95,75.9713676818961,57.02027201725169
95,75.96276066161045,57.01291699716854
95,75.98631420014885,57.012095619231744
95,75.96317004794872,56.966628855723094
95,75.95720029740808,56.988224915106215
95,75.98835243044051,57.011012038672675
95,75.9933953402246,56.9803156543679
95,75.99113130030555,56.954472600524845
95,75.98909102438904,57.00966538291439
95,76.02939036203159,56.96835246757799
95,76.00915446558596,57.0465098266439
95,76.03970797287214,56.98737096382111
96,76.01215291195747,56.959199966793214
96,76.02487597734941,57.02110946707562
96,75.98514317786301,56.99369051731409
96,76.02535525988705,57.02974009518463
96,75.97063952771559,56.97982198401288
96,76.0325986872489,57.019258870866615
96,76.0097102560797,57.00616883589497
96,75.98002262639598,57.008685682096456
96,76.00032603778226,57.012893782801775
96,75.95695445314097,57.02272089044962
96,75.95415533651183,56.98812209471017
96,76.02919701419383,56.97442712411226
96,75.9982054267929,57.02705276619858
96,76.03540910286382,56.97224563790555
96,76.01725509134062,56.96475591828074
96,76.02744928177827,57.01510774376327
96,75.98352946161282,57.04115919858253
96,75.98164766242539,56.9667231172786
96,76.0070773580483,56.958449882822144
97,76.04135260874621,57.010810567161826
97,75.99917014876267,56.97164085448256
97,76.01568144886839,56.95416935065209
97,75.9950166308954,57.004822819228735
97,75.98633929393336,56.95958122263852
97,76.00456362174009,57.026043072538435
97,76.02292306516361,57.0016936069691
97,75.99212093255105,57.01797685256882
97,75.99180598614137,56.99472505276752
97,75.96177745078634,56.99423834439873
97,76.02891925255777,56.98483548858141
97,76.0160272950142,56.98942346083459
97,76.03937948523954,57.022410867536045
97,75.99824176974924,57.039911594417035
97,76.02419487879169,57.02862304041331
97,76.018133647229,56.99568914205407
97,76.00382979763224,57.01959453012647
97,75.97625983710107,57.02915751723581
97,76.01025102298462,56.98059053152266
97,75.98144287542398,56.972627500037284
97,75.9605730163043,57.01821696228837
97,76.02014036716128,56.9993478636076
97,75.97082776438904,57.023991004541905
97,76.02907443327415,56.96008381311919
97,75.9981168365921,57.016367015467395
97,75.96473277276696,57.00074468651554
97,75.9990246840529,56.9717724305685
97,76.02200192133516,57.03441983572799
97,76.03711878414147,56.993623098139224
97,75.98285125095707,57.01550974922755
97,76.04360235464408,56.99663851201396
97,76.0296982034975,56.98896334232917
97,75.96298602124632,56.97541069709941
97,75.97593568707907,56.995765696984435
97,75.97387901170184,57.02061345428863
97,76.03741473270071,57.03236479902537
97,75.985103559644,56.966907773235356
97,76.00682728139547,57.020099420498504
97,75.99748205453223,57.04648727519326
97,75.96569484352656,56.988774300869046
97,76.03377205183492,56.988425114142196
97,75.98130334568872,57.04190531825714
97,76.00184830897412,56.966418864154136
97,76.0096012406984,57.01551775551991
97,76.02938129462997,57.01202542927726
97,75.96692836350495,57.00390035571119
97,76.0001412606321,56.966952654376904
97,75.97953028697172,57.00227704556151
97,75.96531332280124,56.9883047595917
97,75.99317513424027,57.00617409223276
97,75.97454077578277,57.01750823106102
97,75.986039831701,56.96765501263446
97,75.9787160137769,57.02162606018719
97,76.00668271888357,56.98112683314044
97,75.97551410134501,57.039883888865084
97,75.98009232147766,56.96595094678627
97,76.01814241872009,56.96404513861197
97,75.98614086042276,57.04150065027105
97,76.04156079426718,56.985506195260875
97,75.99624340595075,56.96668772229643
97,75.97541761049655,56.96874917528173
97,76.03012627050325,57.025209719258626
97,75.97558515880702,56.965668755050224
97,75.96414102120616,56.998378845609736
97,76.03170330220496,57.00605787666222
97,75.97722841935997,56.994803469738784
97,76.00042262549606,57.016981060145085
97,76.02939623014866,57.02112808793363
97,76.02755789480823,56.98374562423324
97,75.9613968221056,57.017413702691364
97,75.9628217708359,57.033373934958476
97,76.00770469952018,57.00980981305183
97,76.02640596115975,56.985961299623035
97,75.9769474875258,57.01586444803005
97,76.02999588595365,57.03996635766321
97,75.9983152098424,56.995799742116745
97,75.97964643049421,57.031753882388436
97,75.98574112645134,57.03975979294519
97,76.00045560843523,56.96155119767594
97,76.01614952735817,57.01928308918644
98,76.01743429195271,56.95596547344249
98,75.95764767780902,57.02105380129263
98,76.0216011714318,57.02599990716352
98,75.99099744289343,56.98799200859878
98,75.99974384645765,57.006986858150405
98,75.99250551640891,57.026304824627616
98,75.99537377075251,56.99543257949114
98,75.9913122539307,56.99179457797555
98,75.99974369878484,56.988845660663685
98,75.98730920291987,56.9616214061197
98,75.98753287207894,57.02869025834467
98,75.96989645711308,57.00258224990843
98,75.96395464803929,57.024304328062314
98,75.96386136916277,56.98557493360157
98,75.99980175884785,56.95063495418706
98,75.97516409564783,56.99057454997477
98,75.97029446451032,57.01375434483315
98,76.02443442448556,56.98683234240982
98,76.04962569335045,56.99921712774595
98,76.03232859194767,56.98861690005385
98,76.04098191473938,57.004207778774585
98,75.97276488219141,57.035275290373285
98,75.98220986230206,56.976529941623454
98,75.98885994312562,56.98394154368034
98,76.01830528907283,57.000917788482994
98,76.03210430180312,56.99432068578919
98,75.96722653093495,56.99879843973541
98,75.98109700001896,57.01609725255578
98,76.00453091652192,57.013885583556004
98,76.04153258162239,56.97573523946138
98,76.00489149075167,56.963265617496575
98,75.95182280087278,57.00151877610751
98,76.00094127123859,57.03927516684906
98,76.03012776961057,56.994016993243875
98,76.02632812259392,56.992093506536385
98,76.0013511153241,56.98679330562982
98,75.98138547243603,57.025575302472745
98,75.99140534825462,57.03431460759105
98,75.98838814160585,56.95207288385471
98,75.95625617043223,56.99707407393909
98,76.00200004695394,56.99808756938816
98,76.01248149164981,57.03774521658524
98,75.99826867750933,56.96326984399258
98,76.04037922712072,57.00388483421767
98,76.00575250933679,56.98126736968322
98,76.0096187434367,56.98430672985004
98,76.0289720269248,56.9800901167463
98,75.9933260124484,57.0058237172326
98,75.99561442665905,57.01322818897226
98,76.01702159529529,56.96426175913176
98,75.9637022687184,57.030928724117125
98,75.97987893772432,57.00806427319334
98,76.0196707010005,56.991107487292794
98,76.03540025477328,56.96730064289973
98,76.01207349980045,56.96943620816516
98,76.00303150029141,56.95085984948056
98,75.98149434780404,56.955858486786994
98,75.97721706397908,56.983927065948066
98,75.99728566293285,56.99309554245249
98,76.01938752771497,57.03201683752637
98,76.03640219412928,57.009252484098205
98,75.96896643792559,56.98168960892802
98,75.99925737082393,56.998742069093055
98,76.02912544266574,56.991440175140156
98,75.95343680906092,57.01373387361265
98,76.01402926947503,57.03394260089684
98,75.95572902480697,56.97978338087409
98,76.02430098157262,57.03633773816447
98,75.9782939605146,57.01730840205004
98,75.95808044152054,56.98747072265146
98,75.99160270159855,57.001263239043254
98,76.03459483432891,56.98308494297588
98,75.99810643672042,56.966789764982195
98,75.97819205911806,57.01734516064596
98,76.02088575281444,57.0263399967322
98,75.99474988635168,57.0329704692645
98,75.98604653362422,57.04652195978411
98,75.99768065052317,57.02196642526537
98,76.04537856640027,57.01358695646078
98,75.99492236667305,56.99906042226568
99,75.95978772889472,56.979195004923405
99,76.0106457325666,57.01016782191082
99,76.02209593397556,57.026618724826925
99,76.00906400752407,56.99127650918271
99,76.04614009884155,57.003972098440265
99,76.01553637337214,56.971132857532155
99,76.0170297027829,57.038441884102454
99,75.99042538864593,57.028036138753244
99,76.00761617126777,57.028746120783914
99,75.98388645753289,56.9673653509184
99,76.01977215001921,57.031642864461254
99,75.99412972107586,57.04259939885301
99,76.03577925249246,57.01206771681297
99,75.97380805337907,57.016704143316026
99,76.03497744191046,56.96995169573116
99,76.00166710016956,57.00980053230297
99,76.0049696587962,57.01373318123606
99,75.99397506649619,57.01935534432421
99,76.00079258385696,57.02849356555848
99,76.02283913705554,57.0295747035568
99,75.98443769352664,56.967951154574216
99,76.03423983838056,57.00472242697697
99,75.97040557157231,57.00509195047776
99,75.96446024351633,56.99875505137397
99,76.01476040627065,57.01838478204442
99,75.9744589905519,57.01666531872175
99,75.96688636155251,57.035352954906216
99,75.97998421180452,56.9818694961489
99,75.97490674376988,56.96963510598119
99,76.03660330520816,57.023548260928195
99,76.02984832474638,57.01927814069468
99,76.01984628642641,57.00169696319329
99,76.01642654588996,56.967910364337484
99,76.0267677173559,57.012444315780336
99,75.98166072450857,57.02790596023798
99,76.04327413763482,56.98018637012261
99,76.00521244647669,57.00091967856174
99,76.01171605795757,56.99889532974627
99,76.02890277094296,56.992970888340686
99,76.00939912273897,57.00250016146924
99,75.95404477974711,57.00426106462481
99,76.00554731436209,57.0212668595205
99,75.9882711269798,56.99617868227153
99,76.03547024166029,56.98108421905868
99,76.02382568443609,56.97548075744965
99,76.0186073366845,57.03224792658909
99,75.99331357600441,56.9696992583708
99,76.04229886128283,57.005065031057725
99,76.00357616857048,56.98213868314775
99,75.96218029607157,56.997120066061164
99,76.01986034983219,56.979294031169665
99,75.98603832734001,57.01611214470791
99,76.02348504848942,57.036897142625484
100,75.981090452546,57.00099938279727
100,75.97891481467303,56.97607815700673
100,75.99359968249846,57.022032277314715
100,76.00361698987292,57.035380669153234
100,75.98056754476092,57.03012574443288
100,75.95899135700975,56.98612539873109
100,75.97961807065886,56.97124779201511
100,75.98795712627476,56.96390141723648
100,76.0362327921079,57.00057600810155
100,75.9684770554592,56.99049566699759
100,75.98586760252873,57.04198132417687
100,76.00704860932605,57.00201146543673
100,76.00306497731775,56.98533620806442
100,75.9827766758552,56.991659533038295
100,76.00739128809708,56.95795111853643
100,76.0241222483034,56.959005014958024
100,75.95654296956323,56.97815659215096
100,75.97779244320844,56.967790755093446
100,76.04679055858671,57.00943035829669
100,76.04146146105725,57.0162490403666
100,75.98232023778347,57.016220551137145
100,75.95625617043223,56.99707407393909
100,76.04027038655236,56.97733268690814
100,76.02496932929125,56.983418922737606
100,75.98476552627591,57.01744605282979
100,76.01872678531686,57.00414547771386
100,76.0360565022709,57.03391095738279
100,76.00012846455515,56.982492396616074
100,76.00485023860705,56.97586394897067
100,76.01765717016602,57.00348467248079
100,76.01736636685088,56.954034511081375
100,76.03693169279778,56.99322633890894
100,76.0095495075255,57.0339252506024
100,76.00198532674246,56.962228951985935
100,75.99757865491158,56.97978545045254
100,76.00618001685432,56.97320338723556
100,76.04015130274782,57.00173252793037
100,75.98756773180195,56.97944381784614
100,76.00952851915841,57.03294859154604
100,75.96780210476727,57.01243020401669
100,75.95874524454254,56.989073836771375
100,75.9747936167118,56.9846913606117
100,75.99907690450571,56.98294126206712
100,76.02270544990856,56.96629017770792
100,75.9954932512153,57.02111627646799
100,75.95231693164881,56.98520093613373
100,76.04325119491479,56.99775708735193
100,75.97780152883709,57.00721247208069
100,75.97153731531583,57.021747503615245
100,75.96935332173948,56.96407704188924
100,75.9862097727283,57.04574060659194
100,76.01534284061763,56.9960585507284
100,76.00394093511285,57.04339386554057
100,75.99199776443913,56.97340905147304
100,76.0097102560797,57.00616883589497
100,75.9954633136076,56.989544368627605
100,76.00342963524936,57.035893681832604
100,76.03112907080794,57.02317484182198
100,76.02909002766086,56.972014724400616
100,76.02182285797166,57.04271316019762
100,75.9575193800191,57.00063536113458
100,75.97682498897403,57.04082841158696
100,76.02478375380375,56.969102118544114
100,76.0023306285828,56.97170786453151
100,76.00498791740144,57.02582187630847
100,75.9840012453724,57.02606383311864
100,76.00157286634095,57.033844277680615
100,75.981627647864,56.98944782319285
100,75.98135668469874,56.98616214867559
100,75.96977886407467,56.98862417309266
100,76.01594155104017,57.01012836992008
100,75.9788301394517,57.04270389076113
100,75.98573520234523,56.99249667789346
100,75.96176373734225,57.01237163393088
100,75.97558932063126,56.98403532526862
100,76.02124059445,56.9681793253611
100,75.99669155486157,57.01397865071405
100,76.00412556164864,56.98381321566884
100,76.0329862265166,56.97502757853595
100,76.0313182331983,57.00331513442796
100,76.00595091034839,56.95439822216777
100,75.96207330604155,56.992238048022145
100,75.98330054795143,56.98069994031249
100,75.96985516161529,56.996160750770755
100,76.01157074663844,57.0174911458423
100,76.00990596862411,56.95123307222772
100,76.01900153049763,56.99170212067283
100,76.03532647319894,56.984301546884666
100,76.04703628051375,57.00639587729461
100,75.9773645278806,56.95548412671247
100,76.0121102155956,56.982136073991256
100,76.01276290753893,57.047434589288116
100,75.99301654602883,56.95631191645604
100,75.98405167487722,56.98758383330885
100,76.0150298734404,56.990507842856665
100,75.97569257048899,56.97367238206734
100,75.99034437936477,57.01044172277368
100,75.98180073967377,57.034613331757306
100,75.99374830000029,56.99053357700479
100,75.9655368746871,56.99337056649688
100,76.02406868203072,56.97095720240812
100,75.96524745991768,57.03305213833002
100,76.00784222267033,56.998218098276745
100,75.9813272733164,56.987058392001344
100,75.96849348229662,56.978874696445686
100,75.99754216020209,57.039128349223795
100,76.03857370805774,56.982681823614
100,75.96388987459213,56.966248633873896
100,75.95228536364725,57.00483840170812
100,75.99334128166448,57.006981262568864
100,75.96960824794654,57.01301359850378
100,75.95855045857896,56.98629105284778
100,75.98288722042057,56.95788006380357
100,76.02070516288805,57.00758705806369
100,75.9900768858877,56.99949064901262
100,76.04626090103639,57.012903098036126
100,76.03433351940008,57.02843785017284
100,76.02459762120986,57.02420951908488
100,76.00618945351764,57.024941863015194
100,75.95246860410056,56.98943611294492
100,75.98526384860912,56.99366526168047
101,76.03533943014104,56.99680447801392
101,76.0079186832466,57.03908523499088
101,76.02499974841412,56.98795722975147
101,75.9962341963049,57.04850549047553
101,76.01528233218302,57.00927344094955
101,76.00301303547894,57.039785914345885
101,76.01153342350916,56.96049887450465
101,75.98971125079932,57.01129661582893
101,76.02617880554641,57.03038171340912
101,75.99626349927055,57.04776216030084
101,76.0030186905031,57.019181121017034
101,75.96533740211082,57.02172439913947
101,75.99199776443913,56.97340905147304
101,76.0283187379115,57.01991426189
101,75.98220275593164,56.98815766996129
101,75.99385302917126,56.99349811677578
101,76.02513815106548,56.997430658473895
101,76.03233874854537,57.0323231466836
101,75.9532312203034,56.98900059405339
101,75.97695113266263,57.00402919057433
101,76.04098986686748,57.02017304642835
101,76.01650990985661,56.981339374590426
101,75.99123694360595,56.99117504294421
101,76.0356874643105,57.0042360869956
101,75.97065308765394,57.005526054544994
101,76.02846629645747,57.037344291353946
101,76.02256331769834,56.98461504314872
101,75.95964117315387,57.02230007360097
101,76.02457982274865,57.00233483460584
101,76.01496202549966,56.98009766465305
101,75.97927540302415,56.97053793827163
101,75.98101134279655,56.95958731397229
101,75.98534699452621,57.04658881808995
101,75.99706836576392,57.037815563651215
101,76.00329041320077,56.9658373781803
101,76.00262557798398,57.03466023767569
101,76.01654194164978,56.962931475343716
101,76.02206343912498,56.966206107684854
101,76.0091848720214,57.02138370533663
101,75.99105691255339,57.034244256245756
101,76.04941997963145,56.999755864703786
101,75.97873351524592,57.00079980032002
101,76.01367574202558,57.01739911304943
101,75.99788759713978,57.02733497832925
101,75.96454635827396,57.00535922852821
101,75.9971513494152,56.981853919876635
101,76.03568075767352,56.98239630043145
101,76.02078120511753,57.04546868315145
101,76.04127927601878,57.00831490075826
101,75.96669555997553,57.016743854439504
101,76.01885213865539,57.01233525682814
101,75.99005654591978,56.9968621616127
101,76.02310757594556,57.03255191596868
101,75.99945046300653,56.99373398001376
101,75.99018606300065,56.99869940197831
101,75.99347431042926,56.97204317433893
101,76.00377019921758,56.96554946841274
101,75.98910667937564,56.999079221468996
101,75.98696654126441,56.978738025105
101,76.03318791993223,57.036452089839315
101,76.02122606676015,56.959186810291044
101,75.99443022224231,56.98040741939478
101,76.00387856005189,56.95194738062324
101,75.99418679377929,57.031967887875716
101,76.02405739863659,56.97481124307075
101,75.99769088314264,57.044639018730784
101,76.01914108183861,57.0271611853892
101,76.02788447021014,56.973916225521
101,75.986039831701,56.96765501263446
101,76.00699058224782,57.02541621317104
101,75.98711187177166,57.00328056217274
101,76.01804804890122,57.03708490918708
101,76.0349096636337,56.97812091432885
101,75.99118201691873,57.031786105860995
101,76.01502721212246,56.99360303463976
101,75.9803199828365,57.025267845169274
101,76.00840172718124,57.0114928635585
101,75.99979464171369,57.004759617603874
101,76.00064277772024,56.97395193992244
102,75.96349189533497,57.002175036178286
102,76.02268729494287,57.02647000419733
102,75.97632725587403,56.96746025227599
102,76.02930285753452,56.96616503838831
102,76.00390509526358,56.99604884304679
102,75.96016238180556,57.00685765762775
102,75.99207967196523,57.00561116626406
102,76.01155676947215,56.98320202667773
102,76.00033879847201,57.01239745863834
102,76.0408987016085,56.97800926056693
102,75.96294543832136,56.97980786625929
102,75.97554879261217,57.013448885207595
102,76.02517377486122,57.041161870937415
102,75.98397547724171,57.00000209264652
102,76.01111570862676,57.03618913035636
102,75.99904206451676,56.9893108607528
102,76.03553723979358,57.00677831260904
102,76.01185513655024,57.046475605517216
102,75.99389031516196,56.98995319472243
102,75.99673611794404,57.017040587553495
102,75.98401565223307,57.02714592234466
102,76.01113463396186,56.968051298429735
102,76.04332910150418,57.00886784894344
102,76.02253420795446,57.002678363536724
102,76.00783918881883,57.01483062049377
102,76.01162988148926,56.98402445251879
102,76.01832726075915,57.01497659592427
102,76.04278855469234,57.02423006060377
102,76.00783168458815,57.020046627601936
102,75.96738895101412,57.0309281446354
102,75.97890646667985,56.99695134853638
102,75.95845232181439,57.0104210375638
102,76.00918416393512,56.96690760077774
102,75.98071355012014,57.023403285991385
102,76.00972061583158,57.04156142773385
102,76.01979178584176,57.00537106792624
102,75.9928575867426,57.046951885497485
102,76.00890860337853,56.97267141864852
102,76.01168886359375,56.996757993104865
102,75.998769646312,57.0130470464409
102,76.01823274750183,56.96642464921799
102,76.00655600724616,57.047671291849724
102,75.96326949907247,57.00853480564979
102,75.99008306222923,57.01723076843941
102,76.00074322952733,57.02629904955225
102,76.02803113054027,56.97870059899533
102,75.97124243243317,56.994720827240876
102,76.0345688717988,57.011114548543986
102,76.01848068779599,57.007893433110944
102,75.97802673435075,57.036606181580666
102,76.00400109149012,56.98938565295578
102,75.99376038069585,56.991198675437396
102,75.97908893383905,56.96492641518184
102,76.01599175187884,56.97949446308564
102,75.95187761290114,57.00310471708084
102,76.01190448054975,56.99065335851818
102,75.99701038989674,57.03966412801253
103,75.99373757362447,57.0386608948387
103,76.0454523607781,56.98030752351218
103,76.01076644253129,56.97965256568892
103,76.00583357080434,56.97220358187649
103,75.973449772891,57.03551930981388
103,75.95244039182093,57.007951522530526
103,76.0119775706599,56.95242717065102
103,75.99232975014678,56.98745272258197
103,76.02373073493044,57.03045887467254
103,76.04527744555726,57.012613244669794
103,76.00835129585639,57.03807244658075
103,75.95742065139892,56.987049096683215
103,76.01615289714327,56.981316958211494
103,76.01326214908903,57.01174011726652
103,76.02465819907583,56.990743430641295
103,76.0290346848604,56.95968223939341
103,76.00465572589893,56.99856567282113
103,76.03499803727378,56.99275438029819
103,75.97934150141835,56.99224355494263
103,75.98462086322259,57.04170854645764
103,76.00948171368357,56.96628547185652
103,75.95172619568308,57.00374111525476
103,75.99256598043264,56.98641984912886
103,76.01891134452475,57.03068626654711
103,75.9738886731077,57.03798496912212
103,75.99717863094871,57.0439061705078
103,76.0354065064152,57.032008313685346
103,76.02418519115369,57.03376647534073
103,75.99465455092576,57.00640523998612
103,75.9676113037416,56.97764977747462
103,76.03714604526388,57.01711348400883
103,75.9623487549551,57.00379464109486
103,76.0365124419536,57.00823562428178
103,76.00299788775492,56.95364599882018
103,75.99716043063592,56.99065733244094
103,75.99688187452891,57.00237199453379
103,76.02833820425718,56.97384862345083
103,75.98232023778347,57.016220551137145
103,76.04591793278675,56.99206909824432
103,76.02786868090672,57.03091368583778
103,75.99303666252962,57.04090046679869
103,76.00388846199412,57.00411673768017
103,75.97948290464853,57.03293749558354
103,76.00965436354025,57.01308056946186
103,75.97075133341993,57.017163447087896
103,75.9809909116391,56.963448643598696
103,75.96941925634844,57.021043426082656
103,76.01303432179697,56.981381509155334
103,76.01913140630751,56.966920479822534
103,75.98364228714992,57.00849167073692
103,76.031615279294,57.00496270777136
103,76.02300108227236,56.964091891043246
103,76.0315777115888,56.98460555079346
103,75.97788109099481,57.025625028906205
103,75.99756131852043,57.00137674890078
103,75.95828729014208,57.000020505615986
103,75.99657707136424,57.045908116796504
103,76.01486891797761,56.98088457013486
103,75.96157514975134,56.990541931010235
103,75.96709594546982,57.0229311491151
103,75.9751559193908,57.00245403624252
103,76.00946725794378,56.967905810696465
103,75.98195213665998,57.042151924436034
103,76.04344089619268,56.99523188490136
103,75.96626510456034,56.9877258084257
103,76.00236103046207,56.95905381154479
103,76.0070302930423,56.96689029544677
103,75.9522456329767,57.01173233393477
103,75.9776540707572,57.0240217148061
103,75.98050984119928,57.031582542088415
103,75.99554230246144,56.984237416796546
103,76.02563994613882,56.961397121405724
103,75.98919384445732,56.98049787299018
103,75.9956525092089,57.01467844035675
103,76.01578528748097,57.032661673307445
104,76.00813265250437,57.0342514269518
104,75.99348098409762,56.98055920304617
104,75.99715853828947,56.96447224565534
104,75.97840658112005,56.956926670299445
104,75.98798275146379,56.97631056812778
104,76.01212378915058,57.043970290560864
104,75.98139953675023,57.03064653419455
104,75.98093830758445,57.0325777601109
104,75.98124442851008,57.026869884915406
104,75.96400909149563,56.9835837381278
104,75.98708121795723,57.01638304117648
104,75.9922325741136,57.049310033329746
104,75.98575574679099,57.0178471178173
104,75.97414357801271,57.03168688969017
104,76.00458534200556,56.99378487143268
104,75.97093504851411,57.01497735390706
104,75.99744237469966,57.041939993251624
104,75.99164373553027,57.01951919510664
104,76.03914037101285,57.017524319999566
104,75.98862192087424,57.010414943563916
104,75.97859966128536,56.957892593569355
104,75.99035235556093,56.99088122087558
104,75.96716824451782,56.975433315635236
104,75.98484621432249,57.02248087599014
104,76.0093684877902,57.04094819152889
104,76.00015373749292,56.97932560362032
104,76.00583357080434,56.97220358187649
104,76.01668340158638,57.025399002182745
104,76.0401032896989,57.00545112563865
104,76.0105132235828,57.03480930732819
104,76.0090102465744,56.970897215942614
104,76.01058428928157,56.99250053648758
104,76.02189217783676,57.032408860524875
104,76.02917714234646,56.982303523276855
104,75.96645722049226,56.99180961222949
104,75.99865976111882,56.99096390254101
104,75.96359103528874,56.991331736417706
104,76.01476040627065,57.01838478204442
104,75.99474988635168,57.0329704692645
104,75.97492348043643,57.00938175601553
104,76.01698140346329,57.014189502727305
105,75.9961957265574,56.97348009169011
105,75.95304097672424,56.98808912192208
105,76.01110049668262,56.99362853018345
105,75.98789563058016,57.019373716585676
105,76.01611102944543,56.96200082372934
105,75.98488509322891,57.0307998129386
105,75.98677990513505,57.00358787762013
105,76.04174680098858,57.01824118846319
105,76.01691539853113,56.997515457469895
105,76.0125373337312,57.019339670789115
105,75.98053675039803,56.9869997140877
105,75.9805617395596,56.984704985979455
105,76.02506702493207,57.00717762103784
105,76.0089167453384,57.01173131142322
105,75.99447548505466,57.010880229655214
105,76.00679067083308,56.99986551804362
105,75.95632281647015,56.983499183575404
105,75.98882356422405,57.02284461913802
105,76.01518112680932,57.01356208798665
105,75.9877821824018,56.98526849492514
105,76.03266731306536,56.980098800972065
105,76.02350271534944,57.02391842595908
105,76.00883605602002,57.00789452358514
105,76.0234289501145,57.037055776272055
105,76.02744487127504,57.036863150683686
105,75.98850295076278,57.04376907055791
105,75.97443871384438,57.01398070690077
105,76.0402556182424,56.98455670541894
105,75.99622395289205,57.00312531440644
105,75.999849060626,56.97726640125484
105,75.97729497717295,57.04006361344106
105,76.0236094177608,56.9642160383326
105,75.9573346042827,57.006836742077475
105,76.03804224939378,56.96975364697677
105,76.030465519399,56.976736718755255
105,76.01883906430038,57.000924075685944
105,75.99394535464525,56.953240435546775
105,75.99027019491157,56.96892372040119
105,75.99221660759244,57.01597497538055
105,76.02453608015522,56.96953279415223
105,75.9984663094524,56.958488632027944
105,76.0112450713213,56.98729649137915
105,76.00792565468531,57.01650763222806
105,75.98443352289965,57.00697727248453
105,75.98297006082707,57.031650132361854
105,76.00304212751082,57.00192541463768
105,75.98788465178576,57.04677132753756
105,75.97274959552786,57.015704664879564
105,76.01208736285238,57.04137748218072
105,76.02364444625829,57.03437260365948
105,76.02498199966924,57.01934203855387
105,76.00980745738114,56.96490269824129
105,75.98907821686217,57.02610455290385
105,76.02324268187006,56.959900880819674
106,75.9937081450563,57.030471219966486
106,76.0196926736217,56.99035603820573
106,76.0110577471914,56.9915786038935
106,75.99521352963335,57.01995317806662
106,75.98014190255131,56.9926622048972
106,75.98242883421855,57.0186969110283
106,76.00777258571817,57.04466619996398
106,75.99839755350314,56.96543069652602
106,75.974991738839,56.96748642514805
106,75.9803666460759,57.02241494710993
106,76.02601047066484,56.97487517813882
106,76.02531091557529,57.020868309863836
106,75.99764879630135,56.95977115555308
106,75.99602526707375,57.04856430365251
106,75.95256612689948,57.00910918639306
106,76.02468667286334,57.030398912729666
106,76.02444538248724,57.022352801016304
106,75.96369014856472,56.97212588020066
106,76.03173207805686,56.96334616325276
106,75.98360180220635,56.99293436293342
106,76.01710812100309,56.956023019932594
106,76.00331091360268,57.03241011332946
106,75.99919481579457,57.03543849906727
106,76.00335550025018,56.97157428092136
106,75.98839368545546,56.99655632415411
106,76.01248813322852,56.97532318480298
106,76.00004503759669,56.976065816115074
106,75.98549974151358,56.98962108756949
106,76.0084112076082,57.01378848492201
106,76.01956889329027,57.00179868438874
106,75.9952308419348,56.95196966879047
106,75.97979739085395,56.9902995139571
106,76.03371167440676,56.99187615627172
106,75.96272765873782,56.99221506794169
106,75.97597878412229,57.01634411277508
106,76.00044985339639,56.96508991236942
106,76.02350271496935,57.043977759583406
106,76.03640579417002,57.03160736082124
106,75.99831945341583,57.009819248787764
106,75.9920325580135,56.96436958439694
106,75.96711307609849,57.031017128238396
106,76.0365063161881,56.991415043948784
106,76.00388603836758,57.02487372223721
106,75.99806662190664,57.0183093863705
106,76.00501221897969,56.9761159389797
106,76.01119335479385,57.04477109453846
106,75.9647500577088,56.99214398547895
106,76.01878540638087,56.98083619398771
106,76.02684704191677,56.96137523559382
106,76.02745948808584,57.01980989788514
106,76.03935029108956,57.001060771182836
106,76.00188282750466,57.02070665673614
106,75.96421380971185,57.0348958882549
106,75.99669510518765,56.95193024958796
106,75.98991937356519,56.9873775359738
106,76.00880849666707,56.99365040897356
106,76.02661362427469,57.0231425756071
106,76.00098827335202,57.008703433915755
106,75.9901002518189,57.01981026339321
106,76.01713857263425,57.01708778674453
106,75.96796348923512,57.01617085157704
106,76.03782578642674,56.97910108776654
106,75.96912755326382,57.01364177621045
106,76.04259401932664,57.00478775317816
106,75.9924913547915,56.990844509646365
106,75.99237100701644,57.01278667054738
106,76.00916542917291,56.97961126623529
106,76.00872822061669,56.99357964946996
106,75.97078417685891,56.99300180879492
106,75.98959708958186,56.95586357919532
106,76.0027910289469,57.03851555034857
106,76.00244134494247,56.99954547035815
106,75.98211352338754,57.001427745286016
106,76.00663692428837,57.04692561204571
106,75.95576810765405,57.01036155421623
106,75.98696654126441,56.978738025105
107,75.98680732038532,56.99297615404889
107,76.04659909885167,57.002140417915655
107,75.98540635610001,56.97918371608177
107,76.00492146910702,57.028031732426385
107,76.04457429786356,57.00221015490091
107,75.97842754151793,56.958292293947146
107,76.04224861840561,57.02417797246485
107,75.98635172193258,56.997693752719876
107,76.0000729274517,56.97854634902955
107,75.98333137486428,57.00434816523085
107,75.98247967103562,57.000014280657595
107,75.99007882952574,57.0033897764298
107,75.97964734030448,56.994728039387304
107,75.9787006076499,56.9562947520151
107,76.00810199722679,56.96789123000129
107,76.02010959149769,57.007047842913344
107,75.99894309341626,57.02379044017959
107,75.99590572822835,57.00043697261872
107,76.02689670614464,56.97945841046406
107,76.04281666631404,57.00286525364439
107,75.96216789692681,57.025436967210084
107,76.0199080666459,57.020340962546776
107,76.01898542832065,57.004886373511845
107,75.99663632556774,56.98631356115117
107,75.9751512331609,56.99267945164811
107,75.98290508712437,57.01206675536582
107,75.96971138761572,57.023940488315965
107,76.03438185997229,57.01262966529678
108,75.9644570390562,56.98092133779583
108,76.03077402070241,57.02855750399627
108,75.98175203399639,57.00090291008099
108,75.96330126251858,56.988646578737885
108,75.96902445255031,56.962450663337535
108,76.01938756362902,57.030307137346654
108,75.96205279971282,57.00348267543968
108,76.00176662973261,56.99262114247785
108,76.00975786728148,57.01698363578408
108,76.02603866286755,57.03980070828105
108,76.00186614816921,56.99959906274213
108,75.96586468090803,57.02224192053028
108,75.99831945341583,57.009819248787764
108,75.97955682134622,57.02550185646154
108,76.01167432301524,56.97416787508488
108,76.0174427781242,56.97960806628512
108,75.9787160137769,57.02162606018719
108,75.99598349949967,56.969136912402945
108,76.00706664409373,57.032774747727935
108,75.98281525152761,56.9874040514644
108,76.00642137540304,57.02175266412111
108,76.0077212624192,57.01769772590363
108,76.0230852120518,57.02820837244585
108,75.99871780654371,56.99220159041368
108,76.01416582574639,56.994307315971604
108,76.0220239238561,56.99128134084981
108,75.99994111104678,57.02768283739364
108,75.99910275162638,57.029622363245416
108,75.97940674340977,56.954549848898296
108,76.03090976730125,56.99907456171167
108,76.02066234242277,57.04488370101893
108,75.96664609447781,57.00294889096801
108,76.00105640298342,57.02945550995073
108,76.031723687261,57.022412777846824
108,76.0266740313432,56.971425018687555
108,75.99740021494408,57.008139059754804
108,75.98047631112756,56.98472283742214
108,76.03349280452639,57.02056130500319
108,76.01427222894502,57.0112019467213
108,75.9509635449785,56.99068264986075
108,75.99383854109617,56.994982832800645
108,76.00088728939694,56.96554918478683
108,75.95963271932608,57.02913393767012
108,76.040970972139,56.978985030980276
108,75.99065004054107,56.987305692859664
108,75.98642322323268,56.999080032471504
108,76.02205503534951,57.030298193856915
108,75.9576880650433,56.97837004646739
108,76.04599161458984,57.00982449960299
108,75.99841880742895,57.006816574807566
108,76.03160047197883,56.980858854915205
108,75.99348386253307,56.96856383061173
108,75.96019247034133,56.97751578540702
108,76.00579498778903,56.9512606606656
108,76.04556212249452,56.99636994505015
108,76.02544551119708,57.03590549113507
108,75.9847770144815,57.0133145450798
108,75.98911500974044,56.99285845223273
108,75.98695511653767,56.96298452776808
108,76.01514282542583,57.00352977908589
108,75.98174046134437,56.99909151447669
108,76.01666161130649,56.963581293183026
108,76.01005735629882,57.016987072218086
108,76.00218822598475,57.04819064871856
108,75.99970173199245,57.01885024067624
108,76.00668885670696,56.98880175478966
108,75.99240548129447,56.99194113759335
108,75.9933121929469,57.019293378732186
109,76.02858492308539,56.96188327583009
109,75.97117415494596,56.97656070437057
109,75.97451756986884,57.00859412182375
109,76.00912674133873,57.03593294746221
109,75.99779346541648,56.996913151752786
109,75.99700421965369,56.99738197988005
109,76.01661580090646,56.95890164338018
109,75.9889942090291,56.99701008044179
109,76.02196015748191,56.967697202760405
109,75.9952944431757,56.970561142043955
109,76.03706028964082,56.98621164553204
109,75.98901628899117,57.00324538042401
109,75.9992993141185,56.97014998723476
109,76.00618070117687,57.0230402068197
109,76.02846629645747,57.037344291353946
109,76.0213281630742,57.0035123424953
109,76.00265199572621,57.02336490994332
109,75.99057196115938,56.96138358732834
109,75.95959230038183,57.02695903290056
109,75.97382266093092,57.002016072541394
109,76.00596273085272,56.99612550803188
109,76.03955742108268,57.01121693019053
109,75.97772244618824,56.98928437209829
109,75.97914743462657,56.98737202935038
109,76.02171820013292,57.0030636743011
109,76.01388320310963,56.97764868307134
109,75.98669255822767,57.0206489891081
109,75.98211349177731,56.98187122289032
109,75.98828660982142,56.99193564596832
109,75.98608363603188,57.04798204746919
109,75.99133960058025,56.99559207848392
109,75.97460518804206,57.029243613623606
109,76.01991384586931,57.02247052634171
109,76.04016266959769,56.97599409395762
109,75.98115949052975,57.007333001409584
109,75.978680304786,56.96630015809471
109,75.9984530428833,57.01484228070697
109,76.00793796619838,56.97984583975385
109,75.99353149746922,56.97942827807834
109,75.97319463009644,57.00137745399034
109,75.98097274888732,56.99329018061822
109,76.00109725292764,56.98256724505431
109,75.97355368407995,57.040549523971286
109,76.04133924499138,56.97877111591298
109,76.02436868763806,56.98045629293804
109,75.99809199077694,57.02310307498112
109,76.0375909500531,57.01052408195886
109,75.97089066027506,56.977092932412674
109,76.02978646332348,57.036992867633764
109,76.0312398834025,57.014908454201546
109,75.98431123683373,57.0305500994584
109,76.0043657708839,56.960756027101375
109,76.00418941897914,57.01045618065245
109,75.96536460637782,57.01154856876306
109,76.01421056207,57.00834484841542
109,76.02456288087333,57.01314890894592
109,75.99938141920909,57.00911403738836
109,76.00214115668493,57.00151469131641
109,75.95221858961479,56.99765255729606
109,76.01840926038753,56.970307464494205
110,75.9669657468709,57.03047823463704
110,76.02309191355569,56.993908008414174
110,76.04233113653562,57.000483984406145
110,76.0246233282226,56.9565720052073
110,75.95717508631579,57.023160356903205
110,76.00457890062707,56.99723532221721
110,75.96780982301608,57.02543180827771
110,76.0125273012088,56.9755246961937
110,75.96291157056503,57.01107848498072
110,75.96021734533832,57.00846965379617
110,75.996345578822,57.04392433106402
110,76.03692445711367,56.97063561465515
110,76.0464489957827,57.007742697684165
110,75.98698033942917,56.965649321018525
110,75.99754216020209,57.039128349223795
110,75.95540898398944,56.99150634159763
110,76.04262153141782,56.9777369814896
110,75.99786333099571,57.00705504529286
110,76.03464227821152,56.98274763761403
110,75.99982451953258,57.01747430337058
110,75.98563794063662,56.98159041876386
110,75.98280393410826,56.966664333787335
110,75.97548519040718,56.98190173752278
110,76.03086015639427,56.9774648725639
110,75.99294210463654,56.96997170431181
110,75.97998205004552,57.00726273954867
110,75.96923852144809,57.005760659133486
110,75.97462063500893,56.95786216995244
110,75.95964867939522,57.010171831038264
110,75.96692779949436,57.023064994653296
110,75.98242692744097,57.03076868158459
110,75.97264060537218,56.99862734282281
110,75.97525445598663,57.02809845672889
110,75.98889418903161,57.034514269522575
110,75.99640471995168,57.042373386669446
110,76.02878362928828,57.02841891432392
110,75.96666391445565,57.00651217398015
110,76.02582335287303,57.00534069771119
110,75.98090037355217,56.98360858349567
