gene,x,y
1,66.01060669281912,78.01376301543247
1,65.96225460430392,78.0314816753345
1,65.99545109408193,77.99933140145001
1,66.0193494790604,77.97601658464173
1,66.01082506512365,77.98718184332859
1,66.00322150155704,77.97136011794052
1,65.96880682325367,77.98362002604536
1,66.00615103703048,77.97309783779667
1,66.01214107128578,77.99696347550673
1,65.95039448635349,77.99521417778135
1,65.99402158864065,78.01575644636188
1,66.00889378126418,78.03484655379125
1,66.00201761543548,77.96914579823638
1,65.99214126818924,78.03623211087574
1,66.0144440577707,78.00206611753427
1,66.02096890811436,77.97459519183028
1,66.03582545586512,78.0229808266973
1,65.97816876856416,77.96008460632316
1,65.96694143864406,77.9893960496086
1,66.0252629217486,78.012952775322
1,66.03671146394841,78.03334653150831
1,66.0370176091335,77.98652277280043
1,65.97555702902298,77.98803978079916
1,66.0173201699646,77.98605938085106
1,66.01588819581018,77.96535626467278
1,66.00753053765297,77.98159766437837
1,65.96500335458849,78.0099800140562
1,66.03685068111217,78.01994785640069
1,65.998300279241,77.96889900138639
1,65.97635624996617,78.00913644204769
1,65.98750139326538,78.02297744274146
1,66.02348284020938,78.03413636339926
1,65.98335474640929,78.01045244409352
1,66.0192025316214,78.04099561814367
1,65.96047253052036,77.97688333083815
1,65.98702796592993,78.03548766662614
1,65.97441046050973,77.96781512243817
1,65.99398377372843,78.02533615187686
1,65.96462223986086,78.00850904804507
1,65.9692460083196,77.9656343913361
1,65.96365752959186,77.98869320584588
1,66.00009571630677,78.0207156786451
1,65.9984460036891,78.00386172169291
1,65.99138263581585,77.98781488478929
1,65.99772134710902,78.01938579522292
1,66.02542700567837,78.03822462209752
1,65.99641843248178,77.99055400957617
1,66.00709839599126,77.998629718555
1,66.00732996703138,77.99547829418321
1,65.97915333173027,77.98759860228246
1,66.02667003878,77.98999118108918
1,66.01015215583602,77.97850032862105
1,65.98972506017452,77.99135533375144
1,66.00472159254238,78.03556911539756
1,66.01480355054389,77.99128957096326
1,65.98873098181035,78.04601613381547
1,66.02243426283367,78.03333096384361
1,65.98334184185666,78.00608968111081
1,65.99326671910403,78.02397140302111
1,65.99480460125305,77.99353505102619
1,65.97245666923824,78.00185810895111
1,66.03795317486053,77.98938192164448
1,66.00065623916748,78.00901942485409
1,66.01906454978189,77.9916708757556
1,65.9811621402947,78.00357832385785
1,66.0121718612546,78.03101753541533
1,66.02331525181562,77.99056295150385
1,66.03338049204866,78.01262978441119
1,66.03924725922566,78.02161864244088
1,65.96677472307411,77.963391642705
1,66.00940915984542,77.99142267503879
1,65.99384694603738,77.97845399096842
1,66.00112565480192,78.02214672808125
1,65.98049225978151,78.00185331488741
2,66.02606355015452,78.01505669601302
2,66.01524948290394,78.00922333855718
2,65.98486859825516,78.00082331984194
2,65.9993809025411,77.96450148856154
2,65.98876801779545,77.9930160775124
2,65.98147561984881,78.02582456895227
2,65.99398377372843,78.02533615187686
2,66.00836680589276,77.95239818342448
2,66.0183363416651,78.00935401665728
2,66.04768877703707,77.9881952266657
2,65.97971349046013,78.03501455909016
2,66.02444111974836,78.00703355003063
2,66.00479037574878,77.9829687797469
2,65.99855036161138,78.03486590342436
2,65.98738529832409,77.96645515507768
2,65.98554944029915,77.99862768280738
2,66.02164706179406,77.98547622051903
2,65.9675017005945,78.00764610369613
2,65.96823873264094,77.99119566879504
2,66.01665870982468,78.02761325281014
2,65.95844022878939,77.98632626245642
2,65.98133474160049,78.00803879253998
2,65.98174437202766,78.01796276685889
2,65.98686390870724,78.0124915637842
2,66.0188133146046,78.00163354308636
2,66.01035921554094,78.0063478045553
2,66.025524701733,78.00147132613638
2,66.01857526914293,77.9905434046014
2,65.99836954883912,78.02243754041776
2,65.97569349940801,77.97010064389792
2,65.98763149883527,77.9730515347725
2,65.99824708275952,78.00475914022427
2,66.03805864503046,78.02762957015706
2,66.01708597396664,77.99644688207658
2,65.96587020127949,78.00926094902762
2,65.98285998342492,78.02731633280456
2,65.97710765673853,77.9732050380618
2,65.99230296643434,78.02295088764244
2,65.97912216296804,78.01981206475926
2,65.98279452442168,78.02975546691769
2,66.00844290379054,78.00283765642338
2,65.97852484758396,78.00981328308686
2,65.96814882570064,78.01138457006888
2,66.0083568466853,77.96180050557197
2,65.976311753533,78.00847762046749
2,65.99079033828158,77.98019148386534
2,66.01183238966078,77.99872267928869
2,66.02732121722828,77.97438627188667
2,66.00608788524865,77.96840137652411
2,66.01125344615991,78.00564984283974
2,65.98736665976837,78.02606330646637
2,65.97887002138064,77.99811873759448
2,65.99170613076448,77.99541028704968
2,65.9763569189255,78.02789507522348
2,66.0265274824592,78.0279621112878
2,65.97740539038813,77.97584333979215
2,65.95526408220525,78.01705613754883
2,65.99996516466969,78.0120393334017
2,65.99694152608734,77.99955845874013
2,65.96706348737834,78.0326766314066
2,66.02026819978154,78.01672907415366
2,65.99863320866847,78.0271488763129
2,66.04053314793357,77.98800387154546
2,66.00739491091204,78.01902961851637
2,65.96252168356577,77.97483618533174
2,65.99609104619051,78.00188131344672
2,65.99076550912626,78.01938644399557
2,65.99150426154638,77.96960192910852
2,65.96838532749213,77.98585699173968
2,66.00357562789343,78.003985177556
2,65.99869649363136,78.0296929373229
2,65.988451334843,77.99458688102976
2,65.98371379398871,78.01177205149334
2,65.98031259429212,78.0324513885405
2,65.98281315524785,77.99550530829192
2,66.01154395318997,77.99928998306235
2,66.03088228916812,77.98407031846877
2,66.02343862386779,78.027805753125
2,66.02400286502716,77.99119904499713
2,65.98356323004656,77.96356398923167
2,66.01418633531031,77.99983229676985
2,65.97602151377147,77.98367114383358
2,66.0207380992239,77.98853982307159
2,65.96008112240595,78.00501332571788
2,65.99861088297985,78.00942187565407
2,65.99165100510206,77.96392757376502
2,65.98213570491923,77.9887793217
2,66.01552699069501,78.00216294116845
2,65.9983122363383,78.0163721829178
2,65.99227687827504,77.99093170566752
2,65.95737362012758,78.00080319132422
2,65.98492956706626,78.01410239207691
2,66.04519564712709,78.01329584228665
2,66.0005782791091,77.99966044209381
2,65.98066804381412,77.98067618831115
2,66.0127167735355,78.01212699117586
2,65.99982903608228,78.01026116065638
3,65.99330909629771,78.00204928993925
3,65.97036418025165,78.0326796991218
3,66.01707161649907,77.99763647613615
3,65.98849247115962,77.96672071960462
3,66.04640092328941,77.99765542660262
3,66.02272422818233,77.98456268472165
3,66.00433627224777,78.03139146902393
3,65.98064225285333,78.01087185581345
3,66.04217120867433,77.98820146564533
3,65.98647730199919,77.98689740335153
3,65.96091103708764,78.02447514791739
3,65.99686141180977,78.02644144168605
3,65.96329185045596,77.96771971659534
3,66.00187316734441,77.98175178896652
3,65.99028186150427,78.00469332104458
3,66.04390415199236,78.00595623832682
3,65.99217570663893,78.03109100102374
3,66.00979577876802,77.97401109288538
3,66.00211490004702,78.00832836202741
3,65.97231615457976,77.97281671218583
3,66.0079832997435,77.95487046737931
3,65.9781385800457,78.0210307080564
3,66.02612681680154,77.96441592751017
3,66.02430693189396,77.95863095184707
3,66.01598694291776,77.97145967695518
3,65.99920114501879,77.9845094317409
3,65.99184491271123,78.0464544795511
3,65.95363918114799,77.99329492708554
3,66.00213258659035,77.95413954386345
3,66.00369754925403,77.9755340776364
3,65.95234941098052,78.00239027610935
3,65.99279009609097,78.0339778663051
3,66.01486615256488,78.02907474201447
3,66.02035413882376,77.96590250362355
3,66.00273231696798,77.9825710558497
3,65.96195159469248,77.97477787395837
3,66.02150537111011,78.03107967609604
3,65.9879036050403,77.98471698939916
3,66.02013603940321,77.99020021812187
3,65.97640986116006,78.01161626629607
3,66.00038722069611,77.99673724945139
3,65.9675017005945,78.00764610369613
3,65.99286860874436,78.00127369699058
3,66.01388973999923,78.00145335442764
3,66.04217873381496,78.00580552056998
3,66.02300605276515,78.0334268430511
3,65.99441522220931,77.99598009506119
3,66.042560065736,77.98060007832156
3,66.0399714745772,77.98964653549065
3,66.00576850233244,77.96959494583749
3,66.01020751588861,77.96808158811976
3,66.03092127787065,77.98473171329675
3,66.01479811203079,77.98507240220589
3,66.02310949050793,77.96497610223987
3,66.01574885201491,77.9725782027219
3,66.01315705560965,77.97289713223502
3,65.97313421379802,78.02124437735549
3,66.0042451930117,78.00303195225642
3,66.01998715946134,77.98506554467043
3,65.98385574311989,77.96654229161663
3,65.99123413069329,78.00446914350051
3,66.0132639997597,78.00521486577686
3,65.98395497964499,77.95606622173575
3,65.99085458097679,78.02479119539986
3,65.96462440547026,77.9993275530771
3,66.03248406392773,77.9905499946063
3,65.99556637128173,77.96397454157989
3,66.01107111447116,77.9908654432018
3,66.00587474417269,78.00792884580893
3,65.98697959223212,77.96446592853988
3,65.96749219627173,77.99089329219964
3,65.97254240547947,78.02873122634789
3,65.99678474234271,78.02657228898627
3,66.01902134576645,78.03351368574073
3,66.03568711537774,78.0044424400376
3,66.02174335323558,77.985521836581
3,66.00577228058803,78.04559877293703
3,66.02504057595792,78.02610160095458
3,66.00769908515426,77.95385894424513
3,66.00606268167134,78.01548154216998
3,65.98732389366806,78.00777406059319
3,65.98837676314903,77.98343240009604
3,66.01909110556313,78.02021306863514
3,65.96724637211881,77.96733360190996
3,65.99338030557686,77.96338465997339
3,65.95470154983917,77.99912173729346
3,66.04078625194018,78.01431088679293
3,66.03532083969274,78.03057981997394
3,65.98299200205439,77.98516230954762
3,65.99920114501879,77.9845094317409
3,65.95878222968713,78.01995085758028
3,66.03876309288333,78.01062731383425
3,65.99448596978718,77.96049476589637
3,65.95494128212944,77.98147274340931
3,65.98082942836022,78.00345643478498
3,66.02107411631913,77.96288861436501
3,66.04489639869968,78.00666502599525
3,66.01879859341962,78.01121983178147
3,66.00410484934427,78.01690008658964
3,66.0382516284101,78.01878724083817
3,65.99949981649537,78.00641428196963
3,66.01953953002294,78.03791816543054
3,66.0193214892433,77.97789917584092
3,65.96405003447981,78.00413260357551
3,65.98416050575996,77.97759431545461
3,66.00233932331184,78.02270289141721
3,65.96729599741093,77.99356989350201
3,65.98361599040499,78.04370505019848
3,66.02765362601977,77.98029632177452
3,65.99209426299166,78.03304712749515
3,65.99222524563552,78.04511540637228
3,66.0032138872498,77.99214455335785
3,66.01668264637985,78.01727000514947
3,66.00488559457148,78.00690816555134
3,65.96394989506426,78.01537435764943
3,66.00720503264246,77.95558568627806
3,65.9898963671764,77.98197861602574
3,66.04543488421034,77.99605709819065
4,66.01252638851581,77.96172994856985
4,66.00499496201193,78.01390593746795
4,66.01763611977401,77.98458573369196
4,66.01584110239554,77.98917421380008
4,66.01627397961413,77.98646990522002
4,65.96158034244912,77.98487392437372
4,66.02446439876944,78.02720264984269
4,66.04162476762116,78.01836422233127
4,66.02365344876328,77.99938410716115
4,65.96538463306183,78.02066113547625
4,65.99571521111079,78.01427017613645
4,66.03418910445625,77.98422416532067
4,66.01600712969241,77.96775239377673
4,66.00016986343832,78.04960972256788
4,65.98120318020815,77.95922811946792
4,66.02946001751758,78.01343430759117
4,65.99258825368116,78.0178843148798
4,65.97963237644883,78.00222028957516
4,65.96723915599482,78.00379593272547
4,65.9659788667986,78.02824687995802
4,65.96194640120352,77.97883741553854
4,66.04666261172494,77.99166633057271
4,66.01866414506922,78.04328026409478
4,65.99379770499708,77.9825221472859
4,65.97452678272177,77.9622531010873
4,66.00733101908072,77.97922482159821
4,65.96931353491699,78.03000342900464
4,65.99218253634308,77.99245723893289
4,65.99149609408478,78.02294024513583
4,66.0102595886976,78.00466676437942
4,65.99061565616942,78.01046030154443
4,66.01576039682548,77.96356268807625
4,65.9767795565635,78.00593155573064
4,65.96081911616916,77.9917911176036
4,66.03042672321207,77.98282922099817
4,66.00513889341372,77.98647870232226
4,66.02396657724202,77.9842707301423
4,66.03036419246983,77.96778905739374
4,65.9940546300441,78.02156299244106
4,66.03495922313576,77.97954790611415
4,65.96444973237932,78.03442740067963
4,65.96197804840163,78.03057268754216
4,65.9756475597971,78.01235696209321
4,65.99730666819353,77.9625707232378
4,66.0029877084,78.01419478018636
4,65.98225570656797,78.01142615006793
4,66.01871391737183,78.01211532751151
4,65.95659028461489,78.0116384530004
4,65.983629460691,78.02178521415794
4,65.98473046026359,78.01746298467624
4,66.02134057151949,77.98859376583542
4,65.99499113482462,78.01874329178561
4,65.99654061999017,78.01221420778477
4,66.02196130845428,78.01107690400508
4,65.9788989656232,77.98806265252392
4,66.0089817344909,78.00403218046493
4,65.96753992217923,77.97217258543583
4,65.99314837481,77.97614434489239
4,65.97724488300686,77.97438002564579
4,65.95500362414039,77.9959489382577
4,66.00638449550019,77.98388891703237
4,65.95204469652495,78.01022677082497
4,65.97486665210486,78.01445498042106
4,66.0203213764366,77.99198066076194
4,66.03815622496788,77.97174560293263
4,66.01355863195418,77.98508302835572
4,66.0149672036198,77.9953420125314
4,65.99342457824255,78.01823955998877
4,66.0018979361836,77.98568488177378
4,65.96810879306308,77.98145419555524
4,65.97191630091004,77.99229486931925
4,66.02356717157863,77.96757095889086
4,65.98168774885139,78.0332742356972
4,66.02469602837775,77.96670443257491
4,65.99227660557983,78.0050094859836
4,65.98512265400271,77.96188980244446
4,65.99935367894592,78.00177913513886
4,65.97774155054078,77.97976108512147
4,66.01973306953347,78.0076824358355
4,65.97491581811079,78.01966214578003
4,66.00092588864057,77.9915552981241
4,66.01828898928606,78.02069855801697
4,65.98487112733969,78.0259240279811
4,65.96864571224889,77.9817202724616
4,66.03356857364993,78.01282153466357
4,66.04073036968241,77.99987226850418
4,65.97593909552366,78.02870888426901
4,65.97866324734684,78.0002072704113
4,66.02839736054753,77.99814636513705
4,66.00245420441257,77.99785249576628
4,65.95190238839075,77.98643319854216
4,66.00306479816021,78.0074531306873
4,66.0160186665391,78.02692329228516
4,65.96046309010303,77.982357798304
4,66.02356204351946,78.0351712120651
4,65.95684959964399,78.00898370531712
4,66.01635949430252,77.98016623425842
5,66.00631552016343,78.01137953564658
5,66.00212773115304,77.96295411191564
5,66.0473199179033,77.99857327976423
5,65.97007634614272,77.96582535240282
5,65.99845813769865,77.99277106955694
5,65.99242026610978,77.97682442267511
5,66.00674798789449,78.01735876383576
5,66.01409279129108,77.96785998057351
5,66.03430414150493,77.97972750839749
5,66.00680189784168,78.02417832746448
5,65.97902169668127,78.0046439563145
5,66.01154314020378,78.04202507866391
5,66.01787638874735,77.95526602125194
5,65.98725657838212,77.97193740074172
5,66.0017935129351,78.0459893842014
5,66.01896845061046,77.95529924364615
5,65.95971942891924,77.97586853480443
5,65.98755957827859,77.98170985133314
5,65.96544858626555,78.0286473160065
5,66.00312456924907,77.97709440909557
5,65.98110726417784,77.99939283765515
5,66.04199105597543,77.9752298050149
5,66.02666917568567,77.96537312389825
5,66.00515700115773,78.01042581378827
5,65.97890420680514,78.00408141314668
5,65.99291483758985,77.96350632449061
5,65.95652916444284,77.97695730989795
5,66.0196023015316,77.98780763080653
5,65.9548335134042,78.0017302646325
5,66.01148577212852,78.01922929274329
5,65.98452252875232,77.96139414984314
5,65.95867546494321,77.99787015881513
5,65.98688824216292,77.99002157054348
5,65.95605445439409,78.01841725769624
5,66.0088979568133,78.02015741528137
5,66.0135242114409,77.99776284370148
5,66.00812242277662,78.00412543944609
5,65.99095158095331,78.00299110391019
5,65.99489301910099,77.97899707720882
5,66.01840166715347,77.96443883798301
5,66.04030143719359,78.00506634650644
5,65.97749148928756,78.01744924797491
5,66.00258273795997,78.04400007035917
5,65.9710946476801,78.0134282860952
5,65.98225453902353,78.00220547533951
5,65.99509451073372,78.04318411274957
5,65.99057627528396,78.00989381070984
5,66.0000610092451,78.02531221720683
5,66.03426804933437,78.00462880849807
5,66.02164706179406,77.98547622051903
5,66.03367886388155,77.97425406740065
5,65.96761252495685,78.03124948323956
5,65.97724322165023,78.00484470969157
5,65.98825980169565,78.01938121875395
5,65.99865682352319,77.95441693150437
5,65.97704078009185,78.03748453174659
5,66.01091101115414,78.01582026183118
5,66.02178496598687,78.00336535261205
5,66.01730300515251,77.98989880142902
5,65.98347985563024,77.99228984765335
5,65.97373460594083,77.97485962752177
5,66.00966152941882,78.03478920424999
5,66.04064728024582,78.00098637107854
5,65.99999652239889,78.00310163668996
5,66.0384254065927,77.9923308260599
5,66.03868247729649,77.97562988497138
5,66.00077676336515,78.01979875704421
5,66.02012074072881,78.02762772147456
5,66.00858318320388,77.97958925973515
5,66.02285307369577,77.99111025325229
5,66.02864788090825,78.01940974097096
5,65.98501473879865,77.9598870313095
5,66.02648720614629,78.0392181632267
5,65.99772496476102,78.00936081540254
5,65.9764738186982,78.00847655178661
5,65.9789223008928,78.00689988896494
5,65.97717879368209,77.9742124858468
5,66.01066409522831,78.02725918560465
5,65.99506244714684,78.00286504154455
5,66.04508610125586,77.98992675890189
5,65.95701929218275,78.01143046035277
5,65.9664964105043,78.00563746228842
5,66.02010915813774,77.991288162008
5,65.9953886796037,77.95678990278697
5,66.01153735233486,77.98008404360066
5,66.04029727065605,77.99723059283524
5,66.01208604266989,77.96355979796311
5,65.97549521628537,77.99957235597414
5,65.95992701641082,78.01985817991782
5,65.98225850820172,78.02017462806371
5,66.03493240891517,77.98746407619839
5,65.97449464194906,78.0303769008513
5,65.96433110358852,78.01016779233535
5,66.00608447269865,77.9616654323955
5,65.9719609213291,78.01921223320912
5,66.04377040804283,78.00033922238643
5,66.0184873693526,77.97707303933304
5,66.03405341760566,78.03408302942825
5,66.01757037595911,78.04242516567118
5,65.98188117471797,77.99119376662549
5,66.02431325118299,78.03903368246408
5,65.96895329169699,78.00942377926538
5,66.00126845199024,78.04940992164359
5,65.99903389398837,78.00260799136598
5,66.03204701076186,78.01229623874032
5,65.97574545313067,78.04148504797602
5,65.99713146466786,77.98316500976173
5,66.03748260406594,78.02385855587592
5,66.02330919364397,78.03672078620554
5,65.99545956514292,77.98171042575453
5,65.95016360538115,77.99600298628867
5,65.98640934435758,78.03695386674613
5,65.96690704666699,78.00435984903763
5,66.02593101167024,77.96959824604771
5,66.02157811685085,78.0450387532027
5,66.02325063590608,77.97327647886868
5,66.01425046045074,77.9919918544902
5,65.97432286394621,77.97003101657403
5,65.99253808921054,78.00859879923979
5,65.99208952426136,77.99981265735444
5,65.982930519245,77.98830076569206
5,66.00348899838126,78.02516150855082
5,66.01362142448379,78.02822280832513
5,66.00316628520073,77.9662652179462
5,66.00699407117473,78.01634904743148
5,66.02179277907392,77.98886542293572
5,66.02177192755995,78.00697187469426
5,66.00160257091228,78.03273487524207
5,66.0400068756567,77.98496719409343
5,65.96306102069373,77.98320407116763
5,65.97141884802882,78.03137435815735
5,66.02609991517352,77.98733097746724
5,66.02207043222361,78.0363085949921
6,66.00414102395567,78.02827003092418
6,66.02629351522768,77.99414903329347
6,66.01329803446791,77.99498847548837
6,65.98097387628984,77.97574244936905
6,66.00452195990083,77.97140340138166
6,66.00666883853395,78.02772539166416
6,66.00798704982539,77.96592070929236
6,66.00896415823902,78.00256361838002
6,66.02019293940131,77.95655969954029
6,65.98455149667835,78.00550853862893
6,66.02351765395406,77.98610327187228
6,66.00769964932586,77.9956970870463
6,65.9851528141429,77.96748156611146
6,65.99196797920354,77.9700389862116
6,66.02107411631913,77.96288861436501
6,66.01039311780671,77.99041858726008
6,66.02771601307221,77.9717666166141
6,65.99840729613403,77.97453735027165
6,65.99062944097587,77.95769046068492
6,66.02086165720073,78.00839697151919
6,65.95962392613431,78.01163488145475
6,65.99903001103841,78.02025450151321
6,66.01435253133722,77.98526261689283
6,65.96806180793143,77.99714080179693
6,65.99915138053514,77.98991520531065
6,66.01874327876006,77.96878229090964
6,66.04231357860516,77.97661936207483
6,66.00149183282498,77.97481913177752
6,66.00443327188768,78.00563220684136
6,65.99416538214038,77.98991286208631
6,65.99944663640724,78.0000191441356
6,66.00057305651707,78.00268300768482
6,66.01355251675655,78.03741384561538
6,66.00556808220611,78.04006505982252
6,66.00838310699507,77.95923023267751
6,65.97402094686414,77.99553117059253
6,66.02134749855435,78.00449354668798
6,65.99995617943976,78.01829555211759
6,65.98024005332303,77.98714422741843
6,66.03509277855838,78.01262652118065
6,65.99189257560775,77.98352035981677
6,66.00304386952575,78.0019861505543
6,66.00411393953418,77.97175696497925
6,65.98559050579415,78.02036781576966
6,66.03740102428789,78.00783703200928
6,66.01263053900213,78.01180926161412
6,66.00175513089715,78.00984740038913
6,65.99502884008156,78.01577493327102
6,66.04283518119017,77.99588518670092
6,65.99177897282502,78.01572481973818
6,66.01552882415888,77.99762634023699
6,66.04413038020813,77.98374575741175
6,65.9710946476801,78.0134282860952
6,66.00641666484375,77.99984930307781
6,66.01354058325654,77.96328618786949
6,66.04199975156793,77.9950956084911
6,65.98154334143004,78.0063414018193
6,65.98131833568691,77.98019328862974
6,65.98851136280364,78.02436272431453
6,65.95881746189872,77.98383400535404
6,65.9824766608361,78.00301618554293
6,65.9723603281614,78.01052039642481
6,66.01823894908408,78.02727828722622
6,65.99703915570458,77.9832478077822
7,65.98183557304492,77.96595619499054
7,66.01043147902318,77.96082726110345
7,66.007208582407,77.96000560350113
7,65.99180261191472,78.04125186264949
7,65.97974690881583,78.0045522683794
7,66.02386795333096,77.99729115196467
7,66.03292122376705,77.99017027521532
7,65.99797856813001,78.00086248233076
7,66.01176987400481,78.00822804511184
7,66.01327429484948,77.96045780872412
7,66.01281479094818,78.00909582890542
7,66.00242646462364,77.98670819283852
7,66.00097047338959,77.95632826405227
7,66.02639490296288,77.96411960160931
7,65.97230951929974,77.96813561549612
7,65.97703230139192,78.00285268965808
7,66.00932662086915,78.04478463499672
7,65.96454746512879,77.9966335769731
7,65.98857520377133,78.01748425283914
7,66.04398525945743,78.00120755279605
7,65.9700561087123,78.02361451460287
7,66.0436097096077,78.00188976026939
7,66.00357808143482,78.01625397095754
7,65.9909392535309,77.95512409098703
7,66.02948362032868,78.03800388356805
8,66.02274104191237,78.04058448586883
8,65.99378078608132,78.01680623125254
8,66.0346000239878,78.0276516276802
8,66.00692619102391,77.98196388793853
8,66.00909368657253,78.00043724864331
8,66.04872116604982,78.00881691454977
8,65.96132885202444,77.9888906749231
8,65.97735464795076,78.04305324325986
8,65.99726749869457,77.97292467350438
8,65.99057593015756,77.98759665049022
8,66.01382881779735,78.01992850363898
8,65.96294518229054,77.98475370535486
8,66.03828297977867,78.02909592441861
8,66.00140567700423,77.99470194105702
8,65.99471731051051,77.98770254201195
8,66.0331918715365,77.96725850396888
8,66.03598561956214,78.00998753772429
8,66.04414792052404,78.01572078507719
8,65.98919273198953,77.9869471392403
8,65.96278538763988,78.0247126621352
8,65.95743774416229,78.01046915907014
8,66.01611126576888,78.02787314298764
8,66.02179277907392,77.98886542293572
8,65.97731124803272,78.00589940466547
8,65.97655929881378,78.02820011739917
8,66.04523009709939,78.0204087622681
8,66.00889084240494,77.98237440797018
8,66.03711478049195,78.03290471913564
8,65.95532096186014,78.00630430318107
8,66.026484250762,78.01195870813085
8,65.96687902167655,77.99072850427284
8,65.99684921282837,77.99281813586614
8,66.00349869603149,77.98843304279747
8,65.98262301434507,77.97967777236636
8,66.04642548651046,78.01339240812018
8,66.03408856062947,78.01987626628028
8,66.00510773063064,78.02910128246634
8,66.03738263895141,78.03123836020079
8,66.0283791403687,77.98355943045483
8,65.96404469413538,78.00776971359242
8,65.97442035284193,77.96035997141256
8,66.00309646502221,78.03311327305194
8,66.03843354980533,77.99943987319844
8,65.97833930912218,77.97875037930035
8,66.00649106454836,78.0432676698229
8,65.98850726928599,78.0126174635433
8,65.97168209745067,78.02039993630603
8,66.01862694047271,78.00548787757427
8,66.03318365875525,77.9975701075923
8,65.99005157964788,78.03586584402491
8,66.03755790865365,77.97508254782103
8,66.00699859277404,78.02557969908356
8,66.00603216695379,78.03762490572399
8,66.04098815716236,77.98447409679483
8,65.98288551874995,78.01821860731171
8,65.97894184655559,78.00450970379445
8,66.03392363785076,77.96978707722371
8,65.99995679147207,77.99772764054451
8,66.03773992203173,78.02233202076964
8,66.04765105094776,78.00232800762876
8,66.02468431846353,77.99435187809175
8,66.02269567927141,77.99244569948047
8,65.99286860874436,78.00127369699058
8,65.95234401049842,77.99246954425936
8,65.99544078791345,77.98072740374859
8,65.95823106288768,78.00478611595028
8,65.97417386422744,77.97787289469086
8,66.01847225827535,78.01626230532499
9,65.99050213653173,78.01993611448982
9,66.0334030905209,77.9948503107305
9,65.98433027694281,77.98540916172605
9,65.9834608173842,78.03213219504278
9,66.0050059714293,78.03554397022253
9,65.98813523594845,77.95346952212044
9,66.01488268095876,77.99489137231004
9,65.98920281321435,78.00886956836871
9,66.02551026169846,78.03594263369962
9,66.03992620920474,77.98199846044277
9,66.01866324952996,77.97809342845461
9,65.97815452224158,77.99649339935087
9,66.001141795616,78.01971952048399
9,66.0005036941485,78.04414885255325
9,65.97649590549896,77.96013289173041
9,65.99475187294722,77.98725079799823
9,66.02103451156277,78.00773790570572
9,65.97756830465185,78.01801155197165
9,65.96187613335995,78.01169615200615
9,65.98045851997193,78.0245579422562
9,65.99652688516584,77.95580564461585
9,65.9760063600021,77.99813839548561
9,65.97273191555004,77.97126863087526
9,65.98925316017854,77.98771460617547
9,65.97337418232487,78.00855614757731
9,66.02463515606847,78.00918693167864
9,65.95495203456593,77.97852901572095
9,66.01206349261324,77.98703429784143
10,65.95875889822764,77.9906206447875
10,65.98620550754696,77.97422630450531
10,66.0115596599038,77.9862027716295
10,65.98905169389131,78.00757322132647
10,65.98614667782826,77.99326364039213
10,66.01783119285444,78.02103017812925
10,65.9876333657311,78.01275869526994
10,66.00788812806222,78.03915052200229
10,65.98498589031992,78.02533623791597
10,65.97502437516147,78.00468342884625
10,65.99273039475513,78.00770277608866
10,65.95312170678942,77.9887105561839
10,66.01009335430062,78.01547302730395
10,65.98054071181014,77.97821882443827
10,66.03350016441493,78.01291960214535
10,66.03910256059604,77.98985353279107
10,65.99895905307015,77.97635487416149
10,65.9876729646977,78.01601409380942
10,65.97402884704327,77.96063012819629
10,65.99175756437026,78.04000908773693
10,66.02022849623087,77.97656171265038
10,66.00647535915242,78.00021959996835
10,66.00552130823145,78.01477223031019
10,66.01507659428988,77.96625736458232
10,66.01740742378477,78.02090624617594
10,66.00328001527647,78.03698577433215
10,66.0194798047846,78.02258580384924
10,65.99865927212502,77.9911277979015
10,66.01225366505577,77.99163828238713
10,65.9909718264808,77.99231793677555
10,65.99992405731425,77.9549220289107
10,66.00328301804514,78.02479832227196
10,66.0007772390997,77.98531959805422
10,66.01103452420142,78.01130628262838
10,66.00061201183581,78.02214452270307
10,66.01272948252112,77.99622631432518
10,65.9814731668055,77.97777406299782
10,66.0017667411652,77.99866092161736
10,65.98130238384888,78.00771727886256
10,65.99571974970928,78.02104697579105
10,65.9895190952898,77.99607213077552
10,66.0187073815512,77.96354369510306
10,66.00974529035057,78.01989417060962
10,65.98161428431686,77.98311601414227
10,65.97792713624003,77.999953875016
10,65.98744922176054,78.01153765027698
10,65.96729218565885,78.0164388325161
10,65.97557077024364,77.95770492012255
10,66.00961557845525,78.00662499348826
10,65.95823709403857,77.98648476950241
10,65.97058842028306,78.01262996943024
10,66.00132656618351,77.96097026345572
10,66.00952076450518,77.99343886454207
10,65.98167493631497,77.97520740354345
10,65.99361700015801,77.9920513339906
10,66.00394659457362,78.00173382422963
10,65.96770549853656,77.99686609526027
10,65.98300700907639,78.03008854837434
10,65.9881137736574,77.98923773742004
10,65.9809803588957,78.01760705767425
10,66.02674727161605,77.99312042903462
10,66.00481808896083,77.99223467705656
10,66.01672548132312,78.02129013193749
10,66.02082357815094,78.03092105095219
10,65.98258699178284,78.0105319995446
10,65.9680566047195,77.96956646365221
10,65.994837661417,77.96766582994358
10,66.02167472873677,77.99336828238208
10,66.01963838856933,77.99859082547293
10,66.02682892738339,78.03111986407521
10,66.01003808158433,78.00424235053295
10,65.9720269871029,78.01316032831052
10,65.98992887923704,77.9797293453626
10,65.99987448901481,77.9820579376969
10,66.00181471678678,78.01917096062131
10,65.98219494135012,77.99524637632565
10,65.99850190447904,78.01892828779246
10,65.98342587827447,78.01761400526313
10,65.9987804032027,78.00155399147287
10,65.99216557423756,77.99484065355396
10,65.98496721561911,77.98941977424832
10,66.00887884668686,78.00987979258821
10,66.02239793948254,77.97824337365142
10,66.00880137225374,77.96928941671068
10,66.00240559946961,78.01821936252021
10,65.95837669667868,78.00642494428351
10,65.98682907284862,78.00952047930987
10,65.9991352776741,77.99980707160447
10,66.0393130771542,78.02661174594992
10,65.98187796604581,78.00737994385709
10,66.00352563970006,77.98721605410238
10,65.9865605379059,78.03988689885048
10,66.01207819019437,77.99049523140788
10,66.03448839629326,78.01730373885592
10,66.0402824563047,77.97505217144489
10,66.02338393138339,77.9793425614986
10,65.97440463543396,77.9810720411106
10,66.0415958727977,77.9766513985368
10,65.98391789724639,77.97125936397963
10,65.9537766149634,78.00114342897282
10,65.9927829435506,77.98072035214689
10,66.03342705458539,78.00804306119174
10,65.98282969266805,78.00424469243495
10,66.03139053653464,78.00730510740122
10,65.98916192322446,77.96921577689274
10,65.99398803986453,77.99686293646053
10,65.99563197809755,77.99156177637354
10,66.01583747420847,77.9825724383978
10,65.99571076488083,77.96467383685919
10,65.99478125885653,78.01461257258904
10,65.97059829863194,77.99841048086928
10,65.9795332372524,78.00030482000203
10,66.01259757986378,78.02210450295817
10,65.98638091134428,78.0059392891868
10,66.00056175519396,78.00570729623334
10,66.00232767857084,78.01125189485455
10,66.02259733673536,77.97839894786465
10,65.97546166705652,77.97557762103204
10,65.96805737599314,77.98166792660021
10,65.96619927496653,78.02952212394146
10,66.00285880171121,77.99768733497274
10,65.9909678493581,77.99327278265817
10,66.00678080823937,77.99853734218492
10,65.96748250317113,77.98357690274321
10,65.98192500075214,78.01322715913646
11,65.9827959210775,78.01763093561941
11,65.98876303556429,78.01968161371089
11,66.0379196971211,77.96858345511434
11,65.95644764788466,78.00645851739678
11,65.97524088462008,77.99076078911115
11,66.00838411949714,77.96911094529145
11,65.98851109361055,78.01258588679804
11,66.02523386577427,78.01271824512675
11,66.0367170890052,77.98803464763661
11,66.03423527187425,78.02651031373188
11,66.00534794312154,78.04386758191981
11,66.02339687612027,77.9639473433521
11,66.03062142099148,78.02871106950886
11,65.97697436050508,77.95988456614717
11,65.96409958640254,78.00410560258626
11,65.99782992835854,78.02744367507474
11,65.9993242250546,77.98802431094745
11,65.96371634538052,77.96675079791964
11,65.99376106106078,77.98308079014943
11,66.01801126693533,78.03567946982386
11,65.98464893661169,78.01013131792863
11,65.99458451039094,77.9776658173998
11,66.01791376206275,77.9909409018028
11,66.0124998330023,78.03051991718476
11,65.99104807959817,78.0451303391753
11,66.0050285516203,77.95499517538165
11,65.99306621969079,78.00478416389146
11,65.98884604282497,77.98602446037258
11,65.97790208488526,77.99246513062776
11,66.01532384596635,77.98714030493281
11,66.04361787071534,78.01443392789558
11,65.98639389397708,78.02586572662962
11,65.96164332913911,78.0011463654181
11,65.99616739924402,78.0090147710036
11,66.02806532311007,78.02504688597904
11,66.03312026989649,77.98996362668653
11,66.01671841922139,77.96530550705069
11,66.00173575252175,77.99626933854245
11,66.01174396866324,77.97040703395537
11,65.98482501827716,77.95403174891017
11,66.0040131979405,78.00123670995154
11,65.99691668585622,78.03414582056152
11,66.01956608815955,77.9978811267005
11,65.96690123348694,77.97517547429564
11,65.96617427279041,78.00869311136543
11,66.04745376180928,78.01477241831114
11,65.99185285010547,77.98096865744216
11,65.96801382304928,77.96234458219223
11,66.00726426818652,78.02067725840791
11,65.99471033922936,77.95276989568802
11,66.00643359509206,78.04349948264768
11,65.99331067576722,77.98956383680802
11,65.99890703901794,77.97736423962402
11,65.99012246008782,77.98601376275195
11,66.0027989069623,78.02905437989158
11,66.03544239477995,77.9916291863299
11,66.02069309104121,78.01009118927658
11,66.02988700558167,77.99338006676896
11,65.98156131016503,77.99500672301733
11,65.97472693675667,78.02880062898616
11,65.98653026413037,77.99979580593711
11,65.99061565616942,78.01046030154443
11,66.02829964553906,77.99358771215265
11,65.9817401706176,77.9707570990459
11,66.04110771301978,78.01045595018702
11,65.99875139308826,77.97595498639024
11,66.03113720370348,77.96851892067387
11,65.9711979925952,78.00522687635646
11,65.97151141381498,77.96243590590541
11,66.0270583121837,77.98672367944717
11,65.95155313768963,77.99773707671224
12,65.98620411445027,78.02547820638783
12,66.0025862019027,77.96937112337879
12,65.990114044287,77.95497473990774
12,66.01373098766632,78.02068123170433
12,65.97312845693476,78.02330899153526
12,66.02561955945664,77.9798402226493
12,66.02154754172636,78.04404802645783
12,65.98039137739691,77.96626619675321
12,65.98205298074916,77.99675039109434
12,65.96982260647023,77.96955000723008
12,66.03402515900612,77.98134464569932
12,66.00614231820013,77.99112781902659
12,65.98548746140865,78.00135612590314
12,66.00977567857373,78.00290292845341
12,66.00385858053221,77.99340235474345
12,66.02894281507686,78.0180886185982
12,65.96551844414367,77.98267320039871
12,65.97545196852066,78.00210657480149
12,66.00305768167799,77.9920664163918
12,66.00667973029383,78.01636678041747
12,66.03991308653116,78.00357046414167
12,65.99374436599767,78.00722878474076
12,65.99559231327606,77.99751654657308
12,65.96262755145318,78.00061116781482
12,66.00873659087048,78.00859083584352
12,65.97330703059501,77.97394446047218
12,66.03256282356791,77.97654672475873
12,65.97141976530088,77.99771774545381
12,65.98641482027396,77.98910360456325
12,66.02760474837342,77.99132897315259
12,65.95783750039757,78.02415150489011
12,65.97451567534839,78.01766186893447
12,65.98613736786389,78.01183293758527
12,66.01548614370638,77.95906036197405
12,65.97219160621911,78.03658712305746
12,65.97067468846595,77.97544653088954
12,65.96742739874429,77.98789905798337
12,66.00637849151303,77.96113858936891
12,65.95402739011735,78.00477485741946
12,66.01251849046346,78.02411450265942
12,65.98837019740782,78.02240627903868
12,65.99018876942426,77.95221437336107
12,65.99134374608302,77.97654667240161
12,65.98295947751011,78.00283047213682
12,66.01941681732572,77.99482815523712
12,66.01901983631613,77.98345001912232
12,65.97779701111429,78.03901931782727
12,65.97403842628603,78.01459997784552
12,65.99205607992988,77.9988133897225
12,65.97738830298029,77.97699111559865
12,65.96791472212716,77.9908689652672
12,65.97125171676645,77.9612093126259
12,66.03005203206703,77.98300750077934
12,66.03068131995539,78.0191513570366
12,65.99044800408036,77.95277987188184
12,66.0099163175315,77.9860298511253
12,66.00659237585697,78.00103534555511
12,66.03658176226912,78.03279658475286
12,65.97036864925376,77.97709111188459
12,66.04159602649733,78.0105658529139
12,66.00979331763719,77.98877376256148
12,66.008896425711,77.98302380283847
12,66.0086349073581,78.0137866463444
12,66.00297211938319,77.99244505580455
12,65.99725447880134,78.04698338539711
12,65.95660977239632,77.9846419609378
12,65.99729003908061,78.02936851970324
12,66.0477027750925,77.99785145561329
12,66.01318514770134,77.99383110442832
12,66.00404926495133,77.98524043686403
12,66.00548327461891,77.96790747137072
12,65.97951522520376,77.98838602876896
12,66.01280776455746,77.96861417570108
12,66.01772651754291,78.02664445275649
12,66.00390305655053,77.97879469530608
12,65.99430415099303,78.02389621441361
12,66.0038876339055,78.03870394571838
12,66.00067682291738,77.98690088018952
12,66.0103879599787,78.04161092728023
12,65.9866493928328,77.98979170816374
12,66.03766067592908,78.00242958971995
12,65.96991516681007,77.98239571895044
13,66.00101720993158,78.02419668189273
13,65.992145973604,77.98230235036829
13,65.97715420202486,78.01928773062454
13,65.96859183179491,78.00098950653057
13,66.01615017508982,78.00798600820761
13,66.0031271616279,78.03121778642713
13,66.01363278403589,78.020729800395
13,66.03085014750475,77.96655285709818
13,65.99263316774949,78.04276166671825
13,65.96686354274742,78.00454963948296
13,65.99916029187533,78.01045582215446
13,65.98185550537919,77.99752893916686
13,66.03620461513258,78.01536250039602
13,65.98855677738815,77.97628744818506
13,65.97227901396481,78.0352097921799
13,66.04298453912561,77.97718638758819
13,65.95352852455493,77.99093185426285
13,65.99518069522824,77.98942378147314
13,66.01802640096096,78.02918718438677
13,66.02525770303806,77.96452664786698
13,66.00376107494428,78.00213756937237
13,65.96522987623614,77.98567658307752
13,65.98098431263475,78.00515253073365
13,66.04020204401769,77.97763282836152
13,65.98439986351586,77.99478693926102
13,65.97877153452677,77.99682169603183
13,65.97569104260654,78.03885213538662
13,66.00351779189549,77.97757581139642
13,65.9972829172872,77.95626076151925
13,65.98314450300289,78.0001502909583
13,66.0286024254857,78.0223774637994
13,66.04332814909174,78.00374346143364
13,66.03574210455753,78.02886563388661
13,65.99977096444889,77.99240885365336
13,65.990900091039,78.02664640808877
13,66.03328023517355,77.98703941255452
13,65.9582013524134,77.99069343147055
13,65.9966800701089,77.97307525601533
13,65.97460413408555,77.96327603157752
13,65.9820837428265,78.03549820324933
13,66.00869927707942,78.02717244693655
13,65.99994002616012,77.9850456630999
13,66.02053135256698,78.0304201816985
13,66.00170639721661,78.04587049230264
13,66.0280694618138,77.99430465053184
13,65.9818533129015,77.96239401664162
13,65.98054071181014,77.97821882443827
13,65.97062606645216,77.97325719183965
13,65.99247691365633,77.97163649948837
13,66.01681467079975,77.97071245726471
13,66.01879469670345,78.01196158148663
13,65.9982743645763,78.023527662288
13,65.9649164672483,78.01282881996185
13,65.98693187511002,77.97758604559613
13,66.01194776725833,78.00133374919177
13,66.00529803434705,77.99572084694101
13,65.98565568246657,78.0072576070322
13,65.98427253056926,77.99737218744362
13,65.9915246407494,78.02964505957553
13,65.99607052347767,77.97709258693456
13,66.03347789393645,78.01432878857611
13,65.96720982053728,77.97344594013757
13,65.9588104316869,78.0237278091744
13,65.98824742472009,78.00177345662071
13,65.97641102801875,77.96451826747354
13,65.99473840867714,78.03937961182662
13,66.03197295525197,78.03751484290474
13,66.02948362032868,78.03800388356805
13,65.95824514522002,77.99764035222326
13,65.98714590002388,78.02273853792022
13,66.00611410601265,77.9838899250025
13,65.99533364693362,77.96659639978304
13,66.00233224648781,78.00373966688595
13,65.96100802053381,77.97246750635682
13,65.9819594361217,78.00745275657894
13,66.00243917786266,77.98109863725574
13,65.99560378068543,77.99850821007703
13,65.99977020353784,78.03933061077664
13,66.0180740873867,78.01571676278583
13,66.03153713007084,78.0343141505254
13,66.02167800881746,78.03658306963632
13,66.0330028527759,77.9930631316326
13,65.98644410564863,78.00974938636082
13,66.04375784049822,78.0082811350193
13,66.00845639206904,77.95205269891126
13,65.98941975273418,78.03124135756657
13,66.03220941656798,78.03583099522334
13,66.01210829676025,78.01478511280837
13,66.03574210455753,78.02886563388661
13,66.01755937122923,77.96346105950556
13,65.99959095414275,77.96689409829493
13,66.01606855921905,77.99966320218823
13,66.02907575836723,78.01158651768097
14,65.98415332829707,78.01684994336142
14,65.96007557413824,78.0290639414698
14,65.96025997185886,78.01237960283311
14,65.98367516136105,78.04206195697729
14,66.0133041215179,78.02040737693326
14,66.04201690620806,78.01646097168769
14,66.02230199651859,78.02847342534814
14,65.96225331507186,78.00563296190417
14,66.00232950344686,77.99063582683311
14,66.03119837291798,77.99059417332158
14,66.0312385932093,77.97558340836801
14,65.99070920080857,77.9860102430962
14,66.03801609998597,77.99661506043293
14,65.99086061880968,77.97848685609597
14,66.0299203753957,77.99585450970615
14,66.04102259445052,77.97789098779151
14,66.03256560588818,77.96659587910993
14,66.00744887149342,77.97681657479083
14,65.99261047141172,78.01244759718583
14,65.96814518230221,77.97504055645325
14,65.95784898627423,77.99776412197465
14,66.00282797147729,78.02422653261992
14,66.02447519911138,78.00451686737952
14,65.99377809082344,78.03221140878364
14,65.97181088431684,77.98115689536114
14,66.02331841315412,78.00385534893043
14,66.01107337765889,78.00909054115425
14,65.99295353173325,78.01361875077944
14,66.0033588286455,77.98310099054906
14,65.98297825537576,78.04594144609572
14,65.96128071885771,78.00968646330487
14,65.99920114501879,77.9845094317409
14,65.96773499544983,78.02474674348389
14,65.98576703829166,77.97953352484517
14,66.01044146511452,77.98146481537653
14,65.96797438366293,77.9760851751243
14,66.01163933546165,78.01596562515046
14,65.99906237268382,77.97516508204302
14,65.97749543485818,78.01201409301231
14,65.9954718514471,78.00773033194399
14,66.01757346072144,78.04408889473652
14,66.02559538593525,78.02206721430514
14,66.03190380000234,78.01744960731043
14,66.01925512762618,77.97895630692071
14,66.02554916829186,78.0318714412662
14,66.04113956739924,77.99182935332608
14,65.99503337156868,78.01382402771472
14,65.99840979093426,77.98827500652493
14,66.03096494359254,77.97399416901612
14,65.961575209862,77.97665631945159
14,66.00733908822816,77.95312111088177
14,65.9754947301644,78.00093874420334
14,65.97224880896955,78.01131909690301
14,66.0020552967314,77.97632454417814
14,65.99507226443012,78.00041678813099
14,66.0303696932125,77.99108674683957
14,65.9842602077862,78.00994212030332
14,66.04262946895479,77.98229795105362
14,65.968003214439,78.01182750704835
14,66.02371948860646,78.03692406643945
14,66.00709782114653,78.02572327396689
14,65.9928073508082,77.97642657204759
14,66.02107476631886,77.99580131484689
14,65.98650937711528,78.01204484127855
14,66.00123511259275,78.02585193123508
14,66.03430377019046,78.00769304672002
14,65.977593845736,78.01056204205838
14,65.99528686656083,77.97313309306465
14,66.04748126053582,78.00081347169282
14,66.0424976369302,77.98740941432084
14,66.02755081442085,78.00108962916266
14,65.96691052842058,77.99763972384038
14,66.00588959087494,78.00047608909667
14,65.98339338544892,77.99516645232441
14,65.95756332431657,77.98355223970152
14,66.04669098860609,77.99999363039592
14,65.99131926710704,77.97989406762508
14,66.03466098461183,78.03326083875751
14,65.99145668342206,78.00822972699646
14,65.95960591565687,77.97189923990686
14,66.00498804732885,77.96883699435311
14,66.00501489662174,77.97869964286332
14,65.96869265649975,78.00793088294894
14,66.01649636183372,78.03539365344807
14,66.03190569790394,78.03639237390362
14,65.95921656174328,77.98875901639224
14,66.03036789231956,78.01798288748687
14,65.98851862125926,78.02458431378498
14,66.04042844990607,78.01135273213303
14,65.95867546494321,77.99787015881513
14,66.00499200652466,77.96782661801878
14,66.02366165948777,78.00794594428149
14,66.02648720614629,78.0392181632267
14,65.95452344398836,78.00845283127433
14,66.01876915437371,78.04234383523848
14,66.02260470911216,77.96519047246477
14,66.04719081128907,78.01012689541308
14,65.99045050896805,78.01383389402562
14,66.02598483990805,77.98648236585517
15,65.97275376503572,78.01041842774528
15,65.99416911927109,77.97585095030291
15,66.01558587600718,78.01158182044787
15,65.99839760206582,78.01668858546562
15,65.98668022145549,77.97231719836851
15,66.00132789595341,78.01991151919202
15,65.96003891132187,77.97056685722563
15,65.99163869289563,78.02547979488186
15,65.97784347233129,78.01606777104843
15,65.99677831121768,78.04090798785235
15,66.01825182783764,77.99500778830838
15,66.00422786259286,77.974319546493
15,65.9654713620596,78.03146696207084
15,66.0184379178793,77.991722521464
15,66.02523386563833,77.97612229018965
15,65.95582693044672,77.97658493202218
15,66.00182216322023,77.95936078684866
15,66.03611802546823,78.01731076804734
15,66.01895026565101,78.00344893851411
15,65.98774865650964,78.02069994636328
15,65.96787908912367,78.01234997724195
15,66.01897206775408,77.99444092790421
15,65.95384479354604,77.99498558237167
15,66.01325966989839,78.04400217002654
15,65.98671441160732,78.00501662812057
15,65.98658085942495,77.98096632511526
15,65.99865539773097,77.97138796089276
15,65.97341532008606,78.0388403503796
15,66.03636497085617,77.98518060930135
15,65.97244131042758,78.00346594729402
15,66.02279117843015,77.9643174150197
15,66.03786482912359,77.99075353879721
16,66.00910793966031,78.0042865619004
16,65.96845028214771,77.97750210090193
16,65.961575209862,77.97665631945159
16,66.01915688426787,78.04556857504626
16,65.98775069672382,77.96343954003906
16,66.0322531249244,77.98996639716292
16,65.96471672858634,78.01662235645004
16,66.0325849467138,77.97708276781677
16,65.98543208118033,78.04191030986277
16,66.01637224693289,78.01008300410264
16,66.01097907063846,77.98138388054193
16,65.99165812130614,78.01683015786385
16,65.99577023640624,78.00629332588784
16,65.99473393489055,77.99570219324534
16,65.96800042825306,77.9831778756996
16,65.98535775952703,77.96918379871043
16,66.00626820782115,77.96906585995724
16,65.96112878008475,78.01284527317813
16,66.0262325720064,78.00208633319035
16,66.04518514541824,78.01910928501992
16,66.03147511684053,77.99409860158883
16,66.03991334148762,77.97553773709082
16,66.01579528952757,78.01827567694166
16,66.02107262311526,77.98350346451802
16,66.01223942561369,78.03798859642201
16,66.03197017366712,78.03201616074713
16,65.99741965253978,77.97078662983562
16,65.9754947301644,78.00093874420334
16,65.99042870731377,78.03295622813285
16,65.98908026989011,78.01921950966137
16,66.01333603797916,77.96667896858509
16,65.99434349319986,78.00924008079996
16,65.99470818598778,77.95453453987017
16,65.97577062575128,77.98886358109107
16,66.00081874006896,78.01984098509139
16,65.98802593259852,77.9540781351397
16,65.96562426879544,78.02683303167206
16,66.03402429989929,77.9825350404194
16,65.98733958561198,77.99470997165513
16,65.95629619728517,78.0177345666436
16,65.99344425124174,77.98263211437109
16,65.99433619949998,78.0173880833819
16,65.99082545577862,77.99407195541858
16,65.99713146466786,77.98316500976173
16,65.9802466301317,78.03483172003821
16,66.00786603797279,77.999341332783
16,66.01949685360891,78.04493968035743
16,66.02012843939065,77.96032315012188
16,65.9594360486506,77.97408640525289
16,65.96078333970696,78.02039074382012
16,65.99101814802775,77.99961625749908
16,66.03320693979599,77.97857099730899
16,66.01985177092861,78.02607781152355
16,65.97742852999045,78.02045411299615
16,66.00932408257185,78.01584704991679
16,66.00399211115783,77.98232548110792
16,65.99037487186548,77.99972702251593
16,66.02310314283046,78.02046600949578
16,65.97993313921633,78.02987085808061
16,66.00294410968466,77.95712001355413
16,65.97475802668669,77.9683120268878
16,65.98873913083372,77.9586887981914
16,65.98609310670027,77.97507371700001
16,65.98186767619029,78.01975197144083
16,65.99340291225292,78.03173639514067
16,65.97952783151251,78.0002647876232
16,65.98579465712784,77.98445503578715
16,66.00500074586145,77.9667348855779
16,65.98398144827613,78.02693327834767
16,65.95746585336538,78.01418710434776
16,66.02442480649816,77.97158635203355
16,66.00350706380108,77.97861478468474
16,66.0255468906579,78.02242429964953
16,66.02394021016583,77.99734047582479
16,65.98994452981353,77.99348993943511
16,66.01561735510347,78.01249212350248
16,66.00384007047994,78.00158975230707
16,66.02478908989264,77.96772814367478
16,66.00083262126687,78.01343327475006
16,66.01022835222278,78.03157483988309
17,66.01607206335852,78.00307964164978
17,65.99319857977727,77.98804428094716
17,66.01383122549882,78.01490681057197
17,65.98605776796529,77.97367428377048
17,66.0371926187887,78.03104666408122
17,65.98925316017854,77.98771460617547
17,65.9886234910407,78.00033175469902
17,66.02182908690244,78.00980918006438
17,65.98540232208856,77.99131151830807
17,65.99977697636722,78.0107132628785
17,66.00039149819743,77.98182287099056
17,65.96334589111463,77.9726205668971
17,65.99279742100876,78.04408562293152
17,66.00297205310063,77.95067313814731
17,66.04228637889699,77.97375372052747
17,65.98065768838542,77.95417505839363
17,65.99059102753503,77.97117889366038
17,65.97433137161921,77.98355824873916
17,66.00014171866889,77.95782652177311
17,65.97658337637067,77.99303538965503
17,66.02994946417583,78.01725309489294
17,66.04316984826734,77.97980060650876
17,65.99548343738391,77.98955683789914
17,65.97448483044762,78.0191679086901
17,66.04569045924262,78.0153281653126
17,65.97577667882865,77.99719053938816
17,65.99813544146346,78.00886477783503
17,66.02845254456484,78.0340194773618
17,66.00890381921407,78.00885042732845
17,65.98963344217489,77.98202042645042
17,66.02793318857303,78.00083330085755
17,66.03048941554216,78.02945223941948
17,66.01051537644265,77.96786422852392
17,65.98921407158382,77.97542378964003
17,65.97654079538073,78.00478478427844
17,66.03852946209703,77.97759043068451
17,66.00148537377662,77.98929789524576
17,66.01396132570922,77.98890630867545
17,66.00367867619,78.04377977713924
17,65.99078301458513,78.041044733427
17,66.01172968981962,77.9744913145661
17,65.95937740965259,77.99235754352965
17,65.96953161688383,78.03133616283314
17,66.03529656328922,78.01577129829705
17,65.99560679730477,78.00393766118265
17,66.01131031243881,78.03942747700958
17,65.98896776954552,78.0201580914423
17,65.98914053740702,77.99758340723461
17,66.00545692658964,77.96480820999814
17,66.03617420031377,77.98823065173653
17,65.99487523714267,78.00785177888095
17,65.96496970005728,78.00447717020062
17,66.01692448622426,77.96040224100909
17,66.00599613586695,78.00255545312942
17,65.95820596260242,78.02042321484119
17,65.95174193098285,77.99567566294738
17,65.96730467348661,77.96848249869335
17,65.96984656185079,77.99741696721273
17,66.03331440210054,77.96824757545897
17,66.03330817920767,77.97774379947944
17,65.98328880864283,77.9995370690971
17,65.97104146836828,78.01627103892828
17,65.95628848592601,77.99493945078599
17,65.97576629557359,78.00952707614184
17,66.01270299702544,77.97033655102753
17,66.00006255141611,77.97082227473092
17,65.96782034613467,77.9769669157622
17,65.96831959903193,78.02599705470224
17,66.02502323363495,78.00626256498589
17,65.955976589194,78.0104614060932
17,66.02230626781137,78.03260475344767
17,65.98661214225949,78.01435438248706
17,65.98408403345698,78.00639578192384
18,65.98770581074392,77.95188597710404
18,65.9845708906761,77.98522742930574
18,66.00918286086288,78.01813470420456
18,65.96288956914358,78.01354221924278
18,65.97338089385613,78.00665558725431
18,65.98090455906278,78.02267763250032
18,65.97279165521844,77.95819374139715
18,65.99306828673303,77.99241406640628
18,65.99426191238662,78.02296343712618
18,65.98470771770742,78.00453834315236
18,66.0268671605729,77.96521218721232
18,65.97017655914179,78.02715299148932
18,66.02825298524978,78.03352490560414
18,66.00954897515048,78.02973662143714
18,66.0466276411895,77.99032769597153
18,65.98378605573114,78.00217282290689
18,65.95919167861253,78.01529327999387
18,65.95940202893851,77.99073251323028
18,65.99299967764861,77.99082602259593
18,65.97525651370137,77.97406050523433
18,66.00004436394299,77.96649213636813
18,65.99854899604537,78.04577107040943
18,65.9747775488861,77.95801660353592
18,65.97411261061896,77.9752998821437
18,66.01297344221412,77.95464125423548
18,65.99664307414822,78.04467172290849
18,65.96393335063904,77.96995650979797
18,66.0359023688644,77.97423670753172
18,66.02111695747125,78.00482278509064
18,65.96957906830886,77.99736560572944
18,66.02134057151949,77.98859376583542
18,65.95696971796558,78.01639656178122
18,66.01133735924464,77.97993872306799
18,65.98279465719737,78.03054867691948
18,65.9824767217714,77.98252628427683
18,66.01845424704149,78.02583094117693
18,66.01399416491658,77.98614322924617
18,66.01404325288172,77.98071212067205
18,65.98593593223109,77.98874620755105
18,66.0112253686288,77.99321327458517
18,65.99144128904365,78.00316949022675
18,65.97461559583023,77.9634859092396
18,65.98445041911013,78.03560684330408
18,66.0129828804911,78.01380443412175
18,65.96798164114946,78.01977653507535
18,66.01429373048626,78.0375534041182
18,66.01541909211741,78.03878305577061
18,65.95759931563553,77.99502764295121
18,66.02928273718656,77.99844977568777
18,66.01902134576645,78.03351368574073
18,65.96029940555638,78.00059415595481
18,65.96343292035735,77.99955634274455
18,66.03686986420963,78.004774428962
18,65.9966800701089,77.97307525601533
18,66.03115371474314,77.97834193887128
18,65.99825716100673,77.98423020095893
18,65.97850133302354,78.0264598410668
18,65.97701458047301,77.98876720754328
18,66.02919094222386,78.0003161458197
18,66.00973089826714,77.98358860187082
18,66.0334661040833,77.97959723257628
18,65.97138482444338,78.02537357409808
18,65.96899457182123,78.0048912209416
18,66.01188615940656,78.00489657404296
18,65.99926463228186,77.9636652791869
18,65.99639149195329,78.01284807289355
18,66.00137277434438,78.01562656473513
18,66.00107094684226,78.00778907799719
18,66.01806040263399,78.04569163978196
18,65.96861909548282,77.97612595863659
18,65.98097602917281,78.04109110779234
18,66.00248961000898,77.9889806424441
18,65.96959764551073,78.02093391839963
18,65.98725649786796,78.00902782755645
18,66.0194798047846,78.02258580384924
18,66.00369754925403,77.9755340776364
18,66.03190717952532,77.99846734972316
18,66.03063627667952,77.97954255787467
18,65.9547151886516,77.994165819567
18,66.0139967089829,78.01551092787058
18,66.00777307441928,78.03323731465878
18,66.03343422649137,78.02467349425613
18,66.01125344615991,78.00564984283974
18,65.99944471373483,77.96408458683734
18,65.9757745676991,77.96392550328262
18,65.98721830022114,77.9761571416283
18,65.99618062820292,78.02250013946195
18,65.9963285542048,78.0482374856516
18,65.96715179022227,78.03449198387388
18,66.02831082533446,78.0325278129448
18,65.96924922518305,78.0138800185007
18,65.98169059340067,78.01162233728516
18,65.97884609078633,78.02091997802955
18,65.97737828500726,78.04208698515639
18,65.99167166405321,78.02321845720843
18,65.96002568288861,78.01933470255005
18,66.0461089144735,77.98404669848766
18,66.00716434081129,78.04068393122819
18,66.03922616659648,77.99310907175885
18,65.95823610053453,77.98760520175176
18,65.96067695113558,77.97421331206684
18,66.01443858167468,77.99540876191264
18,66.02587574678147,77.98485100508037
18,65.98791993324926,78.04022855020372
18,65.99673131458643,78.00888007511857
18,66.00279930696107,78.0435692650624
18,66.02620239056057,77.97706665934636
18,66.01692877233988,77.95907044528299
18,65.96780548913631,77.98319252944454
18,66.00073352371722,77.97523280646058
18,66.00656021775609,77.95752597801417
18,65.97413894685027,78.0294060497152
18,65.9949497381197,77.98330456472743
18,65.9513151656175,78.00854189907825
18,65.99414594012092,77.97993424565655
18,65.97839576530332,77.99672842067116
18,66.0373205165126,77.99087356179092
18,66.01796779771438,78.02972479486118
18,65.99871183396318,78.0177750580629
19,66.01223981201088,77.9792008672562
19,66.01603507237785,77.9842296305495
19,65.99068147339906,78.00432620489954
19,66.01312866144613,77.97829850671462
19,66.01174175134052,78.01609726060106
19,66.00647398267361,77.97377101603601
19,65.9867173431687,77.97584673872056
19,66.03697108481563,77.9793016972254
19,66.00072815631886,77.9894812427755
19,66.0063819545891,78.02728382634564
19,65.96698333139507,78.01277597245208
19,66.02403055681997,78.04255730068552
19,65.97095528180196,77.97890467019892
19,65.96375241778667,77.9833083362988
19,65.99713146466786,77.98316500976173
19,65.97232121681391,78.01770905097693
19,65.97765500868886,77.96258330465591
19,65.98036998388453,77.99055246545038
19,66.00258381663348,77.99841017096482
19,65.98759396473375,77.96681286372285
19,65.99138850783834,78.03726402125949
19,66.01454963235791,77.98891930394299
19,65.95663453204719,78.02245051965266
19,65.97420257186195,78.00156979725485
19,65.98622571588328,77.97435268249849
19,65.9896442757808,77.96910709629758
19,66.00899468130484,77.9634771856645
19,65.96290948199326,77.9861317532522
19,65.9979956789493,78.00831140567948
19,65.99802301900988,78.0077746186406
19,66.00553424283271,77.98929277305989
19,66.04373763908264,77.98567775231281
19,65.99671817305956,77.9811820174971
19,65.99086559538965,78.01755112419472
19,65.9738345327095,78.00718726626252
19,65.98656508233829,77.96757196721745
19,65.97970614203118,78.002979801662
19,65.97696961072995,78.01260025735417
19,65.99374436599767,78.00722878474076
19,65.99170613076448,77.99541028704968
19,65.9898963671764,77.98197861602574
19,66.005216646797,77.99947690274048
19,65.98097202077959,77.97927453384598
19,66.00788812806222,78.03915052200229
19,65.98293348143737,78.01124341099947
19,65.99566883324881,77.97197762539679
19,66.01693414548838,78.0188527345237
19,65.98697102569272,77.98968068727217
19,65.96576997057142,77.99268565639584
19,66.01297506295425,77.97518451292277
19,66.0075957866514,77.99646249733567
19,66.03260526346061,77.97944608614688
19,65.98624021293375,77.9766527326074
19,66.00584359527849,78.02470244056965
19,66.0081362230106,78.00217840203372
19,66.02962677775976,78.02702611074287
19,65.98749031585804,77.96234482878965
19,65.97535626145715,77.96890739683236
19,65.97857502204025,78.04366125606987
19,65.98024582078972,77.97059923994766
19,65.98901430401368,78.00319932077065
19,65.99396977679632,78.005778592175
19,65.98483616981137,78.00018419904688
19,66.02413328353762,78.03063877998336
19,66.00199115306582,77.96102905481305
19,66.00478260913715,78.00707830281621
19,66.00013454269936,77.98227138642062
19,66.0268095783053,78.00882774853072
19,65.99060219518223,77.99032247516949
19,65.9820596937929,78.01548561467234
19,66.01708609832826,78.03925627585146
19,66.00056137191808,78.00035465256062
19,65.9692756065841,77.97833751403358
19,66.00795995878788,77.97670335011107
19,66.00527996120246,78.0012132170469
19,66.03100564085352,78.00670137313836
19,65.98769622461506,77.95644554800161
19,66.01112403295475,78.01782505807134
19,65.9906701613611,77.96918569678337
19,66.00329911081835,78.01152310625389
19,65.99238315457683,77.98267978350096
19,65.97212583929084,77.98152174129397
19,66.00356123000704,78.01863638628534
19,65.98194695824681,77.96266690796577
19,65.9965947417998,77.99938988960137
19,66.01724600552055,78.02346472228642
19,66.01103965356587,77.99342544870458
19,65.96210828657927,77.97041111476229
19,65.96313469964865,78.00430036328783
20,66.02705860203564,77.97099989358492
20,66.02936601397832,77.98046693908195
20,65.9943530693203,77.97923606821972
20,66.0165278709781,78.02125649402589
20,65.96814518230221,77.97504055645325
20,65.99855258092182,77.97315209948916
20,65.96242302990018,78.00685815856804
20,66.01006291401218,78.0079529421694
20,66.03723584203664,78.00327514461189
20,65.98513686415058,77.99571962604116
20,65.97939573292636,78.02036992553437
20,65.98381520505252,78.01219661226425
20,66.0045653211938,77.97613614811843
20,65.98808047269803,78.0158564596412
20,66.00712759975741,77.96526750490894
20,65.96293481868418,77.99997346758512
20,66.04716643118445,77.9874354478381
20,65.98812838199208,77.9521870373188
20,65.99686697432223,78.03918743011793
20,66.04244808169034,77.97484850011986
20,66.03390172894609,78.01981847655733
21,66.03933855446763,78.00596079420465
21,65.97846429338803,78.02401212552549
21,65.95185918602402,78.0115951120419
21,66.01228552038604,78.01201156155965
21,66.01615808638113,77.96659849364372
21,66.00329484179306,77.98917765017318
21,66.01551740754056,78.02588309715694
21,65.98758136204027,78.04639154211341
21,66.01761652092534,77.98847900743368
21,66.00781852545265,78.04682725260389
21,65.99954655030973,78.04549210765246
21,66.02930805854754,77.97307499335328
21,65.9932066779933,77.97366474428183
21,65.99496658192204,78.04618708140409
21,66.02831918710854,77.96183646203612
21,65.9896620951271,78.00244785056903
21,66.03272225229982,77.97048937912523
21,66.01803342959634,77.95927463896771
21,66.00755317593669,77.9741189164576
21,65.9558402308724,78.01456274311909
21,65.9554538175325,77.97764174257729
21,65.97439336526841,78.01589741376036
21,65.98184895976777,77.9606098240048
21,66.03119837291798,77.99059417332158
21,66.01525672799549,77.95717700870242
21,66.0033591392446,77.99001960577269
21,65.97627959612977,78.01288950992446
21,65.98483616981137,78.00018419904688
21,66.04109204674525,77.98212475888695
21,66.03279597382786,78.03192715553658
21,66.01310283894794,78.0372918523059
21,65.96239981577509,78.00742293149042
21,65.98953624261829,77.99387356856327
21,65.9665832643272,78.02364658264035
21,65.98070695316585,77.96506244350554
21,65.96960592527378,77.97571561042649
21,66.01523584128,78.01675518689089
21,66.01121927600413,78.02064127347077
21,66.01113283840033,77.96968152589312
21,66.01909788369885,77.9644796665735
21,65.99535232945911,78.0005549665677
21,65.96538463306183,78.02066113547625
21,65.96597724837534,77.97751803765999
21,65.96301778913673,77.99401663993812
21,65.99057585785815,78.02056880859871
21,65.98923268898874,77.95625036836988
21,65.99396701805115,77.97601772620577
21,65.998197275669,78.02248456776971
21,65.98236632798424,78.00530565861916
21,65.99051865143224,77.99569074106051
21,65.98843524845152,78.01624568665761
21,66.02243426283367,78.03333096384361
21,66.02335130921055,78.02980880605719
21,65.99733578524251,78.0173576790472
22,65.96571821680047,77.96715556240996
22,66.0057764575473,78.03092574253229
22,66.02880790740726,78.0147787315425
22,65.98501335382062,78.00830107134563
22,65.99056265292525,77.97559934250604
22,65.98556273963398,78.03103955201037
22,66.00246276858863,77.98085870150537
22,65.99796521798785,78.0395582274926
22,66.00699987216669,78.02390597723131
22,65.97002653947234,78.01652443043008
22,65.9990244978862,78.0240288439151
22,66.02387374192122,77.96885865811446
22,66.0414447819456,77.98196575218655
22,65.9877211952932,78.00283678812274
22,66.00270646863648,77.951943059812
22,65.99693389243515,77.97634742857284
22,65.98230038254927,77.96294090708459
22,66.00857824805465,77.96075807199102
22,66.00966152941882,78.03478920424999
22,65.97524732277287,77.9756891107398
22,65.9584799010905,77.9816828527209
22,66.00351983585276,78.00630013632566
22,66.00315040278225,78.01574102144714
22,65.96372376081945,77.98465458488529
22,66.01282431510269,78.0285104126867
22,65.9961610102832,78.03191346140487
22,65.97130779957811,77.97069407331728
22,66.00638072460643,77.99603361957331
22,65.96968735235485,78.03702803339503
22,65.98404026907887,78.00723388986421
22,66.02501545109585,78.00187874281345
22,65.98496641015011,78.02080926906861
22,66.02776981132148,78.0115779708652
22,66.02579296354644,78.02792733209557
22,66.00656770867974,78.04590251361904
22,65.98487037707073,78.01634424377706
22,65.95488814981702,78.00050653555688
22,66.02890164277217,77.97981604971524
22,66.01194424444174,77.98665271894029
22,65.9637962013944,78.00025161127998
22,66.01307071306422,78.00904201533154
22,65.98419333045312,77.9760532673262
22,66.00228539691015,78.04977376955023
22,65.97527825809941,78.02401977859212
22,66.00513628978874,77.9617782549087
22,66.02269984273069,78.00940932033626
22,65.97249927618387,78.01701643201984
22,65.95452557465342,78.01048758613386
22,66.03327561035584,78.01208990662133
22,66.01185965877683,77.9813135179499
22,66.02073222098856,78.00659490853488
22,66.03904702687869,78.01487501357627
22,66.01811465784118,78.02874667495432
22,66.01028595969206,77.99049231792299
22,66.01910181650797,78.01988788789508
22,65.99787322750772,77.97077466185875
22,66.00869886727668,77.95826093385666
22,65.97186743222049,77.97742507638264
22,65.97355450793319,78.04142018727485
22,66.00714753982778,77.97756629294511
22,66.03104572078031,78.03355327563898
22,66.02267080559177,78.04251003401247
22,65.98073180551921,78.04405467086512
22,66.02415583165468,77.98893342530096
22,65.9687157725172,77.97879151969511
22,65.98549508893868,78.01968517468147
22,65.96555208368243,78.01911068121161
22,66.00181909650716,77.97755296374493
22,66.02522947340748,78.0021859007393
22,65.9774914576839,78.00036774480056
22,66.01376136506231,78.03031436776456
22,65.99179822676338,77.97749048233452
22,66.00123211605808,77.99033036211785
22,66.03034763134265,77.9622239423294
22,65.95119883316913,78.00402141262633
22,66.00867242068229,77.98441382226729
23,66.03866094549927,78.01357158330023
23,66.03085800473734,77.97245602597945
23,66.03935725844282,78.03055182864368
23,65.99471100636553,78.01524572450501
23,65.96434572587226,78.02320470760084
23,66.01211626157826,77.97275788881524
23,65.96097100858945,77.99199678723448
23,66.03236983299713,78.02834522176056
23,65.99817017879307,77.99299315111207
23,66.00963020625112,77.98279355109032
23,65.982873595223,77.99890830864405
23,66.02504057595792,78.02610160095458
23,66.02354468438031,77.98639823825144
23,66.03144011496944,78.00396213987025
23,65.9729265439646,77.964775685897
23,66.00201761543548,77.96914579823638
23,66.0273694078568,78.02412641989706
23,66.04643527664614,78.00330942135432
23,66.03837181466673,77.9835758686118
23,66.01055077975397,78.02708175844627
23,66.00963274428456,77.98215999739158
23,65.99186031319365,77.96132976716855
23,66.02530365118145,77.9979829454858
23,65.9857773279236,77.99403182907753
23,65.98571188013534,77.96768435917045
23,65.97552954379354,77.98944686061786
23,66.04088599556151,77.99861477613943
23,66.02351085282359,77.9744473361382
23,65.97594380185585,77.99886352807464
23,66.02934714864013,78.00444318309867
23,65.969107929831,77.97308482531116
23,65.97203926495611,77.95870322205732
23,65.97527825809941,78.02401977859212
23,66.01581923747719,78.01088974152574
23,65.98072133355151,78.02897307640742
23,66.02754808806462,78.02359350566579
23,65.97602790247772,78.00166099794983
23,65.96682161135661,77.97104945859897
23,65.95833361447363,78.01563128377795
23,66.01903057120327,77.97293041991084
23,65.96641430121113,78.0084007400023
23,65.98019962268674,78.01231753609885
23,66.02107262311526,77.98350346451802
23,65.979173160931,78.01103256029776
23,66.00163051824592,78.00018105856408
23,66.04244480195315,77.97494671608283
23,65.97210076208599,77.96504519661492
23,65.98468232619877,77.99845982878746
23,65.96093862979527,77.97606178703782
23,66.0452536231494,78.00644176447457
23,65.96148787390189,77.97159783166173
23,66.01385340366934,77.96065469832375
23,65.98612354747036,77.99802896722557
23,66.00905224682441,77.9823959068396
23,66.00207306212047,77.96781114361346
23,66.0426515858425,78.01524800961037
23,66.0404996683986,77.97253691422263
23,66.01777709992446,77.95890099321781
23,66.03216384052686,77.97029692956106
23,66.00045152346328,78.03539379501798
23,66.03754219695726,77.96938411816352
23,66.03858967554149,77.97886376933899
23,65.97840837533435,77.96801416664682
23,66.02507145658694,78.01024669177336
23,66.0158982779525,78.00342359993098
23,66.0456726326597,77.99271516880995
23,65.98989753931276,77.96294859901302
23,66.0152874188302,78.00157110438029
23,65.98480152705595,78.01400508963857
23,66.02189610785538,78.0068486385654
23,66.03471445187242,77.98954430374982
23,65.98667075306595,78.00152346765984
23,66.0204224260386,77.96805998011544
23,65.97191915918424,77.9912672101133
23,66.0203213764366,77.99198066076194
23,65.98599981594354,78.01758850598173
23,65.9518055834699,78.00982276356343
23,66.00366616849051,77.97962929074212
23,65.96262755145318,78.00061116781482
23,65.98285153125327,77.99480784900068
24,65.96922593098718,78.03436606069575
24,66.03098388160943,78.00463212887747
24,66.01804025397115,78.01481730649265
24,65.98007402248436,78.04275309177922
24,66.02440696366403,78.02636464303589
24,65.95894959964482,78.01647417108155
24,66.03686119884739,78.00607557373965
24,66.01671401928961,78.01159280922317
24,66.001603480317,77.99095139454171
24,65.96354664167434,77.99768306666236
24,66.04529632196935,77.99037831982105
24,65.96826608649252,78.00755017492033
24,65.96770600611939,78.01612642282916
24,65.96684078366984,78.00379484593533
24,66.03065450892477,77.98971599205338
24,65.97675899382021,77.96499030259042
24,65.96704098181665,77.99700480942687
24,65.96172350971896,78.02623376845514
24,66.02305815101569,78.01941332667458
24,65.98200942298216,78.03803994214329
24,66.001663240274,78.04184819117997
24,65.96341605359005,78.00970810763448
24,66.01897621048619,78.02456548189559
24,66.0083813302892,78.04737977478209
24,65.96517472506348,77.96886131420673
24,66.00140642807358,77.96173736182334
24,66.01569296631034,78.00792278428689
24,66.03889277833048,78.0123836180408
24,66.01571572059567,77.96386406233323
24,65.95290360144064,77.99420869525873
24,66.0086612161282,77.99470826502423
24,65.99641843248178,77.99055400957617
24,65.97777427616995,77.99041837584107
24,66.02187688842079,78.03209834737908
24,65.96557605086446,77.99062548617991
24,65.97415517867753,77.98575192140136
24,65.97673067105389,77.99274211402921
24,65.98657629759799,78.00262199845751
24,65.9912971575154,77.97887320688675
24,66.0048369088603,77.99514508524149
24,66.03243181924034,77.98347689754053
24,66.01099988288433,78.01373437908485
24,66.01484503095341,78.00364508794887
24,66.0311009764815,77.97777275316294
24,65.97214778544634,77.98323931346826
24,65.97359366677655,77.97503288273231
24,65.95989121732661,77.98886796348948
24,66.00622136779432,78.02518688826335
24,66.0210302318034,77.9986665113706
24,65.98530343530825,78.03405408200457
24,65.97929484687471,78.00630862195835
24,65.99554713920536,78.04476012326111
24,65.9937270165122,78.02293730055437
24,65.99586434037649,78.01930655086173
24,65.99836021523448,77.97901308460362
24,65.99401352127794,78.0290190356902
24,65.98921181918051,78.02494209311452
24,65.96356612140524,78.01459219091211
24,65.9963972311151,77.97575153286618
25,66.00066562776999,77.98641789432466
25,65.97090066483145,77.96232361547122
25,65.9529768552043,78.00365992619376
25,66.03814480418437,78.00458241675041
25,66.02329100835213,77.99811198889769
25,66.02201221683497,77.9959793701331
25,65.98374814800705,78.00034433462056
25,66.00271821108501,78.01696207172625
25,66.00214765476692,78.04983680551209
25,66.00947758418735,77.97224204194497
25,65.96053866881209,78.01728978151749
25,66.02812327167632,77.99379381335137
25,65.97711938803579,78.03101175574704
25,65.98492665555742,78.00218642577805
25,65.98533147260444,78.03175474215695
25,66.02335182405328,77.97247300655626
25,66.02150362257647,77.99361124045583
25,65.99639149195329,78.01284807289355
25,65.9701622101049,77.98874061676284
25,65.9895254336387,78.00532518669097
25,65.9979956789493,78.00831140567948
25,66.0279484316299,78.03477056947494
25,66.00645081727826,78.0109426596233
25,65.99158245530906,77.97005033286216
25,65.97026505014775,78.0095299548137
25,65.99427658419054,78.01590933192355
25,66.0119807686457,78.04590966950312
25,65.97602537568017,78.00449029648523
25,66.03520582823845,78.00625088112142
25,66.02410420288315,77.95688270598862
25,66.01716082060628,77.9617041329746
25,66.00314270609016,77.96239849267974
25,65.9791128290868,77.98374114142254
25,66.02122201305494,78.01191975088605
25,65.9654710483408,77.99995129369388
25,66.01914374103751,78.0266304900746
25,66.0152062731649,77.99895054343199
25,65.99612286141635,78.0092471418546
25,66.04116246796548,78.0204185422381
25,66.0387102942345,77.97323625571418
25,65.95194358309253,78.01015539003069
25,65.9805732504356,78.04220442215198
25,65.97623137380211,77.98607423757522
25,65.9840877807587,77.97622465178263
25,66.0250199700123,78.03841408367839
25,65.98193031906459,78.01828993605615
25,65.97004900432327,77.96203950281803
25,66.01851285484642,77.97371723883079
25,65.99297708473738,78.04748128535354
25,66.00755144283767,77.95408690662195
25,66.02793517312405,77.98968353359322
25,66.01700937834883,77.98809404113445
25,66.03751374230042,78.00204978498233
25,65.9687887935492,77.96137627223416
25,66.00466953987645,77.97669374271413
25,65.96146066840753,77.97556634419146
25,65.98052181171585,78.00879170192175
25,65.98412541599765,78.03586178542257
25,65.97240387991273,78.00144368451284
25,65.994967029817,77.97807940489942
25,66.02133889951007,78.02606350629978
25,66.02101812632137,77.98991453747558
25,65.9984460036891,78.00386172169291
25,66.00553730972747,78.04351414315944
25,65.99312424503623,78.00153870792757
25,65.98858816408072,77.98603865333077
25,65.96793595494387,77.98076503970023
25,65.96903859930661,77.992737611508
25,66.03211581017845,78.02428274852242
25,66.03874530168119,78.01788510147553
25,66.0150544572076,78.01501347244661
25,66.00011836913463,78.00703946717952
25,66.00108409722347,78.04539862620356
25,65.99167079770751,78.03071165104545
25,66.01590585844448,78.01426887368818
25,66.04472542122637,77.98202302976237
25,66.02312474031764,77.97798910332503
25,66.01946163237214,77.97642507343133
25,65.97718551375377,78.00211571837356
25,66.001196627649,77.98035797223261
25,66.03854741427966,78.02744137318975
25,65.98961718342542,78.01069186851407
25,66.01534316117622,78.03087559953237
25,66.00433627224777,78.03139146902393
25,65.97322304982586,78.01156009032594
25,66.0474663869751,78.01193514364509
25,66.00040859596535,78.0344791970489
25,66.01907103138002,77.98483531479482
25,66.02960296318432,78.02331409613817
25,65.99284501959022,78.02906242570144
25,65.97967853194818,77.98542864694397
25,65.96224464504515,78.02842856659584
25,65.97749148928756,78.01744924797491
25,65.98038709106856,77.99066710792118
25,66.00385046618571,77.977277294512
25,65.98312735711717,78.01080357089425
25,66.01290511347428,77.98396470838759
25,65.9910821940156,77.98094772832096
25,66.00329484179306,77.98917765017318
25,66.00143306096366,78.0034493450585
26,66.0277294870551,78.0104400386728
26,66.01087717544223,77.97387628174184
26,65.98620983044216,78.0202578665425
26,66.01527975337928,78.00086675888653
26,65.9648347658212,78.01462369501448
26,65.99507521982873,78.02268775403245
26,65.97555756971501,77.97667520947387
26,65.99278341010853,78.0440170439554
26,66.01660752752505,78.00505303609371
26,66.00227385207269,78.01657426356941
26,66.04886678482146,77.99302022876105
26,66.00294417655175,78.01730661508128
26,65.95722070540157,77.97686862545221
26,65.9604098909075,77.97414562001718
26,66.02351019417927,78.04040359224192
26,66.02086669369815,77.95754437805856
26,66.03791290435142,77.99313098766282
26,65.97020281142684,78.03010801675417
26,65.99758745031076,78.0052463298376
26,65.97271487763116,78.00653928809524
26,65.97121326570397,77.97048781390504
26,66.01037567333039,77.98032000100078
26,66.0280759771912,77.99823027809727
26,65.99370266017554,78.014432178078
26,66.00251884286169,77.99054511893475
26,66.03460709251974,77.99278318561079
26,66.00814572027538,78.04768720998362
26,65.96097100858945,77.99199678723448
26,65.99276860400398,78.03330503145304
26,66.0293418738853,77.99843747963382
26,65.96432754668744,77.96615201548829
26,65.99487523714267,78.00785177888095
26,66.01527819242612,78.01597637182697
26,65.97059846327049,77.9994864809819
26,65.99632678929076,77.98523536162469
26,65.99587266128192,78.0032135602369
26,65.97233834286254,78.02651563565779
26,65.99241461490809,77.95167819973939
26,66.0205137995547,78.04105574932044
26,65.99598621317107,78.04633909036154
26,65.99256807627636,78.00069988030224
26,65.9623269086871,78.0071412524154
26,66.009440638221,78.02147715035801
26,66.007208582407,77.96000560350113
26,65.95707587750081,77.98010947380887
26,66.03071551770493,77.96975735704292
26,66.00160409427292,77.97447572043647
26,66.00325398726032,77.99629371506354
26,65.99725447880134,78.04698338539711
26,66.0019607112381,78.00155914413263
26,66.03556820070493,78.00001305837704
26,66.03061049597352,78.02696597148758
26,66.0280631961685,77.99533862346868
26,65.97527336454829,78.03925084885118
26,65.99178843288286,77.99730982689753
26,66.02052738093558,77.95683861281404
26,65.96610805284844,78.03576683172416
26,65.97195067490345,77.9868503953201
26,65.96792098832505,77.98105641938203
26,66.01700171659824,78.03922692421962
26,66.0256590444198,78.00248263458364
26,66.02671359395659,77.95924286323412
26,65.97711986805307,78.00451864855158
26,66.0123672259856,77.95420457036981
26,65.97047933771091,77.99873288508935
26,65.99166569294547,78.00529851704259
26,65.99319857977727,77.98804428094716
26,65.95876257322922,77.9755196929899
26,66.01962225574376,78.00879160806367
26,65.97994384996419,78.00530352957065
26,65.96953468198842,77.9877557152139
26,66.01919665433496,78.00078854646142
26,65.98430783158283,77.99962465980997
26,65.97025359683691,77.96486778200253
26,65.95426231339151,78.009640840194
26,66.01047021080798,78.02954891963677
26,65.95358755488243,78.01615966031008
26,65.99107205811052,78.04225353654809
26,65.99562751162344,78.00807994266067
27,65.9929832264856,78.01742027434632
27,66.01802507011696,77.95418377405994
27,66.01813904636376,77.96597124836552
27,66.00661566475195,77.97779416022814
27,65.97776799913692,78.04220874583618
27,66.02539519015521,78.02338281643655
27,65.9965947417998,77.99938988960137
27,66.01195576150987,77.9650378791523
27,65.97128464149543,77.97608369281434
27,65.96481355984324,77.9900907237526
27,66.029072002715,77.9932919969897
27,65.99940078445677,78.04183589408379
27,65.98501204652939,78.01263298295488
27,65.98346130471441,78.01651553887748
27,66.00930027866107,77.95346196373212
27,65.96942649805777,77.97821017287225
27,65.99386039887696,78.01216040682543
27,65.99890171328343,78.00043537501097
27,66.02075189034213,77.97036301619504
27,65.97404107564661,77.96940029056366
27,65.96465283486094,77.97255795304986
27,66.02369640791899,77.99587863360246
27,65.98397701550827,77.97863685779403
27,65.99101814802775,77.99961625749908
27,65.98027114762957,77.98253420379694
27,65.97420257186195,78.00156979725485
27,66.02152402226803,77.97073318543451
27,65.95824204240266,78.01415879364613
27,65.99531337898051,77.99744704072674
27,65.98088310173969,78.00961439993388
27,66.00900932558275,77.98680010104863
27,65.96797383787772,78.02298570522244
27,65.99812382199413,77.9791274413439
27,65.95467656262548,77.99498252919845
27,65.980046863541,77.97791472787348
27,65.96979875728272,78.01976235195603
27,66.01097907063846,77.98138388054193
27,66.04612672536058,78.01327591037432
27,65.99909473051488,77.95067690750454
27,66.01064839397729,77.9594789857089
27,66.00413787120218,78.02593537213725
27,65.96328742228127,78.0160280603914
27,66.00102036866528,78.00624119954054
27,65.98436830715866,78.00671407805135
27,66.01780785778121,78.02407283614045
27,66.00109086096383,78.01547213798356
27,65.99766518096132,77.99455741165336
27,66.01118923651019,78.0246938598765
27,65.97625843951944,78.0145838100225
27,66.00112737761783,78.0395873193303
27,66.04436005681043,77.98123510281069
27,65.97674362291694,77.9903793369203
27,65.97982694677584,78.01548083219008
27,66.00986179616417,77.97928861608293
27,66.00120750253278,78.02027180148244
27,65.9837695071521,77.99983532583745
27,66.03437690830101,77.97362782059142
27,65.97451043548753,77.9753518138687
27,65.99848034492913,77.9734341607871
27,66.02342519697795,77.97324468191731
27,66.04077004975703,78.026885068732
27,66.0242383846152,77.96757676218564
27,66.04658955402802,78.017343404612
27,65.97917794966818,78.00276202182208
27,66.01817369890968,77.97344964373468
27,66.01745575453978,77.95839125253387
27,66.02042275575356,77.99003236521716
27,65.99837339347805,77.98379213558484
27,66.0439816629131,78.0033553146075
27,66.01233589201019,78.01699545183168
27,66.00170150187716,77.98836657260951
27,66.0162603025608,78.00107387409513
27,66.00059265892706,78.00191437644881
27,66.00775110322031,77.9612003249633
27,65.99336799779248,78.00833461428154
27,65.99319240856444,77.98065931407803
27,65.99134374608302,77.97654667240161
27,66.00252301865797,77.98479605275034
27,66.01493342847684,78.0359813157846
27,65.96721826788836,77.98226978142732
27,66.01929480683731,78.04602256923769
27,66.004956036637,77.99767926321648
27,65.95257371125346,77.99291388486157
27,66.01920736610163,78.01560818712251
27,65.99889885865828,77.98775099404429
27,66.00625477298348,77.9826516689923
27,66.00418156145714,78.00283814059573
27,66.00047367148719,77.98755531673952
27,66.01248669112985,77.95403521545846
27,65.9654710483408,77.99995129369388
27,66.00971189258298,78.01465886006196
27,66.00406041756452,78.01847500214525
27,65.96397740704442,77.97779546168756
27,66.009540469077,78.00383065014462
27,66.01232420578543,78.02603060705422
27,66.04549624698296,78.01512066335376
27,66.01853940623961,77.98452429682604
27,66.02846716980295,77.96948401027238
27,65.9906509695786,77.9803091079558
27,65.9663685073435,78.00101210730341
27,65.9909392535309,77.95512409098703
27,65.98090423175091,78.04032978572762
27,66.03503899281299,77.99115923237879
27,65.96814518230221,77.97504055645325
27,66.01478616133107,78.0475444215733
27,65.98599039357613,78.02917616245293
27,65.98828733998306,78.00486886567965
27,66.02346418837226,77.99294326802975
27,66.01222717587919,78.00169781345281
27,65.95761280717468,77.99243603964241
27,66.0107840044244,78.0061039562962
27,66.03859912161901,77.98667152682145
27,66.01687648533925,77.98293433755427
27,66.03083693021537,78.02758696329526
27,66.01121441784629,77.97458499138642
27,66.00834346302716,77.98910049754075
27,65.97492587013473,78.00812754506079
27,66.00960427679045,78.01076188141407
27,65.98761778093369,77.99264707237874
27,66.03751374230042,78.00204978498233
27,66.00572718149031,77.99241356033038
27,65.95103433143113,77.9997289551223
27,65.98613743305279,77.97944460340996
27,66.0437652074075,78.02311357789132
27,66.00020674125068,78.00275880979741
27,65.96256004788825,78.0039359589013
27,65.99199016068532,77.99605174957686
27,66.00328301804514,78.02479832227196
27,65.98138059597801,77.99584558905886
27,66.02101812632137,77.98991453747558
27,66.02317905360896,77.98321271343585
27,66.03468934218571,78.03201598723365
27,66.04105579776143,78.002319375117
27,65.96137839977645,78.00623641253803
27,65.99535232945911,78.0005549665677
27,66.01758169366207,78.00749031362797
27,65.99825300806347,78.01839508661166
27,65.97120268220026,77.98990497892405
27,65.97121326570397,77.97048781390504
27,66.04736792114556,78.00647951397322
27,65.97547132917765,77.95648746492952
28,66.02955282622025,77.98853063280686
28,65.99257870405914,78.00210526105585
28,66.02456187801397,77.96214430513871
28,66.02099235269984,78.03377167221342
28,65.96079351124429,77.98728179318304
28,65.98072133355151,78.02897307640742
28,65.98667610017907,78.03799288179859
28,66.00699548094805,77.98926752625356
28,66.00540282768831,78.00133485483256
28,65.97644054009166,77.99656789380478
28,66.00118710594032,78.04248999720528
28,65.98124351832861,78.01178886969788
28,65.97304164995987,77.98676277313217
28,65.95797781537556,77.98643922834196
28,65.9901387232627,77.98770587465059
28,65.96487661417706,78.01742580661379
28,65.96292908355399,78.01287463382685
28,66.00565697910706,78.0007668292159
28,65.9856387140527,77.97156717877189
28,65.99444848998965,78.01398013639437
28,65.98616265590508,78.00799478312159
28,66.03876143093616,77.97006445860735
28,65.9860826628205,78.02237953446817
28,66.00108263069856,77.98022162686442
28,66.02331841315412,78.00385534893043
28,66.02923231299248,77.98201334730553
28,65.98828733998306,78.00486886567965
28,65.98216799227869,77.95440727464357
28,65.96946181860062,78.0089479541267
28,66.01702920271616,77.96497223334634
28,65.9939071979925,77.98580806974593
28,65.97291075516333,78.02562887138932
28,66.02629351522768,77.99414903329347
28,66.01824358541441,78.02298685172926
28,66.01783437419009,78.0407691415815
28,66.04090229090023,78.01891465531334
28,66.00707828554846,78.00203715003005
28,66.04255519489247,77.99526259866616
28,66.0415247842113,78.00928929606995
28,65.97364420134849,78.01124381768845
28,65.9690177587106,77.99519270171851
28,66.01039311780671,77.99041858726008
28,65.9611059263623,77.9798105163654
28,65.99138548668665,78.00456029654148
28,65.98498461613426,78.03642907472172
28,66.02612681680154,77.96441592751017
28,66.01222264314741,77.95772731620985
28,66.03951907254188,78.00859565319071
28,65.97186714396663,77.99795282741236
28,66.0479865263955,78.00048674606894
28,65.99496629817627,78.0225944750252
28,65.99441192949494,77.9545543840889
28,66.00809266258798,78.0121110243588
28,65.99233015648325,78.01370892859813
28,66.0120592314947,77.99827444426893
28,65.98737178523992,78.00850671170367
28,65.99684869399655,78.00607289451659
29,65.97778183009686,77.9723670588237
29,66.03862666345924,77.99482301910882
29,65.99593135464,77.98278032470792
29,65.98100050914101,78.00950483559312
29,65.95648956256295,78.00186680783138
29,65.98656155009094,78.02015317962184
29,66.01668264637985,78.01727000514947
29,66.03171988985828,78.022195132957
29,65.9859450312402,78.03653950780334
29,65.99886171415812,77.99037546391841
29,65.99931007955277,77.98727961738575
29,66.02641580691792,77.95892985017441
29,65.97155767154345,78.01989985212386
29,66.00000774883668,78.04264082932897
29,66.0319849879093,78.00341105622432
29,66.02885588837468,77.99081441765746
29,65.99200575204513,77.9948881580005
29,66.01771444355182,78.01629063380415
29,65.96823178646086,78.0382992453928
29,66.0196446767248,77.99543212314097
29,65.9853148017161,78.01554904658106
29,65.9535760496318,78.01528791867571
29,66.0345842415295,78.01367291825437
29,65.96197784979925,78.01391346265676
29,65.9832984595487,77.97900901760889
29,66.03665573351157,77.9801729519257
29,65.9873057205655,78.0301810091503
29,66.01790942604929,78.01758732832192
29,66.00071095265861,77.96029795667684
29,66.03393580832682,77.96801383048583
29,66.00436447911945,77.97605438535633
29,65.98979234870922,78.02652772162075
29,66.02489446859506,78.00990801905799
29,65.99014448641068,77.98651593817884
29,65.99412554198541,78.0203792290016
29,65.98066247486227,78.0058529640344
29,66.02848322148563,77.96793421816191
29,65.9557733221575,78.00231885192599
29,65.99908555709075,77.99630893689682
29,66.04378455706485,77.99715005644248
29,65.99686141180977,78.02644144168605
29,65.96158573476427,78.01071623644427
29,65.98162535185821,77.98857429229108
29,65.99685639750109,78.00251285247742
29,65.96764271532062,78.03808465109361
29,65.96667822589092,78.00073903798639
29,66.04044481889227,77.9782197521952
29,66.00651977706028,78.04328228542998
29,66.0011371326696,77.97858434322143
29,65.99124658083836,78.0147648515534
29,65.97852621390238,78.03751390944107
29,66.0111212355084,77.96743603897662
29,66.01203414056125,77.99815987151152
29,65.9699742876476,78.0143611138499
29,66.03757266986888,77.9987564997143
29,65.97940787911523,77.99484423004057
29,66.01845389459072,77.96024466052289
29,66.02471031600632,77.9904301738684
29,66.04427751682353,77.97890247759739
29,65.99927362764956,78.013800695495
29,65.97436754610779,78.0412088198875
29,65.97781822198634,78.03216749531128
29,66.02837420941916,77.95933160947912
29,65.96465367317849,77.96832388508408
29,65.99729003908061,78.02936851970324
29,66.00869695823879,78.04424191434859
29,66.0250931133369,78.01958437836936
29,66.02136205372447,78.0229259297172
29,65.99138263581585,77.98781488478929
29,66.03650038787278,77.96644526564778
29,66.02029347993319,77.98107136246902
29,65.99165148492538,77.95867147326608
29,66.00455895637123,78.0209275974308
29,65.98926999966834,78.0352796687247
29,66.02899895493222,78.00209668679486
29,65.98111723665625,77.95733207127603
29,65.9536838302206,78.00209651230485
29,66.0136501062885,78.00962577993104
29,65.98814732986195,78.00846004129322
29,65.95660488712532,77.982316112916
29,66.047163716042,78.01214537319603
29,65.9632264911598,77.97008602776866
29,65.99397629745374,77.99497207031138
29,66.02583350968023,78.01126017103323
29,66.02205572299368,78.00296042148783
29,66.00445329112539,77.98637744165005
29,65.98976764089342,77.99601855011593
29,66.02383705778986,78.00058738281244
29,66.03142182780523,77.96264272587841
29,65.98328590158162,78.00945075452829
29,66.00896644237395,78.02164429846516
29,65.95723574530207,78.00477199041298
29,65.97059846327049,77.9994864809819
29,65.97856788063619,77.97424789358105
29,65.9555375328672,77.9976570843476
30,66.0323293396859,78.00055427077291
30,66.01519198625108,78.03045761308223
30,66.02015362709488,77.96808943673926
30,65.9768252400618,77.96395401181327
30,65.98042566250447,78.01026976089442
30,66.01993453969907,77.9579512285341
30,66.01902586810823,77.98859522096738
30,65.97361435507258,77.96147964102752
30,65.95884274355052,78.00394473203065
30,66.01500154278314,77.97079784528164
30,65.97248237936006,77.9697200124605
30,66.01084890192007,77.97355922216235
30,65.97242673651692,78.04103568479417
30,66.03420211709293,77.97209304727173
30,66.02192366689819,78.02709633134414
30,65.99296243606447,78.0146859795508
30,66.01068200903553,78.01759035237687
30,66.00412032358005,77.97854828024428
30,65.99940343365236,78.01797395095922
30,65.99398123862254,77.99292603014432
30,66.01559188310328,77.98311966836896
30,65.99207712509705,78.00205238500031
30,66.00899980613154,77.97676421726258
30,66.01575535750167,77.95720649444922
30,66.03786103670274,78.02378920535433
30,65.9886613295707,77.98840574766878
30,65.96807232731801,78.01906460271353
30,66.03120813032155,78.01446565931145
30,65.99235234967297,78.04381128625437
30,66.03876275079419,77.98730956717755
30,65.98944876577069,78.02805120116577
30,65.99637313704238,78.01160132037498
30,66.02130120230088,77.9870441826182
30,65.97676325864394,77.99880023260019
30,66.00948223027898,77.95896662994039
30,66.03713238036751,77.99015187781836
30,65.99899657678884,78.04262235979921
30,66.0347534271279,77.9862119100224
30,65.99676716896454,77.9682845802804
30,66.00412220871004,77.99755592272109
30,65.98801761361202,78.01595270172409
30,66.04507762276553,77.9930442412038
30,65.98751937247756,77.9899379932028
30,65.98487121908586,77.96083718942461
30,66.0313803418304,78.0016426151987
30,66.03181451692868,77.97182484985763
30,66.00438515267612,77.99524788236725
30,66.00702397501725,77.99726997900005
30,66.01770335740126,78.04111621862224
30,65.99438901958354,77.97644061917659
30,65.95362128070279,78.0143999023009
30,66.0418000133427,77.98286267112205
30,65.96222858676882,78.01554528506662
30,65.98847089162108,78.02603829207742
30,65.97535388030494,78.0244253146529
30,66.02825160759352,77.99376223534458
30,66.0348990448599,78.01879155741094
30,66.03283204351816,77.99938528825756
30,65.98071944038665,77.96049770151488
30,65.97390148391952,78.0118134221011
30,65.9942089446457,77.95094222455631
30,66.0241477621427,78.01447193720124
30,66.02693271531327,78.02266168428513
30,65.99321811827079,77.96800126141123
30,66.00090569570726,77.99750547775
30,66.01580265124944,77.96355598482691
30,65.99967567549815,78.02250844373677
30,65.97887895971164,77.99049612949152
30,65.97595688065405,77.99892767291014
30,65.98894312073487,78.02672236715698
30,66.01567766485287,78.0251933717388
30,65.98225698286693,77.98445699470231
30,65.96857601877409,78.00791231175187
30,65.99650823047989,77.95263865443854
30,65.99065358308427,77.99211988985672
30,65.98973756054448,78.01679345878824
30,66.01245561840338,78.0442786375573
30,65.97279772333606,78.03881057172958
30,65.95569877043654,77.99196260168523
30,65.98837291474013,77.96830245889745
30,65.95671227960229,77.99488010797111
30,65.98757634530487,78.02363027650067
31,66.01596996575118,77.95607404548063
31,66.00859694090686,78.03694831215944
31,65.99578261773706,78.03742092189734
31,66.03146836030312,77.98341828450738
31,65.98372547241635,78.01925013191185
31,65.99337911720814,78.00475197118992
31,66.04525792584397,78.00426660199487
31,66.010588486699,78.00796245363743
31,66.01181763047526,77.95782349352535
31,65.9744037539835,78.03976961816268
31,66.00486571669407,77.95159537848659
31,65.99227467844196,77.9715545301744
31,66.01492963460679,78.0056229661865
31,65.98530343530825,78.03405408200457
31,66.006841578918,77.98232204541034
31,65.9948757785241,78.00821268261936
31,65.97699264279225,77.99402913798303
31,65.96138937226226,78.02075955121325
31,66.02175098355828,78.02058355970097
31,65.97454001496399,77.97630174404239
31,65.99394436964972,78.00592211719261
31,66.02187688842079,78.03209834737908
31,65.98129832298031,77.99505559359376
31,66.01254728935156,78.01508805122033
31,66.03826946022784,77.98744773893239
31,66.04301293602474,78.01384450651548
31,65.98786586814465,78.0126530822689
31,66.02867082957283,78.03768958813724
31,65.98561111008968,78.00451695654824
31,65.99269051123588,78.01644999375682
31,66.0129828804911,78.01380443412175
31,65.99505952777886,78.015932561722
31,65.97879255525551,77.97586985848072
31,65.96025997185886,78.01237960283311
31,65.96636215031839,77.96650116421507
31,66.01457525810737,78.03681099050179
31,66.00846191015852,77.97270390179055
31,65.9853044426742,77.96130137975558
31,66.0041426049204,78.01936928839773
31,65.97173212161564,78.0205201537938
31,65.98528054376091,78.03323102149758
31,65.96276695785767,78.0307065816009
31,66.01728381668467,78.01264822552874
31,66.01498642812295,77.9991450795178
31,66.02179413885115,77.99685059173815
31,65.99686232369439,78.0082173152987
31,65.98059197628078,77.96265095967966
31,65.98984688606514,77.96271107235752
31,65.96361721590479,77.97191026503167
31,66.02197767329562,77.99578690374203
31,65.98526109269362,78.04345406409016
31,66.02150362257647,77.99361124045583
31,66.01825405235833,77.97337209087688
31,65.9774993912404,77.98320428608233
31,66.01073636798579,78.01276041945377
31,65.98182642702622,77.95900781971046
31,65.99865539773097,77.97138796089276
31,66.01931523066341,77.97022140782626
31,65.9871193514749,77.97903009508283
31,65.96594600782886,78.02147883118647
31,65.96864571224889,77.9817202724616
31,65.9764627384024,78.01670897137336
31,66.0140916154573,78.03286218588408
31,66.03835516207141,78.01820637160863
31,66.01561735510347,78.01249212350248
32,66.03324470846229,77.98595337709565
32,65.97884517005863,77.99061755100072
32,66.00267345977711,77.99406551087462
32,65.98761307830615,78.00728809001131
32,66.00315509675691,77.96812471876756
32,65.96037703843308,78.02426950122965
32,65.99288742657103,78.00045975891723
32,66.02707460567476,78.00431741817725
32,66.00900326810584,78.03098612148014
32,66.02134057151949,77.98859376583542
32,65.99801339005971,78.02329996058597
32,65.98331829265477,77.98835977470395
32,66.0201827527604,78.00678527380441
32,66.01567122388572,78.01664886503931
32,65.96568205249221,77.98582367979841
32,65.97106329651606,77.99825690405603
32,66.02204872907599,77.99592199215734
32,66.03349245850355,77.99181775924103
32,66.03392363785076,77.96978707722371
32,66.01696335395233,78.03551269013862
32,66.00012683366893,78.02037582822452
32,66.03754342902825,77.96762031530565
32,66.02336740028868,78.00099664030984
32,65.98119350837196,78.00512375192231
32,65.97956077580334,77.9987120872035
32,65.98976728331364,78.03097239932988
32,65.97852776722748,78.01731092334653
32,66.01296181164457,78.03784557146915
32,66.02376169753802,77.99699391903434
32,66.02781248001033,77.9881818823139
32,66.00494029243369,77.98646516369946
32,65.99507661427522,78.04879229087327
32,66.04566970516669,77.99115517492999
32,65.99468967706748,77.98311103766812
32,66.0033620734755,77.9944521842482
32,66.03115520342064,77.98158745611671
32,66.03568364371272,77.99827188185502
32,65.9809255613051,78.0364577909175
32,65.99300023270975,78.04476408678596
32,65.96814689594468,77.9616502029219
32,65.97114644529935,78.01139065305392
32,65.97279333502365,78.02341933235928
32,65.96684078366984,78.00379484593533
32,65.97288935823079,78.03828649242587
32,65.95302357235262,78.01041910340908
32,66.03280683379141,78.02272219099426
32,65.96729218565885,78.0164388325161
32,66.00404112298848,77.99056578366512
32,66.0282559505347,78.0201821438461
32,65.99222928019594,78.00253236368916
32,66.02413417105628,78.03318194554257
32,66.00708446006841,77.97600821517398
32,66.00129133177717,78.0153043478076
32,66.0201827527604,78.00678527380441
32,66.00064056630156,78.02980075154727
32,65.96351006608181,77.98026989223577
33,66.01744510890553,78.02016969021662
33,65.9891130583783,77.97207394502416
33,65.98105655742046,78.00151140078972
33,65.99953088176578,78.00324870226446
33,66.0101110851125,78.03920903093014
33,66.04600894427242,78.01293558828272
33,66.02664174146202,78.04175734307312
33,65.96037966354164,77.97564024698573
33,66.01365338032439,77.96885009998209
33,65.97166275029417,78.0236805724223
33,66.00437186421325,77.99225772961401
33,66.00516417180295,78.00630690176557
33,66.02273066262126,77.97507159271207
33,65.97441050214337,77.95777719216738
33,65.9964472769012,78.00078093175247
33,66.00870416279732,78.00112435222772
33,66.0039566161365,77.96020067573028
33,65.967863969419,77.99370904254944
33,66.03405050771015,77.9916432756344
33,66.01194641581996,77.98532334163254
33,65.97958737429283,78.00130868250996
33,65.98320202204954,77.97726295780389
33,66.00885666362171,78.04834444131352
33,65.98856597437766,77.9594561909189
33,66.0188133146046,78.00163354308636
33,66.03271106138824,78.00629373788912
33,65.98490909419387,77.9649727832865
33,66.01201068520471,78.02314377387988
33,66.03296366691136,77.98312455025628
33,66.00318413469546,77.97077819409532
33,66.00694558635352,77.98655316338643
33,66.00580846206417,77.97742332373714
33,66.0045983425923,78.0215916713819
33,65.97466112831316,78.02676343634614
33,66.02035249555202,77.98069315468875
33,66.00255886274383,78.04800718465037
33,65.98530036799748,77.98634934243863
33,66.03388925562157,77.98872386114975
33,65.99218117029291,77.99928874179122
33,66.02961727600508,77.96638351427977
33,65.99214313077866,77.97684223154812
33,66.01127602172097,77.95966782818637
33,65.98918875856512,77.96553596432462
33,66.03935346134183,78.01466916151375
33,65.95882394566918,77.99701203947565
33,66.03176910176815,77.99124829612802
33,65.99556267660955,78.00811423971068
33,66.01699407334966,77.96821577398987
33,65.97944336562936,77.95859237991937
33,65.95956082485334,78.01205596937771
33,66.0185358947599,78.02113379920908
33,65.99474574632455,78.0035834875386
33,66.0254779774318,78.03446215949681
33,66.0211637669011,78.03597601347701
33,65.99930809596883,77.98736095429173
33,66.01066934391092,77.99257053341883
33,66.00887884668686,78.00987979258821
33,65.9550702088893,77.9965451959526
33,66.02143116956395,78.00740382117296
33,66.00511823176622,77.9981267089682
33,65.9934965126109,78.04215884225047
33,66.00061773791036,77.95698163082994
33,66.02037008514289,77.99331030974197
33,66.04655615109017,78.01328482249004
33,66.0425733294188,78.01369135705187
33,66.03539567653347,78.0333643889706
33,66.00537201229889,78.00943090891009
33,66.02933939632686,77.97734531693006
33,65.96812632790495,77.97084015921952
33,66.00194131929214,77.95613510160993
33,66.04424156021621,77.98535460464372
33,65.9757450292846,77.9710862485231
33,65.98871585863387,77.97857695828303
33,66.04597594947525,77.98811478872648
33,65.96907497403963,77.97630054573263
33,65.98587156060975,78.00254674475065
33,66.00478667409737,78.02051630022805
33,65.9943378313477,77.98253728679379
33,66.03589380655069,77.96548963949449
33,65.97033911249932,78.03765120440696
33,66.02843747541166,77.9920389970609
33,65.96710585830739,77.97830766879449
33,65.99184893772812,77.95671502031773
33,66.00038860748371,78.00843453285198
33,66.01199603184072,77.95895118029195
33,66.01106162710097,77.97655568970598
33,65.96019548828211,78.02416793820335
33,66.0019415173073,77.9993885382202
33,65.98229331134577,77.95673348920035
33,66.03640730650527,77.97939839046126
33,65.99628159210535,78.04366750196728
33,65.97219853543685,78.02910647860676
33,66.0069784182136,78.0203253133726
33,66.0181027002546,78.003844849782
33,66.01017497421589,77.99700181201152
33,66.01794103352992,77.98662003555808
33,66.00534941860124,77.97694248670518
33,66.01266694373922,77.9838842193226
33,66.02035887253457,78.0432015043648
33,65.9546360249862,77.98367901430731
33,65.97996700096101,77.9806748047294
34,65.96146066840753,77.97556634419146
34,65.99689804604995,77.95543015097144
34,66.00515700115773,78.01042581378827
34,66.04405837854745,78.00543448076033
34,66.0112935892403,77.98989891820112
34,66.0304279082937,78.01455602766514
34,66.02108777120051,78.01218730048444
34,65.98310824746103,77.95363762911776
34,65.9860400563363,77.97383647734529
34,65.99637675031727,77.99493270183402
34,66.01108344568163,77.99806279165747
34,66.00540169531433,77.97800113134726
34,65.99965340821461,78.01629462143833
34,65.97860674438014,77.97663205155628
34,65.96567935876948,78.01746020460575
34,65.98968941533961,77.9908587793001
34,65.9912586917628,78.0480571415558
34,65.98268149131012,78.00680260367798
34,65.9548111531137,77.97908192831845
34,66.0193893777084,77.9751144640625
34,65.97838238707153,78.00669725561735
34,65.98849595893303,78.02472255341462
34,65.99658978234335,78.03812202500146
34,65.96944677685475,77.97371614634186
34,66.01717089422712,77.97487921279593
34,66.02834731962086,78.0096892215249
34,66.03765552986205,77.97907977909585
34,65.97086846307695,78.03589631297795
34,65.99004753548228,78.03351635990319
34,65.99400246252253,78.04163302789797
34,66.01441153166408,77.98247722285853
34,65.97140086186826,78.01064989830985
34,65.9928442853209,77.99768176208553
34,65.9716463341874,77.97139126795888
34,66.00533362945369,77.95568828032826
34,66.0083926590512,78.01502057264283
34,66.01901384945833,78.00841657298885
34,66.00115335614734,78.04333586157055
34,66.0036638361059,78.03388720275017
34,65.97728707861472,77.97813963187777
34,65.98851186375028,78.02453879320643
34,66.02417061449604,77.97536538968629
34,65.97876697536316,78.0105562748077
34,66.01811759735828,77.98283023397327
34,66.02203859329798,77.98058294902432
34,66.02005197168901,78.03099953126332
34,65.98761996742849,77.96910178558544
34,66.01524179443435,78.04147066523205
34,66.03781429768604,78.0037810654878
34,65.97679621935715,77.97982894069051
34,66.01401272272601,77.9983017171056
34,66.00766775784359,77.97400967030077
34,65.96517886887585,78.01968450583246
34,65.98303555268214,77.99685423006414
34,65.99602532781259,77.97536487472856
34,66.00648369004286,77.97267889849712
34,65.99538134898728,77.98685286483932
34,66.02961727600508,77.96638351427977
34,66.0125115447057,78.00585822059453
34,66.03214443429168,77.96455299812274
34,65.9867118513559,77.95464392687215
34,66.01966183951585,78.0204322812081
34,66.02970514265742,77.96315843624885
34,65.95467656262548,77.99498252919845
34,66.01031367373677,78.02570244279168
34,66.01445643961205,77.99501205132734
34,65.99335659278547,77.9667025074247
34,65.98314733627866,78.02151270882044
34,65.95181834091943,78.00685803835425
34,65.96445679192604,78.00121285578722
34,65.9797666301262,77.97239796167185
34,66.04805679359139,77.99610240836907
34,65.99256096529881,78.0048152754783
34,65.99324014618036,78.01274300992193
34,65.97148389052657,78.02546000252465
34,66.04658531240264,78.00314732709444
34,66.00688724895923,78.03341254057364
34,65.96313092753229,77.97571476886172
34,66.02002813194953,77.99053275356981
35,65.96632954909788,77.98283932257473
35,66.0228689893343,77.99773934173393
35,66.01012295278923,77.97886537376344
35,65.96923313249764,77.96699952399432
35,65.95167746183986,78.01204105525306
35,65.99964244696842,78.03903456179084
35,65.99783803209543,78.01539981196717
35,66.01890626339521,78.00913264641501
35,65.9619337447986,77.97398566025987
35,66.00230326453125,78.00023543570745
35,65.98126340168639,78.01463534758443
35,66.03702206794543,78.03036170245586
35,66.02172483514914,78.02587213591629
35,65.99297592371661,77.95731830983438
35,65.99189740355234,77.9998112482414
35,66.00399211115783,77.98232548110792
35,66.02605564108019,78.03768104841686
35,66.00770136087266,78.02183527959683
35,65.95679568715035,78.01697294387002
35,66.03668751182853,77.97390103368828
35,65.9991290408606,78.0455410493385
35,66.01044624681917,77.98960716297368
35,66.00364338405555,78.04644413452124
35,66.03463872379132,77.98642069013374
35,66.01404325288172,77.98071212067205
35,65.98936575660456,78.03250592020257
35,65.9920231646346,78.0040635372366
35,65.98010857836954,78.04155960121012
35,65.9760888783592,77.99178655058952
35,66.02669755608727,78.01280620218608
35,66.03918381264582,77.9804882080166
35,65.97952632572188,78.02515305614976
35,66.03315146414151,77.99568671136514
35,66.01609636867538,78.03639866365353
35,65.95978532703948,77.98627235200946
35,66.03088588146463,77.96315133652429
35,66.00526884368743,78.02775181948225
35,66.02013603940321,77.99020021812187
35,66.0456244302878,77.99059341500704
35,65.99861140584954,77.9806149020534
35,65.99439671949861,77.95796446346763
35,65.97680799989256,77.9853511995595
35,66.03599094345167,78.004991873799
35,66.02894281507686,78.0180886185982
35,66.02980260662896,77.96651105216947
35,65.96245963402228,77.98641637234755
35,65.98906933531562,77.97886567368425
35,66.01092347373488,78.04179201544353
35,66.02614624587927,77.97175614737966
35,65.96528131069171,77.98370381507152
35,65.98587704106885,78.04268584933313
35,65.96623343776801,77.96432722507497
35,65.97802734077187,77.99395006011501
35,66.03605203459328,78.0211634653197
35,66.00153171490375,77.98339825761747
35,66.00206705931976,78.01897929755985
35,65.9701823496542,77.97785396889985
35,65.99414851157846,78.03317357545069
35,65.95212845143665,77.99746893391377
35,66.04059611606968,78.02068632210516
35,65.98378719160131,78.00070176897182
35,65.97873900675991,77.96808505288634
35,66.02302989913703,77.96897564017848
36,65.97904845617806,77.99481361996452
36,66.03198865575887,77.98463857018017
36,65.99005475790354,77.98786336640592
36,65.96999537556934,77.96466120013213
36,66.0001231243338,78.04111884144531
36,65.99071624486697,78.0301593314675
36,65.95890197219819,78.0282479399498
36,66.03654865960385,77.99987873968257
36,66.01325978312225,77.97030836190144
36,65.97951601780774,78.0419945928473
36,65.99435571079933,78.03372807117216
36,65.97796752020629,77.98629344989554
36,66.04960160625164,78.0002892673438
36,65.99927362764956,78.013800695495
36,65.98498428540681,78.02417392333773
36,66.01521589091807,78.03912794133082
36,66.02386885317817,78.00727474630685
36,66.00086788455053,77.97489085135192
36,65.9951642884703,78.04410054139451
36,66.01370589136855,78.04341524836885
36,66.00399611704486,78.04077734221048
36,66.00442563776322,78.00124227470663
36,66.00417892819671,77.99358269846725
36,65.99013424621873,77.9867440507322
36,65.97876300038467,78.02577109992075
36,66.01014261593531,77.95434827226691
36,66.00656504789681,77.96151129583446
36,65.97284662939646,77.98593604280875
36,66.02071570291868,77.96575295223013
36,65.9784459355871,77.98943660199792
36,66.0345908046804,78.01664490000405
36,66.0168617540296,77.96119169674401
36,66.01861015095001,77.99670884615875
36,65.9913178613008,77.96627418617747
36,65.99173206338823,77.95721436287899
36,66.02176707845932,77.99462378011401
36,66.0387234172564,77.98739910395057
36,66.0004504848128,78.04905742533403
36,66.01881115642843,78.0351260945937
36,66.03501294106412,77.98279812483501
36,65.99927976569475,77.9866638213228
36,66.00501870171811,78.013211199303
36,66.04585738222978,78.00938377271775
36,65.98676129218123,78.01460814539448
36,65.97248370164279,78.03622631943418
36,65.97296383700608,78.04161956055924
36,65.988425394417,78.0086559159793
36,66.00129133177717,78.0153043478076
36,66.00783839663524,77.98996777114839
36,66.04420304535081,77.97890267225134
36,65.98488618162156,78.04616969233206
36,65.98895216707567,77.97815075085501
36,66.0248551575133,78.0120488693392
36,66.03417480730559,77.97285011355748
36,65.99604431647062,77.97729671061649
36,65.96147421887053,78.01774671921086
36,66.03146391629836,78.0262054436516
36,65.98378123839123,77.97202747539485
36,65.97937519027712,78.04511204846726
36,66.0331890027581,78.01948570177385
36,65.95761634739249,78.00544889119604
36,66.00666394542071,78.00454570777595
36,65.98844056706864,77.96645793445778
36,65.99478205364449,77.97512270000549
36,66.03531450451491,77.9937504518895
36,65.98410977641252,78.01314254411767
36,66.03178451332022,77.9724073775142
36,65.95755128526042,77.98076092134461
36,66.00387934033895,78.00659568552952
36,66.02773172593858,77.97078985276852
36,65.98113688825161,77.9868856275809
36,66.00907197946759,78.01897781973496
36,66.01581633510696,77.98618324366528
36,65.95730524536584,78.00295873561947
37,66.00478189140594,78.00671285931516
37,66.02386264753936,78.01341940074074
37,65.99924463785223,77.9912480430151
37,65.9889173825495,78.01539216036531
37,65.9938221968717,78.03075909028843
37,66.00960427679045,78.01076188141407
37,65.98892192758174,77.98331023037082
37,66.01931595006474,78.01546473169904
37,65.97005490634723,78.03138682605595
37,65.96913848771759,77.96306853731194
37,65.96025997185886,78.01237960283311
37,65.99276026922462,78.0442711711887
37,65.99873033501645,77.9501178710776
37,65.95234401049842,77.99246954425936
37,66.00120823179856,78.01690718061596
37,65.98199627094488,77.98144585613086
37,66.00722523272246,78.02721310383671
37,65.99234061037374,77.98018744271027
37,66.0083144292778,77.99230451280776
37,65.99319857977727,77.98804428094716
37,65.98534216365216,78.01391714165622
37,66.02789765689634,77.96629310160522
37,66.017598301456,77.96405279191383
37,66.01867028287322,78.0085078772971
37,65.99772496476102,78.00936081540254
37,65.9991290408606,78.0455410493385
37,65.97666986743904,77.98905555298253
37,65.99068954630575,78.01283204351353
37,65.97901803337258,77.97708012246018
37,65.97621842173794,77.9987958006231
37,65.97901766563866,78.01674789542498
37,66.00957889848954,78.04426477098919
37,65.95407993788943,78.00804135791044
37,66.04211427862337,77.97373799227724
37,65.99443226137494,78.03485347911896
37,65.96725334377717,77.9728210155921
37,66.04314020905119,77.98795875584526
37,66.02916872253127,78.0051168940126
37,66.03402515900612,77.98134464569932
37,66.00678687052188,77.99734377720465
37,66.02706754470435,77.9681440516811
37,65.98060017677368,77.96530883125082
37,66.02402123589955,77.9835684858104
37,65.978126557648,77.99026386064035
37,66.0064136912273,78.0152190294301
37,65.99771591941352,77.99129499366568
37,66.02452361172838,78.0275222509627
37,65.97708963663503,78.04086100700908
37,65.98144448635976,77.99694374857692
37,65.96279517148179,78.02841301310283
37,65.99843297180897,77.99722254227032
37,66.0065264132259,78.04620276319741
37,65.99076550912626,78.01938644399557
37,66.00881461844679,78.00713366946792
37,65.99588027076896,78.04127943510154
37,65.99956822227273,77.9769447894056
38,66.02412943818136,77.98995862146633
38,65.98401621343675,77.96485489913533
38,66.01092793905664,77.96412232540983
38,65.99249750495385,78.02073670216289
38,66.00599613586695,78.00255545312942
38,66.04192858756505,78.003032261192
38,65.96234222653412,77.96737455937951
38,66.01515177591378,78.02564122626877
38,65.97674837847863,78.03629231191523
38,66.02797686250447,77.99805393821194
38,66.00180798864122,78.03335498409115
38,65.96261544246059,78.02434742944149
38,66.00056495078984,77.96596197378415
38,65.95981465259574,77.98104584355742
38,66.00024181525272,77.98499960047582
38,66.00205393045738,78.00834612939728
38,65.97301038127738,77.98282879002716
38,65.97879266349555,78.01066949137322
38,65.97355217922785,78.03857170353152
38,66.00090333520606,78.00447877186888
38,66.0233394160244,78.01364492501425
38,66.00490958524594,78.031447141397
38,65.99225739271154,78.02062298152491
38,65.99659165920505,78.03459864350808
38,66.02627018060646,78.02900972391168
38,66.00974785926557,78.00831181730238
38,65.9934170449824,78.00354024667305
38,66.01729612088305,78.04254017255052
38,65.99664295987532,78.01782290834295
38,65.99898983154331,77.9759605439394
38,65.99513273503516,78.00351164151452
38,66.02387631959367,77.97951121625302
38,65.96498781155361,78.0128973027409
38,66.02520941555001,78.00428145567855
38,65.99418044907642,78.03573920310762
38,66.02691199232676,77.96389756629213
38,66.00301119458629,78.01898865143482
38,65.99379770499708,77.9825221472859
38,66.02479616151669,77.99352151126851
38,66.01680263680086,77.96591117039316
38,66.0023922821704,77.99820363655309
38,66.03589387546853,78.01578336985749
38,65.988451334843,77.99458688102976
38,66.03136213675971,78.01814722584905
38,65.95761106467178,77.98597977041291
38,65.9828672504494,78.01004369648189
38,66.01395845352646,77.97427684117919
38,66.03950729799088,78.016152690522
38,65.96926164738578,77.9908388448934
38,66.04077349238884,77.97543416279608
38,66.0440342039452,78.00910064320328
38,66.04962622847992,77.99502098301153
38,65.95697152804294,77.99659290983521
38,65.9655889719029,78.00642603521628
38,66.02020720826089,78.04549466179233
38,66.00309608099204,78.01589341314238
38,66.001044055232,78.04397300675443
38,66.04301293602474,78.01384450651548
38,65.98911350254143,77.95349622945541
38,66.00548837224883,77.99289196780977
38,66.00905868387609,78.04891874762532
38,66.00467261485397,77.9573091313698
38,65.9931216725162,78.04495410088312
38,65.96341202330396,77.97249884894796
38,66.00550254533958,78.04581486827989
38,66.0407388528825,78.02369069164043
38,65.98693022862534,78.03225968158917
38,66.04274735780625,78.02429226246585
38,65.96949999350525,77.99466838720423
38,65.96594600782886,78.02147883118647
38,66.01365450648142,77.97576640909082
38,65.97511687500287,78.03916551095872
38,66.0050820675076,77.99172777001951
38,65.96091103708764,78.02447514791739
38,65.96295317130664,77.99452984590299
38,66.00167554457566,77.9636813742562
38,66.00284231441341,77.98713179309368
38,66.03864727308964,77.99193705194251
38,66.00031983563039,77.99993898544638
38,65.9889671979864,78.0141132168866
38,65.98791263996198,78.03429633298391
38,65.96649955897102,77.99812536133874
38,65.97972119613765,77.99818579832045
38,66.00127494637496,78.02327253205497
38,66.000505191991,77.97878726977675
38,66.02684128030003,78.01216835639289
38,65.97669812552687,77.98223510808855
38,66.00207052165415,77.96486699101041
38,65.97519012345204,77.990661256638
38,65.98766849021946,78.03846092836942
38,65.96145132308,77.98534907619992
38,65.98308207356294,78.04629455003396
38,65.96712029757617,77.96449776329867
38,65.9897818117414,78.03642004503072
38,65.99862506832794,77.9999125552385
38,66.04726686797777,78.01364459590776
38,65.98511750800748,77.99720391010878
38,66.04531024228051,78.01405773833766
38,66.02454027381339,78.01410953672833
38,65.97857666083146,78.01141489510523
38,66.03116136929276,78.0052316690633
38,65.97059788465675,77.99983391977457
38,66.01859150508702,78.00139033299718
38,66.00793356992001,78.04744444769739
38,66.03540357134365,78.01767130768408
38,65.97751592614298,77.98437402483978
38,65.99348119940196,78.02155453559402
38,66.03848105369923,77.99329163045465
38,65.971267537802,77.9677404324339
38,65.9978512476376,78.03965646032454
38,66.02240848372993,77.98372712198696
38,66.04348465182568,77.9913031296623
38,66.00272868987928,77.98923456410635
38,65.98602828614615,78.02167635649987
38,65.9764387919693,78.0080019419969
38,65.98481187435029,78.0237186743938
38,65.99281618428603,77.98842669390189
38,65.98183505513818,77.96721344925393
38,65.9621857816121,77.9682094137819
38,66.02637871341489,78.02333838306615
38,65.98592494289527,77.95896119065998
38,65.97062923194207,78.03419341140481
38,65.95448033249494,77.98905080693417
38,65.95807533566577,77.97799475411634
38,65.95932270900362,78.00291057760688
38,66.00161348069298,78.00451101038043
38,66.010195663084,78.0043081697591
39,66.03208330087905,77.99599193755046
39,66.00510591973982,77.98126089552235
39,66.04321531586854,77.97535996121671
39,65.96804209792018,78.00661834010847
39,65.98936751932338,78.04805727289313
39,65.96536257298959,78.0303115302386
39,65.968415436485,78.02179216947437
39,65.99578701830939,78.03379323480746
39,66.03638582453655,78.0206909949455
39,66.00576580619169,78.00117935552942
39,65.98349548055656,78.04228748137943
39,66.03206342849919,77.99463859649934
39,66.01809278154393,77.97824070930457
39,66.0280591131004,77.98301120955591
39,66.00773853246723,77.97860349920175
39,66.02284867768199,78.00435435600957
39,66.01734707747855,77.98767618187478
39,65.98574810777266,77.99514597560702
39,65.96921611898884,77.99344223767537
39,65.97763660876132,77.99684479250942
39,66.01960724553777,77.99848907326314
39,65.98304135266815,78.01275159241594
39,66.00526764871557,77.99412753646851
39,65.98472382719243,77.96448733506503
40,66.04324500578551,78.00230686277396
40,66.03665569227543,78.03281369772371
40,66.00533658313664,78.01852841988634
40,66.00537915828298,78.00999345588916
40,66.02514543734902,78.02528681955182
40,65.98804589744975,78.03515547217248
40,65.99625731343912,78.01381098783143
40,66.01672559239242,78.02707081358511
40,65.96490011565814,77.9876116320966
40,66.04281446653458,77.9815393293477
40,65.98622047346402,77.96544942251847
40,65.99230563816646,78.02961135603064
40,65.98508355603303,78.00271873738288
40,66.01939965077155,77.97348467105753
40,65.98686923349972,77.95197919394738
40,65.98801699549527,78.00459744253612
40,65.98242120814774,77.99886094312382
40,65.97901889184831,78.0009334410019
40,66.00078989314862,78.00074009165978
40,65.97517667182889,78.01213660380756
40,66.03332161554405,77.96622117252349
40,65.98361503366279,78.00596577588854
40,65.95066427308973,78.00165442660285
40,66.01629956139412,78.03569747525862
40,65.98362745535243,77.96408072847596
40,65.96972287797911,77.99779387836774
40,66.00438734024931,77.96578915019523
40,65.96856684043519,77.97517191096013
40,66.01183069815129,77.95158046999524
40,66.00823607216937,77.9877836203247
40,66.00823802700297,78.00928281694372
40,66.00157885008257,77.99503098116722
40,65.96807818773887,78.03268879619178
40,66.04119873485213,77.97320750523465
40,65.98976899943575,78.00430475331093
40,65.96594125479531,78.0152687667577
40,65.98671223119486,78.01643895705809
40,65.95800349079074,77.99912537162143
40,66.00783278742045,78.03100387775544
40,65.99330423154483,77.99197349078895
40,66.00542045181226,77.95447972847003
40,66.0298107993922,77.99823676346493
40,66.01688631464148,78.01434680736955
40,66.04583877538856,77.98612395549802
40,65.9546519509741,78.00374026280565
40,66.00746809768924,78.00445627780903
40,66.04717971450663,78.00757611971464
40,65.9544052824339,77.97998402875064
40,65.97961006546446,77.96375324799779
40,65.9991781291742,78.03409779391879
40,65.99569925810331,78.00053918232213
40,65.9784590303734,78.03233057034726
40,66.02609990593582,78.03652215299437
40,65.99051272309873,77.99836045723787
40,66.00881679672229,78.02584790769002
40,66.04359298383916,78.02202685192198
40,66.009133101269,77.98808801687721
40,66.04542284733189,78.01145722520111
40,65.97310605422614,78.01638635067631
40,66.02336473695966,78.02026263991301
40,65.99520308073402,77.98353183841175
40,65.96658911017862,77.97009736994542
40,66.03381260085547,77.97638601383645
40,65.95675614559799,77.98987298301086
40,65.99430532508097,78.02954485264561
40,65.96820610836676,78.03815592310042
40,66.03996295605373,77.98508885979497
40,66.02335340576656,78.00721237849739
40,65.99353968045376,78.00493179261355
40,66.02819594070931,77.96353689496081
40,65.97330759880684,78.00085060569522
40,65.99381471420584,77.97247094358252
41,66.00543258607352,78.01452301750503
41,65.99494450220206,77.95477342988298
41,66.043189124865,77.9894436030141
41,65.99436402968402,77.95473513889732
41,65.98815994955058,78.04475523363907
41,65.97731124803272,78.00589940466547
41,66.01058925310593,78.029804600704
41,66.01196110955932,77.95175023625454
41,65.96345719211904,77.98547117860288
41,65.97532519061227,78.04217650094652
41,66.00344658192384,77.96472031376605
41,66.00441745147157,77.99131034500508
41,66.04260929049514,77.97934539729488
41,66.04445270492174,78.00252097253411
41,66.03129081775792,77.99314198742158
41,66.02668291108365,78.04091012361198
41,65.99344425124174,77.98263211437109
41,66.00493134972668,77.95647084241348
41,65.99206507290636,78.00858105982438
41,66.01669713537869,78.00511836029519
41,66.01046113791496,77.95321194921453
41,66.0079741377498,77.98196972236997
41,65.97980083465488,77.97659584436643
41,66.02044457507797,77.98322488649278
41,66.0265745281204,78.01244741019308
41,65.98339703604623,77.96361849570272
41,65.97839209246544,77.96943766677015
41,65.9905140336682,78.0097679805817
41,65.96505001294773,77.97964485136275
41,65.99440169327525,78.03903740323568
41,65.99615081347902,77.95531407258848
41,65.96643476744849,78.00403024169721
41,65.96864571224889,77.9817202724616
41,66.0130925142125,78.01670753075237
41,65.99112437837562,78.01448940533147
41,66.03591135876316,77.99840173745335
41,66.01290363064493,78.01889414620683
41,66.04789913602079,77.99442669076936
41,65.96744047761882,77.9747946317643
41,65.95672520606823,77.98444076899408
41,66.01444450164578,78.01664659147927
41,66.03794978503372,78.01079365854193
41,65.98117598955976,78.02358747425455
41,65.98016029661117,78.03060979472869
41,66.03125275244408,77.9938785301357
41,66.02307589349071,77.96258980755373
41,66.01164830469071,77.9944056649334
41,66.00352463523181,77.99532738015857
41,65.99960961715072,78.00626945378322
41,66.00788687080887,77.98508155288707
41,65.99558424841067,77.99396377331608
42,66.01469865602556,77.96526310086007
42,66.03708864730957,78.02341784675387
42,66.01516302540081,78.03536618305779
42,66.02164106629381,78.00406665608352
42,65.99379061588726,77.98659508157347
42,65.99647097699965,78.02049359544407
42,66.00752952009654,77.98819002597037
42,65.9956254860515,78.01458877519188
42,66.00586043418905,78.04881777129603
42,65.95245836057731,78.00976017818871
42,65.99861088297985,78.00942187565407
42,65.99140095312298,77.99067344842902
42,66.037736185763,78.02491420847625
42,65.96487974855015,78.02116011142192
42,65.99138962164243,78.02699109000216
42,65.9967238712405,78.00341960472728
42,65.97791425858672,78.01902272660924
42,65.96240866833149,78.02341829914373
42,66.0304279082937,78.01455602766514
42,65.97057636900246,78.00854189083624
42,66.03843820054543,77.97072393804369
42,66.03614881400526,77.98844385708624
42,65.98642242034968,77.98367945713498
42,65.9929832614953,78.02303164605438
42,66.01223003590677,77.96972645708242
42,66.04601333168078,77.98097925777525
42,66.00049051945031,77.9989624890133
42,66.03381440000929,77.99720235173159
42,66.00314446753018,77.95930532883764
42,65.98911944509739,77.98593497566644
42,65.95407993788943,78.00804135791044
42,66.00332111282742,77.98534554060882
42,65.99947976693885,78.04586894503375
42,66.03497627907818,78.01735861071067
42,65.97811740044135,78.02832384064713
42,66.01938532553454,78.02822560953815
42,66.01805671463933,78.01574156508337
42,65.98799206612081,78.0313932387526
42,66.04227877002222,77.98652079104554
42,65.96171212279486,78.00087117474077
42,66.0010258500784,78.02975932469334
42,66.02608388767327,77.9812340545847
42,65.98322767578084,77.98065265810499
42,66.04408072367715,78.00691297554565
42,66.00143538421965,77.98880597916202
42,66.03232634836051,78.02481124496438
42,65.95332479884163,77.99480994888661
42,66.02469405574644,78.04229685539545
42,65.97428849282093,77.98989717397593
42,65.98028246692718,78.03296218366569
42,65.96531126825222,77.97397780775825
42,65.9934605732256,77.99073282585789
42,65.97297752844774,77.98628328744635
42,66.02533168988425,77.99155907678319
42,65.98352486979931,78.00071148430975
42,66.01295210401311,77.96745503333378
42,65.99920350224141,77.96266766619186
42,65.9692908650491,77.9985167644728
42,66.01560085613372,78.01771055952693
42,65.99586363120373,78.01469928657133
42,66.04656893133514,78.01511565604605
42,66.02305196038851,77.96115632326817
42,66.01933399309958,78.0068123593436
42,66.03115208090648,78.01200329425954
42,66.04299083551808,78.02179702085182
42,66.02371875221007,77.98664398825962
42,65.96426206691787,77.97242244507977
42,65.99338731800003,78.03528389357827
42,65.98868699413883,77.98551730092146
42,65.9926718686406,77.96677528052922
42,65.98548772861467,78.0367227900742
42,65.99520308073402,77.98353183841175
42,65.95941937172329,78.00060659808784
42,65.97711783519449,78.01265184352886
42,66.0082206347673,78.04044393056166
42,66.03492090489809,78.03427477645165
42,65.9935683527035,77.99353412162664
42,65.98194305570834,77.98904546968252
42,65.98148290442917,77.96800618399585
43,65.95044790650516,77.99386624479841
43,65.96029347016912,78.00859626980018
43,66.03378499102354,77.97090237508958
43,66.01421592708357,77.97290884459719
43,65.98769081272691,77.9881886513779
43,66.00870438160965,78.04519825309485
43,66.04353090034355,78.01138803388777
43,66.03360315958548,77.99822937158045
43,65.97279165521844,77.95819374139715
43,66.03362800101841,78.01589460641989
43,65.96056644680368,77.97053572381556
43,66.01811557178843,77.96782626031181
43,66.03650038787278,77.96644526564778
43,66.03052980078641,78.0206928394365
43,66.0078460935911,78.04249794429013
43,65.99856133427508,78.01144122266939
43,65.96912850770006,78.01799707098624
43,66.04158408570744,77.97719367734767
43,65.99484320915897,78.02856956611849
43,66.0127808233081,77.95765625624543
43,65.95479033986514,78.01297790213886
43,65.96336849924512,77.99138092545547
43,66.03547134163723,77.99555678416633
43,65.99638624603176,77.98099382830617
43,66.01590132315003,77.96041317564644
43,66.04609517643726,78.00362864926262
43,65.99013659663298,77.998583025219
43,66.02383477046263,78.02199780853358
43,65.96984505124834,78.01394460048262
43,65.9837397672184,78.00308426461275
43,65.95840232528825,78.0107345369382
43,66.00202284346481,78.00191474308082
43,66.03367286927413,77.98977076128585
43,65.9989938112367,78.00654509405719
43,66.01356583424595,77.95728690144432
43,65.96361902834917,78.0100664176564
43,66.02355529968483,77.96411284526708
43,66.02584133343932,78.00962153653393
43,65.98650761215063,78.00048850251989
43,65.98268113014191,78.01504001369726
43,66.04163990164993,78.01641281610928
43,66.0418432642544,78.02279450458408
43,65.96578798286,77.99450506603718
43,66.00564346435088,77.98696831028683
43,65.99229831966967,77.95853922248084
43,65.95906196196496,77.98284574948833
43,66.04460192273551,78.00885460604815
43,65.96521064509834,77.9995503852608
43,65.99486892195002,77.99647310711279
43,66.00959398711244,77.98495113132779
43,66.0449648434646,78.00092727167159
43,66.03214443429168,77.96455299812274
43,65.96284733035331,77.98136965556736
43,66.00980470777344,78.02045471805049
43,66.0263145568403,77.96062577531302
43,66.02691664724105,77.98434193852276
43,65.9646553510745,77.96946713763066
43,66.0083592044377,77.98931762972354
43,66.02727034581423,77.96952105036377
43,66.02449828685833,77.97544858575804
43,66.0138814271154,77.99376696057364
43,65.97552644979763,77.98426568512556
43,65.98783820187676,77.99968049396514
43,66.00386746601602,78.0174460333153
43,66.04128593486625,78.02438144728396
43,65.98531277957184,78.01090039448012
43,65.98326348374566,78.02762823660743
43,66.01938599166759,78.04285695034224
43,66.03372559590944,77.98467435265351
43,66.01538641456821,77.97601206285225
43,66.03123202304391,77.98432303369307
43,66.0074127174063,78.01948908972983
44,65.99545109408193,77.99933140145001
44,66.00004836002152,77.99298098770407
44,65.96567935876948,78.01746020460575
44,65.9988034181186,77.96273890427867
44,66.01754533302214,77.96183263507169
44,65.99189974162321,78.04870480048454
44,65.97391067625503,77.99708140803527
44,65.9668576669882,77.96877412333839
44,65.98243221408543,78.00032078109082
44,65.98592578799942,78.0417331328481
44,65.95882420821624,78.0161515819859
44,66.00309194043008,78.0243391057705
44,66.02439269629856,78.01956946241248
44,66.0210362586207,77.9928125898671
44,65.99481346047966,78.00036111281108
44,65.96641186956569,77.97463258851316
44,65.98305916227264,78.02105389711225
44,66.02128939232416,78.03254137809164
44,65.99497902882797,78.0333972790916
44,66.00931302196815,77.99480556101248
44,66.0182565555654,78.0352431564091
44,65.98965911618974,78.04754342793898
44,66.00673529478705,78.0485273096029
44,66.03622385147949,78.01285861426278
44,66.02696617263794,78.01788365619811
44,66.04211411148795,78.01034534998678
44,66.00515210864111,77.97986452680368
44,66.01717089422712,77.97487921279593
44,65.97226078903218,77.9623023451951
44,65.96749183033701,77.98873371183919
44,66.01945309904693,77.99120948205466
44,66.01879116615979,78.03313744008433
44,66.01486615256488,78.02907474201447
44,66.00904796735826,78.0315979796853
44,65.95569877043654,77.99196260168523
44,66.03976970878007,77.99140599610018
44,65.95522014912098,77.98519839820283
44,65.99893739587371,78.042731087094
44,65.985924264319,78.01894332999494
44,66.04471774608236,78.00165183525891
44,65.99479777681654,77.98438961303343
44,65.99908567725922,78.00382026589942
44,65.97896050060604,78.00434977308461
44,65.97393669208593,78.03023107654104
44,66.00175513089715,78.00984740038913
44,66.04279300570407,77.98301103354675
44,66.0258650350359,77.9874391139789
44,66.00205165719089,78.01544965267834
44,65.97753179739082,78.01123941957964
44,65.98747336628252,77.96679379768706
44,65.96454780325355,77.98201517940204
44,66.0176054576978,77.98660925196837
44,66.0200874220796,77.98684210097895
45,66.00349949654361,78.0459660489342
45,65.97171810453057,78.00687630789753
45,66.02142066646125,78.0249330645306
45,66.04387823079887,78.02277408235908
45,66.01055475565465,77.9920911887288
45,66.01954969478635,78.03276847686445
45,65.97804501819992,78.01045066712646
45,65.978211480854,78.00215207193513
45,65.98444343523462,78.00982473580721
45,65.99056935292163,77.98884438106984
45,65.96578520870685,77.97866029597779
45,65.9801604421801,78.02982707508518
45,66.03006084809725,78.01658213164221
45,66.00803334512217,78.02647132967269
45,66.01233589201019,78.01699545183168
45,66.02493322061574,77.98423507949488
45,65.99661946005516,77.97410011294924
45,65.96339280454193,78.00609760474194
45,65.99215710771715,78.01340178355339
45,65.96477077834295,78.0088895509503
45,66.01400862581465,77.98022968141191
45,66.02874682391484,77.97792198866033
45,66.02890164277217,77.97981604971524
45,66.00993393915319,78.01851035562767
45,65.98340334157714,77.99721773271752
45,65.99942770824657,78.00966808933035
45,66.0237238608655,77.99825096823051
45,65.9876729646977,78.01601409380942
45,65.97632526336562,77.98759012870286
45,66.00041862062085,78.00477311775566
45,65.99905436638048,77.9792555993091
45,65.99016047654358,78.03949108390049
45,66.02125013737094,78.03867560289059
45,66.02198378855029,77.98974595485733
45,65.98667075306595,78.00152346765984
45,66.00187666795617,77.96206673037466
45,65.96234481916068,77.97144560613444
45,65.98914719669916,77.97341425694788
45,66.02229588741449,78.00757120335062
45,65.98205298074916,77.99675039109434
45,66.02918619885666,77.96830811395319
45,65.9842305486278,77.98811598688032
45,66.00330405905973,77.95646960364114
45,65.95649897787413,77.97960935482936
45,65.98783820187676,77.99968049396514
45,65.95686581253503,77.98690577879087
45,66.04090775929438,77.99597714575663
45,66.01261413596791,78.03431152016002
45,66.00610153073889,77.97241068958462
45,66.04326781997185,78.00535263669427
45,66.00101383531813,78.0479641296254
45,66.04103926823755,77.980588300773
45,66.00362080959293,78.01845295190064
45,65.97101256824939,78.03465182656582
45,66.04771874493629,77.99342786152404
45,66.03610141986512,77.97950113734308
45,65.96861797181617,78.03706698413689
45,65.98903494566866,78.00154458209853
45,65.95091149569527,78.00098651990616
45,65.98742299457807,77.95584048042348
45,65.98743538352707,77.98285373048229
45,65.96778672530733,77.96378757546202
45,66.02838548962464,78.04113584003376
45,65.96006865123613,77.99957215320447
45,66.01203587165627,78.03635038313121
45,65.99124658083836,78.0147648515534
45,66.01454513297101,77.97389036393932
45,65.99017863510015,78.00827666600216
45,66.01497317934349,78.01267695239278
45,66.02681815909517,78.01238247197618
45,66.00974785926557,78.00831181730238
45,65.9921359777243,77.98459197775954
45,66.02802043220835,78.00357587165814
45,66.03733156576232,78.00203338781874
45,65.97553105079447,77.98473629693724
45,65.9601643664717,77.98401688194477
45,66.01120561432282,78.02795104045398
45,65.987266932355,78.01928890951515
45,66.02103640893037,78.00296736354551
45,66.01475750737735,78.0410447170021
45,65.9929466864193,77.97513711885792
45,66.01380701782458,77.96216695387085
45,65.98353316753351,77.97203542456478
46,66.01091004252807,77.99588527621414
46,66.00300197356796,77.99103964660148
46,66.02026819978154,78.01672907415366
46,65.99967567549815,78.02250844373677
46,65.97740027198765,78.02321764223272
46,66.01814565851895,78.04471913912619
46,65.97098039188721,77.97349743071264
46,66.00371659441932,78.02609557294589
46,65.9626593052552,78.028910790104
46,65.98431382780969,77.99929075625293
46,66.02521692859436,77.98886925400691
46,66.02392974753913,78.02472168944955
46,66.03356582130326,77.9876830196354
46,65.98091939720717,77.96583655595649
46,66.03928046174588,77.98846291658644
46,66.01218476129543,77.99987428561649
46,65.96295317130664,77.99452984590299
46,65.97059788465675,77.99983391977457
46,65.97230229872136,77.96172285660079
46,65.97166340567489,77.99062514571186
46,65.96797300815409,77.99435864329674
46,66.02409322748298,78.00651197772665
46,66.04670908203343,77.98390113982357
46,66.00144114178622,78.00925089321419
46,65.9828672504494,78.01004369648189
46,65.97039541634464,78.02123400512421
46,66.04573450775553,77.9866921412832
46,65.95992701641082,78.01985817991782
46,65.97737310071406,77.9816010756665
46,66.02196820675105,77.99854686108432
46,65.99421269459286,77.95228470032009
46,65.9555543038378,78.0007651807291
46,66.0255030659319,78.01149861833656
46,65.98836983569679,77.9703026285882
46,66.02526149253221,77.99873578300941
46,66.02440661699913,78.00118838273859
46,65.98455609006174,78.01574654882864
46,66.0132111793112,77.97908146380925
46,66.02985583932589,78.00782217588218
46,66.01488896156248,77.96213761671473
46,66.01225642989326,77.97154925172539
46,65.99076550912626,78.01938644399557
46,65.99991159140477,77.99840750844068
46,65.98352858253624,78.00039263153433
46,65.99857418925966,78.00273125324856
46,65.99606506831142,77.99457812409449
46,65.95447214458545,77.99419372236726
46,66.00131860403621,77.98090327572518
46,66.0205569020651,77.95955970331778
46,65.98560838892979,78.00559911251477
46,66.00618238888069,78.02754255412874
46,66.04591601811816,78.00725721361131
46,66.01981997563809,78.04333245328259
47,65.97818433201748,78.03517782812075
47,66.00710949519745,77.97238966891508
47,65.96515558843676,78.0242236216021
47,65.99381763073221,77.98725214965182
47,66.03670636602476,77.98490266664669
47,66.04129240628505,77.99188948939323
47,65.97082990645849,77.98975918055635
47,66.01840166715347,77.96443883798301
47,66.03453768073429,77.96595786683856
47,65.99149609408478,78.02294024513583
47,66.01088595720486,77.99835644041374
47,66.009631352947,77.99410088365357
47,65.95612602891751,77.99469220270575
47,65.99365424731982,78.00301448277276
47,66.01362603363087,78.0013467650918
47,66.00119671773811,78.04422211324479
47,65.96856684043519,77.97517191096013
47,66.01714641874577,78.02330990296073
47,66.03081507251233,77.9891400547883
47,65.98110900445643,78.01335325234896
47,65.9909354422656,77.99826321844051
47,66.01778050115173,78.00570829390855
47,65.97930091404915,77.9634764987498
47,66.01125030773265,77.98925203495216
47,66.03007372502105,78.01557637057306
47,66.00412230778488,77.9725039280569
47,66.0091990469847,77.9997830740223
47,65.99027647833923,77.98160990942623
47,65.99266393181223,78.03940065868566
47,66.00530838377063,77.97304467274269
47,66.00496332572466,77.98065262204288
47,66.04890247473467,77.99201153092345
47,66.02204334718829,78.0428353406339
47,65.96155704968564,78.00950175507626
47,65.99221596641829,77.95096371074025
47,65.9773032708488,77.99891746864012
47,66.02657121311223,77.97661048483127
47,66.0057382395375,77.98752658906108
47,66.00013454269936,77.98227138642062
47,65.98319348801718,77.99902409697589
47,66.00123619228731,78.00737780373663
47,66.02544453680952,78.0354165750296
47,66.03933797948694,77.98414884646242
47,66.02971518284805,78.01129511899418
47,65.9961685323562,78.03125875632381
47,66.01058925310593,78.029804600704
47,65.98815301487173,77.99336843161825
47,66.00917264950333,77.97912625519393
47,66.00233932331184,78.02270289141721
47,65.96244696527926,78.03072462201548
47,66.03006084809725,78.01658213164221
47,65.97756830465185,78.01801155197165
47,65.98511196522134,78.04108265468986
47,66.00816475430601,78.01423387574565
47,66.04666039795687,78.00420949259431
47,66.00727762078475,77.96456676045587
47,66.04453932585461,78.01362028456529
47,66.00742587500336,78.00793818575913
47,66.00986465834167,77.9877849990189
47,65.97249088171004,77.97268692229837
47,65.98978768380975,77.97647744402582
47,65.98208875837642,78.02474826380374
47,65.99863908457087,78.0233157387456
47,65.98797645843273,77.98528474690892
47,65.96587020127949,78.00926094902762
47,66.0416359572817,77.99166858170945
47,65.955045892841,77.98611133978581
47,66.03455278821644,77.99193586852117
47,65.9834608173842,78.03213219504278
47,66.03790855631765,77.98312770942643
47,65.97434634231058,78.01123013139595
47,66.01962064527788,77.99573002562397
47,66.01237844866078,78.01074088949989
47,65.99963651511179,77.99906834786725
47,66.01565799750982,77.9970514582962
47,65.96193439262696,77.99098988537267
47,66.03142182780523,77.96264272587841
47,66.01864141020212,77.97740818529341
47,66.00966859546014,78.04106102032176
47,66.00384763499078,78.04215273683057
47,66.00759325190727,77.98887034398525
47,66.03418629938298,77.96862291987192
47,65.98836125841567,78.02651433596543
47,65.99540123157836,77.96357432127932
47,66.0204203462099,78.04165266285804
47,66.00574115888895,77.9505974111182
47,65.98114232127304,77.98067472310842
47,66.03167258661222,77.98231358403251
47,65.99619781358916,78.00023368853567
47,65.99362135515184,77.97044636802913
47,65.99725558461701,77.97396662534162
47,66.0198783939291,77.99915791023886
47,65.97817508187106,77.9796358377708
47,65.9687157725172,77.97879151969511
47,66.0065264132259,78.04620276319741
47,65.97803397920113,78.04153984610954
47,65.95551728290539,78.0207274318956
47,66.03015570428002,77.96948602777087
47,66.03482667781526,77.99269177348604
48,65.9914991984988,77.97576064044095
48,66.02909440667919,78.0064862407133
48,65.98196058408186,77.99494838171178
48,65.97825213496303,77.99110589439427
48,65.96686177752278,78.02826549596821
48,65.99038797444831,77.98645182368178
48,65.97107990004632,77.96021628177384
48,65.97423977569478,77.99820891451245
48,65.97537034356054,78.00289212198031
48,66.04392477358516,78.00586562183244
48,66.00857651167478,78.04711542299889
48,65.99656556402101,77.97473685554266
48,65.98912557414697,78.02086370693941
48,66.01458505842096,77.98865402143177
48,66.01214107128578,77.99696347550673
48,65.99924753301832,77.9938991989576
48,66.00139471322413,78.0244997693268
48,66.04801087271348,77.99482251951812
48,66.02693524047481,78.011390551171
48,65.99314821327444,78.0176818256717
48,65.96113242205942,77.96983175954914
48,66.01717910657388,77.98667855424318
48,66.00414619806236,78.01922973590833
48,65.96306102069373,77.98320407116763
48,65.99259448222325,78.00280205416834
48,66.00529074915396,77.97571445214045
48,66.01608964924388,78.0296597781994
48,66.03460534458254,78.0009492093464
48,65.98126051674006,78.02563748811981
48,65.9972818361373,78.02080496893582
48,65.99599765839982,78.0312493238728
48,66.04512248322494,78.01909536232466
48,65.96434179145733,77.99778351242107
48,66.00931348379872,78.00260654728531
48,66.00112737761783,78.0395873193303
48,65.9752011589535,77.97723230312383
48,66.0308861196956,78.03376305859716
48,65.95521594606707,77.98340579932713
48,65.97228214018429,77.98534631378155
48,66.02951219232108,78.03573417842973
48,65.98446001319354,77.96585125998979
48,65.99235269706965,78.00417303391599
48,66.00064987175739,77.95571982286572
48,65.96899106082593,78.03700783882839
48,65.99120703609854,78.00023537064462
48,66.02766396151044,78.02319747752053
48,65.97070477450869,78.02708312086645
48,66.00450436543004,78.01818575827399
48,66.04273822902844,77.98188162242614
48,66.0000087684,78.01177610301515
48,66.01069441532836,77.98889821286186
48,66.00894389474036,78.01168000261349
48,66.00593237882556,77.97729233504056
48,66.01924910614426,77.9940421206332
48,65.96918229669964,77.98512185991966
48,65.99800895376057,78.00290852912877
48,65.98853748462818,78.03114596106047
48,65.95190238839075,77.98643319854216
48,65.97155177234976,77.9695257494193
48,66.01248198588085,77.97286306015411
48,65.96903582615232,77.97245026629152
48,65.99212846603261,77.9534636058635
48,66.01460146342943,78.04087294463716
48,65.98567367370913,78.03363615169482
48,66.030816473539,77.9815589831515
48,65.97237920277699,77.99920080116438
48,66.04088480399035,78.00960901541747
48,66.00075848505007,78.03687253499446
48,65.99984069655574,77.97908638923904
48,66.03051863550986,77.9730349877889
48,66.00067682291738,77.98690088018952
48,66.02102864710633,77.96297987493487
48,65.96627588452577,78.03122693059404
48,66.02614624587927,77.97175614737966
48,66.03825344179988,77.97056322258081
48,65.99299967764861,77.99082602259593
49,66.00156982678921,77.99540164162424
49,65.97630399311426,77.95730080694317
49,65.99590983347441,78.04641821859326
49,66.02632053223832,77.964596166942
49,65.96189700267404,77.96986639277424
49,65.97886127949704,78.00523898215546
49,65.9992469547824,77.95417701016663
49,66.01514820263905,77.98963482071856
49,65.97719971675446,77.99974914552355
49,65.9581457279924,78.0173144760554
49,66.04089273831032,77.97652140848301
49,65.99831423012499,78.04801209015636
49,66.04361211693694,78.01435762037963
49,65.98053390198251,77.98175533422064
49,65.96143568743284,78.00541708765218
49,66.03534469340323,77.98080626767344
49,65.99618268294881,78.02422526975947
49,65.97329590238317,77.98648626897563
49,65.9826150617561,78.003531326977
49,66.0247120380391,78.02844631554014
49,65.98157464205009,77.97710621881225
49,65.96071910023424,77.97600308473577
49,66.03379535873337,78.0176208103563
49,66.01925147752651,77.96009348461615
49,65.95445464196072,78.00537819126792
49,65.989676647645,78.03946110638566
49,65.98460857258873,77.96204309932008
49,65.98573537807152,78.03606868693093
49,65.96422944784476,77.99438193409043
49,66.0238741442109,78.02132524348035
49,66.01997983969585,78.02914953832021
49,65.96260019187383,77.968879290719
49,65.99561561844571,77.99978059834666
49,66.03594766555254,78.02274815138645
49,65.98647519514769,78.01025233916054
49,66.02939691114184,78.01118244971819
49,65.9708320960981,78.0399211196375
49,66.01774204848735,78.04397562833509
49,66.00009537328388,77.98642175113861
49,65.98155113205588,77.95468039779105
49,65.98483448086216,77.99722060782054
49,66.03057831354245,77.99707576909056
49,66.00707063717887,77.9701232478751
49,66.01254060548732,77.96327291722291
49,66.0137717926463,78.03394883315171
49,65.98041928946294,78.00480313914717
49,65.9562540453705,77.98948020341568
49,66.00817876666449,78.04141449878264
49,66.01442317668975,77.9956557722813
49,66.00735956938202,78.02207974898796
49,65.9938221968717,78.03075909028843
49,66.00956547918953,78.03462908572368
49,65.98880516173732,77.9991493158184
49,65.99369112374583,77.98192363666219
49,65.95516212158546,78.0023296022475
49,66.01173254222962,77.98516189549069
49,66.02079032318002,78.02524137913137
49,66.00028405473323,77.99496162485494
49,66.03348533580471,77.99808910024858
49,65.9991781291742,78.03409779391879
49,65.96795964518425,77.97841706229168
49,65.96208992853528,78.03205773924685
49,65.95485073072807,77.99309837502933
49,66.03400454065168,77.97319895636493
49,65.97612068358237,77.96205654147528
49,65.96577424092155,78.021265859222
49,65.98132534060473,78.01458881158179
49,66.02316327230787,78.03096116208856
49,65.97586980694803,77.98778897280424
49,66.00017011531449,78.01469296960126
49,65.99442755774537,78.03916360675237
49,65.97722172135549,78.03449766257613
49,66.00574396333262,78.03780215798423
49,66.01006175860432,78.00457601360742
49,65.97774064146088,78.00642298860177
50,66.0007948007051,78.00323954007756
50,65.99826944629707,77.96084753011861
50,65.97415094365198,77.99326921956745
50,66.01031441883595,77.96018983426876
50,66.01348821197682,78.02586053487465
50,66.0271059997638,78.02184505013004
50,65.96973713426716,77.98617504683772
50,66.0358538141234,78.0212757945235
50,66.02081168187712,77.96981577281713
50,66.04282562675174,77.98451963711518
50,65.98545738997053,77.96351824434045
50,66.01588819581018,77.96535626467278
50,66.00989016885823,77.98233002005628
50,66.00318763131251,77.99830855432526
50,65.97933988980263,78.00990651080551
50,66.00520527156378,78.00682571415558
50,65.99289171065716,77.99572145155777
50,65.96914284089198,78.03374754050489
50,65.97802734077187,77.99395006011501
50,66.0244194564407,77.99558719638561
50,66.0311972752951,78.0323096045948
50,65.99770667632907,78.01291973721716
50,65.96224259567555,77.99831727259665
50,66.02886785580156,78.02814167354157
50,66.01777374009608,78.00081262006785
50,66.01461960962018,78.0305553976046
50,65.98562599583131,78.01117534380603
50,66.02452230121048,77.97148448822529
50,66.01851776363598,77.99031624460399
50,65.98650593352319,77.97166450244357
50,65.99329402387953,77.9798376949464
50,65.98380458425291,78.00511430266478
50,66.03299733589645,77.97100874909846
50,65.9770690352125,78.0274140359676
50,65.9722015683819,77.98114809167828
50,65.99941714690912,78.0187062538894
50,66.00294410968466,77.95712001355413
50,66.00385046618571,77.977277294512
50,66.00853876012532,77.99178130116576
50,66.01092242103654,77.97967782043341
50,65.98440416895599,77.98826959725685
50,66.0282464141203,77.98364402021956
50,66.01555181218825,78.03989584535681
50,66.02110810656346,78.03836201189044
50,66.00763110823823,77.99080797301579
50,65.9965521236664,78.01892430499962
50,66.00777905289364,78.0243885750586
50,65.96842592928594,77.96278497548009
50,66.03984548948861,78.00286084980331
50,66.02467219430136,77.99990326387116
50,66.0300098424225,77.98991341726243
50,66.01878006586661,78.00617145411599
50,66.0114848216324,78.02390992837564
50,65.99869499922391,78.0231928155382
50,65.98936154665996,77.98905954714358
50,65.97359791087138,78.00248391032346
50,66.00525193001594,77.9605065536661
50,65.97947700714055,77.99400696838869
50,65.99090632152536,77.99531018722577
50,65.96371677749923,78.02616824820565
50,65.95877040633476,78.00984008387346
50,66.02864215622803,77.99919771286622
50,66.00745734426008,78.00623122174248
50,65.98076834495389,78.02775018614776
50,66.00535108393022,77.97761615590414
50,65.98754337363565,78.01267896211573
50,66.00017011531449,78.01469296960126
50,65.99192754707599,77.9707259053806
50,65.97144720852762,77.96248312689437
50,66.02821578129678,78.02060849410978
50,65.99972052217917,78.01915853076173
50,66.00386746601602,78.0174460333153
51,66.0345029281012,77.98870071655071
51,65.99534166413747,77.97297024029015
51,65.99976448610184,78.02431901637662
51,65.99632291633185,78.04510337826561
51,66.00236643697691,78.03978702209793
51,65.95917793906756,77.9716221381775
51,65.9881727914821,77.95450024112976
51,65.97358530687484,77.97014607328458
51,66.01563307002169,77.96539939827292
51,65.96758445528779,78.00937448871845
51,65.99623420540219,78.01974673665691
51,65.98653356087745,77.98112196443752
51,65.98006352620146,77.98550964916198
51,65.96045895619714,78.00415382224719
51,65.99662797184214,77.99226138792454
51,66.0371990133164,77.99311612461867
51,66.0152062731649,77.99895054343199
51,66.01463484325325,78.00754518975651
51,66.02109221285416,77.97410960122797
51,66.02003033739012,77.98277047936456
51,65.95917793906756,77.9716221381775
51,65.97659248789336,78.027287720201
51,65.99830118298964,78.02364869995586
51,65.994047489898,78.01687973906762
51,66.00065519756346,77.97870307434863
51,66.00286785773841,77.97608872529209
51,65.95642064713492,77.99281732506397
51,65.97472988092576,77.98464434213591
51,65.99506671206034,78.01792049764987
51,66.02716024462642,78.02037180231541
51,65.98706306978143,77.95885553097145
51,66.03675129677735,78.02799345193064
51,65.9981744616124,77.95448169575175
51,66.03697411233294,77.97773643144835
51,66.01755196287856,78.01076815393753
51,65.99122867656999,77.99015009000303
51,66.00815533012891,78.0137395357774
51,65.99279742100876,78.04408562293152
51,66.03333893782442,78.00753580400921
51,66.00647398267361,77.97377101603601
51,66.02182620573602,78.00509279341188
51,66.04614885419052,77.9936252895632
51,65.97958045322332,78.0242162880204
51,66.01357188431622,77.98344051414409
51,65.9895190952898,77.99607213077552
51,65.99953754793157,78.01627129561788
51,65.99820831689559,78.00288790435562
51,65.96383765043049,78.03199729233602
51,66.03672834328076,77.9738318974264
51,65.96221022974028,78.02843834582647
51,66.0141727747377,78.01529808686604
51,65.99770773345331,78.04843933024245
51,65.95355316561135,78.01045503275554
51,66.00142182036107,78.0089352395489
51,66.0095789828447,77.99180099238906
51,65.99678954782178,77.95822432004499
51,66.03714375477374,77.9795801037205
51,66.0184457645409,77.97553268650312
51,65.9898183685537,77.96964525070993
51,65.96679297208836,78.02111148822124
51,66.0061342147902,77.97853677241446
51,66.01698098176342,78.04633410175461
51,66.02712459929857,78.03596694388983
51,66.04012965819092,78.00744319314033
52,66.04598778620702,78.01759615676175
52,66.0283001632678,77.97051891927272
52,66.02330896613137,77.98339639526925
52,65.98920281321435,78.00886956836871
52,65.96582401402036,78.03398163288138
52,66.03445862349322,77.99136499207879
52,66.03808838481784,77.9914354503012
52,66.012102513394,77.99498961483071
52,65.96235998089637,77.9766125070417
52,65.96318418814546,78.00555578276048
52,66.02604004060478,78.03675062438218
52,66.01595115940141,78.00032942963698
52,65.99050565212738,78.0033089192053
52,66.02686618202712,78.0386947398683
52,66.00804980331431,77.95374911676777
52,65.96955686501357,77.99536357579886
52,66.03996282813648,78.00894083347303
52,65.99441818497202,77.9606709824335
52,65.9894694476908,78.03033564691863
52,65.98243221408543,78.00032078109082
52,65.99204116604834,78.01488143973224
52,66.01443504184151,77.99501572050495
52,65.9860304027623,77.9893813096543
52,65.9993527561202,77.95520355074783
52,66.02430045919638,78.01821981129797
52,66.0104980289383,77.98103637498684
52,66.0420947549693,77.98230833779571
52,66.00356058122277,77.99151268249624
52,65.96998811056477,78.01972583606027
52,65.99216557423756,77.99484065355396
52,65.9956746310899,78.04883167308331
52,66.01738427558143,78.04027480881392
52,65.99174091488744,78.0212784937952
52,66.01886227847686,78.01588234114375
52,66.0308861196956,78.03376305859716
52,65.99195587943115,78.02824251874955
52,65.98669121745873,77.99895117540116
52,65.97866400622958,77.98338270090001
52,65.9898183685537,77.96964525070993
52,65.98492956706626,78.01410239207691
52,66.00758584862295,78.01549008483343
52,65.98287748911407,78.0035053991185
52,66.03388294768443,77.98833414486585
52,65.98729211396763,78.01677020025063
52,65.97252255282277,77.99963931314234
52,66.03376955815604,77.98292851745886
52,65.98273503729202,77.9842598181334
52,66.02555237407161,77.96480246722798
52,66.00328301804514,78.02479832227196
52,65.98187479499644,78.02855864022416
52,65.99782151158189,78.04127619498688
52,65.97645393461447,77.95648816709895
52,66.02515411149908,78.00671453064231
52,66.00205165719089,78.01544965267834
52,65.9884897093764,78.03126550100504
52,65.98633780009548,78.00700967967362
52,66.01815511443036,77.98220980462156
52,65.97978643638129,77.99290160409981
52,66.03526372895493,77.9959250261384
52,66.04060791863392,77.97794555928536
52,66.04373427407877,77.99532771635809
52,66.00205175587857,78.0481807957468
52,65.98889717564549,78.02216831229815
52,65.98041928946294,78.00480313914717
52,65.9656484380017,78.02463915532199
52,65.99096703306168,78.01958732849381
52,66.00861908449211,77.99766882920463
52,65.96138937226226,78.02075955121325
52,66.0050820675076,77.99172777001951
52,66.01405335355848,78.00245358599113
52,66.00876414957838,78.00861027570534
52,66.01852391843606,78.02615129795304
52,65.97240299606933,78.02339753878377
52,65.97148389052657,78.02546000252465
52,66.03508785907849,77.9865745105419
52,65.98327401809142,77.99665937991597
52,65.97377437891807,78.01380712231605
52,65.95692905799385,77.99819781957314
52,66.00021551259088,78.03327350609163
52,66.03536858680243,78.00786069629244
52,66.02848669845241,77.96897887973037
52,65.95610046433892,78.0105590615377
52,66.03481380913112,78.0355903662403
52,66.0075333594088,78.00016234269278
52,66.0295887638637,78.0260016584579
52,66.01078516842182,78.03232980696241
52,65.96695322429088,77.99458832603109
52,65.96479179320247,78.03030795730815
52,65.99603132436492,77.97712971590452
52,66.01730546057559,77.99744572747996
52,66.01595115940141,78.00032942963698
52,65.95678692088138,77.98284243661199
52,65.97852776722748,78.01731092334653
52,66.02849401374182,78.02408536365746
52,66.00146857958318,77.9850450581036
52,66.02107006437404,77.96917109972921
52,65.95512357392678,77.99466803647539
52,66.03660954421993,78.02102939501887
52,65.98543745360901,78.01677964864993
52,66.00316875421332,78.03114008652942
52,66.03638582453655,78.0206909949455
52,65.99814579537596,78.02650680827135
53,65.99274452465565,77.95261096849518
53,66.00328301804514,78.02479832227196
53,65.97319312104771,78.03778497407377
53,66.02561955945664,77.9798402226493
53,65.9559131572116,78.01535940365144
53,66.00655718921847,77.99530017607258
53,65.98679246383296,78.01386889249586
53,66.00554243175975,77.9759600115664
53,66.02980605308124,78.00193026602804
53,65.97278893891165,78.01383607659324
53,65.96284733035331,77.98136965556736
53,66.0187404985204,77.99347766486315
53,65.95943513452617,77.99076032230344
53,66.00126115940986,77.9653595379822
53,65.98885771206783,78.0409363633379
53,65.96191860673994,78.02593959191238
53,66.00937957250211,77.96943363724097
53,65.9947563274323,77.98106482989347
53,66.01724811225134,77.97094613659519
53,66.02944467092958,78.03368530372127
53,65.97561094900729,78.01270284478625
53,65.9855072193716,77.96210320678917
53,66.0388870317264,77.9879294371675
53,66.03246155053213,78.01448129080785
53,65.97887241208419,78.03415685454335
53,65.99206507290636,78.00858105982438
53,66.02162936286176,77.99982016597599
53,66.03144018404866,77.99594686724835
53,66.01818240785765,78.0077226942432
53,65.95673107115701,77.9829654829288
53,66.02895468280244,77.9854310672892
53,66.0369440310028,78.00883039865326
53,66.00075848505007,78.03687253499446
53,66.01231659296181,77.95757442525085
53,65.99692479683593,77.95433703525947
53,65.98919169127555,78.00117298755929
53,66.00452958048295,78.0158747442146
53,66.03681800545515,77.98838745653273
53,65.99985942658292,77.95625629221644
53,65.98110506777627,78.0197438991365
53,65.97834658753943,77.95626759252171
53,65.9967540563003,77.95807677078732
53,65.98872317737872,77.97238108803073
53,65.9897745527739,77.97265930208185
53,65.9693454620351,77.9686708900346
53,66.00754285892492,78.04294921258791
53,66.0047675761459,78.0108140229351
53,65.95574392210551,77.97959829945647
53,65.99842304973713,77.97749724291477
53,66.0404847666243,78.01883016766541
53,65.95678678342024,77.98464799948594
53,65.99311504512225,78.0173762270948
53,66.03682388251713,77.9823846426156
53,66.01279700468693,77.96452124714939
53,65.98843556234324,77.97073963054783
53,65.95618978650445,78.00334328438629
53,66.0127167735355,78.01212699117586
53,65.96339126257189,78.02414656769973
53,65.9993242250546,77.98802431094745
53,65.98268486942858,77.95696623847495
53,66.02063550330902,77.98813163829189
53,66.00118028954083,78.02957807990427
53,65.97198660191997,78.00049235270903
53,66.01268832929613,78.02921488699396
53,65.9809247862592,77.99746877015569
53,66.01516009156084,78.01197064315987
53,66.00085510438106,78.04439714817573
53,65.9869186562733,78.02617893065126
53,65.98335374766998,78.015811560197
53,65.98497021782738,78.00087071152487
53,66.00859853541583,78.00401505726417
53,65.99873304575884,78.02161322775929
53,65.97545320517699,77.99542817413469
53,65.9773077897418,77.98381653326226
53,66.02935308088145,77.99310429981098
53,65.99082792083472,77.98440098957764
53,65.98409412438815,78.00946151895154
53,66.01131214176971,77.99046798864427
53,66.00296456789921,77.95783035328732
53,66.03089991198975,78.02694498573644
53,65.99782992835854,78.02744367507474
53,65.9775366381142,78.03379864334399
53,65.98460857258873,77.96204309932008
53,65.99804194640323,77.99018258166323
53,66.03951157990515,78.01276769747398
53,66.0097605691691,78.02859375290886
53,65.9827959210775,78.01763093561941
53,66.0299148753938,78.02375731008608
53,65.98562419091178,77.97695932798203
53,65.99294814271515,78.03866062008947
54,65.9610416020977,77.98356984620675
54,65.97579369968985,78.04196700119266
54,65.9892960478341,77.9777631713961
54,65.99243149809959,78.03254019626524
54,66.00038860748371,78.00843453285198
54,65.99260789246254,77.98422838093593
54,65.99053515979188,78.03274430159684
54,66.00563810812069,78.01908198102197
54,65.99714963588332,77.97329496754091
54,65.97619913871699,78.00200939963386
54,65.97347318944729,77.9731823927335
54,65.96730467348661,77.96848249869335
54,66.0117585521936,78.03019415505146
54,66.03133076398645,78.00452408781806
54,65.99523480421377,77.97387310526014
54,66.03236983299713,78.02834522176056
54,66.0157098341751,77.99546882864296
54,66.00803129218009,77.95075461155852
54,66.02647361600285,78.01240298680898
54,65.99032839184314,77.98240382530398
54,66.02570828088385,78.01551738379756
54,66.03108819192283,77.972324136872
54,66.03702027134834,77.98550875363433
54,66.0197852286184,78.01898525895099
54,66.03741620135213,78.01646365370502
54,66.01455516281962,78.01515007854968
54,65.96114601908972,78.0133506860825
54,66.00243079253421,78.00786784389189
54,66.03532647818042,77.9971057530528
54,65.98815963457233,77.95567169159462
54,65.95859192813064,77.99713923120099
54,66.02165736060705,78.0174077426136
54,65.97112049347821,78.0153368219481
54,65.96753763426123,78.03690694245239
54,66.0268095783053,78.00882774853072
54,65.97506758078136,77.97382425604592
54,66.0014312193368,77.98296643989917
54,66.02332660152871,78.03625058117372
54,65.98915126484528,78.01801783170215
54,65.98073399272789,77.9962890109507
54,66.02560566027901,78.0166288076377
54,66.0212760473742,77.99316936720606
54,66.00435682950744,77.96481762354409
54,66.0239282399839,78.04319347616625
54,65.96313092753229,77.97571476886172
54,65.96820215121296,77.97842906981683
54,66.0005292288469,78.00484518666863
54,66.02505181641187,77.99672054969125
54,66.01775902339857,77.99787563354474
54,65.97568903726776,78.00363071186351
54,66.02247248699572,77.98475719738626
54,66.0017935129351,78.0459893842014
54,66.03214075781554,78.00812620163371
54,66.01796931819017,77.97958243823977
54,66.04024607698362,78.02886972960611
54,66.00938050906574,78.0389962351719
54,66.03775094194299,78.004689753914
54,66.00817876666449,78.04141449878264
54,65.96335370703419,77.97628223293015
54,65.97700203073826,78.02978400220418
54,65.99996962809746,78.01712272515987
54,66.01183238966078,77.99872267928869
54,66.01627397961413,77.98646990522002
54,66.01132508312251,77.9533825505296
54,66.00879912821264,77.96904335391984
54,65.99259186402824,77.95590230822843
54,65.9909392535309,77.95512409098703
54,66.01551572097136,78.00072528674718
54,66.00410032936372,77.99092902946853
54,65.98326869771019,78.01185234858008
54,66.02332778811574,78.00051887924498
54,66.01248688412645,77.95380734459489
54,65.96340703267441,78.02555792319033
54,65.95946348470999,78.01084090757396
54,65.97392933761908,78.01616465788271
54,66.00353285308012,78.02519739262564
54,65.9736868004997,77.96144689469558
54,66.01557261712735,78.0190834669417
54,66.01297831663172,78.03712644101489
54,65.98587418109763,78.02287053039093
54,66.0102800596301,77.98442868726936
54,65.98685927419389,77.99772706677228
54,65.97040147808515,77.96507827866252
54,65.97532512387143,78.01161122363496
54,65.99972052217917,78.01915853076173
54,65.97253469612261,77.98294511928955
54,65.9900911496712,77.99943786907518
54,66.01682619106619,78.00178129048913
54,65.96065531481831,77.96915854453125
54,66.00173381716215,78.00062759514901
54,65.97963694517507,77.95772243663086
55,65.96967220128803,77.96112535679866
55,66.03171366868439,77.98729203403938
55,66.01934435941529,77.99324910540737
55,66.03344466017603,78.00176653981062
55,66.00501934547225,78.01757041866271
55,66.0200874220796,77.98684210097895
55,65.96520995352869,77.9973832041832
55,66.00343250517913,77.95667145942504
55,65.96931895713604,78.02959784574062
55,65.97142803389501,77.9947549249261
55,65.97245207006468,77.98072646981726
55,66.02710548824155,78.01193683278582
55,65.95519435054403,78.01435133598304
55,66.02262367858386,77.97196074928598
55,66.01112403295475,78.01782505807134
55,66.00149885311548,78.01184778571927
55,66.02929306799894,77.98728493293189
55,65.97368798389263,77.96962975144456
55,66.029666242302,77.99692019215907
55,66.00341953163706,78.00086708175525
55,65.99539514881161,77.98258277010903
55,66.01075627086531,77.98194496268951
55,66.00163051824592,78.00018105856408
55,65.98906294998106,78.00856549115933
55,66.01259709440318,78.0011707721791
55,66.02612681680154,77.96441592751017
55,65.98082623030807,78.04593977670268
55,66.03465135421563,78.0045844656102
55,66.04325050292194,78.00856235982349
55,66.00562431198627,77.99982244532826
55,65.99227466648188,78.01310005618978
55,65.9879083925393,78.01126396453093
55,66.02316273534024,77.97809567349367
55,66.0058088628889,77.97275510175709
55,65.98758359495314,77.96723400758145
55,65.99438901958354,77.97644061917659
55,65.98861512601458,77.96790067115424
55,65.95164441812992,78.00518285471766
55,65.95979592861937,78.0031992776744
55,66.00817659369942,78.04314217816696
55,66.02581193238287,78.01511749108005
55,66.00304423089464,77.97180438592984
55,66.00054504049265,77.99595437296647
55,66.03283626241327,78.02893568248898
55,65.96178432215159,77.97727034834527
55,66.0304241112312,78.01898549949999
55,66.02723908182782,78.02647526962863
55,66.00987371620495,77.99398940215269
55,65.97104022338353,78.0158353878005
55,65.9972818361373,78.02080496893582
55,66.00286046264306,78.00882035361892
55,66.01014261593531,77.95434827226691
55,65.99230701246428,78.02758256144818
55,65.98776434291631,78.01535523391725
55,66.02283286060516,78.01776232717047
55,66.00387314918575,78.03210382317229
55,66.00567222029115,77.98242137435183
55,65.99615244458946,78.04909179330444
55,65.95174193098285,77.99567566294738
55,66.00686623115756,77.9920336096865
55,66.00561342089459,78.03902789594203
55,66.0094237315856,77.98823416842967
55,66.02823228588403,77.98285078427118
55,66.02322947202093,77.99940343144601
55,66.01579528952757,78.01827567694166
55,65.9870911520553,77.96594562716767
55,65.98222646657153,77.98440073993224
55,65.95084777026402,78.00478885824333
55,66.00652639059136,78.01700497662584
55,65.95086871947093,77.99240606894541
55,65.97906939014523,78.01688861094394
55,66.02019591393669,77.9597829258938
55,65.99317642310068,77.9606523417038
55,66.00448721894097,77.96081253714058
55,66.00590119100751,77.99360291154166
55,65.97336257853875,78.03838430921688
55,66.01475983398407,77.99757948171556
55,66.0244895641413,78.02385439641148
55,65.97960224971206,77.98427713575458
55,65.99836331258648,77.95253299572494
55,66.04348196237049,78.00858971647894
55,65.97688496312853,77.9970486652854
55,66.00491285499587,78.00254585603537
55,65.9991909068876,78.01710232106402
55,65.98427821736033,77.9866580463831
55,65.9977828874267,78.03211842219729
55,65.97773084561302,78.01687915161631
55,65.98219494135012,77.99524637632565
55,66.00225226403205,77.98042000579481
56,66.0065058842911,77.95800741013548
56,65.99043790534701,77.95300950386589
56,66.04082699784709,78.00400984786782
56,65.97843554122045,77.99999641157638
56,65.99869499922391,78.0231928155382
56,66.0177058649574,78.04157774325401
56,66.00540169531433,77.97800113134726
56,65.99840165462332,78.00781581625212
56,66.03630687842298,78.01867151647939
56,66.01456819287932,77.97462603775499
56,66.02084238256234,78.00493756443043
56,66.0181441647335,78.02990798095747
56,66.04234197076644,78.02166714205528
56,65.99128720364195,78.01543330915243
56,65.9709866414645,77.96198178184507
56,65.98056914072887,77.95704908828804
56,65.97893083974058,78.03351878438231
56,66.0351708372647,78.02332935735005
56,65.98752732459971,78.0023138746403
56,65.9820837428265,78.03549820324933
56,66.00156982678921,77.99540164162424
56,65.98957985571077,78.01426498284778
56,66.00842122127892,78.00395197609072
56,65.9932919035336,78.03080686773302
56,65.96341273244283,77.97917881191213
56,65.96876015925731,77.98182369263394
56,66.01399416491658,77.98614322924617
56,65.98015823844142,78.0303203884864
56,65.99875139308826,77.97595498639024
56,65.9914202797014,78.0260450753047
56,65.9759944465864,77.98344185032259
56,66.01840222421895,77.98864182147031
56,66.03817546686244,77.993664125767
56,66.04531024228051,78.01405773833766
56,65.98466781194529,78.04019044902192
56,65.98690402327036,77.9842973539248
56,65.98584903414276,77.96795437397786
56,65.9971331032341,78.01804324521372
56,65.96097100858945,77.99199678723448
56,65.98741169247411,78.01451728030325
56,66.03996295605373,77.98508885979497
56,65.96719160294367,77.98290762077278
56,65.958284301429,77.97365556434357
56,66.03560844854523,77.98982490540317
56,66.03179274348291,78.00227329728254
56,66.03539993742672,77.96881166353266
56,66.0194465967043,78.00430630315759
56,66.0066932476977,78.02317499422523
56,66.02298553801815,78.03030614994263
56,66.02233737319924,77.9959241348465
56,65.95164244598679,77.99430813322155
56,65.98038443308718,77.96876815827989
56,65.96207189464127,77.97388160641275
57,65.99701048483234,77.97527243277942
57,66.00764323984984,78.04771844194865
57,66.02723405068112,77.96796817765353
57,66.02088746549207,78.02921380637625
57,65.98914228473782,78.01536745538654
57,65.97099749698536,78.02641190529285
57,66.03227847238037,77.98489676236962
57,66.02422249695596,77.98799847787137
57,66.02569630431128,77.99021039784718
57,65.98294287626173,78.02314606880245
57,65.99955249576088,77.99161809186225
57,66.03102644897193,78.00085769388214
57,65.98461931213252,77.97518228727091
57,65.99153999221541,78.01153443741396
57,66.02406855495987,78.01095227810761
57,65.99665903033214,77.97772468028496
57,65.98967705355781,77.98453803687538
57,66.04084583195545,78.01606161874433
57,65.99773969539088,77.96146655853225
57,65.9894528201198,78.00594295902201
57,65.9574672316004,77.98173431831432
57,65.98284925534895,77.9708527845552
57,66.01209750454665,78.01941684098361
57,65.96522020566296,78.02341946242845
57,66.00089050674723,78.02565203753132
57,66.0006579341216,78.01632190529284
57,65.97640514196269,77.9631201121575
57,66.04296347997429,78.01781836973416
57,66.02872933883786,78.01328705910066
57,66.03164708511515,77.98394402001094
57,66.03205876719811,77.96873285614294
57,65.98878466356155,78.02884238201935
57,66.01063366881546,77.98730176479113
57,66.03979103961713,78.02561478041042
57,66.0229099717477,77.97527336212049
57,66.03848105369923,77.99329163045465
57,66.0198687993554,78.03966352964031
57,65.98316482505145,78.01960594617655
57,66.02463794453732,77.9973863703484
57,66.01835805793294,77.9837352708473
57,66.02557642796505,77.99921801728937
57,65.97794145604469,78.00215235785078
57,65.98271130185809,78.02155032904943
57,66.02878501968765,78.03450496577172
57,65.95793924096525,77.99098395958679
57,66.03490873501988,78.03127479549019
57,66.0005782791091,77.99966044209381
57,65.96919798826275,78.03368573755424
57,65.99026337913524,78.01824074233645
57,66.0109475729766,77.98557977220307
57,66.02824680575429,77.99764604998205
57,65.99208028933069,77.99642048748537
57,65.98476343804681,77.9981568791809
57,65.9615075053212,78.01904538674526
57,65.97929484687471,78.00630862195835
57,66.01504951983668,77.96877787618975
57,65.95817580965088,77.97815325893974
57,66.02048446826802,77.97002638551307
57,65.95880674045378,77.98939194840722
57,65.98181239985182,77.95344223062435
57,65.97018600968629,77.99018815990483
57,65.99726841805908,78.0136664015382
57,66.02361531176291,77.99200471733742
57,66.0185358947599,78.02113379920908
57,66.0304900129301,78.0027134728771
57,65.97131154144869,78.02495441594222
57,66.03360466679433,77.99999016264177
57,65.95780677722537,78.00055778978006
57,65.98068192481475,77.96274015654478
57,65.99135224569369,78.04019512269203
57,66.03508148796894,77.99865393481292
57,66.01411790160768,78.01898883373889
57,66.00823607216937,77.9877836203247
57,65.96803736037072,78.02738663828086
57,66.04699126566763,77.99783741838554
57,65.98807699153322,78.02899592180799
57,65.96533944335044,77.97379995685067
57,66.00554271577256,77.97252067405873
57,65.98091344358032,77.97321747015195
57,66.01641588082373,77.98946344848665
57,66.0269369375215,78.01013631015392
57,66.01575854154066,78.03931346977797
57,66.02019781210929,77.95558448187353
57,66.03912986597291,78.00410245497484
57,66.0437830663983,77.9912057132095
57,65.96660923590849,77.99528425411769
57,66.00612181821964,78.0139136177613
57,66.02998980814728,78.0014108254862
57,65.99275145089895,78.04136268874113
57,65.96539644352765,78.03262761265974
57,65.99316199967252,77.97268084656527
57,65.99575628595828,77.97560654080155
57,65.95080238013642,78.00636502747672
57,65.99056769119119,78.04672638675356
57,66.0245723821543,77.98146519638958
57,66.03235462383759,77.97045764852686
57,65.96318418814546,78.00555578276048
57,65.97485449428171,77.98676187468104
57,66.0156514452033,78.00526407994472
57,65.97570465109314,77.97762686874687
57,66.01379967866025,78.0182593217632
57,65.9798835351626,77.9884844603584
57,65.9808602201019,77.96503015640664
57,66.01873710554821,78.03485436265002
57,65.99516047198662,78.00986488932766
57,66.04413038020813,77.98374575741175
57,65.99859409271322,78.02390577959851
57,65.9887747164404,78.03935625635656
58,65.98416471918468,77.98880092112398
58,65.9857241278858,77.98617461669009
58,65.96725154816609,77.99940800195978
58,65.98637186239735,77.9938797381902
58,65.96427889835257,77.9992880753691
58,65.98333230107744,78.04438080425857
58,66.01938268512845,78.03924616264668
58,65.99043790534701,77.95300950386589
58,66.04207492201692,77.98550116589034
58,65.9806227865015,77.97827225039188
58,66.01058870916505,78.00196455964742
58,65.97902841626168,77.98622294267193
58,66.01590923004035,77.97300146711557
58,65.96471359712389,78.01475815711676
58,65.95639717539457,77.98604939046234
58,66.01205130625955,77.96845988527836
58,66.02173655082098,78.02153315358777
58,65.99784969402032,78.00291684575322
58,66.0119448641617,78.03321924512534
58,66.01222381136567,77.96366633150419
58,66.00797122496733,77.96318308004122
58,66.04306660712342,78.00466274108132
58,65.97565586622,77.96089516805466
58,66.02683201306235,77.99029992921534
58,66.04757579488523,78.00746015199255
58,65.98910989588363,77.9868397018435
58,65.95124003827986,78.00507477194212
58,66.03902076200879,78.02184785542401
58,65.99946346657937,78.00451106401339
58,65.98868699413883,77.98551730092146
58,66.0136684369967,77.99979855374534
58,66.03521357094368,78.00695397683866
58,66.0126211996703,77.96243736911006
58,65.958529735791,77.97761067050673
58,65.9589319106895,77.98372431938068
58,65.96132885202444,77.9888906749231
58,65.99590701205774,78.01090387920041
58,65.99315402432647,78.00908364469123
58,66.03640730650527,77.97939839046126
58,65.99467341709351,77.97848918692436
58,66.003895159399,77.98668049409656
58,66.02412389725907,78.0122124356251
58,65.97491069440028,78.01387231946919
58,66.03520484243809,77.97190330320792
58,66.00953871945204,78.03563789077761
58,66.01835390335584,78.0066289436664
58,65.96652604202878,78.03681294977193
58,65.98936149855506,78.02381117815287
58,65.96818693089777,77.9617823963807
58,65.9948757785241,78.00821268261936
58,65.97460686312299,77.99569509423794
58,66.03899174281075,77.9850364093797
58,66.04531024228051,78.01405773833766
58,66.00128300650046,77.99749812883984
58,66.02093013565224,77.97589326721321
58,66.03361308282184,78.01601480613049
58,65.98042127385713,77.97919634436225
58,65.9598726416825,77.98530970104335
58,65.99626454166126,77.96281034684516
58,65.96318418814546,78.00555578276048
58,66.02186483736092,78.0345212438861
58,66.01227058279157,77.95229419396239
58,66.01267176792983,78.03519458707106
58,66.04083970194499,78.02449393867613
58,66.02968560107705,78.02552862434007
58,65.98358961213354,78.0186710766472
58,65.98724419164904,78.01936730082748
58,65.98894312073487,78.02672236715698
58,66.0157057657849,78.0190216114593
58,66.01988798394977,77.99020660876887
58,65.97788948128117,78.00376665092944
58,66.02824396179165,77.98936126126407
58,65.96698333139507,78.01277597245208
58,66.03963360194699,78.02417428033624
58,65.96201762163238,78.01805873416414
58,66.00450367270825,77.99647095567586
58,65.96578717214058,78.0316146898531
58,66.01344655127102,78.03857906394266
58,66.00952901998653,77.97278099561977
58,65.98470771770742,78.00453834315236
58,65.99368978213927,77.99093767395145
58,65.98723573051538,78.01680907518057
58,65.97994054539339,77.9717081678123
58,66.029666242302,77.99692019215907
58,65.96406240819627,78.02700447177072
58,65.968432528923,77.98384111360521
58,65.99996696016396,77.95909667769993
58,66.01493721153557,77.97489461894234
58,66.00144480728325,77.9834487746634
58,66.00438114387417,78.03377630796096
58,66.00309863604954,78.01595838267029
58,66.00457131316261,77.96050167787283
58,65.98386869411316,78.03042551334585
58,66.04619122057544,78.00573393830878
58,65.97264036097548,77.96851985981014
58,66.0042460212698,77.96717431457989
59,65.99331771803935,78.00355698767851
59,66.01841591005778,77.99028221600337
59,66.01279134432643,77.96884151035931
59,65.99535261892723,77.99001886405385
59,66.00606411203484,78.0174336870367
59,66.03950729799088,78.016152690522
59,65.99622008298029,77.95196774120784
59,66.01213887683838,77.95626559500991
59,66.01350314709231,78.0049093560075
59,65.99136674738932,77.95448907161823
59,65.99981517120881,78.04968427530183
59,65.99025544808737,78.00137728065181
59,66.0362308256079,77.97886490961808
59,65.98664427968433,78.0014519742378
59,65.98198964031677,78.00170834294657
59,66.00021551259088,78.03327350609163
59,65.98430360082132,78.01417126620782
59,65.98197155047103,77.99692431778985
59,65.98780808152054,77.9976858666948
59,66.03093984761932,78.03735504546647
59,65.97288422848094,78.00438400513475
59,66.03778930935034,78.0281342813246
59,65.9911238637151,77.98088742534944
59,66.01093965462914,77.98250754204977
59,66.02234591527531,78.00746976857704
59,65.97651637585123,78.04266873629935
59,65.9618786665767,78.01582272719784
59,65.98464326393334,78.04660152548482
59,65.99016047654358,78.03949108390049
59,65.98127775711747,78.00878323920041
59,65.98090909598366,77.98686144523755
59,66.00549926584837,78.02743390197676
59,66.04611416221985,77.98493864227787
59,66.02950940729295,77.96013572849814
59,65.99712695586622,77.97598443592555
59,66.00697905831137,78.03903216322972
59,66.00283606463316,78.01391135913929
59,66.00467461266602,78.00085063125076
59,65.97694584188498,78.00862265144926
59,65.98064006409571,78.02509964697603
59,65.9808861797849,78.00809592674553
59,65.97753925382928,77.95855816395238
59,65.96689779607561,78.03608444284738
59,65.97347318944729,77.9731823927335
59,65.9853851488676,78.00795744578471
59,66.01933399309958,78.0068123593436
59,65.97990154583447,77.99043588336485
59,65.96566457021994,77.96367118413185
59,65.98859954653265,77.96410593552567
59,66.01592206168785,78.01859648942198
59,65.97381228344217,77.98039276229477
59,66.02991639658083,77.96124701686841
59,65.97025172918211,78.03587510822413
59,65.98317326409459,78.00634528548386
59,65.96917839236337,77.9792056900747
59,66.00931461589985,78.0064963255721
59,65.98431156827722,77.97616031001854
59,66.02003374265483,78.03590820805914
59,65.98631710187688,78.04252563934004
59,65.96136745695347,78.02240783677601
59,65.98948557957561,77.97346579196555
59,66.04404390554558,77.99486554686253
59,65.96453697738964,78.02779326720749
59,66.0173201699646,77.98605938085106
59,65.95471149721398,77.9976117428437
59,66.0117908406975,77.9878721187231
59,65.96473037632899,78.0118107891929
59,65.98197156449183,78.00095636886105
59,66.01229169635303,77.98270113774426
59,66.02821328091561,77.99249926622198
59,66.01153735233486,77.98008404360066
59,65.99555780075907,77.98537183772793
59,66.01171998156184,77.98100388250599
59,66.01578431771979,77.96104910923447
59,66.00245111528301,78.01797452909511
59,65.9585628146212,77.97651660809032
59,66.01968488508963,77.99509070749149
59,65.98791548622707,78.0389468366688
59,65.98984069916585,77.95772371251087
59,66.01921591141668,78.00093268077784
60,65.99250480620998,77.9774219517362
60,66.01029813688044,78.01217930482136
60,65.96644923387397,78.0369896821673
60,65.99589055008151,77.96703672993316
60,66.0471222261991,77.99137076434856
60,65.99473732417007,78.01335219062584
60,65.96913848771759,77.96306853731194
60,65.96463526649774,77.99270477792254
60,66.03553928307281,77.97908913943861
60,65.99310753090111,77.96947895202271
60,66.01514559001177,78.00461142909336
60,65.95826103214148,78.00380472864266
60,65.99853291261998,78.04006443501208
60,65.98068299876046,78.0370143102488
60,66.00586043418905,78.04881777129603
60,66.0218700988625,78.005451616358
60,65.99745730607901,77.95635423400783
60,65.98201511430284,77.97569766764684
60,65.99944204283523,78.00947522593934
60,66.01392991418318,77.98548626703058
60,66.00082119942768,77.95603757148956
60,65.99032115942626,77.97393190430077
60,66.02280228535624,78.02430503695432
60,66.04618052210736,78.00201755980267
60,65.96542848126258,78.00550720693869
60,65.99074902025626,78.01222120027576
60,66.00488459977234,78.00456699928105
60,66.00814050026231,78.02544952210593
60,66.02394797444623,77.97298247797079
60,65.98110819676856,77.98397264615399
60,65.96671278833188,78.00375874484558
60,65.99974424304726,77.98833287504287
60,65.96090474617141,78.02726636130092
60,65.96455760359882,78.00941916221335
60,66.02024800269403,78.00994566051813
60,66.01502957619033,78.01590238551458
60,65.9922362719738,78.01467153014313
60,65.98464643733959,77.99885043887483
60,65.99155688879655,77.97739554768683
60,66.01523284935102,78.04371880421597
60,65.99592255072014,78.01231228721623
60,65.99469389174192,77.98039822490463
60,65.99934079582346,77.98492995961833
60,66.00038794718348,78.04950626849154
60,65.99366182379079,78.02298925005942
60,66.02743154935135,77.9946322382148
60,66.00784012150334,77.96131581491117
60,65.98641174253261,77.99093544325426
60,65.99141454783891,77.97926986348656
60,66.00113549472037,77.9540449953787
60,66.03226819228465,78.01930905666602
60,65.99754612341577,78.00401591527178
60,65.9784871825127,78.02239002822391
61,66.00821792324855,77.99077528098259
61,65.99293509926157,78.02533365678845
61,65.97392933761908,78.01616465788271
61,66.04155133007595,78.01116706748755
61,65.98953438082565,78.03920625224522
61,66.00650634750842,78.02932049743526
61,65.97527334434302,77.96029402303776
61,66.00743950687541,77.99857552685236
61,65.98905169389131,78.00757322132647
61,65.98741341472046,77.97184142202293
61,65.9534880321673,77.99800046578896
61,66.01806847273043,78.03165512863988
61,66.02775214619544,78.03847644359496
61,65.98758676063197,77.9611775975734
61,66.01143001230268,77.9824135081318
61,66.0067798864496,77.9754946082911
61,66.01400913754358,77.9933663077747
61,66.03702042044947,78.01554758216768
61,65.99934171425994,77.98101172431946
61,66.04183065373417,77.99776432897944
61,65.97509015211318,77.99454200977917
61,65.98746452218235,78.01502085104788
61,66.02746401382943,78.03952829637805
61,65.99582596863037,77.9976603712352
61,65.98755485096207,78.01277075790834
61,65.98222377559526,77.9924000008204
61,66.03350523496353,77.98711845766579
61,66.01388973999923,78.00145335442764
61,66.01555181218825,78.03989584535681
61,65.97025359683691,77.96486778200253
61,65.98679995322124,78.00539848309091
61,65.96007557413824,78.0290639414698
61,66.00105845204676,78.01307602836698
61,65.97198522494139,77.97075732358007
61,66.02074988109489,77.96651218058788
61,66.00701605478899,77.97214416027472
61,66.00682835186885,77.98117136949847
61,65.96260042987214,77.99454324298537
61,65.97025359683691,77.96486778200253
61,65.96333072117406,77.9660297756856
61,66.0086612161282,77.99470826502423
61,65.99640101923903,78.02832481446319
61,66.01554939707508,77.99383460207021
61,65.98138090545196,77.95980883968413
61,65.97061918554752,78.00671778959631
61,65.97476657592412,78.04079212058666
61,66.04247752076856,78.02606375867809
61,65.99909170812163,77.99676321137251
61,65.98374581125904,78.02547616271633
61,65.95339058728325,78.00048755751966
61,66.0314242498134,78.02680321383818
61,66.031124755557,78.02537111789148
61,66.0402131339588,78.02488829653203
61,65.96773287723389,77.99468126751071
61,66.00654474411105,77.99624857554582
61,66.02266702743063,77.9937638321901
61,66.00761703490946,77.97970857766019
61,66.004379706053,78.0301162579679
61,66.04116565775765,77.9724835971969
61,66.03640730650527,77.97939839046126
61,65.98346835057802,77.99128529896109
61,66.00348723298386,77.95620007051292
61,65.9682795281492,78.02386272499592
61,65.9831816208892,77.97254904808403
61,66.0382516284101,78.01878724083817
61,65.98086700429356,78.00288383337536
61,66.00418028203389,77.96133334884696
61,65.99202644248767,77.97250553027207
61,65.99774219090622,77.96162973251903
61,66.00876224289588,78.04567711362203
61,65.97620005924507,77.99947149769359
61,65.99820473290671,77.99813798948175
61,66.01497783608198,77.98357950651408
61,65.97749543485818,78.01201409301231
61,66.01478443769138,78.02600809075648
61,65.98809667912985,78.01394083678423
61,65.99393695214968,77.995767786351
61,66.027378974745,78.03433338260614
61,65.9933352090879,77.98889068833472
61,66.04642548651046,78.01339240812018
61,65.96843648007142,78.01187055409474
61,66.0200929565901,78.00317027532974
61,66.03916580542958,78.00739419787648
61,66.01294091227952,78.00592433492017
61,65.97144104173917,77.96231129852802
61,65.99223660280445,78.00226772531751
61,66.01673238042405,77.98247741494814
61,65.99115740825013,77.98550928229344
61,65.95273553446278,77.98556689094514
61,66.02982648380224,78.03865841607316
61,65.97645393461447,77.95648816709895
61,65.97539140765616,78.02580038043035
61,66.01917616703518,78.0054707134314
61,65.98480222402152,77.95616993551191
61,66.00004445296103,78.00435066226764
61,66.02847714976136,77.96234957667266
61,66.00039775995033,78.00235734398241
61,65.99265523435155,78.01134780127605
61,65.97901593853227,78.043110231489
61,65.97578529894018,78.00910272338577
61,65.96328615808704,77.99028985134585
61,66.01100862195378,77.98610012381178
61,65.98419055907499,78.02064649168935
61,65.99119835814786,78.02779526119578
61,66.017412596511,77.95992048119645
61,65.97668457800334,78.0428763476915
61,65.98838252121044,77.98542008049738
61,65.9797918251086,78.00268796610911
61,66.04427279803444,77.9899258328424
61,66.03550342049164,77.9816540772505
61,66.02166284768343,77.98129528228823
61,65.97032989902301,78.01181233923695
61,65.99561253318845,78.03284820236813
61,65.96165706959702,77.96883031808866
61,66.03118391944801,77.99338665777115
61,66.00332273079863,77.99803076221146
61,66.00218635408768,77.99775988867083
61,65.95918447430505,77.99859103830741
61,66.01623639485331,77.99117453047772
61,66.02622643265639,77.98485629266146
61,66.03644929811647,77.99233654163837
61,66.04604752670515,78.01876285341717
61,66.01140006947492,78.0049937197621
62,65.99529782210534,77.99566063841043
62,66.00112663006252,77.98800409966853
62,65.97839576530332,77.99672842067116
62,66.01335527177207,78.02689462421492
62,66.0282559505347,78.0201821438461
62,66.0121819400162,78.01003675739311
62,66.01226708162685,77.98977484408492
62,66.0230941923675,78.0129596926437
62,66.02182620573602,78.00509279341188
62,66.0022820733965,78.0274553931325
62,65.99075650270771,78.03813579774584
62,66.03940000694251,78.0129389426241
62,66.03691406321285,78.0250530955983
62,66.02050288649599,78.03399799503745
62,66.03400697342205,77.99349530591533
62,66.02976524251692,77.97739098527957
62,66.00610050443582,78.04566775807021
62,65.99787746954111,78.00942496909724
62,65.96324857193063,78.00787814870648
62,66.0041753904385,78.0258561042198
62,65.98842228093478,78.00614988838161
62,66.01717777603011,78.00747544939803
62,65.98884473401998,77.98395898640614
62,65.98565568246657,78.0072576070322
62,66.04368815068106,77.99435275685322
62,66.02898330121964,77.98526385894101
62,65.98303212633814,77.98960181006333
62,66.03572894320759,78.0338547532143
62,65.988451334843,77.99458688102976
62,66.00385842733375,77.9685291318813
62,65.99708740756692,78.01375526418587
62,65.98399715113408,77.99788670321159
62,66.00463077042552,78.00492874045989
62,65.97618128180147,77.96662338952754
62,65.99329393996062,78.01341696663818
62,66.00841700889879,78.0037362438759
62,65.99064750016817,78.0360597883922
62,66.00272547417718,77.95159067955905
62,65.99376525342278,77.99891760146234
62,65.9860304027623,77.9893813096543
62,65.99088037807141,77.99852137322956
62,66.02272751698419,77.9758388834908
62,65.99115043497919,78.04893018999182
62,65.99848258287855,78.01905776658414
62,66.02839814478507,78.01379679719062
62,66.01555792330552,77.98114926101353
62,65.97421714288126,77.96372231946566
62,66.0041426049204,78.01936928839773
62,66.00743950687541,77.99857552685236
62,65.99400252163196,78.0229922174325
62,66.01351343425196,77.98460874307344
62,65.99616654579256,77.9898936567796
62,66.0455995118531,78.01317644069343
62,65.970960315045,78.02339478900566
62,66.00628297769815,77.98243546398582
62,65.98251260659656,78.0013280840526
62,66.01560488944506,78.01326041253044
62,66.01625923204956,78.01042314493714
62,65.97690212423392,77.982350451875
62,65.99678954782178,77.95822432004499
62,66.03761345942769,77.99893365534864
62,66.03734891168084,78.02079558122433
62,66.01081918338147,77.98424514609383
62,65.99536586199957,78.03747731318873
62,66.02296392832396,78.00023505106861
62,65.99883230269458,78.02718225947945
62,66.01088591724965,77.95613778290578
62,65.97435137399647,78.02148932065684
62,65.96413648162553,77.98966881564303
62,65.96990364049333,78.02070039906523
62,65.95432890055814,78.0051985510479
62,66.0358998332523,77.96846938273578
62,66.00148989569053,77.98700983794727
62,66.03445698060303,77.98059225625143
62,66.02136205372447,78.0229259297172
62,65.98333321905659,77.95523197928041
62,66.04194966464098,77.97485489420592
62,66.02222649180533,77.98172485531839
62,66.02648864408475,78.02303655147956
62,65.98830583434564,77.98399302749873
62,66.01366553665774,78.01073322950649
62,65.99655820248731,77.97650876450118
62,66.00276893476978,78.0200974860275
62,65.97778695004563,78.00368133391852
62,66.00498819751328,78.00982594835554
62,66.01686698616986,77.98729447450643
62,65.9982552803295,78.00623918379263
62,65.98353299489933,78.02006981408702
62,65.9898183685537,77.96964525070993
62,65.97916738047168,77.98843994200816
62,65.95612602891751,77.99469220270575
62,66.00005256274463,77.97979047043299
62,66.03175818715111,78.00427885873114
62,66.01071787362937,78.00832120406324
62,66.00929223465542,78.00999577294657
62,65.98954537631316,77.96012396765039
62,65.98222377559526,77.9924000008204
62,65.99378901974055,78.00031047737491
62,65.995658432153,78.00084541961908
62,65.99545109408193,77.99933140145001
62,65.99817165682394,78.0490997374532
62,65.98896813813269,78.01904808119279
62,65.99078753073336,77.96777218210862
62,66.03404948275889,77.9641311094649
62,66.02454797534985,78.0308472646956
62,65.9989386451322,77.95659931815267
62,66.00812770267464,77.9746792793072
62,65.99039900235398,78.02327967156222
62,66.01549931002923,78.0369405755421
62,66.00201798088533,78.00574605131705
62,66.03544776014151,77.98067624074514
62,66.0136409941057,78.01143562194358
62,66.01406816334847,77.99191975145159
62,65.95441746507291,77.98763517708632
62,66.00852748150642,77.99236534105431
62,65.9906878216467,77.97805300107053
62,66.01783864688281,77.95609515999497
62,65.97467322707932,77.97669600566033
63,65.98603360353799,78.03478762044803
63,65.96155577620583,77.99627963613644
63,66.02923560852045,78.0021769236471
63,65.96636215031839,77.96650116421507
63,65.96462201311651,78.00003556627365
63,65.97381873749549,78.0141422120001
63,65.99284565411793,77.99454656515886
63,66.01013983138596,77.97753114407607
63,66.0393918291189,78.0187943144857
63,66.03746423041696,77.99694778058198
63,65.98865405724816,77.99319250837392
63,65.96899457182123,78.0048912209416
63,65.99247810594022,78.04275456694374
63,66.00678963676945,78.00581072752776
63,66.01918612623751,77.99837160882215
63,66.0227751816987,77.99914940946397
63,66.00102771060929,77.9547155269546
63,65.98455609006174,78.01574654882864
63,65.99096703306168,78.01958732849381
63,65.97941925026511,78.01597697700464
63,66.01896787374807,77.98335881450927
63,65.98225233393187,77.95441470800554
63,65.96413262780712,77.97445195730405
63,65.99490992669548,77.97996918339264
63,66.01951052442448,77.95444580087259
63,66.02163284904377,77.97314213549984
63,66.01223768481739,77.9989682781472
63,66.00099864174675,77.9696517022099
63,66.04019615183716,77.98110538665138
63,65.96332692316533,77.99814337921006
63,65.99741549289934,77.9783107443084
63,66.01131214176971,77.99046798864427
63,65.9558785790073,77.99557196013544
63,65.98029912124979,77.99586876923499
63,66.00257333226428,78.00983890058852
63,66.00267389838879,77.96219212254712
63,65.9764142926955,78.0095434939961
63,65.96021125974116,77.98786433387038
63,66.02054427376271,78.01435577893999
63,65.95137365421688,77.98841372958431
63,65.99230543194922,78.02462896812082
63,66.01358311466049,78.03796882359035
63,65.99136856176963,77.98114269827711
63,65.9855816154981,78.03554842722424
63,65.98281197857904,78.01174252924208
63,66.043324404643,78.0011499075858
63,65.99772344870108,78.01522110947904
63,65.98744767290152,78.04589080008357
63,66.04159602649733,78.0105658529139
63,66.00147498919827,78.02433011036337
63,65.98456482686959,78.01818831515908
63,66.04799265304246,77.9974107444902
63,65.96091103708764,78.02447514791739
63,66.01307071306422,78.00904201533154
63,66.04371072185465,77.99854029857825
63,65.97800953014111,77.96435134201236
63,65.99287999771683,78.04861577526236
63,66.01696397355673,77.9558916288067
63,65.99703404262621,78.00405230480096
63,65.9728494704889,77.98452741675153
63,65.96565078041019,78.00411818921944
63,66.01454294297854,78.01012472301443
63,66.00005231108744,78.02350141922862
63,66.02779475589723,78.00810721760611
63,66.00990565958942,77.98033711806043
63,66.0362160869649,78.02245430798814
63,66.0089211535593,78.03317075016294
63,66.0155124524963,77.9845892532938
63,66.01946186245613,77.95608034707
63,66.00614518944917,78.02464458100621
63,66.00516280720659,78.00330095344846
63,65.97753650776028,77.97312435999838
63,66.03076282242056,78.00107803842629
63,66.04362780953484,78.00254429936157
63,66.01187344269177,78.03946480084937
63,65.95206972948225,77.99517779642237
63,66.00767135573582,78.0134372077017
63,65.96570361813411,78.02209042956956
63,65.9655620700686,77.98151031749444
63,66.01704500234719,78.02762137280851
63,65.96906769818924,78.03570532426515
63,66.03786627192737,78.02749448235546
63,66.00963274428456,77.98215999739158
63,66.01267228629983,78.00044102847295
63,66.00501870171811,78.013211199303
63,66.01525720901856,78.01497755384094
63,65.98332233036083,77.98951207168768
63,65.99895757310954,78.03169818094138
63,65.98710245367143,78.02179056869079
63,66.00906536732877,78.02547605485059
63,66.01998654858255,77.98510866165965
63,66.02417061449604,77.97536538968629
63,65.99447860040453,78.00862235003314
63,65.96942071512035,77.98908440736015
63,65.98342122561807,78.04371487672184
63,66.02174529767584,77.96503058066054
63,65.97493159305428,77.97282932657964
63,66.04621944028426,78.01493115654128
63,65.98093402472557,77.9748660256979
63,65.9931041347403,78.03690367123504
63,66.01871531092836,77.98212966557011
63,65.9976891521557,77.96895772809793
63,65.99862919567316,78.03007444176328
63,65.97452033619182,77.97779786279068
63,66.03516049105019,77.97666520508024
64,65.96503583519254,78.01137833816392
64,65.99651138400303,78.0268589703245
64,65.98164187719885,78.0143541516685
64,66.00594428848702,77.9956819997491
64,65.98534293937156,77.99178850604615
64,65.98658085942495,77.98096632511526
64,65.98670261820607,77.98779601261151
64,65.97627641974535,78.02803354208726
64,66.0387234172564,77.98739910395057
64,65.962163850454,77.98189422148546
64,65.97952671836767,77.99898273712736
64,66.00012871378561,77.96131499433535
64,65.99227660557983,78.0050094859836
64,65.98382827477188,77.95341898606482
64,65.99224568668575,77.9934600260617
64,65.99282294136243,77.95090884216768
64,66.01931252344451,78.03723373450035
64,66.03196827679386,77.97059360200707
64,65.97435489322763,77.96306153065267
64,66.01106162710097,77.97655568970598
64,65.99048154982192,78.02010631324084
64,65.96176379041178,77.98364164586272
64,66.01474366371193,77.9794176161518
64,65.95707990079805,78.01349209998196
64,65.99171585357693,77.990001545427
64,65.95604687341267,77.99421343836111
64,66.01401396836607,77.98036364699149
64,65.97806357805162,78.01394759639128
64,66.02410982455648,77.98864790469212
64,65.98048070642426,78.03651254527043
64,65.97993507937319,77.98164893539561
64,65.97032679920078,78.00427607581219
64,65.96624174465468,77.98775055534577
64,65.97547704117062,77.95990067351401
64,66.02754808806462,78.02359350566579
64,66.04695840118019,78.01051000331087
64,65.96656736116311,78.02855848308022
64,66.00207608278026,78.0260078399329
64,66.00306509452787,77.96864285750537
64,66.03342226223678,78.01366671324358
64,66.00503078374787,77.98773086881594
64,66.02970514265742,77.96315843624885
64,66.01103135328475,78.02186045953322
64,66.00492296084602,77.9890659136754
64,66.03817088102389,77.99834891627121
64,66.00103970794498,78.01011292843224
64,65.99210033973792,77.95178019552378
64,66.0449870056537,77.98672235822214
64,66.0261362111285,78.02546218907858
64,65.97901803337258,77.97708012246018
64,65.95675614559799,77.98987298301086
64,66.03556769761393,78.01660188741856
64,66.02331525181562,77.99056295150385
64,66.02440696366403,78.02636464303589
64,66.01781741331047,78.01951225630938
64,66.02939793981402,77.98080668507352
64,65.99611535250345,77.99581413744124
64,65.96313647103378,78.01964176057301
64,66.01203425037795,77.98155240983415
64,66.01007845489555,77.99634709518023
64,65.97857666083146,78.01141489510523
64,66.00358085958433,77.96984481239944
64,65.9585020507615,77.99857363125223
64,65.95397197353105,77.98054815038506
64,66.04525792584397,78.00426660199487
64,66.00426832632944,77.99636999258833
64,65.9747673321934,77.98918241455294
64,66.00549633142299,78.03830268107592
64,65.96088132490559,77.98012479932564
64,65.97217846440209,78.03190833341557
64,65.99904206590229,77.98996954086958
64,65.97978669379606,77.96299063475561
64,66.02273446737019,78.03653426767308
64,65.99026393070733,77.97531311773157
64,65.97471567402734,77.9928913489957
64,65.95439269680112,78.00226979194508
64,65.9993242250546,77.98802431094745
64,66.0249066811729,77.98750371806024
64,66.02249427952779,77.99345807623587
64,65.97515927233177,78.0350181463526
64,66.00892513018061,78.01060655842143
64,66.02078937773074,77.9988864921513
64,65.96943752731823,77.9685409017908
64,66.03323593784647,77.98262027521777
64,65.95155313768963,77.99773707671224
64,65.97896339270447,77.99368875846531
64,65.97922542139972,78.00543544644042
65,65.97267039840841,77.98985611698474
65,65.986708057289,78.01630781622242
65,66.02729334950921,78.04130439992088
65,65.99416538214038,77.98991286208631
65,65.9956254860515,78.01458877519188
65,66.02332882029744,77.98023166754803
65,65.96664810959022,78.0288990010349
65,65.97620792446848,77.95737574129353
65,66.0081992656954,78.00184206834285
65,66.02607919899943,77.95814230817763
65,66.02251717676519,78.0099300116189
65,65.96317585993917,78.00767728637581
65,65.99450522393019,78.00716572198944
65,65.97855050610231,78.01464629214091
65,66.0252119989238,78.01288964612658
65,65.97902845420471,77.95911847210176
65,66.00701835328542,78.01855946171389
65,66.03212788553418,78.02464421137861
65,65.96966260411607,78.00253193179077
65,65.9725469521971,77.9821042234071
65,66.03585041484685,77.98089997640936
65,65.95658972059131,77.98373847172452
65,65.99461280381054,78.02420387157603
65,65.99575628595828,77.97560654080155
65,65.96128071885771,78.00968646330487
65,65.97360435908162,78.00156792030806
65,66.03280582217181,78.01794900161944
65,65.96444958414476,78.00134913367312
65,66.02005134763654,77.97277903799706
65,66.03344466017603,78.00176653981062
65,65.96112201470471,78.00534711264778
65,65.9991616478846,77.98822800642094
65,65.95952019141237,78.02614382889071
65,66.02272751698419,77.9758388834908
65,65.99171670827415,78.00823774608277
65,66.03655617342461,78.01141418477745
65,66.02030333996076,78.03471506565407
65,65.96948030120356,78.01783844516395
65,65.99451217477792,78.03439067219585
65,65.9860826628205,78.02237953446817
65,65.97304653500098,78.01320181186307
65,66.01087361239495,78.02049594959291
65,65.99027572093624,78.03917442945107
65,65.98767315296092,77.96349539819565
65,66.01744049929479,77.97710063390983
65,66.01362223446705,77.96465722482567
65,66.03475050366757,78.03257934636328
65,66.02237237134028,78.00517000180375
65,66.00292982911107,78.02071850691615
65,65.9824218001873,78.00263774835923
65,66.00810139506348,78.03768838228086
65,66.01328817390427,77.98144378328446
65,66.01453888581563,77.9524198163306
65,65.98223535462225,77.9997475676062
65,66.01564888764854,77.95467062777622
65,65.99650867971502,77.97840445657795
65,65.96290155004172,77.99232176627685
65,65.98347472889643,77.99460677838486
65,66.00904796735826,78.0315979796853
65,65.96552099252904,77.996336059843
65,66.0103920059638,78.03357070370927
65,65.98309999052312,78.01334622924462
65,65.98663184062781,77.96086691880161
65,66.01117030111038,78.02611470353659
65,65.99772330330168,77.97988391672365
65,65.98881807712989,78.02152038660392
65,66.00174487781032,78.02379104018628
65,66.02909440667919,78.0064862407133
65,65.97699973195726,78.0196158049915
65,66.00951505587706,78.0012950705705
65,65.98362745535243,77.96408072847596
65,66.00437008846606,78.00850330108199
65,66.00943042299023,78.02055910131243
65,66.00319609655216,78.01577998055521
65,66.01618988244961,78.02576367691155
65,65.9984303654301,77.96771396637016
65,66.01732022261875,78.02722685380978
65,65.96714309068928,77.997439856467
65,65.98613743305279,77.97944460340996
65,65.99765504758368,77.99265852208693
65,65.95548754755517,77.98608757405587
65,66.03156864632268,78.00252233300614
65,65.99184893772812,77.95671502031773
65,65.99145666113142,78.00316269756935
65,66.02182874710931,78.03901794538515
65,65.99010678311446,77.97316492871512
65,66.04809816265939,77.99883173613567
65,65.99637313704238,78.01160132037498
65,65.99212596838447,77.99823544142104
65,66.01733837093936,77.99322787239237
65,65.96332343608148,78.01866237982861
65,65.96572437770192,77.99827465377965
65,65.98945165615804,78.02467305536103
66,65.99845212196368,77.97544207285473
66,66.00723327657019,77.99940123117685
66,65.9761564516644,78.00633674167665
66,65.97152551552168,77.99001684498633
66,66.02015010274769,77.96551359828771
66,65.96272399737403,78.00339528548321
66,66.00374713075718,78.04559222586205
66,65.98669121745873,77.99895117540116
66,65.958284301429,77.97365556434357
66,65.99659277557765,78.04168230056561
66,65.9822941452814,78.02529968438091
66,66.01476326456951,78.03413358405946
66,65.96807562680472,78.01473296395804
66,66.00133637569624,77.96593364763663
66,66.02969903149862,78.00176043344788
66,66.01160903824221,78.00826444116582
66,65.99949921211899,78.04335528736394
66,65.95627262274247,78.00464151643556
66,65.9764926632061,78.02540694543991
66,65.95448033249494,77.98905080693417
66,65.9918621035086,78.02065683182721
66,65.99159785334857,78.01587452843246
66,65.99928359040844,78.01121550013063
66,66.00188330266097,77.98186969719983
66,65.97098718353054,77.96027716619322
66,66.00090905179151,77.98049172729077
66,65.98235051711313,77.98546556437252
66,65.98855995546846,78.03286884321236
66,66.0366375969643,78.00247796526688
66,65.99544971298009,78.03175571076795
66,65.98155251372283,78.0386138667579
66,66.04189886660578,78.00148151463164
66,65.97096045077858,78.01963301481693
66,65.99381471420584,77.97247094358252
66,66.02400730200718,78.03960039737328
66,66.02560652649642,78.02299168004764
66,66.00772952828433,77.95850976967822
66,66.00798412842627,78.04605208826538
66,66.0100855641235,78.01495228023546
66,65.97952075133186,78.02570408300494
66,66.01448327558658,78.03377761939643
66,65.95416756313232,77.99820092836684
66,66.01763922359805,77.99700547486903
66,65.98327833068544,77.99317380367812
66,66.02049709273263,77.99141112803053
66,66.030250842397,77.99869116951012
66,65.95633451902718,77.9855485091363
66,66.02872681286631,77.96594170863202
66,66.02601137104456,78.01377008434362
67,65.9871734184236,77.96672923451266
67,66.02743650383103,77.99835302320403
67,65.98162746625616,77.95358689888603
67,65.99978278691015,77.95029531737781
67,65.96778147600244,77.99962884944581
67,65.9573517155943,77.99855339293907
67,65.98567241350804,78.0229528370688
67,66.02547559840862,78.02844258534073
67,66.01872862529912,77.96344277914176
67,65.98598614801776,77.99759255546782
67,66.04178121912646,78.00562660828025
67,66.01117187427568,77.9532969841609
67,65.99870793554817,77.98369618555083
67,66.02385205776913,78.00078780778092
67,66.01328668712183,78.00226520104516
67,66.01100712094946,77.95331264142709
67,66.03049727122021,78.02399543569005
67,66.02328189872216,77.98923618570828
67,66.03592485262337,78.02744191061504
67,66.03283626241327,78.02893568248898
67,66.0120592314947,77.99827444426893
67,65.98191267578001,77.97138686393468
67,66.01033491426335,78.01579796207723
67,65.97107990004632,77.96021628177384
67,66.03422340545606,78.03584348614456
67,66.01666733967495,77.98138612701354
67,66.01811759735828,77.98283023397327
67,65.98588828504775,78.04624755036367
67,65.9813627933381,78.02395991239972
67,65.95667699637205,78.0223285482477
67,66.02313775981932,77.97468442021157
67,65.97211048583344,78.02489519622816
67,65.9963345199314,77.98987214831664
67,65.99099333072154,78.0489701501415
67,65.98592212260642,77.98762862754901
67,66.00240559946961,78.01821936252021
67,66.00816725071924,78.02576476970032
67,66.01509936499767,78.01252749547285
67,66.03399264757888,78.0154330350779
67,66.02961668775268,77.96332277804555
67,66.01109018548695,77.96537064369505
67,66.00859070050285,77.98758321214346
67,65.9842305486278,77.98811598688032
67,66.01058870916505,78.00196455964742
67,65.98823630023585,77.96928376638213
67,65.99494450220206,77.95477342988298
67,66.02097572937464,78.00516003723381
67,66.03103387374067,78.02547090709601
67,65.99295196616042,77.99592840363107
67,65.98377999794201,77.9892539432241
67,66.000505191991,77.97878726977675
67,66.0081816494207,77.95254245861386
67,65.97532824954506,78.0234864637555
67,66.01809056363855,77.99610809101026
67,65.98667828993389,78.0025512704418
67,66.01806642001617,77.9593714385073
67,66.04335536294194,78.01759503707632
67,66.01077387869921,77.96550796570041
67,66.00601062462314,78.01519411981468
67,65.9671727709384,77.99814199211504
67,66.0008387800018,78.00637367110542
67,66.0197671747343,78.01789731341157
67,66.00797725873919,77.97362728329388
67,66.00101672115368,77.98293212579642
67,65.98145349364992,78.01696582952964
67,65.97114642357928,78.00412593495675
67,66.03826946022784,77.98744773893239
67,66.00324516034414,78.00769655671115
67,66.02138908018559,78.02412895636702
67,66.00602026546328,77.98745339157715
67,66.03437858739876,78.00788175375779
67,65.99868577336052,77.97654117238177
67,66.02369450453276,78.01896682895787
67,66.0314038241062,78.01131858430001
67,66.0074127174063,78.01948908972983
67,65.9721509991424,77.98299532560779
67,65.97898981246622,78.02843158967454
67,66.00202873833365,77.96147029436433
67,65.9906842798722,78.01929499485895
67,66.01731973206302,78.00684798393239
67,65.99231269255712,78.01410332214036
67,66.03010344847951,78.01446757256504
67,66.02423469332803,77.9719617754515
67,65.96960517911643,77.99441129126994
67,65.99690122618786,77.98009732653938
67,65.96684389951166,78.02719805337294
67,66.0142006386734,77.97261886126823
67,65.99104665821982,78.00307248269041
67,66.00259068059698,77.99619522997652
67,66.01575798723374,77.98487473581515
67,66.03129750122424,77.98337573239546
67,66.03371881532256,77.9812445791025
67,65.97991132883185,77.99410419719042
67,65.96026338354554,77.97027852569855
67,65.95762670704615,77.98456090355188
67,65.9704146930072,78.03267961325471
67,65.97388035689167,78.04015219259874
67,66.00580463325088,78.00874846634424
67,66.00939739934489,78.01691280274204
67,65.98592493154786,78.01340773332062
67,66.0212048833752,77.99344932280668
67,66.03702042044947,78.01554758216768
67,65.97023882222575,77.9686802138854
67,66.0030365882873,78.02437420833004
67,66.00194131929214,77.95613510160993
67,66.01775286727313,78.028256416801
67,65.9964936096505,78.03823372110477
67,65.96060922096177,78.02594801384497
67,65.98568560512119,77.97206731506648
68,65.97146859824797,77.96601906087992
68,66.04613273372897,78.01705509126835
68,66.02815183346586,77.99807217468525
68,66.01037567333039,77.98032000100078
68,65.96232262540207,78.01106622433062
68,66.01320309074917,78.04405839337133
68,66.00718657430596,78.00800458773539
68,65.9691516847421,77.96285229826088
68,65.97763660876132,77.99684479250942
68,66.0438147746652,77.98245829489397
68,66.00154735076022,78.0098832484451
68,65.984775347658,77.9606908454978
68,65.98492786493253,77.95786357329746
68,66.0001950437934,77.999217866425
68,66.0102598583154,77.95239808533714
68,66.03986675921561,78.01910812874625
68,66.01099383559477,77.996720697254
68,65.96060250984388,77.99172640792857
68,65.96597724837534,77.97751803765999
68,65.97688473593381,77.99280221804655
68,65.99426391269661,77.96878664901499
68,65.97867514477413,77.96416257371139
68,66.03309755926064,77.98769287424501
68,65.9667839876957,77.97346982597838
68,65.99776929660935,77.96529190558739
68,66.00637366307312,78.0232723088576
68,66.01100862195378,77.98610012381178
68,65.97912626241443,77.98724942864844
68,65.97624658428724,78.0190767040623
68,66.01944478817948,78.00230649167194
68,66.02323886913413,77.96542680073007
68,65.97113802224916,77.97448357188011
68,65.980046863541,77.97791472787348
68,65.97482839936065,77.98332254856243
68,66.01231496744694,78.01585967358194
68,65.9925901669791,78.019196241602
68,65.96052307676393,77.99423579919923
68,66.03842920345292,78.02232767148928
68,66.01559138425802,77.99532469753342
68,66.01987814343829,78.04575684673419
68,65.97784646958394,78.03240607170733
68,66.02740300319857,77.97659085756531
68,65.99806150008344,78.01975679067228
68,65.98660626096225,77.9888689904198
68,66.00615806959098,77.96681963443844
68,66.0193494790604,77.97601658464173
68,66.02813836027711,77.96484974988748
68,65.9928324863088,78.00969308973971
68,65.99541856910056,78.02404874857962
68,65.99353968045376,78.00493179261355
68,66.02535885782962,78.03164391108133
68,66.01934384714497,78.02057093199065
68,65.97435116718358,78.01921039624803
68,65.98816769849802,78.00677341290654
68,66.00110189331899,78.01171166040102
68,65.9892960478341,77.9777631713961
68,65.96447591937597,78.00514115014668
68,65.95597734290253,77.99854664406398
68,65.96531675676425,78.02874062122332
68,66.03016784926515,77.97503194201742
68,65.98584903414276,77.96795437397786
68,66.01834213318406,77.9693103256647
68,65.99034494355311,77.97331128839895
69,66.02795043651105,77.97188215660223
69,65.98708394236108,77.99349390673117
69,65.98351803479267,78.00703500294857
69,65.98604656074009,78.00997536214032
69,65.98964163181614,78.02086144189548
69,66.0028130258629,77.95296648571244
69,65.98969615646003,78.00569950089739
69,65.96520992546112,78.0280194341311
69,65.98554369058397,77.95844913403579
69,66.01506614994847,77.99813883246382
69,66.00426832632944,77.99636999258833
69,66.03134543993649,77.99818321623668
69,65.99769185287465,78.00762072509187
69,65.98194695824681,77.96266690796577
69,66.02374873767478,77.98504013845245
69,65.99678809502439,78.02851133289796
69,65.9649132656676,77.96823637970702
69,66.00565211632335,77.99291386345978
69,66.02274133083962,77.95763816662374
69,66.00697955666449,77.98247412004174
69,66.00556030826768,77.95651355464912
69,65.9898205455367,78.02351613204101
69,66.02959981594195,77.98246921645917
69,65.97233074662793,78.03596446395241
69,65.9686586819567,77.99493126977129
69,65.95579619456336,78.00202812796928
69,65.9602766302909,78.00682384003012
69,66.04385383529387,77.9884440561574
69,65.969279716236,78.0040893748523
69,65.98024582078972,77.97059923994766
69,65.97688496312853,77.9970486652854
69,66.00714049642676,78.04322201223206
69,65.961575209862,77.97665631945159
69,66.03493240891517,77.98746407619839
69,65.9719267593456,77.98707997074897
69,65.9634924383702,78.0322444658368
69,66.01223765801495,77.99654533779479
69,66.04480839040359,77.99544520611609
69,66.00380762223114,78.0445376018989
69,65.97704966247765,77.96540701497261
69,65.99196049549663,78.02462934100535
69,65.9885167909455,78.0400748999522
69,65.99389119640732,78.03419954386824
69,66.01183622719469,78.02045818006361
69,65.98663037484114,77.98330562835251
69,65.98848541154143,77.97938334354903
69,66.00205393045738,78.00834612939728
69,65.99401868017098,78.03836694966158
69,65.97181088431684,77.98115689536114
69,66.0215352078955,77.97987578533665
69,66.02420292172019,77.98781676602009
69,66.00847211842465,77.9639781121156
69,66.00877942605375,77.98363908844306
69,66.00807575391875,78.011937361084
69,65.97119720277524,78.0146104440123
69,66.04507762276553,77.9930442412038
69,66.02447519911138,78.00451686737952
69,65.97201894961064,77.97817975484661
69,65.9795485609258,78.02132469591696
69,66.0196319960419,77.95468975039255
69,65.97234557692472,78.02163505666181
69,66.0366091737855,77.97118013066137
69,66.03363297979065,78.01886354577282
69,66.00200733997113,77.98380552618067
70,65.97802734077187,77.99395006011501
70,66.00755317593669,77.9741189164576
70,65.97344975562166,77.99234511888268
70,65.99208087956997,77.95785407995534
70,65.97074714921432,78.0061581826238
70,66.01771782224408,78.02430780761391
70,65.98592578799942,78.0417331328481
70,66.00378790080947,78.04445912527893
70,65.99624202623282,77.99727113326011
70,65.9982743645763,78.023527662288
70,65.99337551287549,78.01225406591
70,65.96479136349836,77.97202514195286
70,65.95635857988948,77.99963478494922
70,65.9706301854496,77.99963861168615
70,65.98061794759951,77.98769325430445
70,65.97695077490847,78.02587615674146
70,66.01290511347428,77.98396470838759
70,65.97565454926152,78.00540331973598
70,65.99431244499063,78.01511930735406
70,65.99010413601037,78.03592340954035
70,66.01085769397326,78.02621733787096
70,66.00648369004286,77.97267889849712
70,65.95620124179148,77.99540112651978
70,65.98021006037189,77.98395349303294
70,66.01391415758866,77.99610778555652
70,66.03652009636251,78.0330323781408
70,65.98070695316585,77.96506244350554
70,65.96467235343168,77.98355235339584
70,66.04602367221572,77.99945175242804
70,65.97635624996617,78.00913644204769
70,66.04172806007253,78.00649983805083
70,66.00010840139343,77.98801557152142
70,66.00396927862597,77.95389288970853
70,65.98917495914843,78.01608097977082
70,65.98854016765304,77.98372798285568
70,65.9772521129671,78.011705200513
70,65.98213087206761,78.04577153001885
70,66.00427331493934,78.00681811884894
70,65.98675351593407,78.03035984906731
70,65.98772893446801,78.0239014265552
70,66.03263431091871,77.98658839026078
70,66.0209986858755,78.02887647784215
70,66.01012984676638,77.96486630130647
70,66.01224178121255,77.97655787921448
70,65.99996166732677,77.98901527897847
70,66.03533469186472,77.9994292188286
70,65.9984391483886,77.9727789483922
70,66.02327504367146,78.04125971527758
70,65.97437914205278,77.97264752242862
70,65.9857016218864,77.99892140674207
70,65.99321811827079,77.96800126141123
70,66.01844835013873,78.03310163488838
70,66.00953093380218,78.01251083166731
70,66.03575396163505,78.00485990631468
70,65.99190436877127,78.00128585114805
70,65.97170703989177,78.02183875906964
70,65.99129512122978,78.0095591533006
70,66.04611416221985,77.98493864227787
70,65.98520570959566,77.95305086543031
70,65.994837661417,77.96766582994358
70,66.00500657461103,77.95480356064941
70,65.97532519061227,78.04217650094652
70,66.01601643481031,78.02307328188178
70,66.03721325172275,77.98435250440163
70,66.048988811613,77.99261204425152
70,66.03547134163723,77.99555678416633
70,65.98671949719416,77.99411868473253
70,65.99126470922315,77.95451894107676
70,66.00140404690133,77.98042292245053
70,66.00948647966192,77.95871146188601
70,66.02779992287029,78.02462338101759
70,66.00884988585045,78.00915054249259
70,66.01852018241154,78.0324112654375
70,65.9871806333708,78.04015104901231
70,65.95729704732916,77.9971953510784
70,66.00239282294659,77.99008231660596
70,66.03096071552925,78.0365083830602
70,66.03165459910741,77.96346724153491
70,66.01640543289213,77.98832808691112
70,66.04124884802705,78.00940129143747
70,66.00154729764199,78.00625078930123
70,66.00796474205646,78.02474250853454
70,66.00617719448518,78.01371988788709
70,65.98557438296525,78.01597557105403
71,66.00905224682441,77.9823959068396
71,66.00638094212759,78.01524396035352
71,66.03768018651178,78.02492711377133
71,66.0102598583154,77.95239808533714
71,65.97532519061227,78.04217650094652
71,65.9943378313477,77.98253728679379
71,65.97135507262847,77.96289716089791
71,65.97496512371505,77.97613430203253
71,66.00293223860724,78.01775601824667
71,66.00862964141487,78.04735680644461
71,66.03913606560239,78.01681334354201
71,66.02811073192755,78.00907038321809
71,66.01650541590797,77.97910578700163
71,65.97653974187034,78.02668537178263
71,66.00430512162983,77.97863741279212
71,65.9889671979864,78.0141132168866
71,66.03036419246983,77.96778905739374
71,65.96753934597363,77.99626932944341
71,66.01933425310978,77.95896795564552
71,66.02568194598734,78.00769633724602
71,66.00874023394431,77.97890869588267
71,66.03726629453742,77.97214842937065
71,65.95739053826071,78.01076387940503
71,65.98128834400947,77.95523986458512
71,65.97081761414844,77.97507887143111
71,66.00580850153924,77.97132288421622
71,65.99254735394959,77.99206037315835
71,66.01941681732572,77.99482815523712
71,66.03249072290139,77.99334105099982
71,66.0261591485177,77.98017481228992
71,65.9955756082583,78.00736503883216
71,66.03375679959399,78.03244736499649
71,65.98759777511418,77.99543770198457
71,65.99562239837996,77.96786696037306
71,65.98839413966192,78.00271800409061
71,66.03127605847689,78.01729331441325
71,66.00352463523181,77.99532738015857
71,66.00169965057123,78.03012456581818
71,66.03021227076617,78.03287734375768
71,66.01302137715787,77.96805481200249
71,66.01419760742215,77.97022496824925
71,66.00498464056442,78.03810955473014
71,65.99599680038907,77.97213993212861
71,66.0067798864496,77.9754946082911
71,66.01180681151621,77.98730746813447
71,65.96032437544288,77.97125718841623
71,66.04983612350378,77.99835028772775
71,66.01785366110131,78.04223781907488
71,65.96405493505819,78.01058040136792
71,66.03939424427645,78.02001934127593
71,66.00921681464999,78.002178725674
71,66.0407571711085,78.0112822419428
71,65.97524088462008,77.99076078911115
71,66.02389201226633,78.01699923191693
71,66.00562097465095,77.9763384105927
71,65.97931087857128,78.01254790268945
71,66.02637559613373,77.98580518387926
71,65.97323784261121,77.99482388978092
71,66.0242084245808,78.00136247259717
71,66.01057301692622,77.97328176160896
71,65.9546519509741,78.00374026280565
71,65.97653313876705,78.00071935405737
71,65.99839760206582,78.01668858546562
71,65.97325560212968,77.96855386769278
71,66.02140840949245,78.04381474482739
71,65.99419559287102,77.97824805539304
71,65.9929500719217,77.99499297806182
71,65.99207968157323,78.0092682025624
71,66.01836417908693,78.00966430408646
71,65.98097822963639,77.96261930198939
71,66.01079593534347,77.98010264811069
71,66.02056693167886,77.99811336642777
71,66.01137701532099,78.03724952082278
71,66.01684854177519,77.98537717160212
71,66.0330048473678,78.0033500216893
71,65.99046696423149,78.03097350830224
71,66.0255370690352,78.0223990729721
71,66.02318884207506,78.0295527675718
71,66.01446048798324,78.02613153430246
71,66.03110041412444,77.99283856446331
71,66.02252774316311,78.0282013160557
71,65.99695760278249,77.98137895254077
71,65.96101914899286,77.97534656101355
71,66.02000963080455,77.99622282965107
71,65.98940904289901,77.9556016289249
71,66.01062633825059,77.9665881890224
71,65.99002124342078,78.0215423562657
71,66.040493402561,77.9867440844844
71,66.00498830343827,77.96011390371442
71,65.99957646440114,77.95761742652037
71,65.99422613208091,77.97971538779332
71,65.98636065167865,78.03687290870847
71,65.98719887792411,77.99180936562749
71,66.02345532416697,77.9919674296356
71,65.95784586411959,77.97817044998678
71,65.97517762264984,78.02851361369534
71,65.97275376503572,78.01041842774528
71,66.02997759081263,77.99900270159094
71,66.0209321624278,77.99959680609331
71,65.98412011770077,77.96094129295494
71,65.97678633328789,78.03678989185269
71,65.95793065426224,77.97734885719039
71,65.97602790247772,78.00166099794983
71,65.97306127258571,78.01493128251906
71,66.04133143557547,78.02183091242627
71,66.03175451189641,77.97698935709165
71,66.03041384181694,78.02426812720346
71,66.03120329584948,78.00353162360908
71,66.02041705212808,78.01432723777535
71,66.02860964369529,77.98469622113532
71,66.03774885022939,78.03019497361181
71,66.0222498060561,78.04000351614702
71,66.02746565376162,77.99681733343093
72,66.00776662360103,77.97428810584042
72,66.01835761731274,78.02760791880658
72,65.96188627094853,78.01364951190301
72,65.9813695486253,77.97479987229012
72,65.95161664067864,77.99549325329961
72,66.04901362520091,77.99867803418904
72,65.9730305032243,77.96070770809304
72,65.97010313318106,78.01707737348059
72,66.03342363220041,78.0218552671765
72,66.00638094212759,78.01524396035352
72,66.00276457982554,78.00778764260826
72,66.0159666745473,78.0425596232931
72,66.00049246127314,77.96330259439708
72,65.9655889719029,78.00642603521628
72,66.03596346783354,78.01831964334582
72,65.97898019589594,77.97016493848581
72,65.98068306227455,78.04337883808613
72,65.99438522544034,77.9836845927011
72,65.96191690939442,78.02783710886885
72,65.99782992835854,78.02744367507474
72,66.0250074616344,77.97577112473748
72,65.99391955174403,78.02014825854758
72,65.97921170738583,78.03191801573396
72,66.01642029032777,77.97759583538159
72,66.01301266713143,77.97814646290391
72,66.00159974277965,78.03256703029064
72,66.0142198434095,77.99869205518404
72,65.97560197305754,78.03684584726281
72,65.97164185446991,78.00972386770906
72,66.00797516328305,78.03730805929294
72,66.00543734311051,77.97895067080984
72,66.002997255411,77.98947613391383
72,66.03662869134094,78.02609074240951
72,65.99684378651294,77.97733570510132
72,66.01324546700516,77.99707223221169
72,66.00034525082344,77.99460328348815
72,65.98021859821209,77.97727995718027
72,66.00810684184007,77.96480561667912
72,65.97049598357417,78.03338490595597
72,66.01379550662111,78.00462975138886
72,65.95653736133576,78.00734504833744
72,66.01474118150207,77.9669398974768
72,66.00341953163706,78.00086708175525
72,66.04461355041313,78.00059782786973
72,65.98792130153343,77.99052638967581
72,66.02878011390469,78.0013415215573
72,65.98758235142554,77.9539257706807
72,65.99262942932451,77.95825801398443
72,65.98275142548843,78.04479936387041
72,66.04456087492905,78.00299463916853
72,66.01774208153302,77.99360293665211
72,66.02081168187712,77.96981577281713
72,66.02658586001883,78.01239945431442
72,66.03414271495915,77.97756697929202
72,65.96441237188667,77.99343399662023
72,66.01347479793871,78.00691304400915
72,66.02398705846868,77.988905521264
72,65.96996456652188,77.96601492146137
72,66.03874281264966,78.02577720056816
72,65.98995544784627,77.95289821133339
72,65.95696911603811,77.98826446681578
72,65.97894827251656,78.01000973546712
72,66.00651111850794,77.9937209771596
72,66.04806102596338,78.00998128906554
72,65.96659288794547,77.97829090645737
72,66.01290511347428,77.98396470838759
72,66.0244194564407,77.99558719638561
72,66.0150551829366,77.9976065212908
72,65.98758235142554,77.9539257706807
72,65.98642242034968,77.98367945713498
72,65.99710660862752,78.0120439093222
72,66.03088401085324,77.9783982656643
72,66.0320264866941,78.00812384781047
72,65.97233074662793,78.03596446395241
72,66.01710864252354,78.0340213861494
72,65.99247517994509,77.9765686166987
72,65.9892834650909,78.02738955927495
72,66.03424687895654,78.01881477296268
72,66.02811267530845,78.0343216832304
72,65.9882161295555,78.03633015028352
72,65.95589396627838,77.98365971429284
72,66.03090886252754,77.9844237691066
72,66.02441713749351,78.01590293257125
72,65.9625609714519,77.97645887509796
72,65.9613125739395,77.98297996319096
72,66.01639779643182,78.04130340020822
72,65.99805660414947,77.96585416330267
72,65.9947563274323,77.98106482989347
72,66.01879743597176,78.0148010437355
72,66.0216252536419,78.0235648519888
72,66.00391326693823,77.96142723687406
72,65.99254099784193,77.95338918247451
72,65.99635119709775,78.0254785199093
72,65.98824984479997,78.04663410027345
72,65.99708928391405,77.96713954769002
72,65.98851186375028,78.02453879320643
72,66.03403995589233,77.98726687493152
72,66.00272547417718,77.95159067955905
72,66.01636185654488,78.00652008682839
72,65.95713729245084,77.97921356099835
72,65.95921472972208,77.97877671855815
72,66.00494572136597,77.97571386825406
72,66.01666359886889,77.99698106982602
72,66.03256137080587,78.00881192678632
72,66.01398009757573,77.95813920190842
72,66.03501294106412,77.98279812483501
72,66.00913288082867,77.97977858011635
72,66.01740379158666,78.01579202492564
72,66.00416290905699,78.04347800880362
72,65.99127257225585,77.98753845732351
72,65.9988516971523,78.03218163779762
72,66.01555260542472,78.00931220871979
72,65.9788373266996,78.02039076059405
72,66.03023333022088,77.96263183559408
73,65.99085365624599,77.95728091304929
73,66.00031279491033,77.97989024690285
73,65.9959313807556,78.01016948705299
73,66.03110041412444,77.99283856446331
73,65.9750812220355,78.03971516286406
73,65.95584648095209,78.01018986259693
73,66.03922974136987,77.99907877391175
73,65.95881718462945,78.01255622903224
73,65.96699746992785,78.00418816459569
73,66.03723279815169,78.00240387318296
73,66.00703732623514,78.01024550491135
73,66.00805524989055,78.00419929370067
73,65.97991132883185,77.99410419719042
73,66.00029430115823,77.99386525544962
73,66.02279117843015,77.9643174150197
73,66.01196324634427,77.98871275541865
73,65.98455609006174,78.01574654882864
73,66.00386521390828,78.0176035316228
73,66.02395735450882,78.03821614419302
73,66.02503708713624,78.02668173847647
73,66.0420999086149,78.0255865329026
73,65.97842999690437,77.98980860496471
73,65.96406240819627,78.02700447177072
73,65.98617476778657,78.0381227784137
73,65.99215710771715,78.01340178355339
73,66.0147282732249,77.96558104011312
73,65.9655926459078,78.01969300602646
74,65.99315301892082,78.04780985030374
74,66.00857651167478,78.04711542299889
74,66.00806842778407,77.96530420417969
74,65.97104146836828,78.01627103892828
74,66.01782765823403,77.97709777186208
74,66.00031983563039,77.99993898544638
74,65.99170613076448,77.99541028704968
74,66.01037206711923,78.02159749090617
74,66.03045483801702,78.00297012473527
74,66.00640706153766,78.01682884429124
74,65.97845562202845,77.96597214002007
74,65.9733352241776,77.9595290954408
74,66.01836925586319,77.96427173556826
74,66.0047121790082,78.04117590378362
74,65.98801699549527,78.00459744253612
74,65.99855025986282,78.0107006394347
74,65.99030231541633,77.9684839092104
74,66.02927115081093,77.96543163439813
74,66.00516761364949,77.96225204343499
74,65.99964927372181,77.99975973000043
74,66.00598961560613,77.96566411040591
74,66.01746755093903,77.97671383265305
74,65.9685502167559,78.00594462482309
74,65.97085899829739,77.98499815402585
74,65.99939919206015,78.0204571700894
74,65.96000718468784,78.01472581589205
74,66.01356375955581,77.95201132555526
74,65.95453476155092,77.98984486999696
74,65.95461305381976,77.98332758436506
74,65.97305662595559,78.0032477675911
74,65.97046335121212,77.99066413358628
74,66.03689431848585,77.97492349530785
74,65.99524238133898,77.97566804537772
74,66.01882037100833,77.96890698308695
74,65.9948586202516,78.01484473495199
74,66.02204085864533,78.00902673233067
74,65.99351162538105,77.97282884826802
74,65.96792700819907,77.97084656194501
74,65.98767803048723,77.95930118533686
74,65.96914818045866,78.01903715341605
74,66.0391466307868,78.01052931596693
74,66.01596932013388,78.00768622178992
74,66.00341166733435,77.96562774164035
74,66.04018413457669,77.99267749325905
74,65.96848219699088,78.00396040019132
74,66.01317924094447,78.00741557910202
74,65.99083535979906,78.02241495595939
74,66.04497848749926,77.98255767353896
74,65.96844679806583,78.03173007590573
74,65.99999791413865,77.98331510470845
74,66.01476213893805,77.99818830145765
74,66.0147858383345,77.97785153728594
74,66.01242080013866,78.02120810613273
74,66.01113188985069,78.01408377314952
74,66.03363963207443,77.96503487531622
74,65.9909231408358,77.95230490316605
74,66.00242857996301,77.96992889258773
74,66.02032949954351,77.97048088585215
74,65.95179647607665,77.99788094216213
74,65.99542126337494,77.96480186380954
74,66.01407720242806,78.0092952132671
74,65.98220937518666,77.99749347679871
74,65.97146125789689,78.00326763069012
74,65.98374588970516,78.02328898348811
74,65.96893830389699,77.97175162034652
74,66.01285352931859,78.02094972416735
74,65.9975222913206,77.98645562263866
75,66.03728965603834,78.00577955307034
75,65.98439325835162,77.96038408093513
75,66.02589839741005,78.01504250571135
75,65.98385574311989,77.96654229161663
75,66.01071787362937,78.00832120406324
75,65.97905227109317,77.979039892233
75,65.98417754537155,77.98866556689418
75,66.01805336061473,77.95456595573188
75,66.03999774770041,78.00477178853113
75,66.03927150701129,77.97844357813155
75,66.00349460938557,78.03229895869825
75,65.96021240825239,77.99410553441614
75,66.02729648559031,77.98451361261729
75,65.99499861507952,77.99441823828178
75,65.98617173308047,78.00934342654985
75,66.02883275255927,77.99098586755247
75,65.99236679814426,78.01769909174953
75,66.03355103476879,77.99211528270465
75,65.96589060271037,77.99601266936627
75,66.00357952838314,77.96258697716209
75,66.03628855226088,77.98716772646347
75,66.01324189759747,77.96095474546651
75,66.02162155555929,77.984543043121
75,66.02192325376528,78.01576029986248
75,65.96756220080795,77.98910114861462
75,66.01531905128475,77.96454961383981
75,66.02212722963012,77.97329404823743
75,65.9958177245411,78.03333642968767
75,65.99665903033214,77.97772468028496
75,66.02997126100426,78.02956409874805
75,66.00409059974095,78.03837039683413
75,66.04045131272024,78.00227570722357
75,65.97568903726776,78.00363071186351
75,65.96875428150877,78.02427432048411
75,65.96834714002482,77.96414190441864
75,66.0131441595506,78.01124134092811
75,66.01461960962018,78.0305553976046
75,66.02338393138339,77.9793425614986
75,65.98052181171585,78.00879170192175
75,65.9546729302259,77.99059037264944
75,65.9683720921517,77.9757006070684
75,65.98309789998274,77.95702324867594
75,66.02809495735642,77.96878033310114
75,65.95805808993788,78.02608723798895
75,66.00120629433567,77.9871231693743
75,65.97704966247765,77.96540701497261
75,66.0063248865615,78.01821329257267
75,65.97603085357314,77.98305198830542
75,66.01150725765982,77.99879790680701
75,65.98454101184869,77.95252423067902
75,65.96971180728056,78.0060679550089
75,65.96037575322981,78.02679999845422
75,65.97693598290164,77.999169509754
75,65.98043066732758,78.01301369623795
75,65.98116044012373,78.00832143893496
75,66.0133273416529,77.99273466834362
75,66.01659268236666,77.9872512789497
75,65.98859462956653,78.04146744892702
75,66.03841011546054,77.97258275293726
75,66.023455092798,78.003295507165
75,65.97951896296235,78.00322072968412
75,65.99131414220085,78.02393610400779
75,66.03709895940092,77.98819015072252
75,66.0141868910315,77.98452888989775
75,65.98334184185666,78.00608968111081
75,65.9765962212052,78.03828156596646
75,66.00325600059334,77.98433062886947
75,65.97754307197397,77.96471583146472
75,66.01546740680254,78.04334816809754
75,65.96898843176497,77.98295965152396
75,66.03163220217148,77.97110846961326
75,66.01831175430418,77.97239530831169
75,66.00276675201907,77.95752451633878
75,66.00607581791537,77.9627175567847
75,65.95143563764634,78.00508749387417
75,66.01894519487765,77.97737251091047
75,66.01980615518671,78.04335862089928
75,66.01322599811968,78.0081941809015
75,66.03120458399104,78.0321438160743
75,65.9993158440022,78.01042077321519
75,66.00896415823902,78.00256361838002
75,66.00824709608403,78.02203207632863
75,66.00592867214385,78.04091859128839
75,66.03342215840193,77.96415663028193
75,65.96263029617268,78.01883086443496
75,65.98476842195872,78.03505401591927
75,65.97297542438066,77.96411712654209
75,65.9915246407494,78.02964505957553
75,66.01973021812982,77.99221390987033
75,66.01492018670695,78.01223428559277
75,66.00201822856978,78.01640067270806
75,65.98615681949994,77.99887785745031
75,65.97830145497021,78.02676368435445
75,66.00306479816021,78.0074531306873
75,65.99217690527023,78.02429393590978
75,66.02770165275697,77.98080102257914
75,65.98001707761225,77.96821421095513
75,66.01778291065635,77.99425810045645
75,65.96151095443551,78.01147127868717
75,66.01602043506864,78.03648408254585
75,66.03723584203664,78.00327514461189
75,66.02598523745448,77.96214845985877
75,65.95639114135751,78.02041356364431
76,66.00463487325405,78.0073060491768
76,65.9898183685537,77.96964525070993
76,66.00953093380218,78.01251083166731
76,65.98996948727003,77.98477860210131
76,66.00375018683968,77.95961424301241
76,66.04179873264734,77.99621195575155
76,65.95121975767593,77.99939554345636
76,65.99086754195989,78.04879044249074
76,66.01938660338239,78.01440263352607
76,65.97030907636685,77.96916060218656
76,65.9850847818437,78.02275577407151
76,65.97705927120724,78.02470190818435
76,66.04151961388602,77.98026470906447
76,66.00160668546329,77.9573263829196
76,65.98717946038464,78.00181963439299
76,65.99574181596284,77.96038641413301
76,65.97319247618633,77.99797791812526
76,65.97786054322009,77.97832705525605
76,66.02464396204527,77.97311424878188
76,65.97674631688582,77.99148303043384
76,66.02691199232676,77.96389756629213
76,66.04520613874936,78.00794646950617
76,65.9914253339798,77.97646386949238
76,65.99671622579949,77.9664039469517
76,65.9979956789493,78.00831140567948
76,66.00702082238155,78.01605946031276
76,65.99136085172805,77.97246151585652
76,66.0271302217294,78.0414047091021
76,65.97923100357677,77.98971046530284
76,65.98219274687773,78.03870691625833
76,66.04469678379864,77.99452089224808
76,65.96600185066971,77.97738254636937
76,66.01617206083989,77.9792397022623
76,65.96791163773257,78.02566996547067
76,65.98875358780614,77.96213263603983
76,66.01711249980976,77.99112355743
76,65.97596402891782,78.0322064251696
76,66.02714326659664,77.9802720399153
76,66.00065494152135,78.01836566239149
76,65.98584024128505,78.00273457469132
76,65.97573168486038,78.04087480035821
76,65.97876685656611,78.04226282809455
76,66.01295797128424,78.00045496334931
76,65.99718905306429,77.95813481783435
76,66.00951764731245,77.96035274728762
76,66.0034425303944,77.96723505252949
76,66.01648252035336,77.9930208752895
76,66.02131055494858,78.0091363967263
76,66.00069898719676,77.97603612021348
76,65.99139642470816,77.98265296520272
76,65.97010963717887,78.03663288692798
76,66.02667620856076,78.007720713484
76,65.99256096529881,78.0048152754783
76,65.95934982604923,78.02110572572712
76,66.03508273239972,77.96629174908185
76,66.01743666819553,78.0145055644353
76,65.96395759402819,78.0340677996991
76,65.96963315111483,77.96920744193797
76,65.98079558122274,78.03413632097138
76,65.99516065842495,77.9607724917327
77,65.99060595968416,77.9979275290222
77,66.01064081351173,77.98468393003469
77,65.98361155788773,78.00897998204951
77,65.99830118298964,78.02364869995586
77,65.96538463306183,78.02066113547625
77,65.98945181431709,78.01172847817935
77,66.0040490288138,77.98194261054711
77,65.99279591781519,78.01731730284742
77,66.01591534261166,77.99111205825663
77,65.99574503133044,78.00960806399056
77,66.03647873971892,78.03287144219443
77,65.96808481581795,78.01320637589887
77,65.98942774459755,77.98237226900379
77,66.01233391180097,77.97293582829222
77,65.96170719388124,78.02561016162294
77,65.99862664561438,77.95800788784618
77,65.9660502879097,77.99371654985863
77,65.99270451056897,77.9919294881181
77,66.02598523171818,77.97505130553245
77,65.99944755742568,77.95208465350666
77,65.96221022974028,78.02843834582647
77,66.002961903793,78.04637441919348
77,66.01725063312314,77.98873094040954
77,65.9765125275038,78.04084361723731
77,66.00248109962023,78.03765016152364
77,65.98322817678101,78.03385982241637
77,66.0323293396859,78.00055427077291
77,66.00949636594716,77.98426983905928
77,66.01267228629983,78.00044102847295
77,65.9926854165724,78.04510193818133
77,66.0189240519219,78.00500441380565
77,66.04170384837235,77.97610988429544
77,65.96486380751007,77.98493902327486
77,66.00447385916414,78.01218141717375
77,66.01355251675655,78.03741384561538
77,65.98722777789777,77.98194207830453
77,65.99346725386512,77.99587065584227
77,65.97285813260412,78.03566038135655
77,65.9702816780588,78.01577138195921
77,66.00735289470421,77.98558025508476
77,66.00064890359945,78.03325307899026
77,65.955885342258,77.9864340356709
77,66.0214513495332,77.96383950719414
77,66.03187633378762,78.01817931541373
77,66.02907575836723,78.01158651768097
77,65.98574810777266,77.99514597560702
77,65.9980758108277,77.97694024685543
77,65.98868826610142,78.04641760367664
77,65.98487089075341,77.97134437669501
77,65.99256807627636,78.00069988030224
77,65.9793749442649,78.04333192874584
77,66.00558364758687,77.97741869323015
77,65.9769125208447,78.00969190247577
77,66.02917046339313,77.98033407161904
77,66.02645612291641,78.03365952324242
77,66.02029369505803,78.04121237964901
77,66.01488813718505,77.98115395173983
77,65.98926293152097,77.97928711167825
77,65.99717825618397,77.96186481955733
77,65.96694999587889,78.00293350298762
77,65.95789103644142,78.02120242943727
77,66.04665815118696,78.00254758829615
77,65.98925009107485,78.00869146079266
77,66.03662968048745,77.97436680544148
77,65.96187520446948,77.9697218645707
77,65.96967688836553,77.98403504079985
77,65.96682770685187,77.97383678686755
77,66.03589919057012,77.98978211152611
77,66.00296801978652,78.00371752758583
77,66.01819145907815,78.00851931667995
77,66.00682695688161,77.99458068770602
77,66.03263018265818,77.97881135849543
77,65.96986713077746,78.0274286600363
77,65.97603931301487,77.98232368208075
77,66.03741069770432,78.02941449776529
77,65.99463942147283,77.95750132324044
77,66.01593203661484,78.01134155911204
77,66.03596477878772,78.02852988548798
77,65.98240869453109,78.04083312793703
77,66.00022180444056,77.99652591405898
77,65.97371624195718,77.97403814484548
77,65.95078670031049,77.9961127046116
77,66.00022180444056,77.99652591405898
77,65.99197253438601,78.03341648605107
77,65.99877666367341,77.96427007832297
77,65.99875885912753,78.00798301638233
77,65.97556236592791,77.97251783825794
77,66.00087237619867,77.95135162888326
77,65.99397629745374,77.99497207031138
77,65.96312743402355,78.00018085403471
77,66.02878243358899,78.00180954313402
77,66.01375773082883,78.01827683524021
77,65.99468063962283,77.98487558084781
77,65.97313421379802,78.02124437735549
77,66.00224797352784,77.98829615174948
77,65.98063847645246,78.0154388701826
77,65.97974480813028,78.02393767510242
77,65.989175189415,78.02048932222039
77,66.04771874493629,77.99342786152404
77,65.99267165089799,77.98990474274115
77,65.99562751162344,78.00807994266067
77,65.9899029517289,78.0184610318774
77,65.99377360643975,78.00299919126185
77,65.99208640831978,78.04242249216574
77,66.03514879060666,78.00339616120351
77,65.99712783564053,78.0194033398193
77,65.96765194113723,78.02339574911946
77,66.0297762370506,77.9619351195414
77,65.99287999771683,78.04861577526236
77,66.02779475589723,78.00810721760611
78,65.99352990531307,78.01169985426911
78,65.97120590008856,77.99711438194647
78,66.00240705804592,77.97842152229754
78,65.96553968663683,77.98755129946564
78,66.00678575384612,77.9866626424758
78,66.02422249695596,77.98799847787137
78,65.96635910424321,77.97914330853624
78,66.03707662206828,77.99344739661
78,66.00631416256192,77.95238421621637
78,65.99442802636781,77.9733245215739
78,65.97872037596852,77.98380307395772
78,66.02673203932184,77.95938959691564
78,66.0241714085434,77.96542015465977
78,65.99967245457302,77.97135567664277
78,65.9910821940156,77.98094772832096
78,66.02999712754583,77.99453071992525
78,65.99821148217575,77.99956384222848
78,65.98720571877135,77.98722077105843
78,65.95407993788943,78.00804135791044
78,66.00585047775701,77.96610225008781
78,66.01755230222393,78.00379408913446
78,65.96261385127318,78.00029894529357
78,65.98749031585804,77.96234482878965
78,66.00153942209562,77.984980577032
78,66.02201221683497,77.9959793701331
78,65.99457713773224,77.97496104633579
78,65.96392277688372,78.0189609266421
78,65.95460739113244,78.00711128169947
78,66.00309793752567,77.96036991293225
78,65.98808047269803,78.0158564596412
78,65.97262116628646,77.96962571779085
78,65.96333970405057,77.99479293466892
78,65.9525338048893,77.99339373702816
78,65.97931087857128,78.01254790268945
78,66.03241246189114,77.97221464030152
78,65.96518282013388,77.99756573679056
78,65.97598892225443,77.97020891498224
78,66.02480361310018,77.97829924442323
78,66.01317924094447,78.00741557910202
78,66.0074910317914,77.9739917515224
78,65.99918651922825,77.97422485390854
78,66.01595115940141,78.00032942963698
78,65.98982434110108,77.99066508814872
78,65.96545118594476,78.02807717510488
78,66.04172788074345,77.99959439934797
78,65.98836183348934,78.01061519378868
78,65.99563314229762,78.02069818910313
78,65.97903871789602,78.00749274677935
78,66.03360947545397,78.01929283477992
78,66.01591751195771,78.00353418169654
78,66.01832672868207,77.96354723352454
78,66.005216646797,77.99947690274048
78,65.98882501664474,77.9624422062788
78,66.01048932742411,78.04230095438123
78,65.99259515917353,78.0138529323783
78,66.02037507238889,77.99643776897354
78,66.03053223635759,78.00216859022801
78,65.98861763298163,78.02074416522288
78,66.03015481517338,77.98113245800998
78,65.9873667295526,77.96811313693395
78,66.00940915984542,77.99142267503879
78,66.01278445876042,78.0057158434146
78,65.97715435917016,77.99009983097551
78,65.98747949699187,78.00030842262373
78,66.00577767474225,77.95766954641567
78,66.00092434702086,77.96762681549424
78,65.98045005333236,78.04386979837392
78,66.0100177264788,78.01819414915664
78,65.99074902025626,78.01222120027576
78,65.96391932755586,77.97006944984747
78,65.97525743090343,77.99084762390201
78,66.03876143093616,77.97006445860735
78,65.98240869453109,78.04083312793703
78,65.9649696153208,78.01748296502905
78,65.9625847518623,78.03297237833775
78,66.0183359452718,78.01029848992513
78,65.95314788390444,77.9962855044507
78,65.99464717076846,77.97216819900295
78,66.00249010464152,77.9902328846297
78,66.02214097755503,78.01843618719211
78,66.00858318320388,77.97958925973515
78,65.99543415648155,77.95448672390333
78,65.99922787190019,77.98101119437764
78,65.98581086348494,78.0018041059193
78,66.00084394094459,77.96721667893146
78,66.02947770733554,77.96830955796361
78,66.00174487781032,78.02379104018628
78,66.00611822429468,77.98424354563949
78,66.03327439555025,78.01895625551795
78,65.99982829918662,78.01911777165404
78,66.01349543990494,78.01058297508428
78,65.98379218228239,77.99930822401039
78,65.95765187388645,78.00371907639209
78,66.03859912161901,77.98667152682145
78,66.01836524821783,77.99514011642849
78,66.04305038479953,77.9906717538415
78,65.99055566202014,78.03717886940721
78,65.97472882089495,77.98065826484724
78,65.99574503133044,78.00960806399056
78,65.99984448873867,77.9587450242678
78,65.98483175941237,77.95633196431649
78,66.01803007844279,78.00547212699864
78,66.01778050115173,78.00570829390855
78,65.95761460623278,77.97456616150369
79,66.01261413596791,78.03431152016002
79,66.03002640508335,77.9896137313306
79,66.01381903431887,78.00832656810645
79,65.99930809596883,77.98736095429173
79,66.04900114936015,77.99130161564077
79,65.98489154705766,77.99538066945361
79,65.9885511137214,77.96410971641833
79,66.02966228508343,77.97002829943514
79,65.95333099429963,78.00207876004575
79,65.99413273866755,77.9949013740263
79,65.96114241668074,77.97037127337848
79,66.04651507613613,77.98531059657685
79,66.0420999086149,78.0255865329026
79,66.02615557711111,78.00092532668812
79,66.01407122034433,78.00780912052339
79,65.95806529201577,78.01220778166596
79,66.02114037699022,77.98027459650311
79,65.97784442389691,77.97115659132369
79,66.0115284368615,78.03124313799887
79,66.0092171775521,78.02704554055
79,66.01560488944506,78.01326041253044
79,65.96232536920834,78.02877816921047
79,65.9907774195399,77.97799137282355
79,66.00381766248628,77.98315189603348
79,66.02321019574211,78.02041851020994
79,65.97626368730569,78.00246106938106
79,65.96388729802497,77.96577397984844
79,65.98548023020422,78.0266788569789
79,66.01419275825576,78.00236013524291
79,66.01886227847686,78.01588234114375
79,65.98527592934411,77.994999344901
79,66.02962582249329,78.00581253713246
79,66.02238614791263,77.98806359889946
79,65.9931028494736,78.00838171193908
79,65.9581586226494,78.00232477400482
79,66.01896845061046,77.95529924364615
79,65.98418253140456,78.0373526645226
79,66.00621229438372,77.99602969001917
79,65.98163213645157,77.98504694560779
79,66.00701605478899,77.97214416027472
79,65.9678913436838,78.03667052439542
79,65.996778873155,78.04000789789143
79,65.98067609555447,77.973791226565
79,65.97313488227714,77.99162105855602
79,65.9995036180499,77.99215051026044
79,66.00733101908072,77.97922482159821
79,66.00140584600013,77.97789697834403
79,65.98411734757839,77.95454160387652
79,65.98133474160049,78.00803879253998
79,65.96804209792018,78.00661834010847
79,65.98025806917924,78.01250045438229
79,66.02408857602299,78.0080070518249
79,66.03218233787624,77.98835209469166
79,65.99783277184207,78.00081912396
79,66.00635006733712,78.00369952525675
79,65.98705770091023,78.0180963375158
79,65.95864102252119,77.99143933266753
79,66.01650541590797,77.97910578700163
79,66.02146106961496,77.98853980344506
79,65.98214631626702,78.03800104237365
79,65.98838636329619,78.02634694942122
79,66.0407372115732,77.97988995144703
79,65.95783750039757,78.02415150489011
79,66.0150059137822,78.04003396362616
79,66.02158118343223,78.00917126725476
79,66.02483907007608,78.04099437259835
79,65.98078948845216,77.97878507078357
79,66.01780054019925,78.01079393806243
79,66.01205458523035,78.01372975869462
79,66.00521899227289,77.99019629145566
79,65.97056066493899,78.03139693122021
79,65.96214313140891,77.97544138695947
79,65.9991018463259,77.98798723347444
79,66.01056463303597,78.01514333016563
79,65.99984860850306,77.97601146180202
80,66.0071602841071,77.96713034102739
80,66.00875321803177,78.00188119768936
80,65.99411471459923,77.99511803630595
80,65.9774901554941,77.9943673426195
80,66.02520941555001,78.00428145567855
80,65.9817810709808,78.03071897307201
80,65.971147076404,78.00630306305649
80,66.0298137535546,77.9858362757365
80,66.00068843184036,77.96412294047425
80,66.00292915113258,77.98904465802153
80,65.99376106106078,77.98308079014943
80,66.01063366881546,77.98730176479113
80,66.01315272640723,77.98981010162076
80,66.01755431360917,77.96592016833316
80,66.04008918431147,77.98812592805973
80,66.02247248699572,77.98475719738626
80,66.0161609270284,77.96600118283393
80,66.02720612553256,77.97370334184718
80,65.97738819930333,77.99818421225817
80,66.03286193240804,77.99325202150692
80,65.96525974067478,78.00077511543333
80,65.98381187019767,77.99422871016499
80,66.04061509896663,78.01539343978857
80,65.95538383811436,77.98550810032722
80,66.00236575676118,78.01985137979513
80,66.01663449398933,77.97271396386552
80,65.99334233810443,77.9959030652072
80,65.96391621022622,77.98775586863128
80,66.03890648605221,78.00511627842972
80,66.0079796160701,77.96836708785419
80,66.04293177178748,77.98331224432557
80,65.96220689540979,77.98185284334699
80,66.00660862046993,77.96779191228656
80,66.0019469016597,77.97068662068472
80,65.97846050979611,78.01446428838152
80,66.01578461328366,78.01952171003833
80,66.00501870171811,78.013211199303
80,66.00504742847164,77.98566642528031
80,66.04503574686454,77.98665041474563
80,65.99786613734541,78.00477232523218
80,65.98029912124979,77.99586876923499
80,65.97608621577328,77.9880743034486
80,66.00259026574355,78.00303215511875
80,65.98234187450758,78.03993571930846
80,66.0007312060388,77.97889745654184
80,66.00478667409737,78.02051630022805
80,66.01891979766805,77.9947870995534
80,66.02384536777788,77.97336424532871
80,65.99085458097679,78.02479119539986
80,65.99709023952607,78.01877973689687
80,65.98251260659656,78.0013280840526
80,65.98337287878694,78.03670060158481
80,66.02605345436669,78.00736960005403
80,65.99329714382077,78.0108973865137
80,65.9957955649335,77.96122955583684
80,65.97519012345204,77.990661256638
80,66.0008111629625,77.97252335401426
81,65.96412167638876,77.98489246072045
81,65.95653736133576,78.00734504833744
81,65.9904853936695,77.98670934533604
81,65.99018876942426,77.95221437336107
81,65.99113443650438,78.0378485124464
81,66.02979087824717,77.99999961370595
81,66.01472366338608,78.0177712345005
81,65.99551238267684,78.0179391171715
81,65.99225046338108,77.96671720352555
81,65.98044139946454,77.96875016165119
81,66.00055474127531,78.02354575626791
81,66.00546003702192,77.98623050971796
81,65.95789103644142,78.02120242943727
81,66.03856911442907,77.98127857871879
81,66.01303457159665,77.98488099558352
81,66.03096805181437,77.98792001829342
81,65.96880415104697,78.0359060782117
81,66.00205175587857,78.0481807957468
81,65.99488354150323,77.96762982801285
81,65.9813900398691,77.96482460021707
81,65.99765257723402,77.95096823254005
81,65.98171182926639,78.00508057131589
81,65.95948853268139,78.00746653843889
81,66.0133384933881,77.97683265034213
81,65.99504174809613,77.95785058392707
81,65.99738193425867,77.98513550193874
81,65.981258403918,77.9802161157229
81,66.03568609908788,77.99368276476335
81,65.98649014962274,78.04124157033574
81,66.0032623610092,77.98002124803907
81,66.00412230778488,77.9725039280569
81,65.97700203073826,78.02978400220418
81,66.03178451332022,77.9724073775142
81,66.0010767376647,77.9633719561364
81,65.99484320915897,78.02856956611849
82,66.00460847965033,77.96350370064842
82,66.01305151625944,78.03868875295035
82,66.02467219430136,77.99990326387116
82,65.97176854109489,77.99136296379392
82,65.98412785997144,77.98100188513925
82,65.98854160506448,77.97784450625004
82,66.00825931345877,78.00200333447906
82,66.04421595206959,78.01646526481585
82,66.03482667781526,77.99269177348604
82,66.0288432740792,77.98836626710049
82,66.00910770299508,78.00195289911099
82,65.99984559886865,78.03163528716631
82,65.99125830598767,78.00654175842861
82,65.99487022323044,77.97436271766527
82,65.98243907257756,77.96381247717565
82,65.97302142833193,78.00742270621794
82,66.00421910963378,78.03858683950087
82,66.02166061701391,77.98687068880523
82,66.04962844757533,77.99835248007918
82,66.0235010009628,78.01645091139974
82,65.95853348795421,78.01882148192567
82,65.98994210356973,78.01697182873039
82,65.97025953372125,78.03063907886116
82,65.95044413372568,78.00269126230167
82,66.00744100553821,77.99625142857617
82,66.01321836437111,78.02309887866285
82,66.02589455172533,78.0176273233696
82,65.9910754335528,78.02610420700557
82,66.02793956835146,77.98758641032585
82,66.00723327657019,77.99940123117685
82,65.97800953014111,77.96435134201236
82,65.99738193425867,77.98513550193874
82,65.99903151071985,77.98464017856071
82,65.98970009887225,77.99521463917365
82,66.01876237452032,77.987215984271
82,65.98486631469848,78.02337823679696
82,65.96251663743048,78.02186051894509
82,66.0169316372184,78.00347753024353
82,65.99016993612354,77.97713972830606
82,65.96004560186117,78.02161475039928
82,65.97952973325309,78.02585991305985
82,66.03431683583618,77.96735828931425
82,65.9783284592922,78.0136774201762
82,66.03407935851207,78.02247708290133
82,66.02746247153064,78.02193106557691
82,66.01320294389478,77.97952917732664
82,66.01355978680168,77.99208592331686
82,66.03122327462367,78.03680378855343
82,65.97868469137694,78.01732278698765
82,65.99605535053811,78.0298184386756
82,65.98999104892155,78.04792614350424
82,65.9832343813113,78.03361779032473
82,66.02846069355456,77.96943351626933
82,66.02917121730215,78.02971347693632
82,66.00170888011678,77.99139725266221
82,65.99909170812163,77.99676321137251
82,66.00573437128875,77.99205192179298
82,66.01208365508006,78.00265480385906
82,65.99964467942651,77.95627658031546
82,65.98226367134671,78.01493295185708
82,65.99392944438192,77.95985164658879
82,65.99741871950404,78.02630576811102
82,66.01256517539741,78.00454302185557
82,65.992341509292,77.97576145660327
82,66.02820272681664,77.96730103747302
82,65.96359584215138,78.00375874980995
82,66.01643260080253,77.99692763959199
82,66.0391366107527,77.99390351427583
82,66.03758262832281,77.97045523911815
82,65.99890703901794,77.97736423962402
82,65.9784678643641,78.00618870472593
82,65.98149761874156,77.96361600048958
82,66.03474641149036,78.03453102039066
82,65.99408171087582,77.98612791102566
82,65.99374395860066,78.02243200931164
82,66.02559602186379,77.98164987329645
82,65.98033835726062,78.0300626866742
82,66.02917861975445,77.97782189810997
82,66.01558587600718,78.01158182044787
82,66.03686119884739,78.00607557373965
82,66.0154606670798,77.97319356632583
82,66.00529689475282,78.04923227771505
82,65.9849235895769,77.98172289291409
82,65.95995600616033,78.02607004062646
82,65.96386047662573,78.00498208459514
82,66.00719170640065,78.01168304039278
82,65.99094370133155,78.03763353933319
82,65.96607466917715,78.00626614189115
82,66.0040997238067,78.01998040739241
82,66.0048499238307,77.9973757433064
82,66.04484397614318,78.01943128071031
82,65.98564405098618,78.0233179078558
82,66.04845204194955,77.99818935559634
82,65.9732181265251,78.01374185118404
82,66.02727909920998,77.96699885872091
82,65.95810622411045,78.02396677966635
82,66.02985934238762,77.9919773428194
82,66.03136213675971,78.01814722584905
82,66.01123039669869,78.02410743464102
82,65.97569054061614,78.0160218977658
82,65.9852365538385,77.9634012380412
82,65.99961031262343,78.00414352863443
82,66.0379196971211,77.96858345511434
82,65.99885426687368,78.01116368227413
82,65.99625989858365,78.03228469621911
82,66.00503729948619,78.0333915095435
82,65.95253046085506,78.00795251447938
82,66.01540621463583,77.99913720280318
82,66.03915338857543,78.00090515251973
82,65.95975227797769,78.00185596242514
82,66.03108943357176,77.975740024336
82,65.97440837996365,77.98863201775664
82,65.99949155952247,77.96528334315104
82,65.98203118604262,77.98180831675562
82,65.99209138820862,78.02296141256589
82,66.01484350632138,78.00824358943687
82,65.98840289867823,78.03782636036509
82,66.03081163632291,77.967595450671
82,66.0228689893343,77.99773934173393
82,66.0473549843793,77.98726698548944
82,65.9684853697639,77.98768536557515
82,65.98697069162418,78.02214277446785
83,66.02132030687869,78.0242608244995
83,65.954661469496,77.97970193287725
83,66.0352457498058,78.02051902819007
83,65.9762986171322,78.01284104936916
83,66.02957490900232,78.03010160567825
83,65.99310581464199,77.99761873623069
83,66.03000968606766,78.00446210451436
83,66.00651778974951,77.9838919678274
83,65.99578790961735,77.99902101165044
83,65.98771791667771,78.04341211410483
83,66.03512860408054,77.98054559812556
83,66.02981943227623,78.00223317330105
83,65.97800951563504,78.04156632799503
83,66.03513314741942,77.98352763501542
83,66.0227151166551,77.97088897271242
83,66.00895157945857,77.98354503954316
83,66.00682221245012,77.96008437354524
83,66.02479311581781,78.01009125325169
83,65.99838592080737,78.01181920016843
83,66.04401617230978,77.98201856451168
83,66.03654243461435,78.01126912512933
83,66.02550041323914,78.0067175058566
83,66.03682259783372,77.97355885188462
83,66.01666120926973,78.03187010341175
83,66.00638094212759,78.01524396035352
83,66.01052701027758,77.99314869878368
83,65.9949497381197,77.98330456472743
83,65.98103756034456,78.04559100399581
83,66.00799073891434,78.012345076431
83,65.9936728292719,78.01081860373976
83,65.99618657291933,77.9975922676909
83,65.98479528496534,77.99601527313003
83,65.97937519027712,78.04511204846726
83,66.0195889066763,78.03366535313896
83,65.98282050870067,78.0410340819734
83,66.01264825270111,78.02091717870144
83,65.9767795565635,78.00593155573064
83,65.96145453752898,77.98053815831298
83,66.00889084240494,77.98237440797018
83,66.00254309131991,78.01971182713315
83,66.0391263751775,77.99004048099576
83,65.99044492187294,78.00206568056679
83,66.0425683843871,77.98523271187614
83,66.03369666915148,77.97411051526036
83,65.97850177424866,78.00090086535366
83,66.01656788952279,78.03267126774452
83,65.9835588894228,77.97466694642418
83,66.01695621632176,77.98351776614781
83,66.03370385620394,78.01012623816852
83,65.95475061098907,78.01148126440327
83,65.9740937613663,78.03488146138939
83,66.0026150932975,77.96796853261301
83,66.0042965208587,77.96494952293828
83,66.01003068325461,78.00615462944013
83,65.98600588799435,77.95542253144197
83,66.00588255713276,77.9775037640507
83,65.98442386789966,77.99240257434187
83,65.96795964518425,77.97841706229168
83,65.98479528496534,77.99601527313003
83,65.99959898877664,77.97712275416202
83,65.9917799594987,78.00558753387337
83,66.03479184365175,77.99009403849242
83,65.98333321905659,77.95523197928041
83,65.9755792589257,77.98640971963378
83,65.99016270330453,78.00093915818664
83,66.00920116320943,78.03772655991408
83,65.98471331650073,77.98314754219281
83,65.97944336562936,77.95859237991937
83,65.97872530227336,78.00803189265706
83,65.9757140577581,78.00724494338515
83,66.02957232455792,78.00240277833976
83,65.99173206762246,78.01503813213239
83,65.98298428524508,78.03878597811611
83,65.99955249576088,77.99161809186225
83,65.9713782539834,77.96692399666313
83,65.95879964336491,78.0022797069698
83,65.96208992853528,78.03205773924685
83,65.98454555357375,78.04433761610044
83,65.99239393709206,78.00669903519287
83,66.01609595088999,77.99692187338842
83,65.98409177904455,78.01377428148683
83,65.95491221588964,78.01855305648111
83,66.00920627566923,78.02588574751465
83,66.04546097628923,78.00139627939609
83,65.99497141126147,77.97912408245763
83,66.00096571147816,77.95099593174952
83,65.97032679920078,78.00427607581219
83,66.02107006437404,77.96917109972921
83,66.00545692658964,77.96480820999814
83,65.98596580537198,78.03004242875868
84,66.00279202540197,78.0123165423437
84,66.00199723808272,77.98902724705732
84,65.99125213477747,78.04586348711847
84,66.02460998855366,78.00177999724204
84,66.02606430617733,78.00386926973115
84,66.0230928275189,78.02028686082814
84,65.99693389243515,77.97634742857284
84,66.0039566161365,77.96020067573028
84,66.02476073509261,77.97765848824719
84,66.01524095592964,78.00430061068236
84,66.01978023969777,78.01277896709546
84,66.00644267755727,77.99361451169173
84,66.00648730522596,77.99213836481337
84,65.96029940555638,78.00059415595481
84,66.01359881035313,78.01276467615618
84,66.00861325289657,77.97926862003973
84,66.03030619198726,78.01770164941773
84,65.98991277588763,78.01451813430383
84,66.00601245241818,78.03350827243075
84,65.96741675675591,77.9895273535011
84,65.97494557874043,78.03830069863857
84,66.017159299147,77.95527605590068
84,66.00412908528156,77.97152725751825
84,66.03562539069016,77.96805048135221
84,66.01090408117784,78.01641999630695
84,66.03445100791426,78.02279997966396
84,65.98023295308266,77.96635390182948
84,65.95457356284946,77.99133114665501
84,65.96158416501703,77.98954949167766
84,65.96658058713217,78.03491579182612
84,66.00527372455174,78.03871201496
84,66.00002778746176,78.03286193759217
84,65.98136954842505,77.958333502732
84,65.97447211688477,77.97586946086625
84,65.99615244458946,78.04909179330444
84,66.02130120230088,77.9870441826182
84,66.02547559840862,78.02844258534073
84,65.98713920552724,77.98901690112223
84,65.99971411534707,78.01568384471913
84,65.97153633658932,77.96059202947272
84,65.97701991256616,78.0363888066192
84,65.97944707679129,77.99559513958562
84,65.98562599583131,78.01117534380603
84,66.00216843535989,77.98630304400044
84,65.96330676400055,78.02202058877393
84,66.03271546922903,78.00792904975881
84,65.98432029364302,78.00397689206581
84,65.99787637488406,78.0426201176369
84,66.04113881054694,78.01402921776123
84,65.95100667892511,78.00672406721601
84,65.98861763298163,78.02074416522288
84,65.9920231646346,78.0040635372366
84,65.9866698766805,77.9614574315539
84,65.97667786518424,78.02438402801414
84,65.99246740835703,77.9954622256928
84,65.95937873899693,78.01523174733663
84,65.9702816780588,78.01577138195921
84,66.00089103849442,78.03008281216746
84,65.97059788465675,77.99983391977457
84,65.98340616896458,78.03309408349577
84,66.00694619218345,78.015427820783
84,65.95962241656228,77.9947237799029
84,65.99408171087582,77.98612791102566
84,65.97240223926418,77.98601517861316
85,66.04853898217354,77.9890493376018
85,66.01129291626671,77.98033972384391
85,65.97191450974908,78.02864189022468
85,66.0006315792423,77.97083932591045
85,65.95532018047732,78.01427757183612
85,66.01233968402452,77.95887588391798
85,66.03757266986888,77.9987564997143
85,66.00654837716742,77.9580651158611
85,65.9877211952932,78.00283678812274
85,65.99690001213132,77.99865431778777
85,65.992331560653,78.02269660406655
85,65.9685434983053,78.00717695352529
85,65.99617774774705,78.03806596232175
85,66.03512770229194,77.99447951643293
85,66.03488401180617,77.98012051133965
85,66.04269773168822,78.0240804456729
85,65.97824622274976,78.0281064621024
85,66.02401665410926,77.99531888144091
85,66.04394541635568,77.97944389651941
85,66.02338940456455,77.9793619934869
85,65.95684109059363,78.01788140989905
85,65.99721746874863,78.03524802535838
85,66.00774247985358,78.00738287081624
85,66.0297715360292,78.01172954610745
85,65.99927362764956,78.013800695495
85,65.97267911174691,78.04075129102158
85,66.00622355133177,77.96228650195076
85,65.9892570351315,77.9840092380228
85,66.02935717586054,77.97438084794594
85,66.0210544835992,77.9780806477311
85,65.99942770824657,78.00966808933035
85,66.04604790821031,77.98324452189908
85,66.02158654256722,77.98987812359783
85,65.981715248264,77.98774266901665
85,66.03933644604601,78.00206746731902
85,65.97606218884744,77.99823663511232
86,66.02533552468938,77.96533406718206
86,66.01822226160796,78.00873480541331
86,66.01690251941537,78.00401064963492
86,65.96734839714227,78.03693636189166
86,66.02558472028299,78.02755406309112
86,65.96935969089137,78.024471266251
86,66.00417892819671,77.99358269846725
86,66.0326202793372,77.98396333980371
86,65.9900096124513,77.98574356781836
86,66.03228308917323,78.0120138629616
86,65.99903151071985,77.98464017856071
86,66.04478502652802,77.9818690797415
86,66.02434072826249,78.01526172589217
86,66.02218419659243,78.01432926227679
86,66.02098073667064,78.0427785002039
86,65.99821148217575,77.99956384222848
86,66.0248758616315,78.00306546024254
86,66.0129444555574,78.01461971790329
86,65.99228533073276,78.0489292025588
86,65.98223343877238,77.96537551873351
86,65.97944843593933,78.03191018565471
86,65.9872604028871,77.99861246816629
86,66.02274104191237,78.04058448586883
86,65.97921404370477,78.03379664506417
86,66.03893501339051,77.99551004515187
86,66.01981614905787,78.03019280380019
86,65.99430211751891,78.00512440124243
86,66.03087026714728,78.00740425217337
86,66.01903627858562,77.99401593145298
86,65.96002817950179,78.0264059139947
86,65.98722285695108,77.96008991833212
86,65.96068899346015,77.97024451823873
86,66.0040131979405,78.00123670995154
86,66.00632403861623,78.02394131182108
86,66.02600932599746,77.99619203402378
86,65.99389119640732,78.03419954386824
86,65.96313647103378,78.01964176057301
86,65.99523805156842,78.0014393172934
86,66.03127605847689,78.01729331441325
86,66.02525100243277,77.973344071105
86,65.99545956514292,77.98171042575453
86,65.954689915587,77.99293716421644
87,65.95551728290539,78.0207274318956
87,66.01219511699941,78.03568361776436
87,66.00941590230852,77.95785774961249
87,65.98146785759162,77.96468167760902
87,66.02006782364087,78.03174300694381
87,65.97491275834945,78.02214118176684
87,65.99828939457299,77.98208766790151
87,66.00869273743596,78.04637854823713
87,66.02244961624183,78.0366151078877
87,66.00055309010364,77.96470571840605
87,65.98189924013244,78.03343092945815
87,66.04435298052248,78.01860167825924
87,65.96316415716404,77.99471794178496
87,65.99777584993356,77.99768124371283
87,66.01409166069159,78.01330974084186
87,65.98365484998293,78.04358041987678
87,66.03977594011619,77.99105506435986
87,65.96641430121113,78.0084007400023
87,66.0133041215179,78.02040737693326
87,65.98756137962879,77.99634102205984
87,66.00885671435874,78.00503759099384
87,66.04763824182756,77.99356740972152
87,65.96349621299372,77.97662077153814
87,65.99958327613484,78.00368390145451
87,66.01547893424895,77.95373024904653
87,65.95408186721744,78.01434031012717
87,65.9736317753799,77.97244440786845
87,65.99170640952153,77.97957357015578
87,66.04226789467343,77.97384028538646
87,65.99392480805507,78.02792510062359
87,66.02806673206182,78.00466431713166
87,65.98347985563024,77.99228984765335
87,66.01093475367733,77.95137302960237
87,66.03223832064701,77.97063554968364
87,65.96729214756955,78.01938220278656
87,66.04275870615223,78.01845891459628
87,66.03763606297561,78.02618038785307
87,66.02242149566507,77.97057352239491
87,65.99946107223714,77.96854011702463
87,66.02374690998415,78.03403311464777
87,65.97527178788793,78.01816238759984
87,65.99318597791921,78.04125228429449
87,66.0150319947084,78.0262086490948
87,65.9835708970785,78.01265621234134
87,66.02072661798151,78.03578108755752
87,66.01836524821783,77.99514011642849
87,66.00714573396445,78.03480550015192
87,66.03324818383874,77.97443901238462
87,65.99470914863788,78.03293187707516
87,65.99338515836689,77.98529301343643
87,65.98240838628075,78.0292897835953
87,66.02802380423579,78.03240742053923
87,66.01436394836549,78.0009110257439
87,66.00960949830143,77.98433595884802
88,66.02509774552891,77.97920108397213
88,66.01852103493586,77.98368296163417
88,65.97111635683241,78.01662783848656
88,65.9847591877414,77.96715353101716
88,65.9700596604702,78.00723199076343
88,65.95302535442907,77.98320208660985
88,66.02167925064312,77.9883434586646
88,65.98377999794201,77.9892539432241
88,65.9773287993424,77.97316431017482
88,65.98517109748117,78.03232280619737
88,65.96857601877409,78.00791231175187
88,66.03050999244013,78.00863242338946
88,66.03778930935034,78.0281342813246
88,66.03964363181161,78.00496544053587
88,65.9847591877414,77.96715353101716
88,65.99507481412192,78.04635108029122
88,65.96180978509366,78.0077262350344
88,65.98755643321145,77.98546350868806
88,65.96676640334333,77.97681641200163
88,65.98162746625616,77.95358689888603
88,66.03504894247865,77.97693668974543
88,66.0041426049204,78.01936928839773
88,66.0010258500784,78.02975932469334
88,66.01519918483508,78.04368597005072
88,65.99531542960605,77.97929862080223
88,66.01773678562884,78.00256349491711
88,65.95519505242393,78.01008870350624
88,66.0055365226033,78.01596299840975
88,65.98102228386234,77.96667541909676
88,66.00537201229889,78.00943090891009
88,65.97878081606316,77.98729659620993
88,66.02065397910924,77.98467630880057
88,65.96406545930286,78.00705908559301
88,65.99174091488744,78.0212784937952
88,65.99124186948151,78.04407208119201
88,65.99120703609854,78.00023537064462
88,66.0147584738521,78.045244573397
88,65.99480148837654,78.02492532087074
88,66.0180740873867,78.01571676278583
88,65.96354664167434,77.99768306666236
88,66.01626769188492,77.96816956009012
88,65.99207292319886,78.01273224823223
88,65.98110506777627,78.0197438991365
88,66.00496460128899,78.02963016282276
88,65.99938890866319,77.96580152422385
88,65.95456961841592,78.0020865978509
88,66.02072059328317,78.02282464025039
88,65.99414798387754,77.97673800028299
88,66.03427807265993,78.025962120056
88,65.97007700342797,78.02919263337341
88,66.00163125949778,78.00713535492865
88,65.96814473657233,78.02779338739971
88,66.00651642527873,78.0122823247489
88,65.99736565239225,77.9785842381921
88,65.97001209230297,77.97164801067031
88,66.00805266539324,78.04452817977203
88,65.97538391009006,78.02371933318267
88,66.03315277561886,78.03365779100211
88,66.02620686143929,77.96887400755165
88,65.97425282342782,77.96344478527345
88,66.0269735592621,77.99794157758268
88,66.01277183370983,78.00102215324941
88,66.00035377284725,78.01566480998768
88,65.95783750039757,78.02415150489011
88,65.96499155726917,78.02998186977612
88,65.97670092875414,78.02193575749043
88,66.04044481889227,77.9782197521952
88,65.99995679147207,77.99772764054451
88,65.98191932847713,77.96919205502726
88,66.01199079880443,77.98209097883509
88,65.95788013344885,77.99756527808948
88,66.04349302996259,77.98771497734526
88,66.00791725556493,78.02511752942354
88,66.02590420685505,78.03109390466582
88,66.00393112087922,78.02379386225043
88,65.98881807712989,78.02152038660392
88,66.00028383062265,77.97448032380399
88,66.00783278742045,78.03100387775544
88,65.98553843652955,78.0278061073052
88,66.00472804406436,78.01941957627565
88,65.98628433097645,78.0459895502194
88,66.00526764871557,77.99412753646851
88,65.97987242758649,77.9886803988768
88,66.03639994187105,78.02603529434771
88,66.02666183080306,78.02305549158528
88,66.02242728349027,77.95626174999968
88,65.98617709714557,77.99339056211363
88,66.00637480382687,77.97456757711606
88,65.9993609933258,77.99902106526596
88,65.95888403911619,78.02690371364288
88,65.9765034815317,78.03554035713921
88,66.00624689562446,78.0082038402314
88,66.01033129840023,78.02919276431125
88,66.027017399721,78.02728918868853
89,65.9981305067178,78.02378039859636
89,65.98755615859459,78.04819725932394
89,66.01014504340452,77.95526784279696
89,65.9944315861573,77.98733088260252
89,65.97907620294208,77.98626948624675
89,66.02873699504505,78.02845001437619
89,65.97897789327664,78.01650708910901
89,66.02278380234085,77.98964623243083
89,66.00819775748991,77.97176119358956
89,65.98197156449183,78.00095636886105
89,66.02724822614398,77.99509370198538
89,65.96598154875007,77.98056051297844
89,66.03904252074612,78.00743496687855
89,65.9665832643272,78.02364658264035
89,66.00414102395567,78.02827003092418
89,66.03298437785928,77.96993231549314
89,65.99096422870544,78.04843536023043
89,65.97620792446848,77.95737574129353
89,66.0081362230106,78.00217840203372
89,66.01194320067539,78.00675936200369
89,65.99457366756504,78.03039548482529
89,65.96169636376501,78.01077058244854
89,65.97002701308578,77.99649023747003
89,65.9716463341874,77.97139126795888
89,66.01783448931175,77.99359682327102
89,65.99943989102982,78.00356876555215
89,65.97161583767848,78.01619787845739
89,66.01575854154066,78.03931346977797
89,65.99612286141635,78.0092471418546
89,66.04492069132584,78.01601303490219
89,66.01020104340347,77.9557077914706
89,66.02415750076102,78.00207388728276
89,66.01990417112245,77.96663282386072
89,65.98319348801718,77.99902409697589
89,66.02625563751573,77.98714280768165
89,66.00753053765297,77.98159766437837
89,65.96409958640254,78.00410560258626
89,66.02482073799895,78.01954375205673
89,65.99296974598852,78.00210313393531
89,65.98497465760292,78.00089859136364
89,65.97012219812993,78.01626152483324
89,66.04227877002222,77.98652079104554
89,66.0133079576306,78.01746366933081
89,65.99889679049677,78.00665024846903
89,66.00795995878788,77.97670335011107
89,65.98712124279014,77.97822767213077
89,66.02238291629165,77.96335032452406
89,65.99108237392721,78.00934628294284
89,65.99587917071626,78.04732099183462
89,66.04946007570597,78.00013530790703
89,66.02737590393444,77.96522827557388
89,66.00272522725882,77.95468002047384
89,65.96739774723628,77.98942545418873
89,66.03941488119308,78.01090629278251
89,66.01068200903553,78.01759035237687
89,66.02589873981347,77.96494515663662
89,65.96846326084487,78.0105543835915
89,65.97473476952423,78.01695600827811
89,66.02608108466471,77.99793029165654
89,66.03574878937233,78.00822894884757
89,65.9859122140819,78.01148939265036
89,66.04942278855782,78.00402998374474
89,66.00904274732609,77.98825430153212
89,66.00828941018199,78.00097930647843
89,65.99787746954111,78.00942496909724
89,66.03369283184779,77.98630634487972
89,66.01483965370566,78.00708172823308
89,65.98559943586082,77.96629130394685
89,65.98572304007163,77.99165755977438
89,65.99124150216582,77.99196686192863
89,66.01454015792476,77.97746937279692
89,65.99713146466786,77.98316500976173
89,66.02114406449253,78.00260912973224
89,65.98075413416697,78.00546996697892
89,66.01831475703065,78.00660738948251
89,65.9912541109592,78.02349876818381
89,65.98912278390176,77.98769219398659
89,66.02647273218793,77.97044424991633
89,65.97872342004234,78.0160039676485
89,66.03820938769107,78.01545259398391
89,65.97441050214337,77.95777719216738
89,65.98287453383354,78.0411760024427
89,65.96032437544288,77.97125718841623
89,66.00247900816005,77.9794852645734
89,65.97568111933873,77.98521283468337
89,65.98280760356432,78.00058726358061
89,66.0031486435107,77.98860587155256
89,65.9874624039931,77.96938776458438
89,65.98708544470827,78.04233131305884
89,66.0277298134556,77.99049958854589
89,65.9710487546015,78.02323836647382
89,66.0092770330428,77.98365412895969
89,65.97868302709739,78.00073163256599
89,65.99492356746873,78.00889869110864
89,65.98745710167891,78.04194843937604
89,66.0032303347805,78.01251487702693
89,66.0337827487683,77.99865675465512
89,66.02648442039326,77.99757284039656
89,66.03116136929276,78.0052316690633
89,66.00312972295161,77.95889252057464
89,66.00051292111493,77.99165980729408
89,65.95198199604592,77.98912262229081
89,65.98638771828554,78.02964717722385
89,66.00605739828298,77.96872518940575
89,66.01895771144693,77.9971021325039
89,65.9752149676133,78.0030916891052
90,66.00705203690373,77.95125689344034
90,66.03907813377857,77.96888462823854
90,66.01944217061754,78.00417951287295
90,66.03325433776116,78.00983809002203
90,65.96401280829527,78.02462595465347
90,65.99685908930003,77.98887455218943
90,65.97619771199552,78.03942536712692
90,66.02117663682289,77.97934094543896
90,66.01133354075007,77.9972841012104
90,66.01499167743503,78.01302966241714
90,66.01181763047526,77.95782349352535
90,65.97285429945846,77.977433306757
90,65.97600624484147,77.98766382761873
90,65.9866896912409,77.99481651302936
90,65.96713132633305,77.964542531878
90,66.038136870764,78.01854192812814
90,65.98612199896253,78.02654260862292
90,66.01546808849218,77.96766179403481
90,65.99340707356983,77.97581616458656
90,65.99787637488406,78.0426201176369
90,66.0412801510201,78.01357211569962
90,65.99223389830335,77.97029272847597
90,66.00102536302715,77.95824307448203
90,66.0124282173413,78.02591144864029
90,66.0079343765779,78.03987435788531
90,66.00489485506039,78.01085962080921
90,65.97916316067008,77.98545256471922
90,65.98299561184781,78.02462835559768
90,66.01308042768133,77.9806278347956
90,65.98002996317324,77.9971060783943
90,65.9788188842917,77.95997006201803
90,66.01277183370983,78.00102215324941
90,66.03262901639815,77.99023633708525
90,65.97496777644723,78.00917433105133
90,66.01202551424522,77.95456658429498
90,66.04281378294685,78.02088969025459
90,65.96816922242213,77.97224147096546
90,65.96780704565627,78.01271409747807
90,65.98358573418447,77.97521474958717
90,66.04352992006432,77.97731754101193
90,66.01178982090079,78.00169484306316
90,66.00234925449233,77.99400290606617
90,65.97668176192282,77.99752664911037
90,65.97397946090777,78.0362680883769
90,66.03006714136,78.01614674248644
90,66.00832226284311,78.00338546246357
90,65.98343453666392,77.97222376784875
90,65.99126250001832,77.9876533993428
90,66.00545862683275,78.01321977484207
90,65.98900237257801,77.962354955071
90,66.01161619950523,77.98700112539261
90,66.01491634812203,77.9818084735524
90,66.00629263128909,77.98084516284912
90,65.96668915802995,77.99702759999141
90,66.00844290379054,78.00283765642338
90,65.99298473146283,77.991672961718
90,66.01757609964932,78.00993614262934
90,66.00348723298386,77.95620007051292
90,65.96826705476187,78.00017599020794
90,66.02497857677149,77.96862375996595
90,65.98486631469848,78.02337823679696
90,66.02419558085322,77.95977135678781
90,66.0034667220886,77.97569370458882
90,66.00750917759787,77.99789184785533
90,66.03945631895417,78.01208513629022
90,66.04234197076644,78.02166714205528
90,66.02703919331522,77.98764425873699
90,66.00162265682907,77.97031026735475
90,65.96363462431007,78.00776015837474
90,66.02717434994689,77.99225444638492
90,65.98297185693866,77.956327639292
90,65.98611496803443,77.98643930580575
90,66.0068056437191,77.9696981829908
90,65.99685515185752,77.99263098153287
90,66.01051671726691,78.02480378022575
90,65.9763852184363,78.03705690800177
90,66.03625862269591,78.03118010058259
90,65.99354729562138,78.00010464428044
90,65.97805975612977,77.98797660361559
90,65.98190267370478,77.99159860496448
90,65.98573446520393,78.04766902797462
90,65.98268149131012,78.00680260367798
90,66.01765493476896,77.96925494799703
90,65.98751149033606,78.01556506449343
90,65.98777243357155,77.96675988097437
90,66.03922974136987,77.99907877391175
90,66.00081530830688,77.95668950274518
90,66.00659844714694,77.99977925232946
90,65.98156361920523,77.96972949850117
90,66.02860457623618,78.01627964891298
90,65.99707721422162,77.97554173085904
90,65.95823449530683,77.99135961394445
90,66.03854349012298,77.97974558800993
91,65.96903859930661,77.992737611508
91,66.00425706439404,77.97965256250095
91,65.98499453661975,78.02666283853478
91,66.03804978957574,78.02630924146892
91,65.98919093985701,78.00051747950747
91,65.97994845361674,78.00415247298494
91,66.02005246674388,78.00739600100718
91,66.01537584636033,78.03685111367314
91,65.98670292872771,77.97931463526304
91,66.04828387200686,77.99517603959005
91,65.98695239280339,77.97623776168727
91,66.0051896760375,78.01209512836573
91,65.98181802703968,77.9994063343731
91,66.02667620856076,78.007720713484
91,66.02707527292652,77.96430665075046
91,65.97802734077187,77.99395006011501
91,66.0337827487683,77.99865675465512
91,66.00016093386968,77.98890974526398
91,66.01708494286186,77.9729394760251
91,65.9908921184022,78.01773757551548
91,65.9682855392994,78.02141266009113
91,66.03802799324147,77.98613500966768
91,66.01325142777576,77.99824049274075
91,65.99530612395098,77.99690264846247
91,65.9867929947188,77.98414093927953
91,66.00062693844731,78.01574237722605
91,66.00195667658134,78.02533471736149
91,66.02211764859898,78.02531593448461
91,65.9909203039,78.02078324536059
91,66.00347457634109,77.97788773634383
91,66.00237391803712,77.9776883110526
91,66.01954286007567,77.99414981854812
91,66.02698972312878,77.98263264110552
91,65.98307932673725,78.0263916241639
91,66.01229489408752,78.04276636007293
91,66.0221548969303,77.98021779139924
91,66.00690755340666,77.9992237977003
91,66.01653367795252,77.99262829714266
91,65.97685890171725,78.011452237625
91,65.9995028288287,77.99078316536114
91,65.98783482031551,77.99690085427719
91,66.02273103963243,78.03178047208038
91,65.98945181431709,78.01172847817935
91,66.02679004123038,77.98337929757238
91,65.98633036612082,78.00509053285835
91,66.02690084255364,77.96662261298404
91,66.03121085639093,77.98593421512332
91,65.97595313012553,78.03482057607938
91,66.00494029243369,77.98646516369946
91,65.98531867509965,78.00136610290622
91,65.98251135432737,78.01957381447747
91,65.99034524001043,78.02881978363982
91,66.01254728935156,78.01508805122033
91,66.01122908653846,77.98410705521509
91,65.98511750800748,77.99720391010878
91,66.00110189331899,78.01171166040102
91,65.98853748462818,78.03114596106047
91,65.99312448147691,78.02362731094978
91,65.9818687180594,77.99514997127085
91,66.0221724973601,78.02473275029418
91,66.01679015811584,77.97417411131057
91,66.01302982252254,77.97276756782782
91,66.00764796066804,78.0207432564571
91,66.01240637440135,78.0187486174714
91,65.95934748386436,77.98772826946708
91,66.01500545712754,77.97823726365259
91,65.98554158009689,78.03164484576722
91,66.01698508668284,77.99448167758197
91,65.97597079789789,77.98741931387534
91,65.97674362291694,77.9903793369203
91,65.97673069081928,78.03272356430924
91,65.97191915918424,77.9912672101133
91,66.00741260191214,78.01822170939556
91,65.97644343034045,78.00044827169823
91,66.00127916866367,78.0085679200254
91,65.98893864964859,78.0061393605138
91,65.99523480421377,77.97387310526014
91,65.98444751193121,78.02402484391011
91,66.03416493549919,77.9782992677792
91,65.98977687863209,77.97034662957826
91,66.00520527156378,78.00682571415558
91,65.99818865483404,78.0093215344607
91,65.97954049766288,78.02542782973556
91,65.99496628938911,78.01414890526479
91,66.04151961388602,77.98026470906447
91,66.01809056363855,77.99610809101026
91,65.96764712587184,77.99668846276099
91,65.98976442681378,77.97287018971278
91,66.01230457308435,77.96643719956964
91,66.04417501412152,77.97978639234394
91,65.99850132418435,77.96200694324463
91,66.00310574805339,77.98947150233212
91,65.97758261703113,77.9922271584114
91,65.99817626214539,78.02550375818801
91,66.03376142677693,78.00428369620046
91,66.0171336855429,78.01183877213509
91,66.02147794424371,77.96109824795464
91,65.95549874173824,77.98095289217913
91,65.98689110862836,77.97814386028378
91,65.9707403175869,77.99155550568285
91,66.01318715363034,78.00874765526711
91,66.00453885490519,77.95570016159317
91,66.03398808045439,77.96921129617827
91,66.00927027785454,77.98513862214921
91,66.01259709440318,78.0011707721791
91,65.99896867691443,78.00592172869294
91,65.99659094184031,77.99894043200618
92,66.03522876038126,78.03088501554437
92,66.04385383529387,77.9884440561574
92,65.99196118738364,78.0165161714204
92,65.95553066278265,78.01518400955118
92,66.01793053746852,78.04353617502362
92,66.00507985098899,77.99263372046147
92,65.99334000826765,78.03240538537216
92,66.01230739354207,78.02412351659189
92,66.00092588864057,77.9915552981241
92,66.0143436275869,78.01714001524671
92,66.00069416749426,78.04876360784422
92,66.00036981437933,77.99041645511433
92,65.98487645387182,78.01589167512599
92,65.97707979252492,77.95679649108149
92,65.97113846442015,77.96556539735758
92,66.04519969667821,78.01251222777645
92,66.03213054390328,78.03532675208552
92,66.04392964361045,78.01016249345086
92,65.98322817678101,78.03385982241637
92,66.03375679959399,78.03244736499649
92,66.03768018651178,78.02492711377133
92,65.99944280605453,78.03641426418626
92,65.98178677682678,77.97798385019784
92,66.0148630604222,77.97963944827544
92,66.02410186050064,77.97513001609117
92,65.96134290798342,77.99928376387248
92,66.0306654263876,78.01922108797224
92,66.00213258659035,77.95413954386345
92,65.98738586526602,77.95726323513674
92,66.03801609998597,77.99661506043293
92,65.9978769364158,78.0112697470418
92,65.9866583946163,77.95973644284935
92,66.01281287227256,77.98431653123468
92,66.02310488497666,77.97919382665535
92,66.02783875588624,78.03129199630511
92,65.98828733998306,78.00486886567965
92,65.98293612559091,77.95729161212408
92,66.0237238608655,77.99825096823051
92,65.98145377815182,77.97967020021765
92,65.96903894935527,78.01992896428371
92,65.99320415162519,78.00984189929784
92,66.00695871501576,77.99871111358044
92,65.96093862979527,77.97606178703782
92,65.9686734553565,78.02837940936598
92,66.0166380844574,77.98795208977819
92,66.01850616654085,78.03911571683247
92,66.01613850724308,77.95525256122696
92,66.03777862713542,78.01449485287519
92,65.9740763033135,77.98807279760227
92,65.96390137953445,78.02545062488025
92,65.96827408704749,78.012268687693
92,66.0138814271154,77.99376696057364
92,65.97949941685825,78.04449266374537
92,66.0079343765779,78.03987435788531
92,65.98319308054647,77.99108338490977
92,65.99853857918761,78.03003624396072
92,65.99614392292114,78.00413666398342
92,65.99654061999017,78.01221420778477
92,65.99080515976298,77.99760206537228
92,65.99691723786198,78.01299479635351
92,65.97619195882508,77.95821954405386
92,66.04332814909174,78.00374346143364
92,65.95485627276345,78.00195834185664
92,65.96925859317392,77.96152819026292
92,65.97922709385372,77.99590316331089
92,65.99342457824255,78.01823955998877
92,65.97351047605511,77.97382285620903
92,65.97512646600073,78.0156769800025
92,65.99116035014049,77.97918758741757
92,65.99092753545486,77.95610746302071
92,66.006841578918,77.98232204541034
92,65.96662859348561,77.9920723673635
92,66.00263484144018,78.0209851230465
92,66.02956886349831,77.98426192869312
92,66.00847211842465,77.9639781121156
92,65.9763492680026,78.03786870900566
92,65.96705265062438,77.96873372720624
92,66.00858125776396,77.9886987536127
92,65.98761673629089,78.00220053504592
92,65.95071686355452,77.99368514667624
93,66.0334950448445,77.97580022720982
93,66.03318405060534,77.99042925242394
93,66.02716507987657,77.99466638931283
93,66.00028834655217,77.95578583538105
93,65.99132349110337,78.01096148561865
93,66.02324809420689,78.02211041778453
93,65.99716450348579,78.02834917402451
93,66.01523584128,78.01675518689089
93,65.99749450631388,77.98941602001209
93,66.00932983941614,78.03221902098323
93,66.02390907242656,78.00358113035486
93,65.97290477812078,77.99688581032404
93,66.0408681632306,78.00954326188452
93,66.00489640874356,77.99348702298887
93,66.02420476001373,77.97782287841521
93,65.99378329206966,78.00332854589239
93,65.97504645408401,77.98624790437857
93,66.04473336218389,78.00070044122091
93,66.03283501004452,78.01434952169215
93,65.97980635861325,77.96499768789921
93,65.98129606394612,77.99038449447964
93,65.99188442056858,77.95285540066489
93,65.98307735440999,77.95485169218738
93,65.98829031257168,78.00747964130288
93,66.02906699042066,78.019254819676
93,66.00290788704355,77.99423574688358
93,66.00454283400276,77.97271426141192
93,66.01927243109267,78.0234327904736
93,65.99108054202208,77.96737071272668
93,65.98821130319162,78.03098193373464
93,65.98752732459971,78.0023138746403
93,66.0043251186528,78.04082858343337
93,66.01247642358544,78.00488441588905
93,65.96619927496653,78.02952212394146
93,66.03210108643873,78.02935301336798
93,65.99738754253957,78.01903556496629
93,65.96874856127637,77.96294644345227
93,65.97338774276055,77.96558865076292
93,66.03085372751843,77.9911217103462
93,66.00150912163382,78.03263002116238
93,65.98218689945953,78.03313779651866
93,66.0099686915196,78.04508862699345
93,66.03143374653081,78.01116953874704
93,65.98602144553037,78.02214441110569
93,65.99548951701041,78.01979764808893
93,65.98479672393577,78.00156145432221
93,66.02065356321117,78.04427365889867
93,65.9548415241519,77.98486582968474
93,66.03107695488295,78.03826737285678
94,66.03328023517355,77.98703941255452
94,65.9707922597139,77.95960432958083
94,65.9638893888763,78.02806301329404
94,65.99278318150935,78.04542034151103
94,65.98174311381817,78.02809033533568
94,66.03661568017694,77.9700486649664
94,66.03958102377261,77.99256751227202
94,65.96876015925731,77.98182369263394
94,66.04121402358922,77.97892502221598
94,65.9822798174146,77.98167616587666
94,65.9754086294097,77.97259454849123
94,66.03518554834031,77.9989277986266
94,66.01007266775272,78.01735703732159
94,65.98573960212399,78.01691876756331
94,66.01413809889809,77.97277075454838
94,65.95769401277816,78.0150797136141
94,65.96818406013739,78.00642770014717
94,66.00610153073889,77.97241068958462
94,66.00451676513212,78.00278140775767
94,66.00152573644388,78.01447994452049
94,66.02247248699572,77.98475719738626
94,65.98982969829551,78.02139820341009
94,66.01594834182784,77.9892058822321
94,66.00072115877025,77.97321371894638
94,65.97806786033057,78.04166217175762
94,66.0336343616508,77.9726648078846
94,66.01259757986378,78.02210450295817
94,65.99691065431983,77.97666453549624
94,65.99792738660364,77.95113701846928
94,66.03050948003363,78.02501702955088
94,65.98333952753345,77.95706274027795
94,66.01618455664598,78.01972266681524
94,65.99475377575877,78.03475924028875
94,65.98527917867779,78.00842956511579
94,65.97922126448519,78.00468434726335
94,65.96715591952817,77.96687385011977
94,65.98739110941108,77.98822479284455
94,66.0125255665751,78.02148418206887
94,66.03084836836099,78.00837454490777
94,66.03044028249764,77.98292698631987
94,65.99142756166235,78.02747866474743
94,66.04053314793357,77.98800387154546
94,65.98742684230538,77.96753974408476
94,66.01883805547368,78.01269550072271
94,65.97437150076789,78.01996339197575
94,66.0326202793372,77.98396333980371
94,66.04746583531666,78.00627716424073
94,66.0473199179033,77.99857327976423
94,65.95391871910128,77.9978513851503
94,66.01613850724308,77.95525256122696
94,65.97907620294208,77.98626948624675
94,65.96510704280377,77.98261896978262
94,65.98356194600055,77.95829411781405
94,66.02069052579107,78.0046020709704
94,66.01442693076777,77.97914434990554
94,66.02426634480578,77.99716446867062
94,66.00381766248628,77.98315189603348
94,65.99601836333035,78.02149867669674
94,65.98609910367767,78.0009146129502
94,66.02703919331522,77.98764425873699
94,65.99361446587645,78.02106712290274
94,65.98224292475987,77.9797061086663
94,65.9938747591263,77.9892815725533
94,66.02460413237752,77.99487850263253
94,65.97926301942523,78.0091269712491
94,65.9908223513919,77.99607627680577
94,66.0046920345621,78.00776125230782
94,65.99475304069274,78.00301937488172
94,65.97572420016648,78.02794244216918
94,65.96683439529455,77.9847149337235
94,66.0427249191639,77.99488440801355
94,65.99229532030148,78.0290746860591
94,65.96925197798122,77.98969805761347
94,65.96521102863028,77.98083922321004
94,66.0057931710826,77.97432019833005
94,66.00509834374894,78.00173854809705
94,65.98959137261927,77.98801129463796
94,66.04054063370137,77.97131456842177
94,65.9874386679983,78.00608180633073
94,66.01108344568163,77.99806279165747
94,66.00209830868778,77.99922530665997
94,65.9604098909075,77.97414562001718
94,65.9721073252482,78.01730160501675
94,65.98655368491393,78.0340971861979
94,66.03640730650527,77.97939839046126
94,65.98877994973785,78.04344902414681
94,65.97138706045666,77.9889129896834
94,66.04300709800802,78.02487440929262
94,65.95817580965088,77.97815325893974
94,65.98200745059046,77.96862078625757
94,66.00000421813935,77.9941603335708
94,65.98884175357638,78.0170229044357
94,65.97236977281148,78.00911622856366
94,66.02847203238338,78.03968724196142
94,66.02196130845428,78.01107690400508
94,65.98880516173732,77.9991493158184
94,65.9627334101062,77.99836630396314
94,65.98584466195831,78.03144421783261
94,66.02380721032738,77.98389406929132
94,66.01962655220015,77.95621078857273
94,66.00699407117473,78.01634904743148
94,66.02176246356986,77.99795008899024
94,65.98002996317324,77.9971060783943
94,65.96431467760765,77.9740938788181
95,66.00209333606274,77.96146655687409
95,66.02229588741449,78.00757120335062
95,66.04346511685512,77.9872317216913
95,66.02477440555397,77.97409359262456
95,65.99893014448298,78.01918411853136
95,65.9679233461562,77.99251715611096
95,66.04583433941467,77.99144666739502
95,65.99244912091497,78.0225167724731
95,66.00461663227195,78.01710922173007
95,66.01082804230242,78.03848119066002
95,65.95864902867233,77.98896130697958
95,65.95447076872775,78.00291280467431
95,65.98995056250293,77.95302899165023
95,65.98327437348453,77.9754623250073
95,66.00481934327725,77.98570640452493
95,65.98964334879571,77.99317818871549
95,66.00264211263011,78.00743137398254
95,65.99579966973032,77.98556308450492
95,65.96815839672229,77.98900586525423
95,66.03013730551945,78.01870521336383
95,65.96161208463174,77.96887087133919
95,66.00607313818404,77.96583917858469
95,66.01661648711482,78.02671682700277
95,65.9567118254248,77.99131999040969
95,65.98838304981608,77.9849022794323
95,65.99599765839982,78.0312493238728
95,66.01051447065109,78.00693728365971
95,66.01571948921969,78.00138271092469
95,65.9765034815317,78.03554035713921
95,66.02447519911138,78.00451686737952
95,65.99391955174403,78.02014825854758
95,65.99865001823603,78.0099547235811
95,66.01916347337894,78.01373057421965
95,66.0281013312215,77.9998398382061
95,65.99271423637767,77.98960150779055
95,66.0169316372184,78.00347753024353
95,65.9837130506741,77.96791096601243
95,66.00258554722555,78.03792843907729
95,65.96149284117148,78.00967232759471
95,65.99015484420057,77.98056025137588
95,66.00733426153252,77.99710069747594
95,65.99753185999467,77.99150241321688
95,66.00323767791566,77.98725481543372
95,65.99978299925624,78.02247447636925
95,66.0198275891002,77.97577630831798
95,65.99956106791265,78.04340556506519
95,66.01959304581425,78.0344152200242
95,66.01092748650198,78.0132285517902
95,66.00288971472901,78.00314566919656
95,65.99608170841846,77.95687586593118
95,66.0245723821543,77.98146519638958
95,65.98374358582294,78.01654418772722
95,66.0101774095857,77.95882068364266
95,65.9943763171661,77.98819599267492
95,65.95948936854253,78.01618251787204
95,66.00377174400155,78.0496737601809
95,65.99731862701516,78.03702222263955
95,65.99648889076593,78.04695717189695
95,65.96986532120638,77.98672602661657
95,66.02928468718393,78.01734533748947
95,66.03856347186482,77.97751198546166
95,66.02512644543052,78.03722226611112
95,66.03176252944147,78.02993430842737
95,65.99656756061168,78.01192936161226
95,66.02816134611282,78.00288558139702
95,66.03567807110379,78.02374005934475
95,65.96113242205942,77.96983175954914
95,66.01301207797297,77.98678330933863
95,65.96974746087494,77.99975080101292
95,66.00506395194253,78.00668982172014
95,65.99197829090193,77.95482229477376
95,66.01881087151912,77.99308566930408
96,65.981715248264,77.98774266901665
96,66.01140006947492,78.0049937197621
96,65.99243317837352,78.04206430543827
96,65.9636887443907,77.98125645572544
96,66.01496652522027,78.01626732389715
96,65.98674674821085,78.00427819911279
96,65.96494137928642,78.0355295484104
97,66.01783864688281,77.95609515999497
97,66.02507389169492,77.97937424232431
97,65.98413660255795,77.99312491957886
97,65.9972108817232,78.03353772346888
97,66.01694951718724,77.96113135435411
97,65.99900641402435,77.99627944148484
97,65.9820216678033,78.00330197500116
97,66.02025853763404,78.04369357931297
97,66.00857326225525,77.99574210905844
97,66.0125766216801,77.99832867459929
97,66.02078937773074,77.9988864921513
97,65.97319679190947,77.98877785960973
97,66.00147014488614,78.02276408744827
97,66.02582294866761,77.99164449152708
97,65.97891699162254,77.98535912826651
97,65.9694945737058,77.9832644372066
97,65.9924285017718,78.01780805947233
97,66.01152202181841,78.03681244881757
97,65.95936001341052,78.02372529413516
97,66.0258616862319,77.98424912028824
97,66.03058724096381,77.98072592954423
97,66.00662374520623,78.03804855124118
97,66.01666493161446,78.02191256865997
97,65.95931104859709,78.01091684499534
97,66.0049839428128,77.96358845828719
97,66.02558239008587,77.99867324871451
97,66.04073915229864,77.98297764800222
97,66.0141783133619,77.99296967853904
97,65.98249915882536,78.03922007251846
97,66.00243079253421,78.00786784389189
97,65.97173944215253,78.0198168742626
97,65.98726798131702,77.95168744662094
97,65.99869042113704,78.01260501795558
97,65.99732158299737,78.03166559795774
97,65.96333875195064,77.99640041552449
97,66.02933131215121,77.9964628614014
97,65.99259978751977,78.03745879717796
97,66.02212617751788,78.02777313415493
97,66.02185519942054,77.96563146481184
97,65.97986486540908,77.98693159922412
97,66.02824853170253,78.0303547480252
97,65.9751982432875,78.01269007915212
97,65.97377437891807,78.01380712231605
97,65.99603654903989,78.03873319069763
97,65.97514279318187,77.96160025256152
97,66.01540398350963,78.02804535582723
97,66.02655864613669,78.02578572519288
97,65.9984251584238,77.99083268807512
97,65.9978769364158,78.0112697470418
97,66.01738861483008,78.0208675189995
97,65.99914874406393,77.95252823741303
97,66.01055625654266,77.98036652772846
97,65.98019962268674,78.01231753609885
97,66.03615002118258,77.9978453961756
97,66.02321385362609,77.96803244339687
97,66.02408857602299,78.0080070518249
97,65.99287999771683,78.04861577526236
97,65.9855816154981,78.03554842722424
98,65.96135218980099,78.02690491388485
98,66.0147604041717,78.02016914149655
98,65.99883837696689,77.98863725950393
98,66.03290466212906,78.01450631418
98,66.01612070752488,77.99543428876936
98,66.03707637783235,78.00018088516566
98,65.95131730260756,78.01013976439137
98,66.03638937201694,78.02069301029901
98,66.03802331218141,78.02858666935248
98,65.97424288538342,78.02092876872958
98,66.04298453912561,77.97718638758819
98,66.03497624338631,77.98633719431146
98,66.00037163408243,78.01623090837316
98,65.99274960807097,77.96194079586655
98,66.01500377493832,78.04700102283967
98,66.01054270480154,77.9616630422279
98,66.02752809946699,78.03390669218399
98,65.99638141094053,77.96420115770641
98,66.02462097405825,77.99974296956775
98,66.02101578348953,77.96797000097628
98,65.99955356717466,78.02755520046864
98,66.00491914855603,77.982281426034
98,66.02169210417136,77.95979036536502
98,66.0344351560628,77.9934752519068
98,65.99176397924245,77.9592708120301
98,65.9983901597843,77.99450501873247
98,65.98688023462445,77.95398640821497
98,66.04014442379511,77.97887768559697
98,65.98992034093725,77.95131671300544
98,66.0187738426116,77.98987576251339
98,66.00883271265353,77.95656714813806
98,65.97323147628246,78.01568893107934
98,65.99259103236923,77.9774058898983
98,66.00726426818652,78.02067725840791
98,65.98742923550472,78.01557669852488
98,65.98756137962879,77.99634102205984
98,65.97732399814318,78.02191623884546
98,66.00209729530184,77.95116759873147
98,65.98951699473777,77.98320315841913
98,66.04361905688127,78.01288377891083
98,66.00240705804592,77.97842152229754
98,65.97191630091004,77.99229486931925
98,66.00676611288725,77.96816838280041
98,66.02340264552669,77.99489003849983
98,65.97348530176146,77.98133751573779
98,65.9784023048501,78.00197991433815
98,66.01691449808628,78.00041020705443
98,65.98836983569679,77.9703026285882
98,65.96534053498036,78.00731216244046
98,65.98943493588273,78.00996296238823
98,66.0106682761793,78.01062662570004
98,65.97907620294208,77.98626948624675
98,66.01318680943466,78.00489983930895
98,65.95911914126772,78.00613593829745
98,66.00288360165665,78.03585146934388
98,65.96281010185785,77.99151436722103
98,65.99399106364501,78.00934098858417
98,66.02906699042066,78.019254819676
98,66.01970595458471,78.0355499484788
98,66.02746565376162,77.99681733343093
98,65.99865539773097,77.97138796089276
98,65.99741666750053,77.96032013187096
98,65.98116055118908,77.96419848616291
98,66.01592818431925,77.98093922793278
98,65.98830218493394,78.04733460292908
98,66.01234449840105,78.02139438267197
98,65.97049666542725,77.99108709637088
98,66.0392638888988,78.00797120335162
98,66.04403178431227,78.00201512582302
98,66.02902105148081,77.9784590912174
98,65.968735346218,78.00520448787357
98,65.96589917435146,77.98312714452929
98,66.00576583805,78.01623683152464
98,65.97280063625888,77.99208215702377
98,66.02836677488396,77.97876100342941
98,66.00916120667101,78.00363967480494
98,65.96741267683116,78.01266927649793
98,65.98650072861992,78.01664668286094
98,66.03336363973958,78.02165526382402
98,66.01391693067322,77.98633901930347
98,65.9971330491648,78.02846849948219
98,66.03563097798177,77.99642263523175
98,65.99084176832375,77.96925476792151
98,65.99586363120373,78.01469928657133
98,65.98445218273271,77.99978429859854
98,65.98199902206909,78.03598144962126
98,66.02607919899943,77.95814230817763
98,65.97064595631916,77.97679495333351
98,65.98555845616855,77.9939080425669
98,65.99784364253618,78.01793571786301
98,66.0279313744348,77.97807830034695
98,66.01564772355322,78.01866259498561
98,66.0124819121455,77.9915529152522
98,66.0107425288156,78.04292995849659
98,66.00592084197967,77.98661324921936
98,65.9839433779569,78.00960927476974
98,65.9655926459078,78.01969300602646
98,65.97981741694393,77.971252716197
98,65.98747949699187,78.00030842262373
98,66.00481908523423,77.97899096647298
98,65.99486615021948,77.9917653540169
98,66.0245163482244,77.95681462319394
98,65.99597928346658,77.99991739243362
98,65.96257647508845,78.0126392536834
98,66.04292592121467,78.01205002695059
98,65.98791781531968,78.03625176975936
98,65.99763620004985,78.03421338849654
99,66.02127455156447,78.03660545270003
99,66.01587203464649,78.01021219068782
99,66.02268048254827,77.9988558759549
99,65.99100724002541,78.00849172888364
99,66.00360710552981,78.01172818863945
99,65.97206578385943,78.00411104148061
99,66.04791226528947,77.98838707611408
99,65.97707844323715,77.9712029864946
99,65.9652356063577,77.98324625571112
99,66.00682835186885,77.98117136949847
99,66.03830835236856,78.01812596361935
99,65.96574572977644,77.97934041263414
99,65.95733556613807,77.99652761506135
99,66.02147794424371,77.96109824795464
99,65.97454620088789,78.0231688519365
99,65.99762909291036,78.02463941888975
99,65.96888093591988,77.96810795642962
99,65.97049598357417,78.03338490595597
99,66.00176970148782,77.98483665664575
99,66.01365529238531,78.03137793967113
99,65.9828243629816,77.98517733922368
99,66.02407959078685,77.988064469177
99,66.03511641031814,77.97080451669355
99,66.01186706030218,77.97447169334791
99,65.99640512133418,77.98779407261691
99,66.02979540311519,78.01331722596865
99,65.9784140854318,77.96810214943869
99,66.00358802269922,77.99007577633715
99,66.02511720066703,78.03761895469431
99,65.98816025435957,77.97820396431808
99,65.96682350508405,77.99642143801408
99,65.96046309010303,77.982357798304
99,66.0405639288141,77.97094013776258
99,66.01947982300572,77.99539293052095
99,65.9803285324428,77.9974226080203
99,66.00879333902635,77.97897461585954
99,65.9947452454689,78.03382991199491
99,65.97272226949678,77.99339307226991
99,65.99655820248731,77.97650876450118
99,66.02902105148081,77.9784590912174
99,66.01278886409959,78.00278966161503
99,65.98179273382239,78.0452437468677
99,65.96140434314525,77.99397472548885
99,66.02665747455255,77.9637660641228
99,65.99523805156842,78.0014393172934
99,66.02027237064642,78.00675121888011
99,66.00158780887512,78.02604315887736
99,66.01474706250015,77.96343848569818
99,66.00443327188768,78.00563220684136
99,65.99225773852646,77.98675338991042
99,66.04212822916728,77.99157544355404
99,66.02804390552778,78.02169616263923
99,66.01458681832825,78.01347508859668
99,65.96352162393677,78.00468356769042
99,66.00896670869868,78.03740909114812
99,65.99651581377246,78.03610395666855
99,66.0139773462251,78.04493189346992
99,65.96483915770386,78.00130517733842
99,66.00896072966339,78.04610848212054
99,65.98054060225466,77.9777660178811
99,66.01662832496787,77.96601506294947
99,65.96457087197497,77.99805285459254
100,65.99501852218143,78.04309286573016
100,65.99489784211472,78.00741818996596
100,65.99034524001043,78.02881978363982
100,65.9891414241985,77.99642382614071
100,65.9855072193716,77.96210320678917
100,65.9929069860119,77.96059038796776
100,65.99323810329962,77.9599510221413
100,65.98356460105217,78.00306067392532
100,65.99203889117773,77.99711967957575
100,65.99150426154638,77.96960192910852
100,65.96586528877785,78.02623026182161
100,65.98000137262359,77.99527701113978
100,65.95250375283518,78.00909994989517
100,65.9940510707151,78.03244759971147
100,65.96681036122402,77.99162603775137
100,66.00168801828151,78.04584056710787
100,66.01562959591006,77.9662269621989
100,66.00184441184345,77.98293423857149
100,66.02066811032991,77.9607336409276
100,66.02996203421426,78.03757467162237
100,66.00427872591648,77.95799282005699
100,66.00250788004642,77.98472458847782
100,66.00548309605679,77.97650677549218
100,65.95281326126005,78.01096465805145
100,66.0015435622979,77.95176740653588
100,66.02848159798818,77.99565598190583
100,65.99578790961735,77.99902101165044
100,65.98757834711347,78.03606200202549
100,66.01571002115186,78.0363641956198
100,66.03856347186482,77.97751198546166
100,66.00982006423123,77.99566929679965
100,65.95148450895499,77.99414313284365
100,65.97430610776199,78.00218458301306
100,66.00040859596535,78.0344791970489
100,65.98531517757316,78.02184952053447
100,65.97759647517549,77.95532064171182
100,65.99462365620474,77.95175127145832
100,66.02119686370061,78.00423285104422
100,66.01450475588595,78.0140104666034
100,65.96746486989306,78.03634545169028
100,66.00485360830872,77.99359428110154
100,66.03951157990515,78.01276769747398
100,66.02611971636178,78.0093073253935
100,65.98036139690453,77.99700605072037
100,66.00319501885252,78.00562132520349
100,66.03966254426517,77.9828519975922
100,65.97407260082133,78.03198951525344
100,66.00516417180295,78.00630690176557
100,66.01596996575118,77.95607404548063
100,66.03031359879529,78.00392337269992
100,65.96414572980443,77.99135895146003
100,65.9986984836513,78.00930332528279
100,65.96670612843445,77.98200834937796
100,65.99374436599767,78.00722878474076
100,66.01473868423675,78.04242740709779
100,65.97868975220103,77.98702105060799
100,65.99196049549663,78.02462934100535
100,65.98732920191853,78.04695167522456
100,65.97527825809941,78.02401977859212
100,66.04241104393193,78.01005007430021
100,66.01307071306422,78.00904201533154
100,66.01485102125213,78.02629580853169
100,66.03397668910597,77.97360345571516
100,65.98431382780969,77.99929075625293
100,66.013010740049,78.037996723179
100,66.03325720814534,78.02895512000246
100,65.98510770044219,77.99820559247622
100,66.01043475483391,77.98625189557681
100,66.01712024232778,78.04626365107576
100,65.99789832624322,78.03033785115015
100,66.01962225574376,78.00879160806367
100,66.00454621631957,78.04719346283093
100,66.03855021555474,77.9977080568705
100,66.004381270401,78.04716927033856
100,65.96531145057014,78.03454260037807
100,65.99665148420493,78.0068773388341
100,66.0155737454588,77.99406571101756
100,66.04362780953484,78.00254429936157
100,66.03934714381494,77.98037567678855
100,66.01223168024133,78.01952086496318
100,66.00323177950601,77.96387516127561
100,65.99923481909259,78.04249027897367
100,66.01588622163355,78.01894802239681
100,65.98919067828547,78.04524618042241
100,66.01702225553227,78.00030305711932
100,65.98961958759607,78.02152463008639
100,66.0037169376121,78.00513532452601
100,66.03566483503172,78.00968743623666
100,66.0095797163742,77.98762969961079
100,66.01819927506635,77.97261397415099
100,66.03160307539294,77.96693638581367
100,66.04104521864218,78.0230732252459
100,66.01429157485262,77.99778455523463
100,65.98260830373893,78.04402077024831
100,65.97565654302302,78.01616221350335
100,65.9880850351578,77.96260790276064
101,66.03449223815558,78.01244582898661
101,65.99768208851523,77.9555368687117
101,65.98945165615804,78.02467305536103
101,65.98403088855672,78.00126507584484
101,66.00081098396284,77.96727192831426
101,65.98463794520012,78.02491353577376
101,66.0118716608479,77.98355386384337
101,66.00776892869008,77.97137412191422
101,65.97877153452677,77.99682169603183
101,66.04651646069492,78.00801292997578
101,66.00598099313669,77.95371284905859
101,65.96887471742849,77.98155769028104
101,66.00951069354055,77.9983873602965
101,66.03514879060666,78.00339616120351
101,65.98972983775003,78.03882362657951
101,66.00236575676118,78.01985137979513
101,65.96697532534486,77.96929068578235
101,66.04494208191707,77.98502374778234
101,66.02732745807448,78.03967387856443
101,66.01462677432686,77.98687171769515
101,65.97552954379354,77.98944686061786
101,65.95713273725052,78.0016207084643
101,66.00752983161944,78.04635942310603
101,66.00760267447234,77.96506787507107
101,66.00514383375878,77.992428324687
101,66.00314721472292,78.02917284513057
101,65.97737627027313,77.97936014628542
101,65.99310290987712,78.015883298834
101,66.00390448107018,77.98592710636416
101,66.016464606071,78.00280267641212
101,65.97556725872658,77.98636568495746
101,66.01329532683047,77.97518429878086
101,66.01270483338155,78.00512090227528
101,65.98962496970208,78.00663110999231
101,65.99600702105613,77.98668486778239
101,66.00667578344557,77.99114264605637
101,65.98492819424852,77.95322707417914
101,65.95818691180305,78.01606660151879
101,66.03917290381663,78.01237308574233
101,65.97907476153772,77.95797759680832
101,65.95882394566918,77.99701203947565
101,65.96487974855015,78.02116011142192
101,65.96015083541832,77.98097633371239
101,65.99738562933803,77.97199196187131
101,66.02102692303235,77.99842465475078
101,66.03693183640193,78.01571207839845
101,65.97671109082422,77.96177803018158
101,65.98199902206909,78.03598144962126
101,66.00416313323603,78.03916985897877
101,66.00834309771624,77.96524751830394
101,65.99070104384737,77.98502535755763
101,66.01225366505577,77.99163828238713
101,65.98636629670783,77.98950368823485
101,65.99115099844468,77.9836160755155
101,65.99569375795478,77.98891495762817
101,66.01740444019153,78.04509847757791
101,65.96380118683362,78.00953604505345
101,66.02186483736092,78.0345212438861
101,66.01137061143564,77.97801542310008
101,66.00882992434663,78.02734471248571
101,66.01455516281962,78.01515007854968
101,65.9588104316869,78.0237278091744
101,65.98863179204483,77.96418334582829
101,65.97502701096452,77.98731674246984
101,66.00540570587701,78.04437522561344
101,65.9697568945082,78.02223856205019
101,65.99230874111763,78.01630532795144
101,65.96954487171452,78.0186225776709
101,66.02495768484758,78.03707514694801
101,66.01478278533651,77.98314658542995
101,66.03726002486123,78.0300659158071
101,65.96615443370828,77.97932266430692
101,66.00916110275,77.95618064243519
101,65.95298386234204,78.00115945389805
101,65.99765504758368,77.99265852208693
101,65.98322224548828,78.04644413044922
101,66.00468695720387,78.02109858922611
101,66.01324432089936,78.00699697233804
101,66.00323177950601,77.96387516127561
101,66.02162712603449,77.9704335415143
102,66.01142106635398,77.97981681593632
102,66.00824828691017,78.00007291859562
102,65.95717230613207,77.98077535003986
102,65.99447797157838,77.98816964483439
102,66.01810528333915,78.01228193055283
102,65.98831571734173,78.03026862644553
102,65.9727110923045,77.99584440036956
102,65.95736917689958,78.00093728659508
102,65.99543391631585,77.98174468224114
102,65.96678447822696,77.99491070189609
102,66.01954286007567,77.99414981854812
102,65.97016254950587,77.99684531736916
102,65.97328691497454,77.95867914741414
102,66.03868416807022,78.00737548066935
102,65.96560310327975,78.0086395581533
102,66.02335130921055,78.02980880605719
102,65.98309999052312,78.01334622924462
102,66.02691664724105,77.98434193852276
102,65.97760474567653,78.02404279410936
102,65.992473236888,78.03550603627167
102,65.99708422518566,77.98217695533049
102,65.98768328297089,77.97708922699279
102,65.9899197785753,77.96874019186667
102,66.00132237798648,78.01672197343443
102,66.01487279279019,78.03083543636697
102,65.97838238707153,78.00669725561735
102,66.04960160625164,78.0002892673438
102,66.00392795477612,77.97003950587171
102,66.00675293331109,78.00937451453048
102,65.97375824040074,77.97169327138853
102,66.01172181015504,77.98957832858062
102,66.01768032979226,78.04154997897427
102,65.97723894949586,77.97353287123207
102,66.00516280720659,78.00330095344846
102,66.00800890002726,77.99568464214785
102,66.02520680888003,77.96639964514037
102,65.99741923012941,78.03154209317682
102,66.0285160475795,77.98704919284913
102,65.98563709707848,78.0377563371564
102,65.97992837678788,77.97831432058734
102,65.96713132633305,77.964542531878
102,66.01006202367897,78.04567949278372
102,66.02610451958613,78.00145298893183
102,65.99301812658136,77.9879953553086
102,65.99770589653917,77.99307721643234
102,65.99562037027529,77.95446150293448
102,65.95579384318147,77.97993260645687
102,66.01291210454406,78.0037382320507
102,65.9964321036708,78.01939694486721
102,66.02256872300688,77.98520530450952
102,65.97549521628537,77.99957235597414
102,65.97079953086778,78.02751889494182
102,65.9952008762561,77.95651049055503
102,66.0358538141234,78.0212757945235
102,66.03822398125995,78.02801086395766
102,65.95732826260901,78.0037922068279
102,66.03545304299438,78.01706673582699
102,65.95759127598569,78.01805683673807
102,66.0098470720785,78.02640229603048
103,66.00057224274528,77.98978967445541
103,66.02056668564752,78.01063803093986
103,66.01306934486348,78.01050737814958
103,65.97931102129937,77.96178834498215
103,65.97555898950776,77.99493609625748
103,65.96810879306308,77.98145419555524
103,65.97501353022648,77.98415695071657
103,65.99083243486642,78.00471965335728
103,66.03439114878839,78.01249770158563
103,65.99927445896598,78.00682408645105
103,66.02239794325153,78.0238741823431
103,66.00671785985958,77.98217604453235
103,66.00917264950333,77.97912625519393
103,65.96441237188667,77.99343399662023
103,65.99562037027529,77.95446150293448
103,65.99638624603176,77.98099382830617
103,65.96442927037525,77.965590837668
103,66.03594739786195,78.00074473146258
103,65.99917574432303,77.99838557799136
103,65.97660908706231,77.9834636500484
103,65.9966224252487,77.98288193643924
103,66.00670082708045,77.95836814705609
103,66.02672210250782,78.02532128036697
103,65.97790208488526,77.99246513062776
103,66.04250106225183,78.01549564987309
103,66.03991691761777,78.00390657042496
103,66.01285352931859,78.02094972416735
103,66.0090307105434,78.03874971156125
103,65.95553065056626,77.97937645995052
103,66.02136471025504,77.99565014264559
103,65.96772597155406,78.02350932051827
103,65.97719334793935,77.98345993242192
103,65.99893891589325,78.02593140639192
103,65.97002120386087,77.98354748390537
103,65.96431467760765,77.9740938788181
103,66.02069913580728,78.03333861855002
103,66.02605471482022,78.00367526059544
103,66.04322578246375,77.97728442110531
103,65.99035042307479,78.01363012301557
103,66.04127669672796,77.99258970914644
103,66.01640291499845,77.95982345348723
103,65.9796348418564,78.03357054727057
103,66.00809967755623,78.04803653001511
103,65.9785852292242,77.99857712531282
103,66.00551658659572,78.0144014146764
103,66.02141021900374,78.00948181683725
103,65.99253037398175,77.95989620846095
103,65.97782584468295,78.02914824737235
103,66.00019829506537,77.96771792150811
103,65.9637437706864,78.00106947341503
103,65.98751354118177,78.04300512535164
103,65.98480222402152,77.95616993551191
103,65.99845237425838,78.01159800050684
103,65.9917636061716,78.01621173455366
103,65.97006264581259,78.02012044135186
103,66.02583350968023,78.01126017103323
103,66.0196534446293,77.9924525277076
103,65.9760063600021,77.99813839548561
103,65.97057713824444,77.9902564912772
103,65.9794203553419,78.00881496438312
103,66.00379366354734,77.95172259032076
103,65.9734056156498,78.02947068677007
103,65.98581406952317,77.98696611140505
103,65.97400535599733,78.00808825583199
103,65.98297825537576,78.04594144609572
103,65.9987878994944,77.99418253597874
104,66.0238951785538,77.97519202098715
104,65.99568894517414,78.02231699803336
104,65.96067695113558,77.97421331206684
104,65.99398721464554,78.00074343714977
104,65.98487739159776,77.95536971484232
104,65.98274222782639,77.9985883347917
104,65.9736609288085,77.9935928527995
104,65.98097554620001,77.97094451027142
104,66.02879210859992,78.0120490042336
104,66.00012871378561,77.96131499433535
104,66.00453710037705,78.01343031138765
104,65.96685203955437,77.98530887267854
104,65.9528642090134,78.00886315518629
104,65.98155256353368,77.98486079381385
104,66.00581508652809,78.0065524424866
104,66.03081959081494,78.03150016322283
104,65.9616040609023,78.01444127241612
104,66.01838557662735,78.0339523826736
104,66.04397110923833,78.02137974148492
104,66.00762936884557,78.03588872919354
104,65.95478858920994,77.97880148836269
104,65.9551386295045,77.99377581321568
104,66.03315146414151,77.99568671136514
104,66.045601792811,78.01779742474717
104,66.02335340576656,78.00721237849739
104,65.9715806810244,77.994691471129
104,65.97688805649308,78.02827796315421
104,66.01416271753256,77.95900323100334
104,66.02714016258398,78.02234666582164
104,66.00583350555264,77.9572673439056
104,65.97512866584947,77.99596860886
104,66.00224174598188,78.03237252311045
104,65.98912557414697,78.02086370693941
104,66.00129157906497,78.0194210745104
104,66.01637224693289,78.01008300410264
104,65.97888993926132,78.03571501380566
104,65.96335434972504,78.02745697068129
104,65.9736811953786,78.0103800711828
104,65.97876155777152,77.95912721223053
104,66.04222882557134,77.99172484866284
104,66.00642845570232,77.9559168205684
104,66.0034663781861,78.0287958318726
104,65.98734926820008,77.97713946852993
104,65.96027355050117,77.9908266127429
104,66.0051894244986,78.03921666341776
104,65.99507913853492,78.04092042020326
104,65.99032152402587,78.03092989348539
104,65.9836914202727,78.0132048840955
104,66.00966094774905,78.02367239376957
104,65.98511664337029,77.97133698616925
104,66.02117663682289,77.97934094543896
104,65.98268881598842,78.02635227048927
104,66.01590508817638,78.04143795079008
104,66.03665305316751,77.96807981975884
104,65.98254258830461,77.97211206350227
104,65.98359423985151,78.00788453852952
104,65.95295000357876,77.9899408986126
104,66.03519389409712,77.96837022738238
104,66.00207306212047,77.96781114361346
104,65.99132349110337,78.01096148561865
104,66.02419558085322,77.95977135678781
105,65.96801382304928,77.96234458219223
105,66.01588824001765,78.01108249875628
105,65.96780704565627,78.01271409747807
105,65.98686091167313,78.04166029042922
105,66.01485261142223,77.95873503876003
105,66.00594428848702,77.9956819997491
105,65.95651943396335,77.97686311058249
105,65.98094451454807,77.96444439051665
105,65.988532699676,77.99227107161371
105,66.00896266072856,78.04031444846889
105,65.99107138585349,78.0422872598973
105,66.00028383062265,77.97448032380399
105,65.99792738660364,77.95113701846928
105,65.98962901428744,77.98343231066191
105,66.00161607009477,78.03142759381885
105,65.98241935745547,77.98899072250735
105,66.00624604488843,78.0212188247259
105,66.00187375068863,78.04354403311831
105,66.0259663684046,77.99114963031874
105,65.98783820187676,77.99968049396514
105,65.96055535315259,78.00339841240861
105,66.03761714604401,78.01614014434847
105,65.99676815016997,77.95233444814676
105,66.01348866635941,77.96956251879348
105,66.01163309339381,78.00082283914621
105,66.00805583972672,77.97382561675721
105,66.04365887515705,78.0032135384171
105,65.96562722326465,78.0180487730331
105,65.96796882967485,78.0148101213651
105,66.01237459704646,77.98697420915076
105,65.96834826119489,77.98275367967528
105,65.9863238935372,78.0251591469183
105,65.97302734407013,77.990611024642
105,66.02776744099847,77.99260439230713
105,65.98297955333557,78.00728398643318
105,65.96059614295766,78.01785195875577
105,65.96475142875595,77.98719943843345
105,66.01451258654632,78.02266081005352
105,65.95522473317745,78.01740461450684
105,65.9917799594987,78.00558753387337
105,66.01910103706828,78.01461646738133
105,65.98382566093055,77.9796085356878
105,66.00670256624788,78.0116089369498
105,65.98027490192561,77.97829804834953
105,65.96876015925731,77.98182369263394
105,66.00996617231935,77.99538359085761
105,65.96967688836553,77.98403504079985
105,66.02732121722828,77.97438627188667
105,66.00574238287076,77.98471268082316
106,66.01973749164186,77.99407449462986
106,65.97614010146295,77.99559366117506
106,66.04656951342172,77.9988067361459
106,65.99937423550014,77.99430147164523
106,65.9805934206331,77.95806944696895
106,65.96783279553063,78.02547682687567
106,66.00810684184007,77.96480561667912
106,65.97172719091365,77.97884712439254
106,66.00615115378002,77.9876655684958
106,65.9878986990226,78.00479133388824
106,66.03415528646055,77.98561401624205
106,66.00892582299818,77.99278189981234
106,65.9631166774413,77.9933684157142
106,65.99484252269359,78.00181179762468
106,66.00490324788406,78.01149336658
106,65.9920240030062,78.01480035021156
106,65.95437652231547,78.0181898453444
106,65.99607294254685,78.03104183242718
106,65.98663037484114,77.98330562835251
106,65.95772743961551,78.02569857439653
106,65.99529034309238,77.98221308152011
106,66.02010585969357,77.982083039836
106,66.0147474216185,77.9899648560535
106,65.9683720921517,77.9757006070684
106,66.02227395766347,78.00304414302303
106,66.00589728782293,78.02577415620192
106,66.02928273718656,77.99844977568777
106,65.98126981798444,78.04350274879157
106,66.02849194261883,78.01126128224656
106,66.01909621101048,78.03916111042223
106,66.01044337923187,78.00535588532442
106,65.98975851679931,77.97292438762047
106,66.0358538141234,78.0212757945235
106,66.00089071619863,77.99877891202715
106,65.96834819796251,78.0115183679131
106,66.00033221028724,77.9662952717061
106,66.01148516659777,78.0159427531712
106,66.00284231441341,77.98713179309368
106,66.01326424814086,77.99708183206384
106,65.97264084381872,78.00608178588173
106,66.00369685071641,77.9936921279952
106,65.98439873820999,78.04127345736707
106,65.96148787390189,77.97159783166173
106,66.00036199814492,77.97422438705573
106,66.00965431705298,77.98404437842915
106,65.97424506880401,77.98599994352014
106,65.9802297193812,77.98419264115265
106,65.97530059679517,78.03493575281514
106,65.96898263260275,78.0179749965715
106,65.98961083624405,77.9990596157445
106,65.9654433905988,77.96928639712134
106,66.01608926837416,78.00465742340653
106,66.02894281507686,78.0180886185982
106,66.03532647818042,77.9971057530528
106,65.97156989436388,77.97000718128906
106,65.99804083279011,77.97869813642089
106,66.01685838112812,77.99240505812753
106,65.98003901797111,77.95672989810414
106,65.9548701872185,78.02118012361048
106,65.98560838892979,78.00559911251477
106,65.97265881954729,77.9855981327283
106,66.01729204256844,78.03175491301239
106,65.97724594675218,78.00399418282697
106,65.95770102087552,77.97685312539596
106,66.03126487276725,77.99028805124529
106,66.02338940456455,77.9793619934869
106,65.994042828992,77.99209009668581
106,66.02803832588413,78.01081621230865
106,66.0117908406975,77.9878721187231
106,65.97992837678788,77.97831432058734
106,66.03625862269591,78.03118010058259
106,65.96497769660445,78.00954336020608
106,65.97229470075811,78.01539647806037
106,65.99929208951927,78.00702572657966
106,65.99265523435155,78.01134780127605
106,66.03694345412362,77.97269146273301
106,65.98933336902837,78.02976059066711
106,65.96453697738964,78.02779326720749
106,66.03961553176616,77.97349667097572
106,65.97635624996617,78.00913644204769
106,65.9529768552043,78.00365992619376
106,66.0118716608479,77.98355386384337
106,66.04801087271348,77.99482251951812
106,66.03015858051718,78.03872521543548
106,65.99865025828828,78.02074168445472
106,65.98196081354777,78.01683547919221
106,65.97447193449472,77.99501200316065
106,66.01252804754161,77.99804910661052
106,66.0407372115732,77.97988995144703
106,66.02238019438911,78.00304632735042
106,66.0087905934868,78.01547677490238
107,65.97310685545757,77.98673907858722
107,65.98908649974427,77.9572746867111
107,66.00875321803177,78.00188119768936
107,66.01541890191862,77.99585745038192
107,66.03247904493956,78.01838905571853
107,66.00649649973258,77.99430626661176
107,65.97934340382918,77.97053626725602
107,66.00445385519328,78.0117185949519
107,65.9773828579642,78.00682290342287
107,65.98973562777378,78.01263679935296
107,66.02315323795656,78.02987522708558
107,65.97524229987356,77.99198424679432
107,65.96677566241955,78.03602539736609
107,65.98644718099838,77.98292514228325
107,65.97062606645216,77.97325719183965
107,66.01493759985236,78.00890520398244
107,66.03848072481073,78.00977794245735
107,66.00714573396445,78.03480550015192
107,66.00041555277619,78.00552861970607
107,65.98167726992592,77.97018720615739
107,65.99301335147364,78.01239251787413
107,66.02622643265639,77.98485629266146
107,65.9935516272475,78.01078908667985
107,65.99949921211899,78.04335528736394
107,65.96342625231769,78.03257843057557
107,65.98756137962879,77.99634102205984
108,65.97586092500069,78.01639043908871
108,65.96978177796387,77.98328891306406
108,66.01436183023624,77.96634343331492
108,65.99055570167117,77.97803748799933
108,66.01242066967203,78.02563432496595
108,66.01250282709756,77.98183094778442
108,65.99070699234657,78.00946841681909
108,65.96257647508845,78.0126392536834
108,65.98617476778657,78.0381227784137
108,65.96346700427704,77.9824503685401
108,66.02806673206182,78.00466431713166
108,66.01872599476937,77.9673670871231
108,66.01802640096096,78.02918718438677
108,66.03225415997335,78.0335395490956
108,66.0172501198187,77.98605628242967
108,65.98374581125904,78.02547616271633
108,66.00424158537194,78.03956421133687
108,66.0232266403576,77.99871039686043
108,65.96200686903164,77.989516989636
108,65.98070417654239,77.97848076049368
108,65.98197390699073,78.02600165205196
108,66.02805653292738,78.00347838019773
108,66.00236989020402,78.03732127536028
108,66.03563097798177,77.99642263523175
108,66.01724735132541,77.99080309647563
108,65.97297542438066,77.96411712654209
108,65.98122522647567,78.02896442838913
108,65.96539327631324,77.98237597913885
108,66.03824974124015,78.00108270048919
108,66.0248551575133,78.0120488693392
108,65.98311261528025,78.02859443388056
108,65.96347081771445,77.9688272482448
108,65.96305772451755,77.96865552285905
108,65.97483125859216,77.9576980075808
108,65.99063042821356,77.96980829098752
108,65.97125674941128,77.987193524228
108,66.02179277907392,77.98886542293572
108,65.99873364439132,77.98505474569335
108,66.0035265677487,77.9821471912412
108,66.04059226907052,77.97646161916238
108,65.99571810882529,77.9646342394239
108,66.02453753312265,77.99657319244676
108,65.99469271837503,77.98134644194344
108,65.9956125691818,78.00468084350523
108,66.04244480195315,77.97494671608283
108,65.98936149855506,78.02381117815287
108,65.98184031037418,78.02059649606858
108,66.00564346435088,77.98696831028683
108,66.01259993985076,78.02469526445005
108,66.02302374362446,77.98178006394116
108,65.95437656852513,78.01046128796696
108,66.03995023540124,77.97046472346074
108,65.9574672316004,77.98173431831432
108,65.99388593040464,78.03629227906298
108,66.03184893079737,77.99237357385164
108,66.03975778311252,77.97051831696137
108,65.99950720026555,77.98245003459408
108,66.0355203945053,77.96524959999306
108,65.9966224252487,77.98288193643924
108,65.97876625894112,77.99131869844567
108,65.99513156887521,77.97673668885542
108,66.0164357325991,77.95642919634506
108,65.96978895911563,77.97630183653536
108,66.01338639971893,77.95462918913815
109,65.98320306535611,77.99743937086384
109,66.03818590070607,78.01823476257552
109,65.98800690562665,77.99336753714245
109,66.01157607638038,77.9859561763955
109,66.01773549112265,78.01266734672019
109,66.02463794453732,77.9973863703484
109,66.03119837291798,77.99059417332158
109,65.9836730881815,78.0285305817193
109,66.01795343934539,77.96201490293839
109,66.03742832915904,77.99495607464111
109,65.99486615021948,77.9917653540169
109,66.02023244792045,77.96988959879768
109,66.04476183112604,77.9810294716788
109,65.97659248789336,78.027287720201
109,65.9928073508082,77.97642657204759
109,66.01561068765713,77.97429448285911
109,65.98060905308905,77.96241795498601
109,65.97802734077187,77.99395006011501
109,65.99275714373637,78.01758633419405
109,65.99513915856848,78.04831665841184
109,66.02351019417927,78.04040359224192
109,66.00496332572466,77.98065262204288
109,66.02362973759693,77.96049353830101
109,66.04054632914287,77.99282816206049
109,65.98909681288946,77.97935512875641
109,65.99416911927109,77.97585095030291
109,65.965751008494,77.99780092850256
109,66.0100922476056,77.959617395488
109,66.01757037595911,78.04242516567118
109,66.00550254533958,78.04581486827989
109,65.99738186844792,77.99002743035517
109,66.03347501883047,77.96768884070204
109,66.00579175044273,77.99877504943429
109,65.97512473291032,77.9973311571683
109,66.00343605488172,77.99045053919758
109,66.02392000825401,77.99988344872001
109,65.97463909882953,78.00742177723292
109,65.99882935326433,78.00572199556507
109,66.01817009412709,77.97681814754452
109,65.95321446755507,77.9914249398133
109,65.97763639615916,77.99469890119836
109,66.00342407870112,78.04348217253944
109,65.98570955388553,77.9567233718501
109,65.96788017474441,78.0301477027189
110,65.96008241513155,77.9915261216045
110,65.98850239285741,78.01536369208107
110,65.99807679968114,77.98857372663971
110,65.97715719978343,78.00785536306284
110,66.00892582299818,77.99278189981234
110,66.00649600189715,78.02580956564944
110,66.02496395461495,77.96374204450218
110,66.03457272547804,77.97142873916094
110,65.95589396627838,77.98365971429284
110,66.0111212355084,77.96743603897662
110,65.96560734674506,78.0080532720047
110,65.99609206334286,78.01321885184831
110,66.0054540644034,77.96294979258064
110,65.95271510992153,78.0146697492614
110,66.01810168648765,77.98181742959194
110,66.03844688499687,77.99887280212786
110,65.98110077612172,77.99746147855788
110,65.98104675742951,78.01556012692285
110,65.99196438405163,78.0451685490523
110,65.96783427776653,77.98062697078997
110,65.99066272219792,78.04758995298532
110,66.03455519294616,77.998744682251
110,66.00470921820074,78.04314443753125
110,65.9791677082179,78.00300662263567
110,65.99592214590663,78.03639844622079
110,65.97804448892029,78.00453737348091
110,65.97205602427111,78.03812618174786
110,66.04387530182548,78.01003659875202
110,66.03041830024068,78.03150097810766
110,65.98751117780023,78.00732720983424
110,66.00648569919858,78.01437967786848
110,65.96894621227244,77.99738904175372
110,66.0438911406044,78.0029112534389
110,66.01234556960397,77.98995769735545
110,65.98290784719372,78.00064221618106
110,65.98720982295298,78.02399800862206
110,66.0003707156381,77.97395491090325
110,65.9981744616124,77.95448169575175
110,65.99602996118827,78.03354216243557
110,65.99609104619051,78.00188131344672
110,66.0146690970913,78.02666649042455
110,66.00007748835624,78.0342815360791
110,66.01991111803929,78.01815514523922
110,66.00607787860051,77.99025628219196
110,65.98963344217489,77.98202042645042
110,65.97120268220026,77.98990497892405
110,66.01205347389994,77.9638648225212
110,65.9871193514749,77.97903009508283
110,66.01279519314113,77.97662010579144
110,66.02953465469331,77.96649907017871
110,65.96161208463174,77.96887087133919
110,65.96737242204357,77.99358523557522
110,66.02110810656346,78.03836201189044
110,66.01693885414831,77.99787538555915
