gene,x,y
1,95.01303739071729,62.01463747423754
1,94.9941755247004,62.0299552572558
1,94.98622606745934,61.95556023425899
1,94.98197240126392,61.99893965168973
1,95.04547218383759,61.985353612377665
1,94.97325005847581,62.021144217582226
1,95.02170137855833,61.9648784191426
1,94.96205085559974,61.98014807393879
1,94.98980270697216,62.006590066507144
1,94.99000733345484,61.99480209889007
1,94.97139024560619,62.01381796319755
1,94.98317585974286,62.004745110570546
1,95.02967029810516,62.03473557126983
1,94.98130065726102,61.97216280210427
1,94.96893581086607,61.98022721806835
1,95.00265454133563,62.020371713824076
1,95.02398804550526,61.97664707364818
1,94.99067729145035,62.02627764638435
1,94.9624048635072,62.018179300115165
1,95.0075901888451,62.043443663406634
1,94.97245125934566,61.99195489044509
1,94.97579943930192,62.00242109657429
1,94.98527622223521,62.003492986162264
1,95.00176034871005,62.024887401834384
1,94.99636664323504,62.02190938272903
1,95.04710713621853,61.99881265530596
1,95.00114509240184,62.020652282889436
1,95.03646367324015,61.980078076077056
1,95.04243189722699,62.003815314147026
1,95.02688422849357,62.033930698632005
1,94.99279085816319,61.95987426354719
1,94.98619838452726,61.99877517783177
1,95.04111226720994,62.0109087393761
1,94.96825915727754,62.003524417720065
1,94.95243762365278,61.99481199647589
1,95.03685969409734,61.99507400333253
1,94.99203268532608,61.99726941142851
1,94.99049042705875,62.020368153715616
2,95.03622779461578,62.008065648905244
2,94.97787983815759,62.01366445378178
2,95.01403833174801,62.041780528805766
2,94.99927046361736,61.988664285814515
2,95.01345480235439,62.02190930188667
2,95.0295363923259,62.01015743010881
2,95.02114698928058,61.96593935631382
2,95.02629997598065,61.99265258345385
2,94.99508084439206,62.01276998770569
2,95.017504514931,62.03880797512304
2,95.03006779046488,62.016327480113276
2,95.01426906226574,62.01163623217675
2,94.99203746115201,62.04196186813609
2,95.017949881901,61.99880066174676
2,95.0240614043631,62.002529514740544
2,95.01089599712849,61.98435342400687
2,95.00564389836578,62.021210430109534
2,95.00217140041714,61.99228901515206
2,94.99424580359653,62.03031450174701
2,95.01490508546999,62.020333316182864
2,94.96146575772123,61.98342425871864
2,94.9679076135389,61.97520640586383
2,95.0314079250481,62.02699300499936
2,95.00388963345392,62.003092996131485
2,95.03308753663984,61.978556033258215
2,95.00062846083179,61.99757496027331
2,95.01685407270108,62.01185731805921
2,94.97998872133988,61.99595298262482
2,95.02892846472146,62.016507946671396
2,95.01836879901508,61.98036743058128
2,94.95980962368292,62.013448693174
2,95.0149092065549,62.01021533545457
2,95.01841378144763,62.00033705779575
2,95.0086077517945,61.98517809818799
2,95.02506138678325,62.0111241067345
2,94.99998487585115,62.012214023384026
2,94.98865059952875,62.026420759507104
2,95.01660624102806,62.01706294968522
2,94.95958382858619,61.97645079236394
2,95.02751945895704,61.98678744909831
2,95.01196976054855,61.999828925129854
2,95.0084025705426,62.00341581184784
2,95.03409690527552,62.023374880898935
2,95.0219092495718,62.01847531895576
2,94.97862853507688,62.04249029790634
2,95.00527984312421,62.00512600242924
2,95.02031120975042,62.008701662158636
2,94.99653465369938,62.02155735963206
2,94.98434818569794,62.019333111871276
2,95.01498867385313,61.99532057883313
2,94.9887365460926,62.02013828386987
2,94.98032001879461,62.030853122825974
2,94.99207913487754,61.990206709831476
2,95.01107359910114,61.98270884593011
2,95.01273658529689,62.03370208485109
2,94.97154796049671,61.96506827840223
2,95.02483243257478,62.01638694118199
2,95.00792527217554,61.98284032508613
2,95.01130275554885,62.00348966699901
2,95.0008160918493,62.00972866379761
2,95.03628865998128,62.013433983619976
2,95.02091148615597,62.02022600249856
2,94.99497268103374,62.03445763366601
2,95.02277833058169,62.006268939927494
2,95.00138557000301,62.020459341723836
2,94.96031343030317,62.027425709738836
2,95.0101221860075,62.04654982555423
2,94.95875555850141,62.02727984701663
2,94.9576783181977,62.00219742175163
2,94.95298305707628,62.01630606877826
2,94.95862168775392,62.000675696890816
2,94.96970227805213,62.01842551428395
2,94.98818124656628,62.023230456925695
2,94.96844263157507,62.03614391964748
2,95.00325929701559,61.997861482597855
2,95.00979045657719,61.99206734557611
2,95.00796335395874,62.03034407510069
2,95.02192569902502,62.011453578963334
2,95.04108584088912,61.99662903023596
2,94.99758032033506,61.9645836670404
2,95.00204347707589,61.98143427294635
2,94.99691164352379,62.04527419227227
2,95.03898219864479,62.00596777030011
2,94.97900645581979,62.02143630371521
2,95.00551765165098,61.98552715991226
2,95.03263301123172,62.00453003446348
2,95.0311486759895,61.99200778279825
2,95.03793502060778,61.99174099813498
2,94.96489114961317,62.016287221691115
3,94.99722558800725,61.99938878651242
3,94.96433486522136,62.02422067392838
3,94.99892582972818,61.99319558716622
3,94.96634137861601,62.035310881790934
3,95.03074103068097,61.96848169508573
3,94.9959529118048,61.96586880450824
3,95.02690967380852,61.98541871112184
3,95.00644345342576,62.0334736470823
3,94.98503831867326,61.98157971952617
3,95.00087955712472,61.986698909889405
3,95.00557729647515,61.998379856619884
3,94.96916397845361,62.03265497883969
3,94.99409153153351,61.99271204027121
3,95.03259928242998,62.0182439478013
3,94.99523048138755,62.012450186092
3,95.02358110772761,61.98933897064138
3,95.00263545206367,62.045685540706515
3,95.0024557440384,62.000599879047435
3,94.97804254306422,62.04119291620445
3,95.01180845600814,62.02873948828388
3,94.9965746351215,62.04404241993317
3,95.0388319194609,61.99013173805357
3,94.98161750429787,61.971472573983796
3,95.02759566814849,61.988133589327
3,94.9925615837577,61.99921381144042
3,94.96733214141088,61.97615852677687
3,95.00036356689269,61.99099292450726
3,95.0197616891762,61.99349600897619
3,95.00920176589611,61.99852464021231
3,95.02719156216874,62.014825759112256
3,95.00346288595111,61.970170891432716
3,95.00395060663284,61.98174670180424
3,94.99181312168552,62.01190465116559
3,94.99332799239512,62.01017792124
3,94.98244900268737,61.964187120373154
3,95.03209954429859,62.020399898134464
3,94.96463014410953,62.0183484645055
3,95.01704665954486,62.0363647663367
3,95.02767530242487,61.9669528451855
3,95.00717750485671,62.02183658071007
3,94.98903816479269,61.98272668059076
3,95.0214947470663,62.00306038999162
3,95.0184229848553,61.98961045526818
3,95.03734067000735,62.03207851651531
3,95.00396188948363,62.031171621779706
3,94.97703864118549,61.98567831964681
3,95.00123976808402,61.96188176053886
3,95.03518960252347,61.98311510024856
3,95.03231775868628,61.98187349039514
3,95.00485582943747,62.01218271912409
3,94.95949771056655,62.00060479089304
3,94.98970956458928,61.96887169581144
3,95.0046493044657,62.03303849507179
3,95.0143707762059,62.01272790274558
3,94.97495479247704,62.00465909036897
3,95.00738147066151,62.025318990476634
3,95.02302097528472,62.02390235180595
3,94.98944551076129,62.01393669655797
3,94.99825360445067,61.98440349966763
3,95.03461464032281,62.02716165781745
3,95.01935086876007,61.964216455792496
3,95.00769659202874,62.00231868533269
3,95.04712781477849,61.99915665110923
3,94.99558300346695,62.04933811278907
3,94.9835941339561,61.97248648810645
3,95.02960685662111,61.97746050927781
3,95.00420616139573,62.00020326992569
3,95.00633935118952,61.970583537916546
3,94.9824797851769,61.962967274384916
3,95.00231653970728,61.99385202035483
3,95.00010202072893,61.99178179319741
3,94.98595593909876,62.02926437934037
3,95.02416882606816,61.978446038575335
3,94.98125285852237,62.0289507229421
3,94.96398530368491,61.97571183461771
3,95.00623796774039,61.975959782236714
3,95.00118522174316,62.048350792314125
3,95.03311701302314,61.97447941601982
3,94.98432165854598,62.00494397026646
3,95.00009104524554,62.03808138859983
3,94.99863522010597,61.97147045775874
3,94.97190168593524,62.03965841875079
3,94.9985026645972,62.011376728284546
3,94.99905551531633,62.016313893724515
3,94.9901001592579,62.03997065888376
3,95.01593873398315,62.01347689658698
3,94.96873103420262,61.98128769389238
3,94.98494077726656,61.971029139829305
3,95.00814174910893,61.99528228887408
3,94.98916541926677,62.031979079122266
3,95.04339325201258,62.00437017550934
3,95.04610994869155,62.00091222787508
3,94.95598364052233,61.98290238335411
3,94.98157076823554,62.04506097885233
4,95.01733222368604,62.015329669592205
4,95.03237934016958,62.00347391912327
4,94.98935287587015,61.99518748539153
4,95.00735707000268,62.016113918589944
4,95.01929708881248,61.986847796923136
4,95.03160081738496,61.96522414279467
4,95.01350673166779,62.04575583016626
4,94.99377118421238,62.00631607733745
4,95.00374632087807,61.95351596209911
4,94.9973723936481,61.977954166125976
4,95.00922880982496,62.01367219520912
4,95.03737294049475,62.01765684431599
4,95.00991777939245,62.01123834187506
4,94.99023077133799,62.01615415269335
4,95.03419901042136,61.98364400539088
4,95.00284795730053,62.01956622103428
4,94.99413583385149,61.98593143885312
4,94.98610806350473,61.9852523202705
4,94.99967285972937,62.04723135506335
4,94.97942093628598,62.0227049561314
4,94.99994948368865,62.02759842099195
4,94.99342234115291,62.01843572879032
4,95.03031596633757,61.98697113849347
4,94.99123033625648,62.01715054789373
4,94.96179685768749,62.01321621585033
4,94.96048625395196,61.97265610421656
4,95.01302148980461,62.00453586442726
4,94.97904048914515,61.983861364620466
4,95.00670783786518,61.97902501534176
4,94.99114741171043,62.00980125084769
4,94.98604324160672,62.03264237743576
4,94.98083444527917,61.95525307118515
4,94.97452323462575,61.972486697042164
4,94.98031559485159,61.965057045990164
4,94.98758186981193,61.99095029009065
4,94.98982850509923,62.03389293470699
4,94.9903496830105,61.970276383221865
4,95.0379229033671,62.00630732208179
4,95.00787466109075,61.97175656903588
4,95.00104568434641,62.011262343541716
4,94.97247247519205,61.981323619272196
4,94.99950694023443,62.0074041693466
4,95.01475307382951,62.035440083531775
4,95.01715846457837,61.96245759857605
4,94.98771073845992,62.01279426922119
4,95.04051183837541,61.991200707820454
4,95.00284118582326,62.03550643685449
4,94.99883789531626,61.997863445549754
4,94.98111236119495,61.96017797781247
4,95.00385716368392,62.00791136827492
4,95.02285873336707,62.037971822719875
4,95.01727221002174,62.028226417735844
4,94.98857261092353,62.01367073360078
4,94.99940470264977,62.036206201441885
4,95.03327476438749,62.02006578729518
4,95.0081822777948,61.98980989327004
4,95.00395060663284,61.98174670180424
4,94.95890253256378,62.00876268606277
4,94.9792185249668,61.98507259671558
4,95.03460205616962,61.99769677696035
4,94.99018698927726,62.015422999162645
4,95.0235478356067,62.01450094872054
4,94.9885263265541,62.037665959294046
4,95.03728364228041,62.02999197101811
4,95.04361780675046,62.009976297725636
4,95.00937657253732,62.00984277598761
4,95.0311045269035,61.99001930732435
4,95.01768190653921,62.014011528754516
4,95.01081544875191,62.04802514870269
4,95.02698856885574,61.99972116877903
4,94.98228441755872,62.037139243247076
4,94.99630000798,61.97037072902015
4,95.00633582958721,62.00398815479743
4,95.03740039131955,62.00678556377764
4,95.00629170238916,61.98642707861459
4,95.04272905116123,61.99559966950066
4,94.9889360810776,61.98446417958945
4,95.04394358752621,61.989181848498895
4,95.02284930373956,62.000994576718774
4,95.01194586777558,62.00727425694572
4,95.01900417148526,62.00140667990505
4,94.99025431042874,62.0419089249498
4,94.9801563340553,61.98523903723343
4,94.99853915948005,61.98294868292872
4,95.01583872520787,61.96021884506085
4,95.02440578615708,62.02085557963345
4,94.97563090633821,62.03118299650022
4,94.96465826008664,61.96563650831078
4,94.99302410013546,61.951307356264685
4,94.98543573210418,62.02681985109876
4,95.03250261103835,61.966652894589274
4,95.03426725508541,62.006008905353674
4,95.02986291435563,62.03145339585365
4,94.9932390584377,61.96584711872202
4,94.97423730398343,61.961291353791516
4,95.00576249753722,61.96231998421349
4,94.98002478379014,62.021455566381036
5,94.97962291060877,62.018879804372006
5,95.02422648912777,62.02323499299572
5,94.99242519911195,61.97144368454651
5,94.9964402686088,61.98230241474493
5,95.0213430421945,62.02462203817447
5,95.00087428991078,61.97847735635716
5,94.99236696086008,61.958347399325646
5,95.0045077762732,62.00956950944265
5,95.01471014640195,61.98682103138809
5,94.95740329587879,61.99009902298157
5,94.96194187842228,62.02866848775582
5,95.03915892745617,62.029841287519915
5,95.03036476065292,61.96126722725956
5,94.980789446339,61.97544371622722
5,94.96151072265553,62.02073846755307
5,94.98903816479269,61.98272668059076
5,94.96979439619324,62.00827334350785
5,94.96074634938412,61.99982113962286
5,95.04759796716583,62.0033727068453
5,94.9868979809016,61.96270400810958
5,95.01287319106189,61.95780950007836
5,95.0028034853909,61.992522731385726
5,95.03167973442679,61.96346874428419
5,95.02733653134683,61.969247481178336
5,95.02105643948894,62.001385029647324
5,94.99752163200532,62.012477995160715
5,95.03424802816795,61.970387817231085
5,95.03222019374975,61.99196085208563
5,95.04822611793362,62.00107783599918
5,95.02017143952911,61.9714443507467
5,94.96540763003301,61.99481864840883
5,94.99736364950897,61.965383154290436
5,95.01658497971697,61.96772043179223
5,95.01947192207261,62.00126780428448
5,95.01810694954513,62.044135707242916
5,95.01970449738712,62.04283283055936
5,94.98548563734767,61.99046674594063
5,95.0186619112116,61.962202664475406
5,94.98619908690343,61.96954414471665
5,95.00845316765704,61.95561528177079
5,94.99266434844371,61.987697850441016
5,94.97769695044077,62.038089109921316
5,94.95568838535942,62.02299487192308
5,95.01919369095613,61.97839223075043
5,94.96311795600245,62.0132922859541
5,95.00663166599573,61.97025638370484
5,95.01071033922874,61.98775011618389
5,94.95645047772729,61.99614260308575
5,94.99203987954706,61.99133798762636
5,95.03985548418805,62.02046172526726
5,95.01055785105781,61.99734399656974
5,95.01477144377589,62.02041384319522
5,94.9881976841579,61.95991365309373
5,95.01426906226574,62.01163623217675
5,94.99759384617222,61.96401866334466
5,94.99179598600949,62.01971498441027
5,94.98841577178099,61.97785140754904
5,94.97439679155154,61.98574565211894
5,95.04535252592623,61.98150515881545
5,95.03171601526276,61.98015925500164
5,94.95899893717356,61.99520303554381
5,95.02255899612005,62.02910649958914
5,95.02772813731505,61.991643048861796
5,94.98841387376282,62.01762544590273
5,94.99730434766384,61.9898622973567
5,95.00819584709274,62.00271742463897
5,94.99247204152528,61.9892643228723
5,95.04440631774169,61.98581590804379
5,95.01059740337959,62.00714161583496
5,94.99054397549145,62.03151643660525
5,95.01077919581985,62.014170571290606
5,95.00466760463051,62.01759382539786
5,94.95619612602887,62.01161984402035
5,94.96861775415022,62.02166353139345
5,95.01404129834339,61.96556551232452
5,94.98331897514373,61.994752421010695
5,94.99663086863275,62.04113922433604
5,94.98540070477095,61.98282863609661
5,94.99952391371875,62.041260628821476
5,95.00282130678342,62.01325582103765
5,95.01834264049307,62.02181711717611
5,95.04444295606208,61.989288776311
5,94.96173361820497,62.03058706102112
5,95.00629109063601,62.02772475768054
5,94.96076346672844,61.983671222188974
5,94.9773421261646,62.008187434131074
5,95.01858661441852,62.0192308305413
5,94.96815409020654,61.97828829241341
5,95.01262205059302,61.95671148802861
5,95.04437140800025,62.015322705385266
5,95.01469201324002,62.04230040088794
5,94.96667459400602,61.988298802340076
5,94.95927647222862,61.98533592793711
5,95.01911644241066,62.006142268853935
5,95.0001357549167,61.98400819340021
5,94.97336981042034,62.01774177919624
5,95.01955201348076,62.014188130763024
5,95.01082918228609,62.036342963233906
5,95.00058548322866,62.03525396325463
5,95.03743588591229,61.985131974829876
5,95.02168264731911,61.99128930599916
5,94.98187969819593,62.03343592542709
5,94.96552905978535,61.97331883321839
5,95.00396033384531,61.99515817672319
5,95.01352988509583,62.04054856430677
5,94.99624807148719,62.03873383269134
5,95.00934162521169,62.045496871042836
5,94.97860909105661,62.03382856170906
5,94.99268690159573,62.02063435427438
5,94.98628028430142,61.968662901058714
5,95.04138951645372,62.005124201879426
5,94.9854860584815,62.00904581071688
5,94.96387265381648,62.01155995907316
5,94.9773557562128,62.01745528015639
5,94.99294244054036,61.98755643523514
5,94.9934816602996,61.980948854514075
5,95.04314819483879,62.00777708831735
5,95.00712210474208,62.02245997750603
6,95.00034218346835,62.021140568932736
6,95.02197246450334,61.97077075325368
6,95.00275174318425,62.01415656330332
6,94.97120300648537,61.967517199794194
6,95.00119220993525,62.002092555967785
6,94.98687933139911,61.96259972951984
6,95.01214006212993,62.0113944634478
6,95.02384233490312,62.00376119604793
6,95.02471843430244,62.01520092041893
6,94.99114978176041,62.03820896389416
6,94.97562913543105,62.01816973830831
6,95.01248999962455,62.01386957799781
6,94.97052555709581,62.02190981821288
6,95.03457414306767,62.02755480528715
6,94.97410071816381,61.98386536688984
6,95.00411395373841,62.014088660586964
6,95.03930389739274,61.988796361939905
6,94.96435480107921,61.994775937434724
6,95.00391109542039,61.98098314820546
6,95.00071195322293,62.01867844725575
6,95.01285923342722,62.031403599196935
6,95.0049752531139,61.996098024441224
6,94.99221812433869,61.99352925557961
6,95.00572225851,62.01032794985326
6,95.02216176545953,61.975056154248215
6,95.02005398551088,61.99668389168082
6,94.9939497446084,61.99696914657982
6,94.95185685904694,62.00468056689913
6,95.00960966718016,62.01005913622353
6,94.98899223915599,61.981350850934454
6,95.00637345913451,61.992286782848154
6,95.00556781699946,62.02236854198889
6,94.9913449618922,62.03095078346787
6,95.00634060896311,62.03237875237422
6,95.00427636541177,61.9853817601185
6,94.9898428349273,62.033181487071126
6,94.9949301823137,62.00427665538558
6,95.00914356107171,62.013026006487394
6,94.97748425042275,61.962623450568884
6,94.99492383993454,61.97582010630812
6,94.9740848728869,61.982619588783756
6,95.00518268235605,61.9677135756644
6,94.99933075255858,62.02975997738917
6,94.98448997946166,61.997536217386674
6,95.01669465304678,62.037471379946844
6,94.97581625643505,62.0078015759953
6,94.9635856819173,61.98259413825925
6,95.03528909511242,61.97298611789732
6,95.00437135689026,61.99314875809007
6,94.99747448882948,62.047930050688336
6,95.01181286150978,62.00387273797755
6,94.99111578472555,62.00176908880092
6,94.97255136660519,62.027265071570056
6,94.9950271135172,62.00767952035596
6,95.02716226599021,62.02303377610754
6,95.00730444886553,61.99497619974001
6,94.99325743340283,62.004833347283885
6,94.96088445675034,61.98956791319007
6,95.00119087308435,61.97398332230069
6,95.00752499081554,62.03385527709986
6,94.99354901411137,62.00639769019873
7,94.98854106484406,61.971015266034
7,95.03849498939101,62.02790030915347
7,95.01269756287488,61.97993750990191
7,94.97042256916336,62.029486193393126
7,95.00814489673158,62.03535605914045
7,95.02751861042476,61.98710732934597
7,94.99636526322323,61.9632465423284
7,94.99559757123139,61.983130704419686
7,95.0130940630955,61.97614118889489
7,94.95940926326884,61.99763432230043
7,94.97402086782887,62.022244579783965
7,94.9868254170162,62.02881929506948
7,95.00863055343814,62.00151070648187
7,94.99641468939288,61.97690305493177
7,95.03524885516569,61.9892453888902
7,95.03316930809915,62.00438560506289
7,95.02253187163303,61.968487181228944
7,95.02795533354684,62.02241227109901
7,94.99630946925677,61.99708809056533
7,94.98408426985793,62.02574932306952
8,95.03446819324287,62.03202517891246
8,94.9687212965704,61.996678931707855
8,95.04007000540864,62.014217513702235
8,95.0167549677985,62.03594095631619
8,94.99036618954588,61.96976765068546
8,95.0023695502384,61.98628249611224
8,95.03179859203449,61.972133304187054
8,95.03546463994691,62.01888242804202
8,94.98092520128164,61.98076108839076
8,95.0199012234873,62.00239045042594
8,94.99377455475845,62.00402999109594
8,95.02662147348568,62.01329657659741
8,95.01222078290354,62.021415557910494
8,94.97708515535852,62.044129420247366
8,95.04336921333388,61.98796951722046
8,94.97972693728637,61.99590552235781
8,94.99591052679024,61.958193721150955
8,94.98076261772974,61.96746977900739
8,94.99278081859623,62.044386206982956
8,95.03109464637154,61.98611317459885
8,95.04129196852824,62.022105987530395
8,94.95894354585677,61.99920186871245
8,95.02729510248567,62.01604645461173
8,94.97531030671111,62.034086654073676
8,95.04177535445113,62.003916449946544
8,94.97494538207921,62.0360243632803
8,95.02443085652048,61.978388316675314
8,94.98677800771755,62.04604777550135
8,95.04026208812584,61.992570737662845
8,95.0420657233188,62.011997621449936
8,94.97144340845936,61.98649170547475
8,95.02687833070678,61.968137136400586
8,95.03198862984443,61.99660333321653
8,95.00896131843555,61.99150467411689
8,95.03262287656864,61.9748804142477
8,94.99231356072046,61.98159091490039
8,95.02099986982054,61.97427117600459
8,94.99682836874332,61.96661542075976
8,95.02833600907779,62.00906203098672
8,94.99223394804311,62.03612405450426
8,94.96911931285592,61.98469227242116
8,95.03019182235073,61.97747048379579
8,94.96850701387406,61.99297326868491
8,95.03178023201453,62.01193499705511
8,94.98114187182804,61.99731782159943
8,95.01019236857726,62.01454387699969
8,95.01813082428043,62.02590416475473
8,94.9811644958097,61.972048397477394
8,94.99128817521041,62.01008126092455
8,94.98108475127931,61.96348845939681
8,95.0181044860837,62.00388873952827
8,94.95293699787177,62.00151259957454
8,95.01156476769374,62.033896779231114
8,95.02935390385848,62.02932651112581
8,94.97827326981329,61.9712427679294
8,95.04014197484693,61.995533845398555
8,95.038738698951,62.00797514758033
8,94.99737254376276,61.98411468646794
8,95.00362840533842,61.99975001428455
8,95.0250915837963,61.975422928482274
8,94.9692844350687,62.01315057273863
8,95.03739306227034,61.97555878717088
8,95.04213848829117,61.98221506001898
8,95.02967029810516,62.03473557126983
8,94.99125969376847,62.004999408214296
8,94.99144764922761,61.9840907027891
8,95.02966431002133,62.01646350000363
8,94.95882183988886,61.999581250406166
8,95.01444528644087,61.9873400005524
8,95.01529225959902,61.966243886636114
8,95.0380291651352,61.9832931619473
8,94.98696456427703,62.03892242419306
8,94.98887770337058,62.0246203434436
8,95.00888936680312,62.030785808528194
8,95.03053299366836,61.96459211115772
9,94.9965746351215,62.04404241993317
9,94.99306536303826,62.03625771347191
9,95.00785774473906,62.01632459275062
9,95.00252502169025,61.979934975589764
9,94.98231481359868,62.0050411754712
9,94.98756193063338,62.00647789736848
9,94.99672678846554,62.02142260046643
9,94.9872210776456,62.03688878938365
9,95.00408726326432,61.953656636718456
9,95.01058532198888,61.97356597979407
9,94.96625990862891,62.02562803441348
9,95.01919457468475,61.97436935725129
9,94.99904079007618,62.01337326150116
9,95.0366858634899,61.995623557639924
9,95.0269023121529,62.03143224346889
9,94.9928815624127,61.99786848495887
9,94.99901278609103,61.97570787097204
9,94.96958792976386,62.00779548228596
9,94.9769382795302,62.02767938858269
9,95.00872194578605,61.99931764836687
9,94.99364565524571,62.00826072705528
9,95.03996434148034,61.98894628976301
9,95.00319371314505,61.97850810371066
9,94.99428121489228,62.010711483551056
9,94.96893005937464,62.030025430253595
9,95.01425477534909,62.014232427497774
10,94.99658733748866,62.02402669835037
10,94.95925548821313,61.987926349815964
10,94.97481117221744,62.010451719675885
10,94.99277315955021,62.00711270293336
10,94.9990162973197,62.02223850711958
10,95.00484716254725,62.0228372161759
10,94.97359259440674,61.99454194817731
10,95.02701163556172,61.99142926659886
10,95.01859836960308,62.0370993225686
10,95.00443227819923,62.009917779020164
10,95.01355147579825,62.00826374661804
10,94.98147613961149,62.01076019437459
10,94.96861059983304,61.98612226153417
10,94.9643262559804,62.02069811190379
10,94.97091052180836,62.00843182827656
10,94.97560028354235,61.990771089115995
10,94.9926865869053,62.01708643052023
10,95.00940138111304,62.03082905004532
10,95.01420167501617,62.02341587521073
10,94.99062727025331,62.028441894081624
10,95.01103466483288,62.01054629876199
10,94.97346699637355,62.02895409010576
10,95.01651981779591,62.005496552107644
10,94.9962948148192,62.016410674630144
10,94.98669625079003,61.996705947976004
10,94.99336863330237,62.00791866276918
10,94.99703445716882,61.96600863959855
10,94.95231959543779,61.99927818376464
10,95.01603689415589,61.9765108452831
10,94.99454994217366,62.0131642162519
10,94.96852473358632,61.97793062048907
10,95.02034502657494,62.0052499263488
10,95.03265162811995,62.01829547042016
10,94.99618720375733,62.04353473813919
10,94.98063891603658,61.98865069275101
10,95.01222975674807,62.01028555770403
10,94.97093115746529,61.996755188181766
10,94.98798816577171,62.01839520371869
10,94.96673190785789,61.9639300163766
10,94.97519798326755,61.994904515611445
10,95.01897652383593,62.002889508614224
10,95.00840811457942,62.00639494029958
10,94.99184498007527,62.01182624861157
10,95.04538060126357,61.99851661611014
10,94.9560969075344,62.01363791123502
10,95.01656327740454,61.983723236155164
10,95.03920620807062,62.008795677329196
10,94.98090403412654,61.99452060669109
10,94.96397764385304,62.01885565182643
10,95.01668782528351,61.998962352550144
10,95.00850451313201,61.985218112304
10,95.01998203940285,62.02028184854088
10,94.9889139685702,61.99546117484526
10,95.0126456074688,61.98124187084855
10,94.99930116805011,62.00296021653695
10,95.01915451483094,61.997213179904676
10,95.00434676984744,61.99299274323994
10,95.02621210690424,62.01566811182753
10,95.00913501599355,61.968006003191476
10,94.9757452141741,61.979005613157234
10,94.98368092511825,62.03389292473171
10,94.97736824984202,61.98304720203234
10,94.98922174320238,61.989993050941564
10,94.99769395261687,61.96696909823454
10,95.0141599122912,62.01903545963453
10,94.98582042547,61.98784394162422
10,95.02109002008969,62.02300827833608
10,94.96648860819283,62.00098429129616
10,95.01552869830981,61.956212849282196
10,95.01550322765374,62.00316850888574
10,95.00931446427441,62.019716510094256
10,94.98172161549086,62.02223278360498
10,94.97991367461967,62.00665115980233
10,94.9709356479117,61.95941311385908
10,94.95738899333489,62.00931629919514
10,94.9832688389349,62.03039245899519
10,94.9707815489188,61.99771223343435
10,95.00813454018538,61.99681334561471
11,94.99976740221199,62.01783449375256
11,94.98388694079219,62.0467183437604
11,95.01552097695615,62.016604262950004
11,94.9892795482131,62.003340614087016
11,95.01258498692205,61.953446976329616
11,95.00137394547424,61.96065606618216
11,94.97075341468282,61.97884588659739
11,95.0238140707209,62.04169625096002
11,94.96006224930855,62.02622384653665
11,95.00322905046322,62.03031392695181
11,94.98310354273038,62.043430713592194
11,95.01584777374187,62.03102178244582
11,95.03863707314243,62.01682837498436
11,94.96199821949324,62.00460408130703
11,95.0215656522975,62.00586917967838
11,95.02519569038385,62.017012578750204
11,95.01170303320353,61.96174779397078
11,94.98601975320898,62.02442757041462
11,95.0127419523546,61.974177510237034
11,94.99137383851648,61.96717709331982
11,94.9962948148192,62.016410674630144
11,94.98544784043875,62.03901817589178
11,94.98666653986618,62.0173725541825
11,94.97085734531214,61.968576410387016
11,95.02959587852705,61.992164594648095
11,95.03837762069877,62.00551830841616
11,94.97161799479424,62.01622019087498
11,94.97900510335238,61.96882848850064
11,94.98174075435914,61.996656707167745
11,95.02258299894851,61.96226167336067
11,94.97361097822511,61.97694467894665
11,95.01891523570767,61.98637059268035
11,95.03332891858743,62.036547067399745
11,94.99573839925526,61.98416123055977
11,94.98551656246457,61.9829406696737
11,94.97222907563669,61.98136583604743
11,94.98145142103749,61.996447441579306
11,95.00425784129486,61.96246956667733
11,94.9956705780841,61.9521535676546
11,94.95623809996441,61.97928229361294
11,94.96862771751908,62.0325594887152
11,95.04598101830771,62.01722030767043
11,95.02721184016916,62.01802137742664
11,94.97281868188342,62.01093689219621
11,95.01424895109012,61.96937476191267
11,95.02664866231513,61.99772881389529
11,94.975182228225,61.999546557584864
11,95.01216334543832,61.98935937907709
11,95.0268397474614,61.99874042115756
11,94.98317265544026,62.00452424357151
11,94.9964052905567,61.97055857194987
11,94.97459155582875,62.03229122178681
11,95.00019986242289,61.982260782451505
11,94.97354474573223,61.9922107858811
11,94.9901467065711,62.01835965331275
11,94.9986953477751,61.95167239149168
11,94.97246595197845,61.96544558511695
11,94.95042508431251,62.002009267947486
11,95.0371532389123,62.00899573296183
11,95.04304949001485,61.974916377480916
11,94.98694078757656,61.97386006376123
11,95.01116551707625,62.0132786429119
11,94.98392514925148,61.98753862048986
11,95.02360337875467,62.004486770167176
11,95.00642720710074,62.01571528347643
11,94.96765240283423,62.014951204612004
11,95.01931386545283,62.01079830157159
11,95.04335177382717,61.99005681348139
11,95.01233498249489,61.97418425889681
11,95.00838978286316,62.001378043378914
11,95.0365674108592,62.018157110315606
11,94.9936869618689,62.02342638955323
11,94.99377155926705,61.980587491130116
11,94.99515850707711,62.010585091720856
11,95.00943305168498,61.99308808982614
11,94.9541831016593,61.987113047125206
11,95.01148286901596,62.008511396087165
11,94.97049221957268,61.96764465213664
11,94.99954294151158,61.96608121109543
11,94.98538382183844,61.955937583412265
11,94.9721157684579,62.01692294861861
11,95.01821976805762,61.96032091510512
11,94.9777899111264,62.028228348949476
11,95.03243883481282,62.0347569360858
11,95.01984092550867,61.95824416450841
11,95.01065116746233,62.004105852074375
11,95.02995437624018,61.968560563558434
11,95.02728363597461,62.03281637996245
11,94.99864035610564,61.96200180890748
11,94.97163442199462,62.039048440775616
11,95.01390729384403,61.99860266509522
11,95.04227664028176,61.98129579264677
12,95.02993013679949,62.00417948352516
12,94.96573240783766,61.9655764309759
12,94.96049419487333,62.01993950871021
12,94.99919047925113,61.99383498754621
12,95.02519516493484,61.99218165475103
12,95.03608691040851,61.981773082711165
12,95.01170078989935,62.03980217001574
12,94.98377808691501,61.98262296493918
12,95.0018879239117,61.98896954545529
12,95.0202128508106,61.97896412929058
12,94.99957707367544,62.00856937950857
12,95.01044171042278,62.031117205856226
12,95.01453681716511,62.002870088196
12,95.02215385589135,61.98027062509769
12,95.02518994983836,61.982242715952424
12,95.01841799938309,62.00988016850373
12,94.95758981196396,61.97830678468829
12,95.02957237029563,62.02351437336269
12,95.01768357898372,61.99711241052778
12,94.96841800169283,62.021725369362635
12,94.99180645398367,61.958281751773924
12,95.02556046943789,62.01762498478019
12,95.01518284840463,61.98740647292475
12,94.99777418240123,61.99955652879164
12,94.99134059482392,61.99353093102425
12,94.99650728943973,61.95433259795071
12,94.9748484280811,61.98200974397754
12,94.99377155926705,61.980587491130116
12,95.02628247424398,61.97834583765127
12,94.98074021269977,62.01495141125202
12,95.02936814032961,62.001854179704054
12,95.01371964199032,61.985054928682594
12,95.01991028277958,62.00071611485566
12,95.00130733598938,61.99965261873503
12,94.97012958323953,61.98885271130793
12,94.97468551300177,61.96183203048309
12,95.00377401455795,62.01135912740264
12,94.95493226482759,61.995943614183
12,95.03278210355906,62.001907985707156
12,95.03401962043647,61.96415805815306
12,94.98456492713537,62.013877988606865
12,94.96210686133219,62.010778245695114
12,94.95285071488124,62.004472534892805
12,94.98430309540484,61.96047287791206
12,95.0097730632904,62.01332632152255
12,94.97295419582414,62.00604826383623
12,95.00067932098626,61.963968675540045
12,94.99283623740054,62.008546485691475
12,95.02986254472943,62.02327603479699
12,95.04699875101487,61.98635259712144
12,95.03442367803615,61.99975079729998
12,94.96541944859003,62.01838256934467
12,95.03123601092491,61.96394819731876
12,94.98246668844767,62.04255615803914
12,94.95756333699852,62.02138717941369
12,95.03041139767139,61.993891487757445
12,95.01425803229942,62.00630300927392
12,94.98370900628333,62.04241076114628
12,95.01279713988207,62.02595467950684
12,94.98456469860729,62.01874284156585
12,95.04812648268202,61.997278029544596
12,94.97302298659095,61.99770692568737
12,94.98537598068917,61.99667128030494
12,95.01596133456336,61.964975800774276
12,94.96657299645999,62.025573210252894
12,95.01552651994027,61.95844095909317
12,95.01338379118448,62.020973978861754
12,94.96713886589087,62.01221195286029
12,94.98710618878435,62.0142894770058
12,94.98802502661269,61.981445442615545
12,95.02822844350432,62.03792459096992
12,95.0171917441326,62.01738857100093
12,95.01713380744091,62.01704362491636
12,94.98064469149436,62.012735315678086
12,95.01324582693083,61.96680312785547
12,95.01239313923718,62.02386683940494
12,95.04246469923623,62.019323961574436
12,94.98490427763971,62.03479430164289
12,94.98389014553945,61.992015122088624
12,94.96743952120161,61.97000367775102
12,95.01493588481848,62.01376930171175
12,94.99881243346492,62.00066793285056
12,94.98067819181226,62.00449451703935
12,95.01375968230467,61.99691315986418
12,94.98858537125484,62.02837927300595
12,94.96660088118942,61.96376391610368
12,95.00052828932412,61.97241662399836
12,94.99216764038063,61.986933275249974
12,94.98913380303755,62.026236431515656
12,95.0444449915198,62.016295970269674
13,94.97739811212007,61.99480778867256
13,94.97989190116144,61.97722709150122
13,94.9855209639703,61.99675066274988
13,94.97217290422007,62.04097657803768
13,94.9924097726743,62.00479910507739
13,95.0156746897279,62.00350802107182
13,95.03755247489268,62.00111148139392
13,94.99448453729084,62.00567455335072
13,95.01490991448158,62.01242083331987
13,94.98905577690611,61.97600998450363
13,95.00887877612186,61.96317738501055
13,95.01733121101668,62.011131735139195
13,95.01345664127939,62.009708819672056
13,94.9568343954866,61.986881404413
13,94.99832070623285,61.99049676155583
13,94.99398982490143,61.9705483267359
13,94.96930742713462,61.9620684229242
13,94.97193822780731,62.00109292999066
13,95.01990442198942,62.03929162968167
13,95.01831886784824,61.974024539185486
13,95.00884149259585,61.978260576426614
13,94.95745794315299,61.9879920916102
13,95.00237055716993,62.008495899160586
13,95.03728364228041,62.02999197101811
13,94.95774564448026,61.99400868748158
13,94.95490622620075,62.00838158341871
13,94.97417431955184,61.975365218563375
13,95.04901605291093,61.991433381953385
13,94.98390481859788,61.98461471565307
13,95.01436445788107,61.96729005234759
13,94.96145665609144,61.982108730000974
13,95.01502664686168,61.99443960151155
13,95.02440578615708,62.02085557963345
13,94.99873602218075,62.04241077544476
13,94.99030441374285,61.97808332662567
13,94.99114815776036,62.046723547251716
13,95.03259872452024,62.016456127897854
13,94.99349641014223,62.003094358322784
13,94.9719420476461,62.001074196743545
13,94.999348400905,61.97676578251109
13,95.00012912407601,62.00866626490419
13,95.00890456720873,61.98701373387505
13,95.03171601526276,61.98015925500164
13,95.03943741475551,61.99545503489732
13,94.9890583408061,61.99594892809257
13,94.9776162350366,62.0090205560365
13,95.01491262539557,61.989692245521724
13,95.02534497865517,61.990492985247144
13,94.96390757823981,61.99590994679592
13,94.99553556760095,61.97504587779063
13,94.96632075715867,61.96756458005716
13,94.98194790145979,61.96380093128853
13,95.01083546369956,61.985394084769645
13,94.97425711353998,62.01791231422693
13,94.97019673475309,61.96998623599912
13,95.00414574811158,61.96559917427087
13,94.98432165854598,62.00494397026646
13,95.02654874942885,62.02315493460162
13,95.03704348202308,61.973891127182746
13,95.00782094503532,61.967596340911086
13,95.0004635464198,62.00089256040951
13,94.9640921290865,61.98786281893906
13,95.02759566814849,61.988133589327
13,94.9520435157071,61.99337856711373
13,95.00137552398198,61.99387325945879
13,95.02555198024059,62.027735378479015
13,94.98161593781829,61.976870511378195
13,95.04218605438437,61.980003607866855
13,94.97954575167547,62.030224694303826
13,94.9762032433591,61.98860454611059
13,95.00083221515081,62.02418758903555
13,94.96489196147546,61.99781177512392
13,94.9539444099885,61.989332571531776
13,95.00941298521857,61.95552952279236
13,95.01272014434127,62.004698656127694
13,94.99306536303826,62.03625771347191
13,94.96240336029477,61.98835677162735
13,95.01623994470418,62.004742964907166
13,94.99779371868073,61.985762575317914
13,95.0037725560928,62.02839000957336
13,94.97930699844014,61.97009713708208
13,95.01268388781105,62.01975705091168
13,95.0203379264496,61.98987186888403
13,94.9810376051302,62.021867167166974
13,95.0202352033979,62.0163211345309
13,94.9591645198275,62.01739656716145
13,95.02214187161559,62.02665319022733
13,95.02664762412014,62.02205577898342
13,95.02051382384757,62.02521730999461
13,94.98294206182602,62.035382168942796
13,94.95045693297399,62.005592177336254
13,95.04725996937462,61.98807577423217
13,94.99181899699813,62.010596609861395
13,94.99960025296998,62.003740571123295
13,94.99401292802547,61.96753198515602
13,94.97720692924786,61.9689388389424
13,95.04407091562842,61.99624392892101
13,95.02049531997324,62.03157164375638
13,94.99269264193744,61.96252785230844
13,95.00994872655856,62.03939541782161
13,95.00540991649625,61.993585793395326
13,94.97693107900066,61.99165728346959
14,95.02366008871616,61.97634313970474
14,94.98109461989111,61.97545467436276
14,94.96765240283423,62.014951204612004
14,94.97926574800367,62.02301467863686
14,94.96649530943864,62.005046875349166
14,95.00635865352652,61.980124298472646
14,94.99017194997077,61.976144187144804
14,94.99354901411137,62.00639769019873
14,94.95943548084183,61.972230096038764
14,94.986748372959,61.99697260069435
14,94.98816802112611,61.99674754270686
14,94.9580987679042,61.975097951500345
14,95.015528246464,61.97009257354781
14,94.9836662204197,61.971919813998085
14,95.01699938683404,61.99914665563896
14,94.97652149291804,61.97486234327063
14,95.02220946993631,61.97196568680417
14,94.95472627807547,61.98443182773905
14,94.99510169993273,61.95820408109096
14,94.99276439268195,62.02751090294525
14,95.01305201684349,62.0044118098763
14,95.01846830126856,61.958328914316056
14,95.00865256328798,62.019957403258715
14,94.98149094587552,62.02158057687415
14,95.01859836960308,62.0370993225686
14,95.01233493727898,62.01145909336446
14,94.98069584548163,61.970078515819964
14,95.0136482387277,61.99805231614331
14,95.00738068898457,61.99235977140573
14,94.95975626821955,62.014250768654136
14,94.98563092398012,61.974207019659836
14,94.99429638156298,61.99629757982179
14,94.98566021768067,62.01196908816785
14,95.02705130488174,62.0307660460121
14,94.9604129385143,62.02128405474502
14,95.02450851992742,61.9851643327485
14,94.97652471865565,62.01566634715797
14,94.9689925413649,62.03816847526418
14,95.01385284328838,62.013723678013456
14,94.97726607077101,61.978563865666274
14,94.9950271135172,62.00767952035596
14,95.03021432594123,61.96725902105849
14,94.97965297175446,61.99641023445919
14,95.0124578271786,62.02361352395623
14,95.02432898562488,62.01482593705657
14,94.99552422320843,62.04886990155812
14,94.98338486221789,61.999680233609055
14,94.97998748046005,61.99155902527087
14,95.01843996702351,61.97779743608734
14,95.01355076934246,61.96039948405556
14,95.00237895757354,61.997296799850076
14,95.004716884775,62.04691272017162
14,94.99307716238296,61.99235816342852
14,95.01488605598219,61.952960785489786
14,95.02390181659061,61.994098498913516
14,95.01574919845636,62.039597943840675
14,94.97129619102103,62.02205119560529
14,95.01205040432085,62.03107641731124
14,94.99061799948706,62.01245651680475
14,94.99156917835526,62.045631230018564
14,94.98063578449165,61.98852433985683
14,94.9867795983545,61.98106611889404
14,94.98610242088003,62.03769146685375
14,95.02598475535288,62.03505255714434
14,94.98108038403292,62.000723230791536
14,94.95851317200047,62.01862857471263
14,95.02801076930788,62.0205677396401
14,95.03332749558379,62.01036471627051
14,95.01279685991113,61.99733878762679
14,95.0213794891244,61.961634663601785
14,94.99289053916685,61.97938797514967
14,94.97288108471004,61.968573944670595
14,95.00220248051971,62.032370956283415
14,94.96961466870975,62.035293245888
14,95.03212976353277,62.037264899013515
14,94.98449162333536,62.0214838270655
14,94.9967995402721,61.99283620428252
14,94.97197023132384,61.962356821470685
14,95.00989907536042,61.95791756984651
14,94.95629831644568,62.003293693107715
14,95.0397460323957,62.021129599046475
14,94.96507139628979,61.99406363729152
14,94.97094942989678,61.97661579671893
14,95.01304293931925,62.023531040978135
14,95.01359610406823,61.990091096059096
14,95.00292861807146,62.01809080662154
14,95.01780079240034,62.04444224792852
14,94.99753214642053,61.956203185347995
14,95.01228788886446,61.99767154621363
14,94.99159589160872,61.95400133064522
14,94.99126453532746,61.96784440987981
14,95.01868042493795,62.01344451506045
14,94.95504926846655,61.982411490024326
14,95.02041012487058,61.96536352702291
14,95.01385829452255,62.01316760413277
14,95.0116003721226,61.99463768440849
14,94.9920186837689,62.02059580569758
14,95.04416521220952,62.00409217461525
14,95.04070026341115,61.9768941205369
14,94.96983300071382,61.99267689059931
15,94.99718987026847,61.993725895065495
15,94.98865098609392,61.99500307398721
15,95.00868360903671,61.99086770903409
15,94.98774961963362,61.98368908453063
15,95.00545188761818,62.01399866218176
15,94.98032826372075,62.00559227972701
15,94.98886951480614,61.997944566730816
15,95.02049233763299,61.96682871981484
15,95.00512103091134,62.02344945914997
15,94.97408273471348,62.01146818941884
15,95.00696450320002,61.9873960655123
15,95.03103977442913,62.009733269882695
15,94.99668149160009,61.97794438861959
15,94.95930725715918,62.00956915379717
15,95.01764167073301,61.99360653547791
15,95.0159655768617,61.98893850096449
15,95.00321143630735,61.950575604267556
15,95.0126910993592,61.97562753394215
15,94.96018557466984,62.01862896163474
15,95.002398536844,61.95861623911235
15,95.0019938216912,62.00699154580308
16,95.01385926594706,61.97390205139069
16,95.03237877279217,62.03236097651599
16,94.99826363183254,61.985425941992474
16,94.98339266032858,61.98683045707353
16,95.01544930090309,61.98978610759447
16,95.01926598204487,62.0282003827934
16,95.00164076068774,62.03587043479748
16,95.02507570287231,61.97499070969951
16,94.997089044852,62.0141534388387
16,95.00616719136653,62.01404329760778
16,94.99113369389467,62.04418778972589
16,95.01676423220772,62.01474327002344
16,94.97223438140283,61.964729362212495
16,94.99370416152345,61.982422656342855
16,95.00883381017454,62.01319624055234
16,95.02148591928933,62.01257168225254
16,94.98868177131958,61.987718883877506
16,95.00093247556588,61.9944806929762
16,94.96966386815342,62.03362877999484
16,94.96467662017731,62.01007283102363
16,95.02051375144234,62.01626535176211
16,94.9639752503165,62.02259592624983
16,94.99739660739624,61.96385974340265
16,94.98593482481085,62.01919749422234
16,95.0001186135108,62.03101092456747
16,95.03146470935943,62.02091327754881
16,94.95315651741711,62.01735407370993
16,95.0037803203016,62.02170839166306
16,95.01655185093516,62.006833032667096
16,95.04095356567888,61.97137837180974
16,95.02491598475008,61.98846830281054
16,94.99084726834731,62.0237966995236
16,94.99309722620276,61.97622299966325
16,94.96446195444015,61.97969471696677
16,94.97961814469095,62.00091123122633
16,95.01797502271793,62.001362960504274
16,94.99624807148719,62.03873383269134
16,95.03095463138037,61.99108049035721
16,95.00689741234235,62.00096060726801
16,95.0045561238417,62.0461697750534
16,94.99520018063835,61.981561760731495
16,94.98534253842274,61.96339751606484
16,95.03285499487271,62.01985015122513
16,95.00083805366663,61.984174456387024
16,95.01609813699864,62.01597389122562
16,94.95885428167784,62.001648185470565
16,94.99135691102545,61.99275542433223
16,95.02662657746939,61.97938100565554
16,94.97922507743588,61.98520428772513
16,95.02893651330362,62.02890110485464
16,94.9843280852368,61.992398912046355
16,95.01038934395764,62.03515876291601
16,94.9756174267342,62.02789424426415
16,94.99543446549272,61.9639018125721
16,94.96365243473055,62.01802782391035
16,95.04314819483879,62.00777708831735
16,94.99548066455611,62.04459035961815
16,94.9586546940147,61.99240542172065
16,94.992226270449,61.985568358459936
16,95.02633227695394,61.971994686374295
16,95.01097177523206,62.04375060022272
16,94.99226239352274,62.01906211279792
16,95.01256322322399,62.04537999403462
16,95.01384488073931,62.011391302129574
16,95.04006226572061,61.98476751404304
16,94.97376159607957,62.00341056288845
16,95.00925421047597,62.00800563672985
16,94.99538691281386,61.98865025810764
16,94.97263654150564,62.015437453594345
16,94.98464847979108,62.00533466265032
16,95.02185367187094,62.02092298024555
16,95.04626749136239,61.98818188759505
16,95.03379498924909,62.00028931268367
16,94.99190797494697,62.040580845412485
16,94.96281418406122,61.98634064518856
16,94.9885177289075,62.02443198778
16,94.96972265762886,62.00236798618778
16,95.0346069905864,62.02634155671189
16,94.98480919863539,61.97594415311832
17,95.00442544407913,62.020131143855565
17,94.99873485710866,62.01963546297447
17,95.00019238403803,61.98875622917323
17,94.99271334258583,62.00204250687821
17,94.96906152732709,61.96491139020926
17,94.99153778413921,61.99165648973363
17,94.99628837539643,62.035893374951726
17,94.95700535229133,61.98438332866866
17,95.0029800510335,61.98368594172912
17,95.04766258655503,61.99199626799833
17,95.01602793956312,62.02926916942232
17,95.0068376010358,62.00796989800303
17,95.01242466814323,61.96094792141977
17,94.98325053109511,62.032381850411554
17,95.02461471007854,61.96688558792518
17,94.96762951187631,62.01110417573981
17,95.01768060214664,61.965851505863554
17,94.97619632717517,62.03255439932074
17,95.00700692063542,62.005744545960724
17,94.98821607023585,61.95810201813967
17,94.9808334373009,62.010390416637996
17,95.02922102090861,61.98644744147314
17,95.03287172362307,62.03717483530986
17,94.95773912778769,62.01832271057979
17,95.03950263466015,62.0154438156674
17,95.02197491926161,62.003045963920776
17,95.0148434161781,61.98915327979077
17,95.01675271270129,62.03636902959605
17,94.96901960676216,62.016826571489524
17,94.99903003382354,62.01508415128035
17,94.98458109882326,62.00639890433671
17,94.98415916570708,61.95439622316565
17,95.00367962434318,62.005561507705345
17,95.01767711413162,61.97486304200255
17,95.0285501830783,62.014636103856525
17,95.03778684127035,62.03180072957405
17,95.00219633327423,62.043428469522574
17,94.98980605354008,62.01301170704458
17,95.00873126736528,62.01180474327454
17,94.99694134567446,62.014787884548284
17,94.97154684466736,62.020991880559826
18,94.99848237886263,61.951657643793304
18,95.03034290625388,62.01954348364135
18,94.96204566448584,61.98434428437506
18,94.96686360336712,62.0055820753973
18,94.96698391233298,61.998997948860165
18,95.02366519930473,62.01099432319837
18,94.98322671793137,62.04017497384066
18,95.02595733185682,61.95853970530032
18,94.98021052319433,61.985936557948435
18,94.95333209339641,61.98514776504866
18,95.00803527498678,61.99549265065243
18,94.99140447972151,61.97113171639921
18,94.95565146435574,61.991780692893784
18,94.96403934210551,61.99907433638231
18,95.02423276693467,61.96861044598114
18,95.01072872879242,62.025399228558086
18,95.00857551535096,61.98566921685817
18,94.96529288424291,61.99159758969562
18,95.01562603076341,61.957926116653645
18,94.98145142103749,61.996447441579306
18,94.97568341436381,62.01639993036871
18,95.02275531170393,62.02440322124213
18,94.97755696372595,62.011419380632645
18,95.02094110714417,62.005622169160276
18,94.99894982308058,62.0295474040422
18,95.02232596594337,61.995340219783515
18,94.98525548647713,61.98578091076791
18,94.99163292968045,61.977352229171075
18,94.9801415299369,62.014107206545575
18,94.96826413808571,62.026228335854306
18,94.99590560629888,62.04401329012936
18,94.99412126151216,61.99135507479315
18,95.04490713729503,61.99183667153482
18,95.01646170123257,62.01204202154819
18,95.01470525984442,61.967588568182705
18,95.00446225452349,62.0149623859642
18,95.00778407110309,61.99145679732574
18,94.9699526075733,62.0190483821287
18,95.01586533360326,61.97897974057248
18,95.03640730129983,62.013661115264235
18,95.04038535743221,61.993721103622526
18,94.98485747250544,62.04114344892887
18,94.98826210919292,61.994315481718395
18,95.00708595932,61.99967223888774
18,94.97604548802181,61.97785157142712
18,94.99450420066957,61.95214158558311
18,95.0185198838811,62.03694224545917
18,94.97105248082465,62.03282749479854
18,94.96419845892844,62.02062284342249
18,94.995415622054,61.99213280061538
18,94.97666068290943,62.01190945029189
18,94.99272547816878,61.95557950631854
18,95.00715612065859,62.00002829066516
18,94.96537834693336,61.99303227673803
18,94.98752629238449,61.967771141718586
18,94.96160895962568,61.97296388955092
18,95.01355147579825,62.00826374661804
18,94.97977195423672,61.990829074779356
18,94.98897691383833,61.96775989356854
18,95.00395060663284,61.98174670180424
18,95.01992667482473,61.99012478909985
18,94.97732779389952,61.99958699715683
18,94.99141791073619,62.00722067027332
18,94.96835518681318,62.02965604641646
18,94.97958214099806,61.95479884042216
18,94.98195780993254,62.01042939706904
18,95.00334763696405,62.03927998826562
18,94.99704029878349,62.01904685111412
18,95.01162477308321,62.01061814456823
18,95.01362589207699,61.996351478652194
18,95.03520713934606,62.034692361315926
18,95.02917738765193,61.986862851176035
18,94.96424469285638,62.02273210761643
18,95.01281834690037,61.97114916208561
18,95.01179292699517,62.04060374787567
18,94.9631930851907,62.00906691894904
18,94.99832070623285,61.99049676155583
18,94.98618029061468,62.036713813508584
18,95.03207929339597,61.98606923780999
18,94.96477890585437,62.01694996073776
18,94.98335369724956,62.001822577526156
18,95.01643495645133,62.004217396060646
18,95.02687299435063,62.04151184272326
18,94.98474193973729,62.042288664511425
18,94.96612101608095,61.98279090156591
18,95.01506818319734,62.039931545340316
18,95.01859747912165,61.982178741786846
18,94.98445566003286,61.992654788523375
18,95.02186400691986,61.99484819356626
18,94.9528194535265,62.00150343396599
18,94.97580368077693,61.97779499380364
18,95.00173684499431,61.96351259488076
18,95.0086077517945,61.98517809818799
18,94.99646245509976,62.042016407214426
18,95.02560952679325,62.006352643247716
18,94.96974428686202,61.974689353999246
18,94.99529449956769,62.002026017216664
18,95.00299578810598,62.009232680050644
18,95.02346678503577,62.00591883083434
18,95.00303488420599,62.01280090789064
18,95.02136613524937,61.975133154204826
18,95.01532613740892,62.003077333273914
18,95.01248999962455,62.01386957799781
18,95.04345809488896,62.01992993714638
18,94.96231220941337,61.99658893772594
18,95.03117648241137,61.96603581947089
18,94.95959956268015,62.002817528587215
18,94.98854106484406,61.971015266034
18,95.02066145007659,61.999778006805066
18,94.99983981553062,61.955882775246636
18,94.98184739030867,61.983229111314
18,94.97908917549087,61.98473387175646
18,94.98480258539412,61.992158636116145
18,95.00694856551922,62.01255392164644
18,95.0087126282528,62.00316742700053
18,95.04299827908397,61.9828887380894
18,94.97229759125148,61.96692566196705
18,95.00327194572961,61.97904426719946
18,94.97520516252727,62.01043057694829
19,95.04256432541644,62.012096400353606
19,95.0075263417102,62.01503689881128
19,94.991283796287,61.979908368877524
19,95.01500166940917,62.02025198462128
19,94.99687187040297,62.00026156626432
19,95.0088135960114,61.9900825679942
19,94.95778306975963,62.005223219738745
19,95.0051220176507,62.017248239939164
19,95.00234438045868,61.9843699567682
19,94.97629916937271,61.99756791903531
19,94.9577477350548,62.00626913516564
19,94.98416681208069,62.00096479585203
19,94.99123192714585,61.96543933923955
19,94.96004460945419,61.978816549029155
19,94.98962221445449,62.01384841095484
19,95.02420377033374,62.03870353706718
19,94.99147754870806,61.99103803303844
19,94.98217068874516,61.965730019696124
19,94.96694800386673,62.00445809096358
19,94.98785531748486,61.99903693517455
19,95.01042335611534,61.97771451834581
19,94.98306209513201,62.00509284582132
19,95.0018667164938,61.98944882514581
19,95.00757785680138,62.01704225111698
19,94.97052192495666,62.01010688290762
19,94.97486628442898,62.009502741615584
19,94.98076261772974,61.96746977900739
19,94.99598880143846,61.990629688313795
19,95.00174264112934,61.977190456867405
19,94.97928299002817,62.015321744118346
19,95.02688651021964,61.986917148624116
19,94.96244748973312,61.96962962516053
19,95.00579144655913,62.02823406884635
19,95.00967650469305,62.011767299838404
19,94.98471240227192,61.980175053623775
19,95.00671136783191,62.01354410165754
19,94.97581573444023,61.97978127414738
19,95.01968401903252,62.0315519124407
19,94.98009039745543,62.03061635584538
19,94.97896678162626,62.022468319959536
19,94.98113351785048,62.042407620122546
19,95.03228507909624,61.9977783861859
19,94.97790734483898,62.01698016170992
19,95.00862269473268,61.979815334316434
19,95.0334481846068,62.000936430296214
19,95.02692769219568,61.97484952308268
19,95.00485541733725,62.02955555775201
19,94.99166894715505,61.99546728364774
19,95.01302701518696,61.975170675822035
19,94.97830266552171,62.00176989472551
19,95.00537610465136,62.01698787453067
19,95.00845624635811,62.01225354216709
19,95.00125728939577,61.97645248588418
19,95.00295537798532,61.980269265676206
19,94.98696830197972,62.02004039559245
19,95.02192401052007,62.006410010233026
19,95.00670141540179,61.98225177467089
19,95.02165852389628,62.00051521912274
19,95.02883753719989,62.00033690180951
19,95.0366732847547,62.01546690419871
19,94.9871288006123,62.003091309541404
19,95.00242001818748,62.004496288224296
19,94.9840115030561,61.98628543243486
19,94.9798635908424,62.01280048883921
19,95.03188281272354,61.96899253271268
19,94.99156536575774,62.01693370961138
19,94.97339235866079,61.993167491476946
19,95.01600869226381,61.97264168468631
19,95.02195472957789,61.98823300890064
19,95.01566016370558,61.982743320813256
19,95.01369680812655,62.0111819163001
19,95.01702616974958,61.97227779057158
19,95.0132999677758,62.01601206677073
19,95.02800809821142,61.990454324165626
19,94.96777479159162,61.99504711090881
19,94.99641255116103,62.0055790059416
19,95.00958545395804,61.98147652801398
19,95.00364949169222,61.97005491669662
19,94.9759082181795,61.974749554950314
19,94.9903287917044,62.00810179984532
19,95.00329030851584,62.00264676277893
19,95.00486021113959,61.983509829222385
19,95.01381080192506,62.00444860243048
19,94.98206775921784,62.00085024323104
19,94.98659418017108,62.037129486211214
19,94.97372462300874,62.00098442693698
19,94.97577174515517,61.985924073265714
19,94.96104483980744,61.97702375264242
19,95.01714452505594,62.018890596063585
19,94.9678534031279,62.0108817471111
19,95.02390142077591,61.96140468447563
19,94.98433451097773,61.99614287563221
19,94.97894420938403,61.960444491239535
20,95.00102592922879,62.042789593877316
20,94.96173654785713,61.971882495759836
20,95.00038118879746,61.9517733157559
20,94.99567455602292,62.010215468966685
20,94.97772900216727,61.98942443257298
20,95.02899705494573,61.967344860169185
20,95.00574821147907,62.02842483481774
20,95.00124387317679,62.02586838233425
20,95.0143643525021,61.97111383531918
20,95.00928994249456,62.02163289813259
20,95.03009367892429,62.03026899652313
20,95.00883783099766,62.036888478684794
20,95.00952213290552,61.99633034410341
20,94.99893301483336,61.98096358078273
20,95.00145184037837,61.984569574481874
20,95.00234969704056,62.0179386661049
20,94.96205709948468,62.01727446322702
20,95.02845505512457,61.960416832405436
20,94.96929432755947,62.03059937978994
20,95.0152598353368,61.955944091885634
20,95.04103902223146,62.0222793029122
20,95.0015616791668,62.01245929191348
20,94.99583548167365,62.00141534825066
20,94.9780473627463,62.006642059135615
20,94.99319416134779,61.97405813036764
20,94.98972218464162,62.006253614526536
20,94.96187011571143,61.992794949138656
21,95.01370086693821,61.97557264573867
21,94.99684204203027,61.98486919970346
21,95.0046940577912,62.03470111550146
21,95.00406381877686,61.960120938283794
21,94.99543091313144,61.984866965728806
21,95.00297357731081,61.98227910745372
21,95.02662414573086,61.99815876268786
21,95.0412117221979,61.97883027974838
21,95.00805442370341,62.020269760242044
21,94.996178011303,61.991814938835475
21,95.00266820969148,61.976533412479455
21,95.0374690620987,62.02619716609426
21,94.96604764166764,61.99442572423355
21,94.96224381723637,62.01490542715526
21,95.02553687796936,62.02070979918889
21,95.01867501261279,61.99438994528012
21,95.04244776899625,62.006886562431426
21,95.0067343942143,61.98681647484978
21,94.96958530886168,62.01697498304412
21,94.99373793296175,62.00107744729501
21,95.01615923890849,61.98253319007551
21,95.00484861872458,62.01984058480132
21,95.03390936555809,62.000741458147374
21,94.98559614206297,62.02965780981374
21,94.99643652086937,61.966469292086586
21,95.00206721755666,61.98685545268438
21,94.99891456023124,62.00194898540293
21,95.04766768699622,61.98671309277556
21,94.98897691383833,61.96775989356854
21,95.01029163539523,62.04173998309545
22,94.98707062516185,61.979657289229465
22,95.04244936476586,62.00146121825303
22,94.9858985427641,61.999263709925124
22,95.03949912967934,62.02894921499846
22,94.99138928058264,62.027023480509875
22,95.04389647287549,62.012511487130304
22,94.9630132697213,62.03254132476337
22,94.97534078718552,61.980679499584056
22,95.04276701772335,62.004113369542324
22,95.04341320952331,62.0173565330401
22,95.01060667951276,61.95273252087442
22,95.04321514651599,62.01230946619846
22,95.02029888795434,61.96905279452457
22,95.02714878642645,61.96013499997028
22,95.00681154140989,61.954069573175474
22,95.00097047980492,61.977294540317374
22,95.01431500505909,61.97982603000131
22,94.99769709691243,61.99759551076657
22,94.99818206706696,62.005183791985814
22,94.96238943610254,62.031307391792616
22,94.96231416886033,62.00299778446016
22,95.04175033951464,62.00064713700287
22,95.00873872395688,61.97698627590734
22,95.03475731130406,62.017493761424774
22,94.99323086315769,62.03567665197227
22,95.03247676335671,62.02943509195241
22,94.97339235866079,61.993167491476946
22,94.96850085346946,62.0092566937865
22,94.99999331607542,62.02394060376213
22,94.99335930480245,62.046870460175164
22,94.98916121187112,61.98171100993703
22,95.00387666204888,61.97587651460087
22,95.01474042308999,62.04425162147714
22,95.03286164268789,61.96364814801365
22,94.97766140294101,61.98474093189412
22,95.00877446186365,62.00697686482154
22,94.99516716268454,61.99265480990757
22,95.02484264828453,62.022030052706164
22,94.99513591661665,61.99657667935346
22,95.00840239210842,61.99859339187709
22,94.96988342707279,62.004333070226046
22,95.0253346749198,62.031596159105455
22,95.04090722779368,61.98552757002946
22,94.9885396386991,61.97866130017713
22,95.03129814407289,61.981904696815995
22,95.00168619310692,61.97792164164403
22,95.02049212865613,62.02087727161199
22,95.02357966296843,62.02652548710928
22,94.96830600095721,62.036548308806545
22,95.00405638324287,62.04841962470632
22,95.00694856551922,62.01255392164644
22,95.04698189562981,62.00529105915366
22,95.00443254032983,62.013058405756965
22,94.97637672261766,61.992459822096194
22,95.02540908479813,62.04259341282773
22,95.01811884365847,62.02472452883733
22,94.9965966775197,62.04629878738353
22,95.00545473159086,62.04118039228087
22,95.0376586525286,62.00912058307803
22,94.96686730731965,62.032838177921505
22,94.96494649737453,61.99995625173137
22,95.01083546369956,61.985394084769645
22,95.04079753484214,61.97928951984269
22,94.98363126965714,62.01214942705058
22,95.0039096786433,62.002050396557095
22,95.01546435346323,62.0074590186396
22,94.98494828196436,62.00923247657362
22,94.95600964927749,61.9977214369059
22,95.00536953615045,61.971546067493
22,94.9901467065711,62.01835965331275
22,95.01036433193954,62.02366599158145
22,94.97852016907542,62.0118029815083
22,95.01152412640602,61.99323258721181
22,95.02884623613257,62.03627808776116
22,95.0287081605322,61.97937463958754
22,95.04256260120742,62.0231532184738
22,94.98083318514782,62.04555845160506
22,94.99190640848612,61.97706608475432
22,94.95050426283741,61.9959290418255
22,95.02171512940612,62.02903475179796
22,95.01037924739936,62.038806750301426
22,94.99355174136572,62.00900195013709
22,94.96108697305081,62.00796269714535
22,94.98628563160435,61.95297738918617
22,95.03666785200353,61.97989793106652
22,94.96823030720108,61.980533245581434
22,95.00395179350362,62.01230646448238
22,94.97575008839964,62.01909347012284
22,94.98267468774357,61.962178726556736
22,95.03723233345198,61.994591398139534
22,94.96979383486655,62.013931261099216
22,95.04755147435219,61.995151811637484
22,94.960213510049,62.01210556783152
22,95.00934162521169,62.045496871042836
22,94.98876683215845,61.9882821264231
22,94.98884746398896,62.01710312286443
22,95.02134451166921,62.03882793788924
22,94.99445364992732,61.95328614283373
22,95.03073382717355,62.03161784568059
22,95.00197529458227,61.99782164566113
22,94.9603195163127,61.973743010743576
22,94.97884328459432,61.98306880116105
22,95.00433205193367,61.99949446813742
23,94.99563410239575,62.01554392073418
23,95.01752637090526,62.0206626676938
23,94.9812984092505,62.00238223873186
23,95.02304853453923,61.96370360954972
23,94.9808831245735,61.9960724234005
23,94.9721734458887,62.00183197704738
23,95.03138270589932,61.988875552945686
23,94.99286947063304,61.976919226776076
23,95.03708455765037,61.983112567825664
23,94.98937673637286,61.9792200910617
23,94.96929993608758,61.96277012767204
23,94.9866326572579,61.9727604314055
23,95.01216740195851,61.9517965644541
23,94.99656399219948,62.01611910716029
23,95.01830005436443,61.99500069221292
23,95.01879982790139,62.00781072419645
23,95.01847856111425,61.96572569411092
23,95.0462661792742,62.01224348791578
23,94.95789993421292,62.004486802353036
23,95.02178612269407,62.02337708671794
23,95.02538108366561,61.99874618976279
23,95.02392525993146,62.00952785767093
23,95.01868854315696,62.01821896321633
23,94.98424997565584,61.99558900336867
23,95.0218371609955,61.98493505050724
23,95.0365746866221,61.98146719724611
23,94.98604710034077,62.01525650964298
23,95.02006346336587,61.99002286648663
23,94.98405912582982,61.99440385040908
23,94.98371037007541,62.037832731891775
23,95.03669408661574,61.99933471665956
23,95.00348924951948,61.96726972865906
23,95.0043421109947,62.010460995284916
23,95.015540367847,61.955950742467806
23,94.9990132437277,61.96640755686004
23,94.9829007119087,61.99242878151684
23,94.9918274336904,61.96855554328226
23,94.99025431042874,62.0419089249498
23,95.0155330566105,61.97196194486706
23,95.01569821266777,62.022885422813246
23,94.97495764907028,62.010916815990534
23,94.97370081015455,62.02660762093527
23,94.98972404001498,62.0402690699693
23,95.04157167625239,61.98575709883118
23,94.98321970776905,62.041156410324405
23,95.04044681200043,61.99872629964144
23,94.98606520327468,61.9554162914431
23,94.99388924380929,61.978011102215994
23,94.97155099302478,62.035339818109755
23,95.02240667848241,62.019273444105
23,95.02222495005395,61.96272688662073
23,95.01535493928938,62.047436690915276
23,95.01344757165205,62.04578621801597
23,94.97686934150511,61.97419622745171
23,95.0280679410291,62.01385892123372
23,95.03473380543159,62.024837551801355
23,94.99927934827139,62.03969074582016
23,95.00460581563267,61.96677339983543
23,94.99378798058436,61.957683644014566
23,95.00374632087807,61.95351596209911
23,95.03171887067354,61.97298586103329
23,94.97889685431562,61.992054014633055
23,94.99246697172167,61.98141156116279
23,95.00796889099367,62.04858962646159
23,94.97592842110896,62.02510138223329
23,95.04472413363801,61.988315830586004
23,95.0019938216912,62.00699154580308
23,95.00485864371016,61.98381114369392
23,94.98063891603658,61.98865069275101
23,95.01621113630718,62.034177668373104
23,94.96312723627798,61.99427993571491
23,95.03081676861322,62.03611935306506
23,95.0424212530778,61.98974875225726
23,95.04071174970743,61.980073232847275
23,94.99456931059089,62.01032239228211
23,95.0210452829182,62.03163247229115
23,94.98303190282931,62.011578154941695
23,94.9765711331382,62.007186366557605
23,94.98848714530693,62.02125427071896
23,95.03446856239304,62.000630525836726
23,94.98833324248106,61.98791550376103
23,95.00980884022833,62.00613413083676
23,94.98633320782861,61.99061466865457
23,95.02275214266056,61.96315804007258
23,95.01065116746233,62.004105852074375
23,95.01291345544347,61.967555133009306
23,95.009386353371,62.02415073914388
23,95.00660505174834,61.987046309747235
23,95.02111988020933,62.00598828045466
23,95.00274109089565,62.015999153967485
23,95.00156617282445,62.00274704578595
23,94.9783708529575,61.98892210277654
23,95.00493249137548,61.97851407743096
23,95.03338762171073,61.99669631669569
23,94.99760304544725,62.02843514903135
23,94.95535817315735,62.01573722409067
23,95.00784824362532,61.99964203339688
23,95.03496206040258,62.012916693038015
23,95.01085826208809,61.957733696721206
23,94.98955597015528,61.96696753455554
23,94.97676830174164,62.019785340561896
23,95.00517921219331,61.977187089079074
23,95.04625706185789,61.988012459514
23,95.03285212169499,61.9906287368617
23,94.99063287894249,62.02389814454731
23,94.950716346191,61.99923233609775
23,94.97386918311514,62.0400128792475
23,94.97749153345447,61.98577351580128
23,95.01740582952638,61.98841455773708
23,95.00066070108986,61.98138043939438
23,95.03369932406436,61.97743252362767
23,95.02144367122614,62.014104489248766
23,94.99820172252602,61.98850181998007
23,95.02906785334058,62.028185994894244
23,95.01794142228965,62.007372146807754
23,95.02256136276073,61.96661675255513
23,94.98996766657963,62.00940895414092
23,94.98438207241122,62.00929620006658
23,95.02988490673151,62.01858996439089
23,95.03484850806906,61.976312601106805
23,94.97949612898284,61.96857489085416
24,94.9835015266398,62.01847994197123
24,95.04131211745452,61.99036357921652
24,95.01422734108691,61.99565509800696
24,95.01486391967937,62.03274619578179
24,95.00615749481345,61.987013089833816
24,95.03268006992425,61.987135365727596
24,94.99637244587687,62.04579514488839
24,95.0146397801171,62.038950413655805
24,95.02148181521333,62.00915727276997
24,95.02561247312906,62.01309852280425
24,95.00161816560706,61.96606799200744
24,95.02073097810242,62.00467421498426
24,94.95857728005612,62.02042875885941
24,95.01216410408757,62.03225459464487
24,95.02134770575061,62.002244086018564
24,94.9522643301607,61.986365273702766
24,94.98507360289963,62.02134826037665
24,95.01013729949675,62.0082314959717
24,94.98465680707146,62.00516701223864
24,95.02034726641806,62.02655109072126
24,95.04605652290347,61.990811783200925
24,94.98472811110888,62.02878040976307
24,95.03014788850989,61.96665109601463
24,95.01166897343946,61.98716365478205
24,94.97758472493939,62.028224275023696
24,95.01454268515455,61.95529310010374
24,95.0043998451315,61.9914667849301
24,95.03639834350093,62.010575510740075
24,94.97283805859384,61.96620658486406
24,94.98099240974236,62.01407345870429
24,94.99884910760711,62.00279519870542
24,94.9744682412053,61.97258517242998
24,95.02680490053655,61.98125178644828
24,94.99809959209665,62.0075640168579
24,95.00952111374706,61.96379910031015
24,94.99703953273915,62.02636185664442
24,94.9790910805767,61.955032002823515
24,95.01473110324231,61.99936768747502
24,95.02983009277771,62.01004560051566
24,94.99575489843528,62.023182152723585
24,95.02083906306254,62.027071428747206
24,95.02275531170393,62.02440322124213
24,94.98835019392753,61.95821755016977
24,95.01700158207815,61.97515081020438
24,95.01845275239859,61.95605727500652
24,95.00376283556857,62.04913317697221
24,94.98201146414618,62.03713431841092
24,95.04367656232601,62.002953663823476
24,94.96910469706125,61.97899127256174
24,94.98480645513172,62.04207161318698
24,95.03576348842309,62.0053226992243
24,94.9881683608925,62.03324489375549
24,95.03001407011445,61.98918605556477
24,95.00769101079449,61.99106935826595
24,94.97375317477862,62.01779610810743
24,95.0403684836017,62.016102553692726
24,95.03200783762398,62.004140616974205
24,94.97681792092936,62.014035758367655
24,95.00310511562111,61.99252310368469
24,95.03387841585918,61.963350636713734
24,95.01375968230467,61.99691315986418
24,94.99759384617222,61.96401866334466
24,95.04118691579254,62.00205086293094
24,94.99187370454759,61.962928711132186
24,94.97318179562639,61.974995947147136
24,95.03889736510348,61.981561401792206
24,95.00227369083174,62.018186168256605
24,94.95485556223001,61.99536550342224
24,95.00705081120095,61.981206688124715
24,95.00404957899896,61.961468582570845
24,94.99694794429345,62.036049401179135
24,95.01979056731686,61.97023166125668
24,95.02392621147536,61.99372443651986
24,95.01889779271637,62.04179602726206
24,94.97290861973204,61.97192446046804
24,94.97277709914238,61.961022459896206
24,95.03479284302011,61.98734606520609
24,94.95666169432161,62.00660940995106
24,94.99816450472298,62.01220560979998
25,95.04053392811666,61.99756420566569
25,95.00419989009613,61.99004303501522
25,95.01769015060698,62.01043981846589
25,95.02037742852417,62.014767131359484
25,94.95642615402807,62.006048226081695
25,94.98273422988807,62.0064696186017
25,95.01505723519868,61.961738075456715
25,95.00887877612186,61.96317738501055
25,95.01468417651652,62.000529265882314
25,95.01164338124792,61.97354932187675
25,94.97743747391684,62.03283374133147
25,94.98827639827574,61.951590208878514
25,94.99779995735572,62.02320831334181
25,94.9792874559253,61.97103287136517
25,95.01417969853189,62.03416955025244
25,94.98438207241122,62.00929620006658
25,94.97011225254292,61.978270104700265
25,94.99998745760819,61.95107692310423
25,95.0089386994608,62.01122829862409
25,94.97648810185432,61.98769300761251
25,94.9725843702708,61.96272734674397
25,95.01114814034646,61.96888685057024
25,94.99109737894756,62.02057930504592
25,95.00647015385583,62.00477368042879
25,95.04971084776898,62.00016178162746
25,95.04239422272148,61.976623623791234
25,94.97403414374838,61.976519522859796
25,94.99147322796401,61.98038099691646
25,95.01519690512814,62.00628765139377
25,94.98996539159454,62.02656251946464
25,95.00504462581672,62.029944130127774
25,95.01787261223592,62.00790805301738
25,94.9643000110906,61.970882645374
25,95.04446791592184,62.01069994565185
25,95.01125423522488,61.95621961253513
25,94.97726341311368,62.00759643431748
25,95.01353217149527,61.99651572703171
25,95.00524649608329,62.01380265496294
25,94.96035045473856,62.01782998488818
25,94.97904048914515,61.983861364620466
25,95.01225371832462,62.01677059060339
25,95.01596917925201,62.017324909052554
25,94.97633548332203,62.01316012370721
25,94.99149442748595,61.977053125109514
25,94.98234657098205,62.01880740548053
25,95.01849537848229,62.0381189696685
25,94.97375170100545,61.98775618354149
25,94.99992895991808,61.985190231721155
25,95.01257690498488,61.979560051492946
25,95.00036504772683,62.00465173337593
25,95.01032598843175,61.960809574423315
25,95.04709983155291,62.00557019261228
25,95.02846127378533,61.98996457646411
25,94.9524375312071,61.994531501007124
25,95.01670644183835,62.03028569255968
25,94.96188130680842,62.02475147779572
25,94.99126519920885,62.02136545702224
25,94.98198862137927,61.98126284512924
25,94.9821880543201,61.985384768643996
25,95.00617327814065,62.001974891874426
25,94.99793783673815,62.025954284933434
26,95.01905621121703,61.96563255850256
26,94.99647557624465,62.00477819486647
26,95.0404247606688,62.0209845476018
26,95.03375578063103,62.02371059736873
26,95.02913266393402,62.006488699056
26,94.95752343779776,62.01913659046665
26,95.00301146582129,61.9791051444009
26,95.01873069482865,61.96281665981516
26,94.99042811822609,62.01326589325253
26,94.99071346424232,62.012081151121066
26,95.03040146958335,62.033821157427575
26,95.01084608590507,62.00855724377552
26,95.0352750385188,61.995818239582846
26,94.97757379530964,61.99586606011269
26,95.03140588453205,61.976891549189084
26,94.98734152936368,62.0160980722784
26,94.99874880633237,62.00826168795049
26,94.97528348105767,61.98997714761967
26,95.00653058301423,61.9892509887713
26,95.00623059727337,62.04782677394764
26,94.99592696576192,62.01931925709742
26,94.98567861344894,61.96719573470144
26,95.00736240017042,61.954067484955786
26,94.96304872041657,61.999004817250345
26,95.0050529802523,61.96166502851955
26,95.01466180180299,61.999748418043296
26,94.98783842343055,62.0202642862301
26,94.96360736946433,61.994274210364104
26,95.00489633882401,62.02694678256759
26,94.99302017798203,62.01646182061018
26,95.0226874222572,61.99612442342161
26,95.00192665647877,62.039247554500434
26,95.01890502594304,61.96021622996242
26,95.00661366650243,61.953431025883845
26,94.98917373375994,61.958717937470645
26,95.02470530567003,62.00666913756012
26,95.02170137855833,61.9648784191426
26,95.01725352781882,62.01537528190313
26,94.96903392248916,62.02883041408301
26,95.03124137681237,61.99037495042725
26,95.01630324265754,62.012957696075006
26,95.03126256951886,62.012763067307354
26,94.97819420948551,61.99376913287484
26,94.9948465599513,62.00172029948128
26,95.03422312876685,62.015658821359644
26,94.99882283508855,62.02560820437737
26,95.00197602603467,61.95386001006406
26,94.98209437256656,62.02068926171857
26,95.00299888476412,61.974825086119345
26,95.00210731058678,61.99817527173109
26,95.0303481450457,62.005062881642026
26,95.02244641068181,62.031244272401366
26,95.0425600275648,61.99566615119434
26,95.00704831199906,61.98870325786952
26,95.03471000998614,61.9830212416797
26,94.97893812479089,61.987103829372536
26,95.00389410857818,62.00349781632131
26,95.01193540761737,61.95387740894309
26,95.02906239267413,62.024283324182626
26,95.0052823578059,61.971335590973595
26,95.02725422105632,62.03806262442064
26,94.97039707541575,62.017960695671704
26,95.00235349266268,62.00172859489099
26,95.01467398828484,62.00903622791873
26,95.00243373177058,61.992654493899025
26,95.00509303887446,61.99851717213866
26,94.98282331707371,62.00261833875405
26,95.01602092650556,62.0093846120152
26,95.00616285825396,62.00763251586086
26,95.01162130072493,62.01034898078588
26,95.00449757908997,61.96033394864612
26,95.03113378556753,61.96278213256513
26,94.98231481359868,62.0050411754712
26,94.98121789874858,62.02600826380782
26,94.98167448138499,61.99613800268313
26,94.95755548044012,61.9794379668882
26,95.02323478542955,62.04300241998269
26,94.98403407594563,62.03874134003909
26,95.0159942640703,61.95356032511866
27,95.01413928826116,62.00286843507391
27,94.98035052933413,61.96175776244312
27,94.97094942989678,61.97661579671893
27,95.00569294011052,61.962309495825544
27,95.02391399488165,62.00128101471954
27,94.97569708348645,61.995652513411216
27,94.98955597015528,61.96696753455554
27,95.01841728635901,61.98066985102544
27,94.99203268532608,61.99726941142851
27,94.95805837829693,61.97734151933052
27,94.98285160846982,61.957146902659616
27,95.00543434960555,62.00055508066147
27,94.966091380292,61.9822276987756
27,95.03652407952377,61.99198567445742
27,94.96519784271212,62.02774082943648
27,94.98278663196265,62.04496303200423
27,95.02084687279475,61.96806108740234
27,95.02222495005395,61.96272688662073
27,94.99738276931848,61.966875364480856
27,95.02889534597516,62.03044928314182
27,95.00484652796615,62.04877969160435
27,95.03083668863205,62.03681115184929
27,95.04916724719716,61.99182572490959
27,95.00653044532302,62.04054864663812
27,94.99079954947965,62.00137068716523
27,94.96464326222166,62.034555971419024
27,95.03341919393539,61.99221231131055
27,94.99451862968512,61.969768735632655
27,94.98962827410351,62.04473989392036
27,95.01948706246944,61.966724410604535
27,95.00091816978578,61.98555117697826
27,95.009684414107,61.98650575462164
27,94.98420869906805,61.97502773266905
27,94.99281740125782,62.04237560778086
27,95.03434376530957,61.995295248732084
27,94.98550505923718,61.992043805149606
27,95.0005017879835,61.96456336805486
27,95.03759484937774,61.99069857537467
27,95.04198456431394,62.02050368206297
27,94.95267366804673,62.01260092818333
27,94.99972248335932,62.019279469242136
27,95.01204494770887,62.01430272907043
27,94.98233964791955,61.970584457274775
27,94.96824343387887,62.01141806140126
27,95.00187063315376,62.01756066000052
27,95.00505771874441,61.9671096327027
27,94.9867240338209,62.00184766819933
27,95.007586763025,62.04785603095933
27,94.97970208908325,62.01859164080205
27,95.02838627124586,62.02819806253023
27,94.98254049842332,62.00354988070879
27,94.96369906575801,62.02257282577204
27,95.00085057609581,62.01431447583067
27,95.02849050009797,62.01249697019958
27,94.99631628020654,62.01684757281794
27,94.99234323527799,62.01477850519229
27,95.02209916543175,61.97880273240151
27,94.96206785321995,61.997494086013
27,95.03052534440346,62.00509968556019
27,95.02071172779267,62.00995716936125
27,95.00912300865461,62.03995895031142
27,94.97643408734176,61.98822070777704
27,94.96758678430747,61.96491907722527
27,94.99150173260834,61.979798834536616
27,95.00793593409763,61.998301315552574
27,95.02848815142879,61.9973399312334
27,94.96937777562697,61.993521873294576
27,94.98929708942825,61.984860157558394
27,94.95934519325145,61.996875133712535
27,95.02431435810118,62.02129831766485
27,95.0196828103662,62.03948638554175
27,95.04913431235788,61.99311818835429
27,95.03135498026002,61.97086065340329
27,95.03977608998143,62.01175306663926
27,95.03752254704419,62.02523731910232
27,94.97552767553535,62.02569966539635
27,94.98484343771888,61.999516690526235
27,94.9534626235287,61.98497422615554
27,94.99091418646753,61.95100380544117
27,94.99275609649797,61.952711174729096
27,94.99889307537694,62.049808954367805
27,95.00226134887107,62.02336110719259
27,95.0319560112289,62.02902950465048
27,94.98952171341956,62.039278096387896
27,95.02396391751734,61.962828003130085
27,95.00740038527171,62.007061287251226
27,95.01253647332429,62.015671335712106
27,94.99231927321401,61.95429579979459
27,94.97024183386499,61.97062126322118
27,94.9914689993513,61.95329299279682
27,94.96523379286177,62.032220203975356
27,94.95881677950962,62.008164656274246
27,95.01196742378531,61.964460421538355
27,94.98872255276514,62.017083736739046
27,95.00015574845096,62.02953185102012
27,95.00489866089562,61.97815931118294
27,94.99831478979812,62.0439492726392
27,95.00198000029634,61.98025070204784
27,94.9772085530935,62.014661404985006
27,94.9761280223542,61.966549921669845
27,95.02687883324695,61.96209709177054
27,94.99825911630451,61.98389846028826
27,95.02805241017839,61.96841063313354
27,94.97183044186325,61.97651454555224
27,95.01989166280629,62.002645132821726
27,94.98126651553021,61.97762056414817
27,94.96832951944846,62.02426050561963
27,94.97575431011668,62.01741810416026
27,95.01623163792273,61.99273408414664
27,94.97684607959815,61.97377346302769
27,95.01049652204058,62.038677031412725
28,94.99682323447495,61.99628540759719
28,94.99639497400098,61.982437414336026
28,94.97314459149501,62.03236837685284
28,95.00653470553908,62.04175207313815
28,94.98911155096688,61.97615843690525
28,94.9551471716633,62.004524571366986
28,94.96752111994738,61.97835790245383
28,95.02569437473127,62.024438112134746
28,94.96453058971527,61.97129894552853
28,94.98920813264738,62.01147414668747
28,94.99407818618926,61.97960558113468
28,95.03071300009645,62.02524616436424
28,94.98837322694385,61.95703424701262
28,95.02894944788814,61.99948191163948
28,94.99289053916685,61.97938797514967
28,94.98764291613477,61.98572606916888
28,95.00610977591084,61.99727911775551
28,95.02404406480849,61.966669428476784
28,94.9654293660112,62.025576242319644
28,95.02763330603503,61.9608854435744
28,94.96924596509093,61.999031367105275
28,94.95502170551876,62.005972345551655
28,94.98291917882925,61.966146110039105
28,95.03816167753517,62.021855798886065
28,95.01669875879736,61.99931318414891
28,95.00845624635811,62.01225354216709
28,94.97770996933276,61.97569131972536
28,94.99347117741041,61.987603003022144
28,95.03019182235073,61.97747048379579
28,95.01937353842577,62.00862546397004
28,95.00888134878211,62.01720496765033
28,95.03859945096147,61.97380517403343
28,95.01459725237342,61.99533997233281
28,94.98922174320238,61.989993050941564
28,94.95854320505855,61.97558733575564
28,95.0382153369139,61.9873239695032
28,94.95876016983584,61.998944964020275
28,95.00319371314505,61.97850810371066
28,95.02895860649261,61.97370688214709
28,94.95639897652019,62.00403130820226
28,94.95792950374852,61.97743328648545
28,95.01349793040883,62.03743236127801
28,94.99360831092919,61.994612172932925
28,94.98049845733559,62.032493032830445
28,95.04436395743147,61.98747612194036
28,95.01981760976288,62.041487022210426
28,94.9523271656609,61.99892968705653
28,95.01570583256472,62.02163753115406
28,94.9812984092505,62.00238223873186
28,94.99945195171804,62.004397878813684
28,95.0254179541511,62.03482458705554
28,94.9826831135446,62.03628291607262
28,94.99604175686491,62.034465712654296
28,95.00800428732576,61.96715223309599
28,95.02329226585614,61.99742787455503
28,94.98935472823293,61.985607178417396
28,95.02731597671274,62.0226892418772
29,94.98317528387429,62.00038208861336
29,95.0079182709011,61.950928003634026
29,94.99753321102318,61.97616683106755
29,94.95547220828374,62.01531653495965
29,94.9739202929703,61.98601185051563
29,95.01718670814726,61.95968890279106
29,95.01393634403483,61.97417163135924
29,94.97211770128514,62.02114171716605
29,94.99937584695628,62.00578778919264
29,95.01426906226574,62.01163623217675
29,95.04857901628517,61.99102428988543
29,95.0377411111153,61.97737610628731
29,94.99166009644983,61.952346539542795
29,95.01594080255178,62.003261253577804
29,94.98999015023438,61.98035455461322
29,95.00977799046977,62.00352973634551
29,94.96640885033133,62.01234862980671
29,94.9769506776583,62.02256119949848
29,95.02200014901483,61.972057832338656
29,95.04590463069549,61.99745346510505
29,95.01408236923449,61.98217365513243
29,94.99737395533066,61.9853240310372
29,94.98499724424623,62.007176872949714
29,95.01676775620452,62.038981728095195
29,94.99947833825331,62.0051333438958
29,95.02077520404046,61.96506427648952
29,95.03330188444785,62.00715441025182
29,94.99147497222717,61.9818178029673
29,94.98627005178727,62.030582121271486
29,94.9722313099526,62.02781168195239
29,95.00912921041005,61.9599489348027
29,95.03517094750592,61.991831341802246
29,95.03099769420136,61.99906175631048
29,95.02184436345495,62.01165765557686
29,94.98900337837482,61.98433761824044
29,95.00389946319449,62.044115135339474
29,94.98910660119837,62.00828361827218
29,94.97188173140289,61.99374872450171
29,95.01794768502107,61.972109306318735
29,94.99561976664233,61.955523738894136
29,95.01287401268236,62.01381671210694
29,95.01250951168569,62.008238248511326
29,95.04694525305982,61.985023192716774
29,95.0005021578987,61.97755759795423
29,94.95936002980358,62.02544620236941
29,94.98698334859174,62.03351363278842
29,94.97289303015171,61.983466943184666
29,95.00298418443609,62.011949841292115
29,95.01733121101668,62.011131735139195
29,94.95979744221079,61.97552144450036
29,94.97410672409947,61.97888186257458
29,95.01228788886446,61.99767154621363
29,94.99711364469601,61.96931839530483
29,95.0202352033979,62.0163211345309
29,95.01036696928043,61.98576773158956
29,94.99658739042,61.99773351655044
29,95.0305015218918,62.01710766152543
29,95.03525662483277,61.991694605642216
29,95.00588417970435,61.99878548930463
29,94.98677783625041,61.95862605625427
29,94.9639671635445,62.022637184602985
29,95.00693620916026,62.02207713674654
29,95.0183568790623,61.984512985616306
29,95.01470525984442,61.967588568182705
29,95.00462401805837,62.00167683462144
29,95.01685298912032,61.98901373706172
29,94.9940210570054,61.96492360370368
29,95.02650339909208,61.96987806884808
29,94.98901525938204,62.034099501682434
29,95.00932618511945,61.97155481802516
29,94.97852016907542,62.0118029815083
29,94.98122231496933,62.001171847926024
29,94.97493580246307,62.022300459619416
29,94.97978436691604,61.95941263387362
29,95.02338993186711,62.026219663979845
29,95.02235705593705,62.00183865649842
29,94.98952271368947,62.00524552210749
29,94.99808573344309,62.01238684281745
29,95.01123121847212,62.047246030443965
29,94.97227250748007,61.992679979583244
29,95.04624432061168,61.987936478730326
29,94.97185225742089,62.04120791868378
29,94.97174547577728,62.026881321272384
29,94.98685911320588,62.00440048910625
29,94.98221168177504,61.985272350324585
29,95.02967029810516,62.03473557126983
29,95.00822785796329,62.01786315023368
29,94.99737254376276,61.98411468646794
29,95.04147141651423,62.00354587645492
29,95.0301279013188,61.989869660194316
29,95.01005926495489,62.040287578408574
29,94.99128717207114,62.01857998807815
29,95.00492948757643,61.97890859901413
29,95.00216369105524,61.985731440090724
29,94.97538170409781,61.96412306241119
29,95.03794653492902,62.002128069528005
30,95.02421587685443,61.96732594246213
30,94.9951249197656,61.97345848970162
30,95.02088433436299,62.03300786464371
30,94.96992264256598,62.00820147159088
30,94.96453878662454,61.98709389642175
30,94.97482883254739,61.968721855801846
30,95.02239861971606,62.00948350580494
30,95.00312449478956,61.98269327625394
30,94.96663061888485,62.017918749257525
30,94.99603940454772,62.0149093840409
30,94.98072581691768,62.03936046315365
30,94.99585453365933,62.046183752007934
30,94.9627914928713,62.02579227641463
30,95.03861128658988,62.01307312496622
30,94.95847685434995,61.97338669197025
30,95.00698240806047,61.9805412629982
30,95.03375834883146,62.02719359542265
30,95.00328346084832,62.011978615253106
30,94.97738805863746,62.01128966523017
30,95.00672653743977,62.01666271467564
30,95.03845905829064,62.03191956348557
30,94.98262620113742,61.96328426990387
30,94.96895068027557,61.96228210654098
30,94.98376172303708,62.00315570687077
30,95.00298173194292,62.01233053362233
30,94.95330004364513,61.98313626360209
30,94.99801787107874,62.00682724283056
30,95.02759566814849,61.988133589327
30,94.99853915948005,61.98294868292872
30,94.97187573754536,62.02894196586478
30,95.02633359298282,62.03469077714781
30,94.95643229221804,62.01681107744696
30,95.01153389333511,61.99718526452532
30,95.01259144700796,61.98980994192173
30,94.9505467438688,62.00546581247126
30,95.01568676282251,61.9847855501875
30,94.96312267284641,61.98731891848974
30,95.00161788496024,62.04322273367708
30,94.96420739130149,62.00569964836343
30,94.99278873789943,61.99240845296425
30,95.0174304393359,61.98776267996772
30,95.01471183768322,61.98965882755202
30,94.98854239781224,61.96755164970261
30,94.9762686299431,61.97824872855182
30,94.98504108200102,62.00571970125248
30,94.9986150283665,61.980497365872445
30,94.99634462410901,62.009353822789635
30,95.0179871857683,62.03825853744001
30,94.99100327980403,62.01621320010423
30,95.00335324618986,61.96555622130245
30,94.99075088417275,62.01185470568504
30,95.03953640582779,62.02353069712057
30,94.9856831703352,61.99615109797489
30,95.04451208730704,61.97813852540347
30,95.02758479480404,62.019968417921646
30,95.02167125143939,62.01438796939634
30,94.98422993621472,61.98875251926883
30,94.96668998084189,61.9711266070799
30,94.99457068643729,61.96772913008678
30,95.02173134294539,62.0369450800609
30,94.99336959334755,61.998074712590146
30,94.98776533972683,62.014493082067574
30,95.02473430274829,61.99275149764295
30,94.99618720375733,62.04353473813919
30,95.00401151016143,62.038540511833
30,95.01519690512814,62.00628765139377
30,95.02061264755349,61.980710864322475
30,94.98206015205301,62.00948649121141
30,94.98249893997902,62.012776417575104
30,94.99843326544887,62.01998989121672
30,94.9610620948604,61.97245935919696
30,95.01349259057802,61.97411640182292
30,95.02212739954322,61.9641009353242
30,95.00210903358096,62.006857751495914
30,95.0047828108647,61.98260433298992
30,95.02992192336146,61.96086294989945
30,95.01407746677576,62.032603637674676
30,95.01490991448158,62.01242083331987
30,94.96440462180028,61.98240297533277
30,95.00797615831948,62.040538937405884
30,94.99580346064823,61.95314453763512
31,95.04393561319363,61.98653869122586
31,94.98938919903861,62.002096006110385
31,95.00873872395688,61.97698627590734
31,94.98892647432535,62.01568248563918
31,94.99094536639137,61.99977058051215
31,94.95952448654558,62.023813539205456
31,94.96036731164955,62.02794450773395
31,95.03992565449076,61.992084101868095
31,95.03280702158658,61.99772973461235
31,95.01535129090284,61.986697330775726
31,94.98029784465137,61.965097073286465
31,95.04344313368087,62.011486291472494
31,94.96586093407586,62.02181501473652
31,95.00200107156122,62.045492031318446
31,94.99659022647967,61.97639566822347
31,94.98594868439747,61.98577553321717
31,95.03737294049475,62.01765684431599
31,94.98475304559962,62.031589896406956
31,95.00076676151939,61.95221888888399
31,94.98575634727675,61.98281383355635
31,94.99073471072334,61.99044791581384
31,95.04385880996782,61.98433886855754
31,95.0386600068015,61.992862389858566
31,94.98309784830975,61.95688759215204
31,94.97775082579463,62.00834671015792
31,95.01088070948832,62.01634613292126
31,95.02699373891001,61.992675745309924
31,95.03454642159173,62.00197030443295
31,94.96455757518969,61.965243446138516
31,94.9919285226159,62.02961319373116
31,95.02612773441987,62.00667672743661
31,95.00685517714551,62.03966430010434
31,94.99698794088565,62.028919139837605
31,94.99345736769746,61.97360404807786
31,95.0092458433941,61.97841736829242
31,94.99216076679502,62.04628264328969
31,94.98918972510313,61.964348092766976
31,95.02217744635084,62.01099882918258
31,95.03720251905212,62.02818083531883
31,94.9911585722087,62.00797480071517
31,95.00316217742468,61.987118887913155
31,95.01131168289055,61.95714027863099
31,95.00068570894307,62.01389132725269
31,94.99179550628511,62.011867127352424
31,94.95127964005952,61.999395128191004
31,95.00794429927157,61.95912993216001
31,95.00415865840056,61.95053813987617
31,95.00191818217534,61.9707756813475
31,95.00566330987053,62.01633194640865
31,95.02735213925433,62.00387982255525
31,95.0042842049723,61.96172274763144
31,95.04567793820148,62.005311009009475
31,95.03492613380124,61.97097922008007
31,94.97586355478425,62.041688591889596
31,95.03300232039258,61.97144392066139
31,94.99257902942277,61.98521316766864
31,95.01076973655867,61.98341443796286
31,94.99188809331638,61.995259641665484
31,95.03335674406219,61.979057481327764
31,95.03837762069877,62.00551830841616
31,95.01979788389121,62.00997776076008
31,95.00104363840777,62.01483159855265
31,95.00981484788609,62.0101129568434
31,95.0109004724999,61.96373018532209
31,94.96455064229266,62.028963621629224
31,95.03403745764858,62.020039275522244
31,95.03082045719967,61.98611846061345
31,95.02400745490502,61.9634046605918
31,95.00840239210842,61.99859339187709
31,94.97239563496848,61.99235899827762
31,95.03438246648933,62.03474269028344
31,94.97891892410358,61.984285200368014
31,95.01727221002174,62.028226417735844
31,95.00877217675264,62.01159301728497
31,95.011136546394,61.989822874184604
31,95.01171405869302,62.02916552577429
31,94.98980270697216,62.006590066507144
31,94.961773483599,61.99968234280845
31,95.04185593656227,61.99049535519082
31,94.9675468598632,62.01114010088162
31,94.95444241685095,61.99646160575821
31,95.0249945902232,61.977986298691626
31,95.01826638833437,61.97401276321252
31,94.97436842972846,62.02806452071026
31,95.03933565303119,61.99908126927138
31,94.9966575794359,62.022872413004215
31,95.0128924117559,61.992379467047314
31,95.03695214599871,61.9838903203309
31,94.99900595753331,61.95972375636624
31,94.96640997950104,62.00748081920452
31,95.01581931152424,61.98428036991267
31,94.99040464340418,62.03490592016046
32,95.01149778585767,61.98821760770115
32,94.98409246863258,62.038133045417744
32,95.03169881813189,62.01354019242766
32,94.98343885685404,62.00002545850738
32,94.97299957377051,62.00487601578199
32,94.96372914503046,61.998852482503054
32,94.99542097367659,61.953933668836974
32,94.98785618437698,62.00259485978397
32,95.00148167542984,61.979421562750915
32,94.9770912089857,62.00199177186168
32,94.99400697104686,62.04325605249307
32,94.97169972895854,61.97381658452658
32,95.0038824506058,62.01780528480125
32,94.95135664698755,61.995658668495146
32,94.97961147900789,62.01068970514087
32,95.03911957623,61.99815007471507
32,94.99859694990487,62.02805179383486
32,95.01120095432893,62.040959914508505
32,95.00023209958083,62.028945328635096
32,94.9823600143608,61.96830558040939
32,95.01936389931411,62.00316072618922
32,95.00998053000933,61.9880690885188
32,95.040763827386,62.0049223715834
32,94.97693107900066,61.99165728346959
32,95.01157431041031,61.98869223680286
32,94.98530129712937,62.02098924964131
32,94.95915148724369,62.02162003394766
32,95.000550882435,61.97333289045882
32,94.95480132616953,62.0138860726765
32,94.9928195132823,61.98745811340669
32,95.01835028780059,61.98913243037973
32,94.99165246042965,62.04451765101582
32,94.97131068816037,61.99424914963529
32,94.98736547153653,61.98141771761842
32,95.00904029657401,62.02680282834489
32,95.0201173257988,62.01482415173182
32,94.98463805749596,62.02052983466705
32,94.98914832620781,61.99870300379718
32,94.9972480642868,61.992124860188774
32,94.96204939978486,61.982429502275764
32,94.98132929682555,61.98215809284544
32,94.99884992188652,61.99390231836526
32,95.00080859947673,61.968521786645915
32,94.98808305101436,61.96211766925358
32,94.96334026785125,62.00196726380122
32,94.97155099302478,62.035339818109755
32,94.98085783096201,62.024520166132234
32,95.02281619677804,62.001361842449235
32,94.97457294935668,61.993191996167795
32,94.97161799479424,62.01622019087498
32,95.03647623897481,61.96999459949114
32,95.04277181146773,62.01019379918092
32,95.04388655768628,62.016975295052674
32,95.00216369105524,61.985731440090724
32,94.97090251667616,61.99886037873149
32,95.01105064517496,61.9895956600874
32,94.98719485214541,61.982669773827595
32,95.03010483464864,61.9811960555662
32,95.03413374936333,61.986297481268856
32,95.03036902559614,61.96550313073269
32,95.00127279712999,62.04230073935943
33,95.04850988949542,61.9915690617629
33,94.95482949043337,61.9966578876333
33,94.9711302791218,61.971906843439164
33,94.99655113337461,61.99133192641877
33,94.97087889914131,61.96212021796754
33,95.01864715312472,62.03747642772579
33,95.01150382256806,61.97969030426185
33,94.98941475279332,62.03609373907868
33,95.03158801508044,62.014992752070285
33,94.96385035267402,62.01172037918409
33,94.99805680896935,62.00292263080952
33,95.00370670272218,62.016122646417585
33,95.0173898555693,62.044432407801644
33,94.98480704587453,62.00931497976655
33,94.98127518141382,61.9763248173484
33,94.96188897881419,62.027140199575555
33,94.98592705435622,61.965324250575485
33,95.0388880930397,62.01002463312167
33,95.00130046571523,61.995413421357206
33,95.04455923146736,62.00998874384242
33,94.98127880577543,62.03497575645426
33,95.0444847659899,62.00444938148938
33,94.99947914904205,61.98616285701167
33,94.98256654459244,62.03089651664796
33,95.01243061216915,61.9778595166611
33,95.00663559584471,61.956941979315154
33,94.97214143368159,61.967039762685374
33,95.0197664491688,62.00298946848532
33,94.97483399770103,61.99659765402363
33,94.97071052396943,61.97027218561059
33,95.01989409611343,61.95994915943161
33,95.01578091820681,61.95677305489048
33,95.00417079198932,62.02025336280537
33,94.96627294275586,62.00168595221535
33,95.01044171042278,62.031117205856226
33,94.95428711167301,61.99468634246703
33,95.02025195530202,62.003413640319245
33,95.03041115309931,62.0248423893747
33,95.00683127120327,62.042128339534656
33,95.00702164176627,61.966782754212495
33,94.99786638205612,62.02105057454538
33,95.03790045158178,62.02464163365918
33,94.99680153203873,62.02748880210094
33,94.99686429025856,62.039574423679596
33,94.97443290223421,61.990730428703344
33,95.01696369254655,61.99755984281878
33,95.02703369620984,61.98718596606771
33,95.0236611310801,61.972526639529306
33,94.98538086585701,61.97958733853942
33,95.02613944157528,61.98969621821693
33,94.99885187156738,61.977078072250464
33,94.98040939499582,61.98671837552605
33,95.03016575715132,62.03071022415023
33,94.99064340957904,61.99670683265842
33,95.01272014434127,62.004698656127694
33,95.01625033813761,61.98344393713509
33,94.96492253786998,62.0318811075357
33,94.98947756272707,62.040470063772055
33,94.99722143289947,62.00502702422515
33,95.02497033851053,61.963748542829755
33,95.01066332028896,61.96088915522401
33,94.96217763842827,61.96861638184062
33,94.96151345180792,61.99825736804465
33,94.98239004350305,61.98064542754081
33,94.99701682156119,62.04390140666581
33,94.9916387668524,61.97367426446367
33,94.95745597057494,61.981775111503936
33,95.02289807822653,61.960347956686945
33,94.99505480394075,61.985074267626395
33,94.98337171343312,61.99068054597873
33,94.99252386328358,62.02096340536327
33,95.00232194454185,62.03734648893411
33,94.98825641004964,61.984992476765825
33,95.02019283143287,62.04009942507322
33,94.9615428047565,61.994179759191645
33,94.97271237811545,62.021963416395586
33,94.99260225970743,61.99234868916891
33,94.97381063737431,61.985105217175764
33,95.0323991244259,62.00491427545621
33,95.03927142441422,61.98829636973312
33,94.99493820339195,61.96116541671051
33,95.0212425218468,62.00601002401861
33,95.03267529141692,62.02831490610989
33,95.00408736360804,62.02953064614998
33,94.99462471492642,61.98138360707593
33,95.02884623613257,62.03627808776116
33,94.99563498029252,61.99094912569594
33,95.00857551535096,61.98566921685817
33,94.99612244144919,62.027534358823466
33,94.99934569643051,61.967779815933284
33,94.99515037752211,62.027583374542814
33,94.98099459981337,62.01417471785619
33,95.04567793820148,62.005311009009475
33,95.02641870110993,62.01323169258419
33,94.98258649128789,61.9555960154631
33,95.00241990056573,62.02995478225905
33,94.99080006221928,61.95472074172865
33,94.98449347103914,61.99222510876671
33,95.01191436644481,61.977494015068245
33,95.0091375824495,62.005221006539
33,94.99067487857201,62.01052861289403
33,95.00765329772095,62.000979821049675
33,94.99457761085137,62.04759815283428
33,94.99592210978503,62.04653959619649
33,95.02257489595189,61.96987487820157
33,95.00166612957452,61.99077230828888
33,94.95984165312105,62.01369910680018
33,95.01534906332904,61.99219556828954
33,94.99880089440599,61.95315584650697
33,94.97597591299275,61.96655013365418
33,95.00148433084506,62.00638487625258
33,94.996178011303,61.991814938835475
33,94.9951652764062,62.023038761755764
33,95.01955160285016,61.954537518414774
33,94.98897848853518,61.97150612115943
33,94.96698465549402,61.9637365553897
33,95.0090967181492,61.95787785477208
33,95.01532988472403,61.98045269135686
34,95.02491503459008,62.01744605225442
34,95.0301679873579,62.0025727357198
34,94.98197719918204,62.04429712834223
34,95.00819584709274,62.00271742463897
34,94.96605740048193,61.98709343190583
34,94.98858219307209,61.99293307627651
34,95.03306955688302,62.0083751392529
34,94.96282119871758,62.02027799406133
34,95.01926130251057,62.00534408803476
34,94.96877396337112,61.99302297493019
34,94.99127576752558,62.01905112400049
34,95.02256467638705,61.97663234095682
34,95.00637144131257,61.98228658906266
34,95.02226134991696,61.972034782101034
34,94.98704937250585,61.998093880790066
34,95.01042220285996,62.01236367235122
34,95.00542735898803,61.980960840655925
34,95.01506286959206,61.98103908615356
34,95.01134145953313,62.03769724270217
34,95.00216353629168,61.98996532688331
34,95.03404757469428,61.99932277172556
34,95.01268422112783,62.00542417525035
34,95.01560476965406,61.96100866318794
34,94.99957707367544,62.00856937950857
34,94.97211709945562,61.978039123011136
34,94.9713523119532,62.018290480734336
34,95.01439841675474,61.98239013291704
34,95.00263448525315,62.0477356473756
34,94.96645228373126,61.98578812729012
34,95.00842002712842,61.994484278621165
34,95.0081117058204,61.980749147932784
34,94.99542132171402,61.9848291688235
34,94.97265650974417,62.02843494839861
34,94.98868177131958,61.987718883877506
34,95.03813777183491,62.01508148996868
34,94.98229257842759,61.989238756550016
34,94.97532865736265,61.997390854976786
34,95.02845210165667,61.991703990976916
34,95.04400748084572,61.99888824340844
34,95.01696327020669,62.02953204517836
34,95.02073128843922,61.98753546309403
34,95.04674413237144,62.00726552751071
34,95.0042725437068,61.96521478604521
34,95.00146811237376,61.963109839469176
34,95.00540879890532,61.98218153222489
34,95.0102313531178,61.99084641356728
34,95.04263253656197,61.97440204765596
34,95.02439960185947,61.991101845843
34,95.01792148166287,62.00449330286796
34,94.9674628141978,62.01101576764515
34,95.01836363459316,62.03574977454907
34,94.97958518264855,61.98380152104445
34,95.01340143618434,62.0196279693744
34,95.03341398783179,61.99210040510893
34,95.00787860122831,61.99653348508418
34,94.96709787503104,61.973771510225596
34,95.04034668567726,61.983704291334256
34,94.98806877630784,62.034960352796176
34,94.9895854483643,62.000040705270884
34,94.99007418478793,62.006014618494746
34,95.04111226720994,62.0109087393761
34,94.964126118507,61.969260873965986
34,95.00995216134186,62.04144417645512
34,94.97441259594511,61.9673351478086
34,95.00929743488352,62.034574965485625
34,94.99586146649243,62.04763114927978
34,94.96721567992299,62.008379470047494
34,95.00866868081256,62.03389283179745
34,95.02719716109578,62.04101501385864
34,95.017949881901,61.99880066174676
34,94.99118168256771,61.955306263134936
34,95.00394918683988,62.01624242462235
35,95.0264890434145,62.03977937567664
35,95.0240368750684,62.00500215682245
35,94.9754939944062,61.994360556249475
35,94.97605951436384,62.00304830377695
35,95.02999375366532,61.991218915456244
35,94.98860462820245,62.017983131013885
35,94.99453936947262,61.99721017232705
35,94.9762211084621,62.03515875870861
35,95.02040165390267,62.04383267053364
35,94.98187050229996,62.021626176419176
35,95.04097956786043,61.99431638137328
35,94.97727365521645,62.03295474586011
35,94.98968577041758,61.962348153428465
35,95.00738068898457,61.99235977140573
35,94.98203698898561,62.023639090068485
35,95.0086906472891,61.964200890773064
35,94.98561675668799,61.972731735645844
35,94.953489624469,61.99942079269626
35,95.00448965850553,62.03450463660648
35,94.9952176091029,62.02350489722076
35,95.04298473959139,61.99564611897886
35,95.01624949514107,61.98123426966753
35,95.0286434710975,61.9835342682278
35,95.0194694717033,62.01359425766373
35,95.02512863261887,61.97898090038109
36,95.03373382856317,62.03451388614691
36,94.97118769820153,61.9825144211509
36,94.98055718661395,62.01408389166221
36,94.99319919512313,62.011806123428386
36,95.00147632272966,61.995002615582706
36,95.00981692856483,62.03747803962471
36,94.99531447146505,61.95921877087433
36,95.01159097089639,62.015534040558954
36,95.02508704263855,61.98618644995452
36,94.99662250261481,62.01441695816473
36,95.01875622395943,61.99517826971814
36,95.00460969980871,61.979772323530675
36,95.04634276857978,61.98762886783928
36,94.98414794081836,62.036638559286466
36,94.98029784465137,61.965097073286465
36,94.9812984092505,62.00238223873186
36,95.0079344426018,62.015533258879685
36,95.00285943644502,61.957593978538135
36,94.99238550056172,61.9861155664479
36,95.04226344880745,61.9997410768703
36,94.99203894425362,61.99041162170957
36,94.9942689456721,61.95071954936218
36,95.00181972292303,62.02771736274466
36,95.02698806761958,62.037324300316605
36,95.00118997992865,62.01236406043861
36,94.99523175320745,62.026954748887256
36,94.95982643051983,61.97405411852451
36,94.97774674131068,61.968505307312675
36,95.04437863640887,62.01831290588923
36,95.01863689780193,62.02399266160886
36,94.95956639639691,61.993778120997206
36,95.00739233493101,62.00271885701349
36,95.02163273957711,61.96326152388194
36,95.02284930373956,62.000994576718774
36,94.99719441193022,62.01981182035026
36,94.98430851833083,61.955175763669416
36,95.04210632899357,61.995726917044344
36,94.97005643621914,61.98174171742835
36,95.04294994894724,61.98650644183357
36,95.01164338124792,61.97354932187675
36,95.00369516407008,62.020504971185105
36,94.9764087305575,62.021425302574364
36,94.95657920662053,61.98654589593917
36,94.99742679393667,61.95278930515506
36,95.03893727680634,61.99927625670421
36,94.97057168791515,61.98218019978061
36,95.00940086948675,62.01323803902762
36,94.97237279576547,61.98545878006669
36,95.04180671131931,62.0048532605046
36,94.99830236319639,62.00515814770797
36,94.99149442748595,61.977053125109514
36,94.99092025154665,61.952553295001884
36,94.96735197776523,61.994882636799936
36,95.00084502659828,62.01102720288711
36,94.98457059243616,61.999570415217086
36,95.02489286985451,62.037484602351824
36,95.02664684975304,61.96547243141744
36,95.04102066108568,62.02033112746983
36,95.04742966772459,62.00059778200408
36,95.00180586639095,61.961458963981514
36,95.01405540843187,62.04171296270025
36,95.0139568528191,61.967450519875065
36,94.97910046090921,61.96710917126308
36,94.96583473038402,62.03153959059727
36,94.96672038494623,61.97383116423898
36,94.97312866899078,61.997819455105635
36,94.95555870810672,61.98854800597294
36,94.99386408965266,61.9943597728952
36,95.00617592715956,62.01049211263702
36,94.97138482697648,61.96923935384565
36,94.97663539628776,62.00584591832344
36,95.00279111487303,61.98439784016088
36,95.01530813645088,62.0123801602222
36,95.00178558764884,62.00298292869296
36,94.99799510091334,61.98562180087686
36,95.01099731928716,61.9926057654629
36,95.01149396628409,61.99341386988036
36,94.98736715070754,61.963351785207514
36,94.9764858337247,62.01977946427074
36,94.98132833755868,61.97933798835455
36,95.02128796363986,61.98604914207784
36,94.99480121689518,61.957843809174285
36,95.01880118033826,61.966951478261954
36,95.01841799938309,62.00988016850373
36,95.02692486737737,61.970833331679046
36,95.01357508018853,61.982917735683
36,94.99395122835264,61.96680414807344
36,94.97078520164946,61.96290138797805
36,94.98769159029455,61.957906023400525
36,95.02147899690318,61.984355959272186
36,95.02604897549908,62.026677535351475
36,94.98523716253715,61.98204384798548
36,94.95525792229954,62.01619472676188
36,94.99746225618745,61.96942463659025
36,94.95619852013415,61.99103818015996
36,94.99949026001471,61.99822983141036
37,94.9651034988281,62.03019370972633
37,94.98618784004908,61.98159365049901
37,94.9968937791794,61.995497842739674
37,94.98449347103914,61.99222510876671
37,95.01322782531626,61.95755127190602
37,94.98568803259444,61.95896767231063
37,94.97875989323776,62.04488494665538
37,95.00820674219125,61.9671870900228
37,94.99644861786498,61.994432010250385
37,95.0311801790688,62.003383240699954
37,95.0178656930019,62.04093126982237
37,95.00229476296084,62.00591623938126
37,95.00831500772128,61.978752140617246
37,95.0227704981145,61.973946449624336
37,94.99366331205087,62.048007768983204
37,94.97407687648241,62.032855278646515
37,95.03817611937497,62.02219308214572
37,94.97086549890348,61.96397634112686
37,94.9776162350366,62.0090205560365
37,94.96850579882677,62.023094319719554
37,95.00887610204268,61.97673064227567
37,95.00672119469925,62.007158532641355
37,95.01701984130008,62.00032099483352
37,94.9784535226262,61.97810880867366
37,94.98039821892637,62.00189957772792
37,94.98501100527031,61.977109422043014
37,95.00047014045114,61.97971706949275
37,94.95997975185242,62.009732489933704
37,95.02324065404491,61.961349549562556
37,95.02388494752682,61.96819922345332
37,95.01236869949507,61.9855808880004
37,94.97379218345809,62.02251832509647
37,95.0326168435721,62.01957683731016
37,95.00615501731107,62.037964161982586
37,95.0117271680494,62.03501632573157
37,94.99653465369938,62.02155735963206
37,95.01520140989861,61.959987437337425
37,94.97283819434362,62.0063786027748
37,94.9875351280398,61.997194824313155
37,95.02235553823309,61.99482776502881
37,95.02212336780507,61.99564177044127
37,94.96241854271982,61.9847087723288
37,94.97655528264698,61.979238284798754
37,94.99362777458724,61.951510859598336
37,94.98676734736581,61.99292577222747
37,94.98430309540484,61.96047287791206
37,94.96014512271795,62.01732485538733
37,94.99002324481417,61.984520974531804
37,95.02063304009688,62.00752176655168
37,95.0214224679352,62.03879441604298
37,94.98401070740027,61.98124743393781
37,95.02956661160356,62.01885186556007
37,94.9699753807267,62.013812365459
37,95.00500875054112,62.02729567413072
37,95.02104230109252,61.99338330852078
37,95.04699110014789,61.98482806181121
37,94.98747009944064,62.00639511599703
37,94.99881243346492,62.00066793285056
37,94.95113708309923,62.00276361646166
37,94.99787385136915,61.971700777994286
37,94.98415916570708,61.95439622316565
37,94.98192710125035,61.99330108870183
37,94.9842865519825,61.95492696928635
37,94.9884065342103,62.020366403384635
37,94.97732763399411,62.025696319054944
38,94.99914347006154,61.987389346818
38,95.03927323527147,62.02983895655632
38,95.01991479394324,61.995148428514284
38,95.01093442054845,62.01009207891704
38,94.99874973906051,61.98624044756368
38,94.99018395802834,61.99072015475984
38,94.9940834189471,61.99554524832398
38,95.00076274402899,61.97582904071725
38,95.03217843014298,61.98226198349404
38,94.9688802744047,61.97133258637649
38,94.98859311996806,62.013446190347665
38,95.02980918707695,62.03762987609811
38,95.04648401954069,62.016975902963864
38,94.99935000284427,62.04245273355026
38,95.0039285931007,62.00819274859458
38,95.04126879992255,61.97313210213862
38,95.02304033422004,62.00880500183105
38,95.01850347461416,61.9686330730857
38,95.02936728883407,62.03520563411605
38,94.97125327521816,62.00084459392172
38,94.96413670447473,61.97540291508406
38,95.00298173194292,62.01233053362233
38,95.0409663733804,61.99410471522791
38,95.02225726113011,61.98270316009087
38,95.01350190179392,61.99318207783162
38,94.96422248092094,61.97141826624138
38,94.95748101649927,61.989519319476585
38,95.00161710942054,62.0454310708582
38,95.0088186648363,62.03042297853017
38,95.01531112765383,62.04113149128378
38,95.0267244092765,61.989992573294224
38,94.96793042864172,62.03151770733037
38,95.00853003465313,61.998323927554786
38,95.03789871431151,62.00013028538367
38,95.03399483221695,62.003741166287355
38,94.99136162116264,61.964073664325845
38,95.00429829468966,62.01700492772749
38,94.9744358910252,62.0412839967017
38,95.01147351863717,61.95533433001422
38,94.95603659741624,62.01078019099557
38,94.99377118421238,62.00631607733745
38,95.0316222423232,61.97322642347526
38,95.0128884385447,61.999712834553954
38,94.98050677199058,62.01357799713909
38,94.98831027376963,62.016307894394025
38,95.02731309721594,61.992644450589445
38,94.97832677681275,61.976428626057604
38,94.95949230583163,61.97707048247821
38,95.00062555197283,62.043000639465824
38,94.98254556243968,62.036913107445386
38,95.01892477730719,61.990458074418484
38,94.96560952344947,62.016076508462135
38,95.0000142148779,62.0240189043072
38,94.97619435180975,62.01675598736667
38,94.96343740928278,62.006171551116914
38,94.99094682214286,62.00795566994055
38,95.02782238253374,62.02391203407994
38,94.99755138359741,61.9528009969863
38,94.98988258303469,61.95474328606688
38,95.02890554441726,61.98456168055265
38,95.03293251333845,62.00966042157784
38,95.02389566776877,61.958049661371646
38,94.95741617452519,61.99261723445599
38,94.98800852525783,61.99086194289208
38,95.02260239533135,61.9563451096834
38,94.98242047953919,62.043827541394734
38,94.99830236994599,61.96400562735801
38,95.03951129465018,61.990212643341856
38,94.99297827825059,61.974793966576065
38,94.96474958244853,62.007284943742725
38,94.97452711302901,62.02397105538788
38,95.03484850806906,61.976312601106805
38,94.9935927580345,61.99617726667202
38,94.97713532852558,62.01428737533583
38,94.99072091442139,61.95198060103008
38,94.98677333860147,61.96068125938723
38,94.99403826971883,62.00248135752463
38,95.00977201647792,61.95799154032984
38,94.97012387596033,61.96766480481747
38,94.95668759905764,62.01255751249078
38,94.99719621735389,62.018031283659916
38,95.03053979912205,61.96878137442904
38,95.01833003127118,62.04414355361505
38,95.01317310437845,62.03352138916549
38,95.01127345702083,62.019218673186934
38,95.00005872978886,61.97326566385309
38,95.01792566621576,61.990896074017144
38,94.98128150434823,61.9725511955044
38,95.00394689676229,61.98011518450048
38,95.00906934828059,62.01778664670245
38,95.01876113441897,61.99918381187642
38,94.98002906274297,62.00627610871437
38,95.00891352805822,61.953440343421015
38,95.01832103673748,61.95472436164841
38,94.96768213231336,61.97535093275536
38,95.01197985337825,62.0089423550215
38,95.03478867195425,61.98108500304307
38,95.04622630157091,61.98322839296712
38,94.99811503988529,62.02697355389361
38,94.98451792123295,62.03890874813125
38,94.9895896711032,62.04451260213004
38,95.0039236559248,61.982562204680384
38,95.01983695013968,61.986141935544424
38,94.97954826743528,62.03346490870572
38,95.01285172590532,62.013960958985805
38,95.02834715119415,62.02056817278435
38,95.01063252379109,61.973170625618955
39,94.99073471072334,61.99044791581384
39,94.9821005170096,61.963651284001386
39,94.99165229070096,62.01025374378462
39,95.04296212127161,62.000335289426374
39,94.99642732524744,61.957062191804056
39,94.96572371096467,62.01432034009189
39,94.9840782551068,61.98103055486864
39,94.99284640403359,61.98960708631445
39,95.00737290137207,62.03253315121228
39,94.99664550488124,61.95232582062769
39,94.97136569647901,62.00134961392524
39,95.02669218929151,62.03714462641507
39,95.02811178462436,61.993101827977306
39,94.95684859860921,61.98614157255218
39,95.00953896048824,61.96360216003009
39,94.97837266915714,61.9939805923959
39,94.97454581354124,62.03430282870243
39,94.98185234653516,61.97592472270982
39,94.9807442057313,61.960113604971156
40,94.96782658195,61.981356985860806
40,94.99457351952294,61.98683313484653
40,94.99408768344524,62.006109238642104
40,94.97940509294482,62.018387952607085
40,94.97349377829066,62.00668648482155
40,94.99223766085038,62.019341046365575
40,94.98430369261753,61.979129612113006
40,95.00627742465267,62.002127598816294
40,95.03391596379716,61.98223120379538
40,95.0039010330827,62.03415717035404
40,94.99113369389467,62.04418778972589
40,94.97615020805947,62.03542917167585
40,95.02679055202141,62.02509217417679
40,94.99272119141683,62.047506676758736
40,94.99218360331035,62.02017656076501
40,95.01116343954212,61.9819682306748
40,94.98218509715548,61.993383951593316
40,95.02034940132752,62.015576757628835
40,95.00411630254285,62.04279235739116
40,95.01807306828123,62.00196234923125
40,95.00601852418457,62.00036069525562
40,94.95975028971934,62.00761658081564
40,95.04210341110729,62.00994588017105
40,94.96823030720108,61.980533245581434
40,94.98979659231698,62.03686612269016
40,95.01880969144096,61.95967460248672
40,94.97251915856344,62.02004724123535
40,95.00508960519328,62.020820872151354
40,95.01334734334014,62.0115549600745
40,95.00161384872322,61.99671249896109
40,95.02656542607963,61.96076378559326
40,95.01836809747994,62.0207505873506
40,95.00168619310692,61.97792164164403
40,94.998226852618,62.040889585353206
40,95.00468555836378,61.97947895798818
40,94.9789854289213,62.00821281153701
40,95.0137873523665,62.00543024395121
40,95.00710210205226,62.00318109551503
40,94.9962066064033,61.958119370428314
40,94.9542128553501,61.99577275732593
40,94.96154808146584,61.97159305458871
40,94.95395279425857,62.000035399732866
40,94.96536393719637,62.00508434187817
40,94.98847093100807,62.009195442229746
40,95.01840187891078,61.95626459153521
40,94.96281418406122,61.98634064518856
40,95.01020918007461,62.002286962436706
40,94.99619647765039,62.023004729558885
41,95.029793904275,62.012559806805605
41,95.020068162359,62.023467192554904
41,95.03524965728215,61.99702199990418
41,94.99101272149407,62.03349216444903
41,95.04541151204509,61.9829104890104
41,94.97710163457559,62.038899239554155
41,94.97264437422815,61.96955373381717
41,94.95718268553746,61.99257336685038
41,94.97911949227277,61.996674180171304
41,94.9774331641532,61.96544400698053
41,95.0236219007323,61.965617694866495
41,95.0165000641066,62.01633761994926
41,94.9843080735359,61.980853304408576
41,95.01799844526644,62.02373068632225
41,94.96956154413922,61.974965409282234
41,95.01157943168093,61.98809357231754
41,94.99171640418953,61.978732762544816
41,95.0209901707223,61.96031408311579
41,95.01486945381507,61.954383974419066
41,94.98362223189832,62.00847556519817
41,95.0449134170742,61.99828765136051
41,94.99500031968147,61.97801920705302
41,94.98038270285402,61.970643931602226
41,94.95341382045436,62.010643371885564
41,94.96646036418294,62.01448905317488
41,95.02596858117501,62.00776873321703
41,95.0457299812305,62.00442179029523
41,94.99905933056189,61.964734613005234
41,94.98226705570863,61.95972144034942
41,95.0345049010559,61.967195417979966
41,94.98887256253991,62.039339526964355
41,95.00268076204222,61.97663590497035
41,95.01670488583233,62.021247247297865
41,95.01839366369988,61.994444189781966
41,94.95694493628426,62.02028053594939
41,95.01947753766767,62.00247789637491
41,94.98606520327468,61.9554162914431
41,94.98608676077312,62.02234030054466
41,94.99912448126551,61.97180917260247
41,95.00074381554535,62.01717361575888
41,94.97328715386544,61.98258546937306
41,95.02617459983914,61.99288856267667
41,95.00098184429854,61.96464724429415
41,95.02045758259862,62.01301517592715
41,94.95987836071771,62.014244151182886
41,94.97246298660352,61.987880107022356
41,95.00519701559735,61.95669570396669
41,94.97194109783239,62.005471713612394
41,95.04262731620355,61.976510858407366
41,94.98422993621472,61.98875251926883
41,94.98335941929132,61.97855858646085
41,94.99720937883926,61.9796305178569
41,94.9970397695749,61.95393895725245
41,95.00557729647515,61.998379856619884
41,94.9802605667083,62.04328494407655
41,94.98389431652033,62.01194412578367
41,95.01876418892799,61.96146693979403
42,94.97802527848874,62.0124905882383
42,95.04046993129747,62.01756209186372
42,94.99472606017044,61.9519209139424
42,95.0288106604314,61.98074091546552
42,95.04646571713347,62.001034282053745
42,94.98672799857498,61.95256146100562
42,94.98364389952462,61.966019700648644
42,95.0087126282528,62.00316742700053
42,95.0406679678649,61.97495919793994
42,95.04238641850101,61.98980048985295
42,95.00407996520164,61.99694808356577
42,94.9913317096136,62.00919821416553
42,94.98811197129909,62.014252055619224
42,94.96033890981849,61.98149031212238
42,94.99256926230439,62.02366123296884
42,95.02415894875702,61.96904892669686
42,94.9821023186133,62.00974929889695
42,95.02086573552786,62.02259515900043
42,94.95963417321472,62.02749748978303
42,95.026887402274,61.97595209182302
42,95.02160832172093,62.00813282426988
42,95.01791421548631,62.00678269585009
42,95.02213414426494,62.01994941889999
42,94.98597620366448,62.01627164282766
42,95.04109860790535,62.00463815547053
42,94.95127964005952,61.999395128191004
42,95.02383150601183,62.03405116946796
42,95.04238146803469,61.97666018756552
42,95.04337000079259,62.009348047228386
42,94.99243148098397,62.019622144265924
42,95.00714663330027,61.991115241335606
42,95.04658309216143,62.004374134142246
42,94.96725335839203,61.984462128174876
42,94.98743208747865,62.02979655520938
42,95.01066841243862,61.97999294721073
42,94.95925368854502,61.9813532638477
42,95.04590172503742,62.01367013426252
42,95.00185959427209,61.952949005065385
42,94.98593344473885,61.98599691546384
42,94.96730817072596,62.03341062905906
42,94.96730265389715,61.99388420157606
42,95.02607763348858,62.0423704940177
42,94.96304664549146,61.993790070029775
42,95.02123855839271,61.9949094274272
42,94.96536137965626,61.985821391552314
42,94.96977218593254,62.00350479773201
42,95.01400520461559,61.96359281469095
42,95.03092978127279,61.967602340276265
42,94.97089093691896,62.03771524504905
42,94.98692731998268,61.987473534616846
42,95.02291683627831,61.989317702436466
42,94.98285851141546,62.01081908417941
42,94.95680649619302,62.00105496663477
42,94.97376159607957,62.00341056288845
42,94.97740646320256,62.04004950165587
42,95.02155807789757,61.99404418244557
42,95.0138370625819,61.98703537676651
42,94.96662635616656,62.03558146434879
42,95.02281978439773,61.98102387279399
42,94.9784893449106,61.98142094294613
42,95.00805563361368,61.96658029565675
42,95.03528909511242,61.97298611789732
42,94.97083313315808,62.0131628360221
42,94.95851228836136,62.00215268042383
42,95.03109473721058,61.97143621632644
42,94.98677592195722,62.00698110710235
42,95.01422059082446,61.95470473592595
43,94.97939483347733,62.01562217184622
43,94.968508098703,61.96984823204634
43,94.98687460890055,62.04036458176685
43,94.98531449738726,61.98734383765683
43,94.994265517544,62.03795835248747
43,95.03285102671232,61.96276849572214
43,94.98397773903766,61.972180017933674
43,94.97227221691612,61.97906017012366
43,94.98850102893097,62.02012566186618
43,94.97523242102126,62.02972946330071
43,94.98721684247658,61.960799842939956
43,94.99643652086937,61.966469292086586
43,94.97641698164702,62.02227588315206
43,95.00324365154046,61.98656127274299
43,94.95443903250627,62.004052311555924
43,95.01651151225362,62.01579995192659
43,95.0419626048314,62.02675901365512
43,95.02243807471466,62.00635190849673
43,94.99669641466056,61.98562615448662
43,95.01314989693424,62.00545142441816
43,94.9727241797954,62.03078401480128
43,95.0326168435721,62.01957683731016
43,95.04157619531419,61.974661413723155
43,95.00862134595342,61.99484122892142
43,95.02829316891184,61.995069271689765
43,95.02338407363784,62.010306741176144
43,94.99991670889221,62.04574562377342
43,95.00663559584471,61.956941979315154
43,95.00741481015243,61.96933164044329
43,95.02380893308445,62.025420326816295
43,94.99970887226577,62.048399127193605
43,94.97405488295,62.03897908368898
43,95.02672105039245,62.01297639733064
43,95.00796360370333,62.021968724366545
43,95.00121715463693,61.9879886968012
43,95.0039015071486,61.969454763076385
44,95.0457919018314,61.984315008142126
44,94.97912675833881,62.026091727843834
44,95.01730328181813,62.03273201321411
44,94.99050725336697,62.04316870777197
44,95.00708595932,61.99967223888774
44,95.00587959582869,62.00256572297503
44,94.95207428111198,62.00406198854188
44,94.96450179860577,62.02896851515525
44,95.03816167753517,62.021855798886065
44,94.96464421311849,61.98474046609089
44,95.03013475145674,61.986059945142856
44,95.00631922920242,61.95468904344656
44,94.9917458919732,62.025153539824004
44,95.00166798382507,61.98198261255116
44,95.02612714542752,62.02745439000127
44,94.993320853875,61.99235075073006
44,95.01705089948346,61.98417559179366
44,94.96877394621494,62.009274231675924
44,95.02248510460555,62.00127600622021
44,95.03502589413567,61.99344175166354
44,94.97536995851799,61.98988697925369
44,94.98317585974286,62.004745110570546
44,95.01741046213343,61.961018094232855
44,95.04029797580428,62.01951004792875
44,95.01190837349222,61.985132656732695
44,94.97758185945234,62.043130021743394
44,94.96462392795252,62.01650435139569
44,94.9675385729178,62.03053946221508
44,94.9889865917915,62.02797730904718
44,95.03500410450218,62.010921668761
44,94.95424775054676,61.99716217421254
44,95.03481298206772,62.01230214785894
44,95.01505084791957,62.02421214907605
44,94.99532910345265,61.99479977280161
44,95.01143184425764,61.97082194905961
44,94.9564065639265,61.99582162206266
44,94.96071714892977,61.98804119174788
44,94.98286399876359,61.98999068841842
44,95.0257473131646,61.98746399478849
44,94.98012515080251,61.99816831943103
44,94.9548749507148,62.01321753872169
44,95.00000856517548,62.01400154467666
44,94.99458261070582,61.989231236433476
44,95.04131764161492,62.027906056131044
44,94.97137663223374,61.99852391841002
44,95.03053299366836,61.96459211115772
44,95.0245093495374,62.039748115367
44,95.03767702724672,62.01112596154689
44,95.00064125985708,62.02105888213329
44,94.96171772515719,61.98233942503992
44,95.02577136241705,62.02910045564143
44,94.96797965546996,62.00848977369535
44,95.00705366824346,62.01081144234681
44,94.98551237842977,61.95947828190027
44,95.00950938643213,61.98922569691769
44,94.9733143268202,62.023709916436516
44,95.04026208812584,61.992570737662845
44,94.98834190164406,61.959631334472284
44,94.98559788679606,61.977732820510695
44,95.01764297583382,62.033374508607686
45,94.97705067251954,61.97895454494832
45,95.02344979250785,62.03599372643282
45,94.99634213465515,61.9839179078012
45,94.95331769141939,61.99997868787552
45,95.0080696053717,62.0013884149897
45,95.00916333997273,62.01549236591256
45,95.03104449334776,61.975589398409554
45,95.0174339735843,62.02849090110967
45,95.02043950016127,62.029195804092225
45,95.0031223600659,62.02523399195666
45,95.00548557386162,61.996182919487026
45,95.02093478988446,62.00675444999913
45,94.97243691670056,62.026405132845206
45,94.98644774451907,61.961371124768334
45,95.03236845396182,62.00170565731174
45,94.99156536575774,62.01693370961138
45,94.98653820204926,62.032873248357745
45,94.9855209639703,61.99675066274988
45,95.03342375502133,61.98542763493902
45,94.98588510999663,61.983087197124554
45,94.97713475797123,61.9966554844627
45,94.99336863330237,62.00791866276918
45,94.98066521981605,61.997977693348275
45,94.99825360445067,61.98440349966763
45,94.99637518806017,62.04754941109723
45,94.98051070372742,62.01591240175174
45,95.03205311840141,61.99553548779164
45,95.00715638759738,61.98822345370252
45,95.02524574113384,61.961311111169685
45,94.9763645969257,61.98322174365371
45,95.0015419819488,61.95778838059671
45,95.00543807908846,61.994229260190394
45,94.98854370838635,62.02112163465196
45,95.0408835374986,62.02499896989373
45,94.96779702565553,62.001430775194095
45,94.98707617872043,61.967072963564334
45,95.0100484643036,62.03347917221573
45,95.01173952685595,61.99926398136461
45,95.01588529041267,62.01912836790692
45,95.00839793018588,62.0098384592185
45,95.01846397833935,62.000988913731064
45,94.96918002942779,62.009241023768226
45,94.99357917576894,62.034586851795105
45,94.96854506893426,62.00450476485512
45,94.95917119399729,62.027038851971824
45,94.99368302906772,62.04457770960857
45,95.00922685369062,61.9761858396827
45,95.00269270662933,62.00946581957055
45,94.9938777968175,62.0098666022154
45,95.04543143622482,61.99901629306242
45,94.97452323462575,61.972486697042164
45,95.0129064624673,61.990751565602025
45,94.99332456501075,61.98864942100199
45,95.0437643094583,61.99514081947267
45,94.99579861180102,61.97519438373375
45,95.00475796957059,62.043581679308055
45,94.99825360445067,61.98440349966763
45,95.04244821507181,61.97436301180649
45,94.98323980962607,62.015117152821034
45,95.04735265042824,61.99479658911871
45,95.01747193332818,62.000586844097725
45,95.00789214170128,62.00752199131316
45,95.037998671408,61.992410591157594
45,95.03093268844022,61.97706518386746
45,95.00973547669793,61.959115836783525
45,94.98256839300717,62.04039545873276
45,95.02779964496439,62.02913475122746
45,94.9813454796209,62.012847515186756
45,94.9896704723312,61.99303143632517
45,94.96903819815071,61.99858521560356
45,95.02641374024171,62.039888468731455
45,95.0207725950565,61.97013064548581
45,95.00831092204285,62.0231985531268
45,94.95764209176116,61.98262837030833
45,95.00684801484705,62.02401481996552
45,95.03853093623839,62.00580289656702
45,94.98541259827746,62.004211195595246
45,94.99990586955657,61.96250355800884
45,95.0091416020813,61.995831459541634
45,94.99778249825314,61.96163799143144
45,95.02344926146642,61.97136830981228
45,95.03443069434631,62.01144374346589
45,95.04818725037374,62.01203046636757
45,95.00697656060481,62.01904710196336
45,95.02721829483117,62.01084022603555
45,95.00407996520164,61.99694808356577
45,95.00326678768397,61.98571805302402
45,94.99194609209879,61.96450912586468
45,94.97637898983652,62.02287366255348
45,95.0153446586955,61.990055422483046
45,94.97833646203263,61.992024354781805
45,95.02782238253374,62.02391203407994
45,94.9898394061219,61.985849275293944
45,95.02563519310478,62.005055001624314
45,94.98384686818663,62.03961607313723
45,95.00090914382518,61.96687590906687
45,94.97303284914744,61.9907009474255
45,94.99017341046674,61.988959682940646
45,94.97359309845449,62.03871458664411
45,95.03479083765095,62.00066021337476
45,95.03145322742017,62.01551079353813
45,95.00805563361368,61.96658029565675
45,95.03870685025083,61.985908596849384
45,94.97064054905493,61.98726060263016
45,95.01640560295021,61.98365293736763
45,95.00118997992865,62.01236406043861
45,94.97632437564434,61.990895913252004
45,95.00584551262719,61.95382746063753
45,95.00487967643272,62.0252412898958
46,95.00186596607688,62.01527706064099
46,94.99216112263382,62.01070820934571
46,95.02684490587822,62.02535211834355
46,95.04314819483879,62.00777708831735
46,94.9640921290865,61.98786281893906
46,94.9788939575787,61.998283995045085
46,95.00053123490694,61.9563592027681
46,95.00832499257035,62.0234559105056
46,94.99369075037352,61.96743019931138
46,94.99078654814878,62.03427189677789
46,95.04117933149234,61.99579208715804
46,95.02183415695654,62.001241778019704
46,94.97996959485755,61.98850557983228
46,95.0364593985278,61.9916148775811
46,94.98546473033993,62.04152371019512
46,95.04336581747181,62.002123140802844
46,95.01430222185424,61.98222642920735
46,95.00090017438235,61.96680402217445
46,95.01039425310992,61.98969996154901
46,94.97281111972319,61.97804034846618
46,95.0112089332917,61.99877985357506
46,94.95674052963616,62.019795892239095
46,95.01220201229637,61.99318488417246
46,94.99231948517817,62.011489493170785
46,95.00011342788991,61.98736942691699
46,94.98808555814732,62.01484800627547
46,95.03043261120517,62.00114676333235
46,95.03979415970133,61.99528196105128
46,95.00094955616427,62.043059967762446
46,94.99794219996105,61.96862341945364
46,94.98131809981427,62.00235249001514
46,95.00541842121703,62.01297225365088
46,95.00698229207467,62.0351925687651
46,94.96663952910183,62.00194274984536
46,94.97821655078575,61.97979892360209
46,95.03103009622886,62.00163078838978
46,95.00819274791834,61.97629778952744
46,94.9708139086401,61.95955832309036
46,94.98704937250585,61.998093880790066
46,94.98619838452726,61.99877517783177
46,95.03826415679269,62.03058861675703
46,94.99872008658406,61.98208347104908
46,94.99107507941119,61.998613575435314
46,94.98791970325576,62.04156002696879
46,95.04496432872538,61.99364099198392
46,94.98164839412632,62.03518889657432
46,95.01976406365786,61.998539397272495
46,95.00235617924942,62.04917617294726
46,94.99664550488124,61.95232582062769
46,95.01629323345375,62.02168602444685
46,94.9939497446084,61.99696914657982
46,95.00640846950522,62.018653054869645
46,95.01384488073931,62.011391302129574
46,95.00299888476412,61.974825086119345
46,95.01919927902652,62.03797752340923
46,94.98889907901435,62.04522975186423
46,95.01370953238613,62.006490777177554
46,95.01077907078009,62.03860794278548
46,94.99381952290078,62.043355668170555
46,94.98656615730444,61.97831426483039
46,94.97105439805227,61.98591304453474
47,95.0196858960894,61.970469653555874
47,94.99703445716882,61.96600863959855
47,94.98180681024503,61.97392112306073
47,94.96995659515439,62.00497397295191
47,94.97355973307921,62.013432693095034
47,95.0081488473888,62.00693043546284
47,95.00653556251189,62.02477963291634
47,94.97739811212007,61.99480778867256
47,94.99673536860749,61.97131537596499
47,95.0204921693349,62.04394541631795
47,94.99574681930665,62.00967456291529
47,95.03243241243796,61.97005992145623
47,95.01122008022419,62.01313280694479
47,94.9885563195177,62.017671597919026
47,94.99778617289729,62.02641946573528
47,94.96133941928484,62.024831271648445
47,95.00880703486617,62.00609334432031
47,95.03077113833312,61.97086157419972
47,95.00077507434179,62.00999303754125
47,95.0071928118537,62.03116985648093
47,95.00478479412175,62.0029648113901
47,94.98577396864104,61.964286384390405
47,95.0020771855666,62.002436666382124
47,95.00036356689269,61.99099292450726
47,94.98331160678732,61.98352186865224
47,95.0013076083226,62.004085878613566
47,94.98800096534617,62.01657332540739
47,95.03107898910453,61.96381497158015
47,94.96348927580192,62.0071889590738
47,95.02400404105394,61.980502523994396
47,94.98827676661965,61.96883518296846
47,95.0352750385188,61.995818239582846
47,95.01379158099087,61.972724728257695
47,94.98370696515947,62.02833722572717
47,94.98123504813019,61.99411117554964
47,94.98516773042694,62.04148310563411
47,94.99019748250382,62.000115675151896
47,94.98753042274619,61.98847228233372
47,94.96595403276434,62.01097033873897
47,95.01506889798418,61.99740617624994
47,94.9822969448643,62.00881842898706
47,95.03880508487269,62.0267017812107
47,94.97368597890075,62.00888202451777
47,95.0362696492283,62.01782377259142
47,95.00906934828059,62.01778664670245
47,95.02191186896795,61.96292543916315
47,94.96514262975549,62.03024862955878
47,94.99880089440599,61.95315584650697
47,95.0096484953444,62.03810111910137
47,95.0064148050913,61.98920069402392
47,94.98291758676929,61.96645782673979
47,95.04023197730808,62.00540563861043
47,95.04639729594155,62.00461638010553
47,95.02287025188026,62.031585340748606
47,94.99790497876583,62.01292276754855
47,95.01603689415589,61.9765108452831
47,95.03203010969855,62.03489496704962
47,95.01210312264385,62.01911125045053
47,95.00126541196504,62.002524686777576
47,94.98244055952242,62.01163513193226
47,95.01816755054516,61.990555985201055
47,95.01249029120086,62.01226049920749
47,95.02139432206948,61.96113000378343
47,95.01987563936352,61.961614076654335
47,94.9760617170855,62.00398367531559
47,94.97699401251397,61.966935422308936
47,95.00389666780029,61.991992084306254
47,94.9520928972239,62.004802232722426
47,95.02749774460192,61.96809086117057
47,95.02793483544521,62.03523675292141
47,95.02071172779267,62.00995716936125
47,95.01413370427008,61.971534619020275
47,95.00715005852037,61.99064775218879
47,94.96172095195624,61.98755033291275
47,94.97643115744066,62.03919018549539
47,94.99229282595545,61.955420562248676
47,95.03727410787388,62.02413128100817
47,95.00839592345639,62.00165957578963
47,95.00581761432595,62.044782446317704
47,94.95965776729147,62.00148648251671
47,95.01491397759271,62.04097667629179
47,94.96150920730089,61.985144374382806
47,94.98968577041758,61.962348153428465
47,95.01087361299348,62.04204956868257
47,94.97229012799588,62.02654145981973
47,94.95971633865365,61.97048496204568
47,94.99134069485066,61.98471440338306
47,95.01305201684349,62.0044118098763
47,95.00050634987308,62.046997367632116
47,95.03634761192971,62.02012244278093
47,94.98330676377896,61.959831339938006
47,94.99454823575672,61.99380996803656
47,94.95237934145004,61.98698347068719
47,94.9939979255471,62.04415557176704
47,94.96840564821161,61.96363765498974
47,94.95496299441751,61.999943715944205
47,95.00527176991716,61.999885500026174
47,94.99528633611821,62.0260542601966
47,95.03379512333072,62.01174527705867
47,95.009249511871,61.99414222745625
47,94.9769506776583,62.02256119949848
47,95.04540373032235,62.001604799723985
47,94.96679416649553,62.026981684990936
47,94.99847553829741,61.96097959955383
47,95.01106501304295,62.02452431996707
47,94.98858537125484,62.02837927300595
47,94.99760304544725,62.02843514903135
47,94.99291874148925,61.99563731560573
47,95.00005358780666,62.035028705063176
48,95.01173908012865,61.986143275226304
48,95.04252560916606,62.02030716017983
48,94.9682184433246,62.0097903738285
48,95.0068381585619,62.01599637154749
48,95.014162581599,62.00248111133698
48,95.00588598937395,61.96530425017863
48,95.02078542130494,61.961527212903086
48,94.98285851141546,62.01081908417941
48,95.04218605438437,61.980003607866855
48,94.986114205314,62.011016638521
48,94.96709787503104,61.973771510225596
48,94.96260520636231,61.99621665383223
48,94.96934324277704,62.00306775295544
48,94.98790112409195,62.01290334044035
48,94.97437711200699,62.03916106034831
48,94.98642041448204,61.97508225618368
48,95.01780954861411,62.0149995786252
48,94.99889863112485,61.97797081050185
48,95.03838116822713,62.025388143515954
48,94.98456441910487,62.03199519911917
48,95.01589107180303,62.04182340591676
48,94.99456931059089,62.01032239228211
48,95.01810240201681,61.96826686025601
48,95.04209150221631,61.98498237003977
48,95.02609038450348,61.96038480768288
48,95.03904350543976,61.9775489496567
48,94.99309359634562,62.013690452481576
48,95.03815140450845,61.995411595277886
48,95.02540908479813,62.04259341282773
48,95.03217468847565,62.013618216501214
48,94.9804641137324,62.03704858532144
48,95.03730619234801,61.97322820233672
48,95.00419989009613,61.99004303501522
48,94.98489885108746,62.02472524457529
48,95.04407091562842,61.99624392892101
48,94.99371268061907,62.01870296545575
48,94.98503035220179,61.9618327022644
48,94.97815795923924,61.98079944494211
48,94.9578986960893,62.00839859788447
48,94.95550855615139,62.01493143496839
48,95.03223285873794,62.028084029402606
48,95.01472097138681,62.037189150815564
48,95.00091138187331,61.96420365105876
48,94.99615734671168,61.979433342099284
48,95.0156300389207,61.999802533824415
48,95.00389372325512,62.01430781803392
48,95.03461813650304,62.0160763630713
48,94.99530531812304,62.0099837402588
48,94.98481198264047,62.004823990341585
48,95.0296204075721,62.02943330832748
48,95.03229728334347,61.97237324795531
48,94.98144842528981,62.03274282757026
48,95.01558075604572,61.990325649744285
48,95.01281834690037,61.97114916208561
48,94.983321437746,62.02674576073689
48,94.96802516397231,62.03511003656883
48,95.00834825565204,61.979586354827106
49,94.95988229121434,62.02748380914695
49,94.9992482773782,61.95587221759577
49,94.99288694239739,62.01219775029502
49,95.00745313311198,62.020287600921414
49,94.96033890981849,61.98149031212238
49,95.03529102073632,61.96585005421943
49,94.98813263872684,61.96674847153252
49,95.03796136047839,61.9871491297637
49,94.99850235845726,61.99443911373329
49,94.97631704538084,62.04281801949003
49,94.97785427963137,62.0248207140606
49,94.98314413294173,62.00812958165077
49,95.0239295549798,61.98924845294783
49,95.02566836348386,62.03311218981386
49,94.9990064920949,62.03497514220331
49,95.0042028598077,62.04235889369604
49,95.0146737560244,61.9863089327172
49,94.97865667796775,61.977536649164804
49,95.04804888198701,61.99875471308481
49,95.04558008703688,61.985206174042524
49,95.01119817605414,62.00023092447232
49,95.00746452485092,61.99150914204985
49,95.00480195493964,62.00185752179019
49,94.99894892168261,61.99222307262555
49,94.9811975288569,62.002134416335714
49,94.99289466050598,62.02672429248922
49,95.00046531998541,61.95821044555857
49,94.98914832620781,61.99870300379718
49,95.02192968628069,62.03811044757963
49,95.04652673383609,62.01406926356325
49,95.01875173433913,61.960379999357905
49,94.9728132284404,61.9873388426284
49,95.01212072935371,61.9674701018634
49,95.00331318359989,61.98551790089184
49,94.9793709293869,61.97246464199805
49,95.02014863491361,62.040581759325555
49,94.9936760961275,62.04027046113618
49,95.00610699959826,62.02700892662335
49,94.96190570381522,61.99215507518057
49,95.02400676775554,62.0047303526101
49,95.0105233467173,61.99679054944293
49,94.99741256329044,62.03921935210444
49,94.97146458108404,62.00305702353815
49,94.99659375713263,62.0217500736377
49,95.03431102253161,61.99245366864422
49,94.95694481778855,61.99102183988513
49,95.00316217742468,61.987118887913155
49,94.96371300480261,62.014644761339326
49,95.00122693640496,61.97805029739084
49,94.98208384280716,62.00083239324634
49,94.97954826743528,62.03346490870572
49,95.02506138678325,62.0111241067345
49,95.03607130550742,61.98773026555318
49,94.99208201950337,61.97017778201891
49,94.96050995537219,62.01406917709096
49,94.99036618954588,61.96976765068546
49,94.99825746853524,61.950877945855694
49,94.99353597388081,62.048578249056995
49,95.00225123549343,62.010738036527506
49,95.0109605025927,62.01832094809488
49,94.98731312092579,62.047564138531094
49,94.99739665265427,61.96492743684877
49,94.95833691227999,61.98270936473442
49,95.03805194915228,61.98395910333972
49,94.99570429968146,62.04113184970401
49,95.03209954429859,62.020399898134464
49,94.97110408937944,62.0208945671764
49,94.984668233146,61.998467307994304
49,94.98802207390702,61.9869500033022
49,95.01495351431274,61.988548807876576
49,95.00848173220889,62.01965145080005
49,94.97460006131486,62.033699816504
49,94.9808586821316,62.024894939668016
49,94.95348727414788,61.98351477598294
49,95.02186400691986,61.99484819356626
49,95.02265386202494,62.00966459709085
49,94.98228044941328,62.0017617999289
49,94.98657103448602,61.956580305057095
49,95.01842160402708,62.02596208960839
50,95.01032598843175,61.960809574423315
50,95.00236680108269,61.97912230537199
50,95.04209822816013,61.99931359730121
50,95.00526180338353,62.031109895577
50,95.01907122126744,62.016373010132284
50,94.95308812027247,61.99581329143455
50,95.04210632899357,61.995726917044344
50,95.02029354688892,61.991348932494326
50,95.01892777166526,61.9902326261948
50,94.99268534369676,62.01382532085268
50,95.0215958691406,61.9803209181608
50,95.03895206384576,62.00411311475612
50,95.0218371609955,61.98493505050724
50,94.95769634589399,61.990802884560196
50,94.98360796285112,62.01792671885767
50,94.9941220814486,61.96710267080418
50,94.99247813895904,62.00184947292813
50,95.02048548997655,62.02990776049325
50,95.01292685015979,62.00456046359198
50,95.0081532719874,62.04714567388124
50,94.99227547282602,62.02344582519133
50,94.96596958326288,61.9793775209793
50,95.01362205779985,62.019926031812545
50,95.00212142545648,61.986788909334614
50,95.00116810788695,61.991154251020276
50,94.97295419582414,62.00604826383623
50,94.97743670880418,61.99803004248575
50,95.01695329247028,62.014632553613914
50,95.04810796809538,61.987232521748425
50,94.99080006221928,61.95472074172865
50,94.99913170726701,62.00272865050403
50,95.01472191672372,62.03755594626746
50,94.96762215401358,62.03182331907985
50,94.99113369389467,62.04418778972589
50,95.02304853453923,61.96370360954972
50,95.01158401349106,62.047452571327014
50,95.02877922040352,61.978237155256174
50,94.99352758656309,61.9826079103509
50,95.01610898242743,61.97585846320521
50,94.97243908482889,62.04049371330979
50,95.03294042474045,62.010468020111894
50,94.98508186920128,61.992864282253976
50,94.95407351198669,62.01969382746364
50,95.0110862252054,62.043612006784414
50,94.95640927180106,61.97824573952281
50,95.00313962297352,61.98240062865441
50,94.98653431860151,61.982128097539096
50,94.97892419918594,62.00522113736654
50,94.99426042739695,62.01406158844084
50,95.01791107451517,62.00041742734091
50,94.98769515517876,62.02457417891527
50,95.0051220176507,62.017248239939164
50,95.01116551707625,62.0132786429119
50,95.00442285255512,61.95552818364255
50,94.96008355890368,61.97451452731045
50,95.01393634633092,62.0132216339023
50,94.9972089165268,61.95389805245511
50,94.96109865320085,61.98801881857997
50,95.00540927801667,61.97677899850432
50,94.99797990696887,62.048162306457876
50,95.02955253183151,61.97929365856428
50,94.97085252862014,62.00324479383808
50,94.96466602583229,62.02283820717036
50,94.96959207067215,61.985265491950095
50,95.02832461453166,61.96100221446464
50,94.9661549339328,61.98579460480632
50,94.9850732937024,62.044140786389
50,94.97467086369643,62.00518888954193
50,95.03327476438749,62.02006578729518
50,95.02914688478332,61.96851163567571
50,94.95539159907848,61.98027686122906
50,94.99657421863948,61.992769278590515
50,94.99169750846983,62.021494612311386
50,95.01080767353317,61.99495845802036
50,94.95390839667708,62.004503313589716
50,94.98039292477499,61.99211758350835
50,94.99495972959527,62.02816403100399
50,94.96090669013881,61.97524925048999
50,95.00221247183967,61.96755105679476
50,94.97665400755632,62.036132772653396
50,95.00778924419997,62.01420592429557
50,94.97100584476382,62.00911109618712
50,94.96794451425006,62.028535126720485
50,94.96464069088336,62.01472528890682
51,94.97677873771178,62.04204357711846
51,94.9914999703227,62.005911302523884
51,95.01344407588373,62.011249981681324
51,95.02315117419208,61.98996752226014
51,95.00000909907392,62.0395313296903
51,95.04137700254499,62.00805925816022
51,94.97259723858211,61.9835226103393
51,94.9874769503759,61.98407702213695
51,94.96111035031801,62.02119093502863
51,95.01484528748239,61.98248191451031
51,95.0393018746758,61.978299908139114
51,94.99233249244874,61.973873949623176
51,94.98324039626107,61.965402723065615
51,95.01704167866242,62.04449235762288
51,94.9710920191482,62.00864371024373
51,94.99766839839423,61.99468396092942
51,95.0377397672962,61.9992381358284
51,94.96813058303213,61.99188839018846
51,95.01096963458717,61.980048116818054
51,95.00405980968465,61.97175369770879
51,94.97551388442851,61.957233153545474
51,95.00151664314748,61.96481263709684
51,94.99900595753331,61.95972375636624
51,95.00168619310692,61.97792164164403
51,94.96496854427278,61.99900693639308
51,94.9841840851281,61.98033216493468
51,95.04642767196913,61.99629569581902
51,95.01057367043342,62.038915699677226
51,94.99466713427564,61.98268138644391
51,95.0049752531139,61.996098024441224
51,94.95882612530721,61.9947972693039
51,95.0191706234722,61.95565044367092
51,95.0203379264496,61.98987186888403
51,95.00200107156122,62.045492031318446
51,94.99245635546102,61.97251628353866
51,94.95744821225911,61.97994850837709
51,95.01714840980539,61.983389287650844
51,94.98549278569703,61.97386765383236
51,94.96104116169089,62.01314188024032
51,94.97770854426615,61.981907756759405
51,94.9776646208644,61.9814702920277
51,94.96531597861446,62.02942086981042
51,95.0452465135614,61.98666238245679
51,95.02263660802502,62.02249879418231
51,95.01506489185975,62.01252120284029
51,94.99212508961419,62.044380848497234
51,94.96357355207869,62.01375325321185
51,95.00699487132705,61.989665742132175
51,94.95606230472988,61.97894076929391
51,94.98042718864173,61.99216543186733
51,95.03634861843003,61.9683814566404
51,95.02490844555203,62.037845440815964
51,94.99000190472964,61.999737962585606
51,94.99780390883429,61.95112442079543
51,95.03112508609742,62.0099664933575
51,95.03828632898481,62.02647199985227
51,94.97598766822767,61.99119764884636
51,94.98139559890129,62.031660903052035
51,94.97617766521864,61.983419771434974
51,94.99629525689878,62.04753248344379
51,95.00699877589555,61.98507040693846
51,94.96190468723708,61.97620850018025
51,94.99573204296279,61.99396032937248
51,94.98604644703678,62.02385965889488
51,95.03531027426038,61.978165667134775
51,94.98897442115788,62.04858184053799
51,94.99692380435567,61.96826234293263
51,94.98548389976084,62.03200663812299
51,94.98450192305822,61.97643934187698
51,94.99031765195997,62.04004421739048
51,95.00822048605995,62.01754331369234
51,94.96151072265553,62.02073846755307
51,95.0174304393359,61.98776267996772
51,95.00192604684088,62.02564980535638
51,95.01483935581841,61.97178902985302
51,95.03491913697005,62.01934153207896
51,94.98641093977834,62.03380321009587
51,94.95927879111721,62.008260103262465
51,95.01552097695615,62.016604262950004
52,94.95439170466753,61.98591440379273
52,94.97868690518857,61.98016560604484
52,94.98699555510322,62.03863835175531
52,95.02457493604858,62.03551997652099
52,94.97328715386544,61.98258546937306
52,94.97866068703567,61.99282370338312
52,95.0264092932127,61.962894834502094
52,95.01844925968801,61.95861892195301
52,95.03285102671232,61.96276849572214
52,95.02657117218808,61.958806558657585
52,94.979770129357,62.018989193439566
52,95.00817742877038,62.00588200833289
52,95.016338526817,62.034504341657666
52,95.004338086132,62.000991247707056
52,95.00282264031667,61.996059112434565
52,95.02832764218142,62.021059469655626
52,94.96343427225685,61.99059288974566
52,94.97952032933442,62.02797179285624
52,95.00303169818147,61.992972244798636
52,94.99218717574456,61.990148599620724
52,95.00279270282802,62.009203439992234
52,95.01424610737011,61.96811170151026
52,95.01870936402268,61.979828894621164
52,95.01644009522778,62.04105564917147
52,94.98600432993261,62.01399995598633
52,95.02321852817052,61.96492141702577
52,94.9663438023078,61.99830868857689
52,94.99903020869482,61.992176732564076
52,94.96985570793815,62.01253993912888
52,95.01321204821542,62.01512904231858
52,95.01089956623072,61.99745181236814
52,94.98897583899004,62.018732000635225
52,94.99107745095853,62.03826683507656
52,94.95758750258592,62.0104440678675
52,95.00355830076954,61.966035970517765
52,95.02108579902995,62.009766550871674
52,95.01141909396945,61.997980989326095
52,95.03771693979462,61.99531957743612
52,94.99136162116264,61.964073664325845
52,95.01002657647015,62.04848934587566
52,95.04223893391301,62.01339614008215
52,95.04182404526189,61.996704005891104
52,94.99129664629342,61.98110000110669
52,94.97000695127917,62.00659534313888
52,95.01370748482408,62.00758342225537
52,95.04605608440544,61.989388849290485
52,95.03914888566845,61.977548246194466
52,94.9767847158379,62.02345976677462
52,95.04152222883418,62.02551578933947
52,95.01363870894613,61.986309359387185
52,94.96684714939506,62.01209114053948
52,95.01301326449908,62.02693002209025
52,95.03198432158868,62.03723989166543
52,95.00343985036199,62.042549081324886
52,95.0283120823795,62.03469244507061
52,95.01451991196237,61.981399161963246
52,95.02039208733888,62.01950059182831
52,95.01149396628409,61.99341386988036
52,95.04419310908071,62.00960071513948
52,94.96588081352556,61.98644482496734
52,95.00220117126156,62.04670597936524
52,95.00148702325916,62.01119048969717
52,95.03917556497343,62.03027915340134
52,94.9629478330563,62.01070185563047
52,95.01130781074654,61.958615968473076
52,94.99480570256215,62.00961101942609
52,94.9756392496465,62.03828167086545
52,95.00272584095428,62.02383848738863
52,94.98384686818663,62.03961607313723
52,95.0312513211004,62.00392049134104
52,95.02366931891754,61.99448000545425
52,94.95851228836136,62.00215268042383
52,94.98629629942114,62.02765277274555
52,95.02093498561035,62.02278376076239
52,95.01466905942551,61.96891567989468
53,95.01173902236953,61.98337000756318
53,95.00135908192809,61.985564024578
53,95.01442483509392,61.96700647969262
53,95.00004371218277,61.98552150623209
53,95.01767925198916,61.963191401951924
53,95.02431605145719,62.03175112101428
53,95.01205552743806,62.01158420516805
53,95.00292629152482,61.98656135376674
53,95.01643788280379,62.010986245683064
53,94.99725416740831,62.01636996554229
53,95.01443629999629,61.95523176371357
53,94.98319703613805,61.998290313937595
53,94.98165926768286,62.030626206985495
53,95.02188740225273,62.04322182104735
53,94.9928348155997,62.0071935351782
53,95.03963511975174,62.00231311667548
53,94.96901765810473,61.966017468176204
53,94.97266488152832,61.9619181412738
53,95.02918646398744,62.0104866548785
53,95.01704725494598,61.99475369975523
53,94.98998569235704,62.02093338281718
53,94.98480697806266,62.0150024262376
53,94.99053975540532,62.00595289363254
53,95.0457823045773,62.010572095830774
53,94.99061799948706,62.01245651680475
53,95.0266186157459,62.02589369294246
53,94.99996367338235,62.00501732675457
53,94.96135596004234,62.02260841354916
53,95.00891144555277,62.00678448768633
53,95.02753256259312,61.98417393391072
53,94.98916800664388,62.03509103632868
53,94.984154141402,62.04340882796549
53,94.99471732934484,62.00556522296518
53,95.00023794614557,62.0228175466358
53,95.04055487200601,62.01560650015412
53,94.96368167218776,62.00098785086705
53,94.96717569162286,62.00302644899824
53,95.01450765557,61.98897293810198
53,94.96647639208331,61.995956211826815
53,95.01716243388147,61.982929272198575
53,94.95547220828374,62.01531653495965
53,95.01991479394324,61.995148428514284
53,95.0077035779173,62.007693705974596
53,95.01461744641536,61.975264261787515
53,95.01294905784908,61.973251405614015
53,94.95389492985933,61.9993909808852
53,95.0311394145476,61.995248745640076
53,94.9917253768685,61.963220677579386
53,95.02263900141088,62.00688619213669
53,94.97173173226382,62.03272719663516
53,94.99669244801136,62.037189213119
53,94.9922692673837,61.99444267225947
53,95.00964037540518,62.00160016449992
54,94.99726486480246,62.021562646331205
54,95.03391596379716,61.98223120379538
54,95.0352080992835,61.96877268446489
54,95.01115545502614,62.01091742974633
54,95.04186679740434,61.97464124915023
54,95.02526225493841,62.009253332248505
54,94.97645749437886,61.97292897961253
54,94.97835671337484,62.01210916706955
54,94.99745318331823,61.96477041666514
54,95.018713479978,62.011746042685104
54,95.02531447650463,61.97242972363133
54,95.00365683884331,61.98917406395616
54,94.96762215401358,62.03182331907985
54,95.01294535716272,62.01539953972407
54,94.98058882775639,61.99298016974462
54,95.0186851291375,61.98905189887878
54,95.0416895566244,62.00711344709605
54,95.01240024358452,62.00852800697772
54,95.02883600080332,62.00445996744349
54,94.96697691421376,61.9979002412263
54,95.04325152879349,61.98434487184371
54,94.96711539814986,61.966091051357644
54,94.98161750429787,61.971472573983796
54,95.01386464548749,62.02055845564924
54,94.98058052708814,62.03296220368635
54,95.03735438235171,62.02915098027797
54,94.9721550524678,61.961243441856304
54,95.00150916650162,62.00943342657357
54,94.9939824414143,61.97955471132358
54,94.99625181747763,61.98364713407633
54,95.01921356040754,61.987517745647956
54,94.96642624351578,62.00874769165305
54,95.04109860790535,62.00463815547053
54,95.01916609747923,62.026068975166076
54,94.98943872106248,62.012723718883095
54,95.01948852802221,62.016430001482476
54,94.9874345687068,61.982992362417924
54,95.0419626048314,62.02675901365512
54,95.00859769270599,61.95876602227839
54,94.97252983864293,62.0235213871736
54,94.96310378775928,61.98387528285152
54,95.02440578615708,62.02085557963345
54,95.04465522913097,61.978827365748444
54,95.02400267192036,62.00954437230628
54,94.99102881376398,61.977976516694525
54,94.99455888122468,61.98352234226819
54,95.02196770273365,61.96165948964143
54,95.03519574011895,62.01116274116716
54,94.97073062258661,61.99096260103873
54,95.04688877502326,62.012125816872505
54,95.00302000124671,61.96122205533236
54,95.02992160379524,62.015414841569765
54,95.04971084776898,62.00016178162746
54,94.95758750258592,62.0104440678675
54,95.03399923412587,61.983017984601155
54,94.97304050611297,61.975259988370304
54,95.03031626660416,61.97761363496655
54,94.97069650681702,62.021621610065125
54,94.98672411192689,61.96050939632849
54,95.01586997591382,62.04540951811948
54,95.0397460323957,62.021129599046475
54,95.04071871934744,62.006882261295445
54,94.99327068580854,62.03999696488562
54,94.99975711547465,62.00514922677448
54,94.96686360336712,62.0055820753973
54,95.03493564002001,61.971026034088545
54,94.99717843427848,62.037569158384414
54,94.95688363168574,62.01766297433001
54,95.00956531436199,62.005830185876185
54,95.0062786285325,62.00986340600807
54,94.95139302276388,62.008710517812986
54,94.98442596480515,62.01811485652959
54,94.96711583534277,62.03561168552861
54,94.99140447972151,61.97113171639921
54,95.03902922692792,62.01351632917477
54,95.04025612206348,62.00866704678511
54,95.01127345702083,62.019218673186934
54,94.98652289513859,61.95572178334386
54,95.0230750561597,61.98837093421893
54,94.97293733459976,62.033368015752394
54,94.97143520748043,61.969085719575986
54,95.01232406473372,61.96355540962527
54,95.01205552743806,62.01158420516805
54,94.99803989049525,61.97219312971775
54,95.02429560234847,61.97948595343925
54,94.99995069653355,62.01938252609588
54,94.98322803073816,62.012630967716895
54,94.99659702430506,61.96601932088789
55,95.02284026603859,62.00652307082268
55,95.00616719136653,62.01404329760778
55,94.97442968827184,61.997776372118224
55,94.9692227226598,62.02059641403547
55,95.0377388045002,62.01777353882859
55,95.04299827908397,61.9828887380894
55,95.00417079198932,62.02025336280537
55,94.98784040301491,61.967776984420446
55,94.98126364277641,62.04037759503333
55,95.03448700849907,61.97933330610846
55,95.00720389325761,61.97743413636041
55,95.02327850412831,62.00458518103277
55,95.03733035392482,62.02258077776589
55,94.98826207618491,61.995842880497754
55,95.01642188626292,62.00389506329411
55,95.03252017761012,61.98956699334203
55,94.97631863167419,61.98691222368854
55,95.00515055236312,62.03964258215616
55,95.01430377848138,62.03214395299866
55,95.02144367122614,62.014104489248766
55,94.99505505000059,62.032296727963555
55,94.97129754454934,61.96130070609147
55,94.96436798875595,62.000369626476164
55,95.0011464945794,61.99475061949102
55,94.99539592081922,61.96323350721868
55,94.99893903450783,62.017888359304365
55,95.01115955140891,61.99474087073943
55,94.97802511672599,61.9969676701625
55,95.00752765997736,61.96987283843754
55,94.99760411149416,61.98652161867218
55,95.01483629663122,62.00971209435901
55,95.01923830996236,61.99071120549857
55,95.02285953167643,62.01880760871366
55,94.97091657942838,62.02184532689101
55,94.98265559519037,62.03235184389216
55,95.02210083468866,61.97368825536512
55,94.99339782380288,62.01226730176306
55,94.99160148144144,62.008384849989895
55,95.01941570569193,61.98590518386774
55,94.9693080423548,61.98250700582968
55,94.99708479089274,62.02766997197498
55,95.04432210348271,62.005812303791
55,94.98186396144513,61.954900592184046
55,95.04654746189347,61.99220008953217
55,94.98491276559075,61.95606729221902
55,94.9769248285879,61.99673447241876
55,95.01963059958977,62.00638676804764
55,95.04286346688436,61.98921332063125
55,95.04424595796621,61.99568898399418
55,94.98325276578967,62.007236514013954
55,95.00081744265385,61.97334879988698
55,94.96634137861601,62.035310881790934
55,95.01451457626489,62.001295893344555
55,94.95561277683923,61.9969683703252
55,94.98480258539412,61.992158636116145
55,95.01037887601869,62.01199269196382
55,94.99609076655543,62.00135815699712
55,95.00431567645587,61.99585807533989
55,94.98518810737234,62.00061242741135
55,95.00948997299338,62.03212768144024
55,94.96721567992299,62.008379470047494
55,94.98741592927706,61.97982947196186
56,94.99658739042,61.99773351655044
56,95.00913501599355,61.968006003191476
56,95.03898735441481,61.99181951529672
56,94.99474060378299,62.03788106926693
56,95.04596688076846,61.9885420042125
56,94.99190796862555,62.03502160579695
56,94.99121532390917,61.9932993448169
56,95.00466769646982,61.98672004674606
56,94.95671760997763,61.997232583302456
56,95.00126093386767,62.020548256414415
56,95.00139864973204,62.04821552779258
56,95.01762054885387,62.01926512840754
56,94.98869188595275,62.04003391987586
56,94.96522719642599,62.03443073514434
56,95.0075972174496,62.01998504942504
56,94.99730002921463,61.96641526740138
56,94.96492257097404,62.02482545314396
56,95.00992996814406,62.02510537636854
56,95.02041893251848,61.999035871424034
56,95.00848858145585,61.97396578527602
56,94.99927529179662,61.97415151754889
56,94.9957761892823,62.01886806341935
56,94.98125923821094,62.004486536289036
56,94.98118476764608,62.00338682582121
56,94.96096098116031,61.975277155386564
56,95.02147305262672,62.030846928198706
56,95.02062411045848,61.958117245264646
56,94.99360831092919,61.994612172932925
56,95.01550322765374,62.00316850888574
56,95.01614879764152,61.99542872336088
56,95.02889534597516,62.03044928314182
56,95.03777030033632,62.00254584879651
56,94.96722878257498,61.97345243164917
57,94.97377879632376,62.03676515059896
57,95.02685016269415,62.02920605251584
57,94.99566499590514,61.95439720640326
57,95.00760023320846,61.97220825863159
57,94.99101774136344,62.04154848085275
57,94.97926574800367,62.02301467863686
57,94.99405395778673,61.98268917543432
57,94.99724821987155,61.95842454545273
57,95.03343175414672,62.02733942764853
57,94.97910825436765,62.00747139590892
57,95.0214947470663,62.00306038999162
57,95.00378366995473,62.00127925623437
57,95.01590407008327,61.99390770618745
57,95.01568656042438,62.02135687158977
57,94.98911021243762,61.98547580890476
57,94.97543124128914,61.99149132038679
57,95.0285790927689,62.024083099744765
57,94.98416242722247,61.95359943200832
57,95.02445485525692,61.964848617966226
57,95.004338086132,62.000991247707056
57,95.01102522005874,62.00410777047029
57,94.99527532830383,61.97235893632458
57,94.99140392660618,61.959278364833644
57,94.97359328812026,62.02071195742993
57,94.98966334576788,61.954198124693725
57,94.98784477244037,62.03535054621268
57,94.99828236248565,62.01742765798822
57,95.0424187762165,62.01976486509174
57,95.01249029120086,62.01226049920749
57,94.9525707754105,61.98466596807826
57,94.96374889724203,62.03161307596061
57,94.9891068487628,61.98650081173358
57,95.00295537798532,61.980269265676206
57,95.04662752830139,62.01578481492177
57,95.03714282801445,61.978473566954996
57,95.03216729989437,62.00955301701396
57,94.99933112483792,61.983252993824834
57,94.98427629383926,61.973550856108005
57,95.03626307200321,61.97423687092742
57,94.95902079454933,62.02827597735
57,95.00907157635375,62.007941657714845
57,95.0077244970614,61.98581521457935
57,94.98090935105137,61.99929109638952
57,95.02360564728234,62.006246456168114
57,94.9908550926707,62.04155813400981
57,94.98713930136263,61.98853142498298
57,94.96313218042891,61.984024747148645
57,94.96736758149238,61.99048402223025
57,95.04422096617763,62.02276694266186
57,95.0193878610328,61.9831577951334
57,95.01818036239419,62.0095084095137
57,95.00202218922885,61.99534984753328
57,95.02177236070503,62.01118649091338
57,94.95769545583114,61.989568431954154
57,95.04252560916606,62.02030716017983
57,94.97905606614395,62.02953136372654
57,94.97560583916986,62.0101949498811
57,94.99906401642689,61.98580827647093
57,94.9887365460926,62.02013828386987
57,94.97598928926281,61.9960232137442
57,95.0075972174496,62.01998504942504
57,94.96687899449036,61.970782353012304
57,94.9575035129306,61.97635265334677
57,95.00394689676229,61.98011518450048
57,95.0002648333489,61.9882995668734
57,94.97515292202458,62.035110626536685
57,94.97022514124004,61.99715735463698
57,94.97883360320932,61.97726963798235
57,95.04005816465377,61.973649954019905
57,94.96759553897859,62.014857387066925
57,94.99137445252336,61.99038370703848
57,94.99219391884418,62.02921285984547
57,94.98753622292516,62.014893308019595
57,95.00111647998598,62.031071697899314
57,94.95479935190396,61.987178896860236
57,95.00115450331096,62.01593968279927
57,95.01548721127561,62.00980648871419
57,94.99399457935414,62.01036792631353
57,94.97736352221798,61.98678182696246
57,94.98840338028623,62.04297841155046
57,94.98500387080124,61.99251187180689
57,95.01686588890215,61.96733910363212
57,95.00587567316785,62.04711029402446
57,94.9955530395161,61.97858457472347
57,94.99687187040297,62.00026156626432
57,94.97339711665958,62.00622350703909
57,94.98387637877535,61.992525130631066
57,94.97493162839781,62.013751813982644
57,95.0301236411499,62.03070543079804
57,94.97420139839916,62.01083197072133
57,94.98012682266811,61.95656865918922
57,95.01542754313226,62.00609601831927
57,95.018809212533,61.99231955011991
57,95.02108637523264,61.99299958438592
57,95.03792239340143,62.0008062761634
57,95.0186619112116,61.962202664475406
57,94.98703257229559,61.95916048999573
57,95.00475434227674,62.00018384835251
57,94.99549718187217,62.03355654963936
57,95.00650116766651,61.96880305806768
57,95.02237352369427,62.02797451491753
57,94.9679076135389,61.97520640586383
57,94.99381822467095,62.00503724780403
57,94.99701299905672,61.969431890468776
57,95.00839822166981,62.02314527694906
57,95.00669288224726,61.983217445859275
57,95.0051995411138,62.017494843683174
57,95.04537086379153,61.98157535955009
57,94.9928896398287,61.986145883068005
57,95.02020478939308,62.001458142442495
57,94.9738323383015,61.99933048158985
57,94.98330103727422,61.98299566144316
58,94.97048529775368,61.981654444950905
58,95.00622417962073,62.04341590004795
58,95.04346349141655,61.97952097098898
58,95.02253517174809,62.01288396494069
58,95.02495389240995,62.03025674586526
58,95.0259424843305,61.95917725638326
58,94.96945090879822,62.030283869471646
58,94.9765711331382,62.007186366557605
58,94.96352074004339,61.98937077145164
58,95.02616226395621,62.001092588920464
58,94.9505467438688,62.00546581247126
58,94.97979231437635,62.00923362063238
58,95.01570322663797,61.97846979770562
58,95.03256787955802,61.984958460838335
58,95.04363655044214,61.997250603781595
58,95.03408120129214,61.97683014891973
58,95.01838375925534,62.02092391088525
58,94.99779724208356,62.02794421461235
58,95.01659873619491,61.967857497912995
58,95.01384488073931,62.011391302129574
58,94.9548194259853,62.01571140907988
58,94.98974525327583,62.0244911296069
58,94.98420869906805,61.97502773266905
58,95.01216276148733,62.00363047517875
58,94.95896355751047,62.02697195028023
58,95.0056256371318,62.012309601632445
58,94.98897848853518,61.97150612115943
58,94.96047227281811,61.989532905468884
58,95.00054025146336,62.01496497127522
58,95.0386600068015,61.992862389858566
58,94.95324678245625,62.01305616728787
58,95.0456614632347,62.00794087825624
58,94.95724547699831,61.98452999231133
58,95.00411630254285,62.04279235739116
58,95.01393634633092,62.0132216339023
58,95.00668480443353,62.03988650775706
58,94.99654747872462,62.045105203161604
58,95.04210632899357,61.995726917044344
58,94.99931851686671,62.018010733416425
58,95.00556127091325,61.96079927705064
58,95.0161984927683,61.982254507231325
58,95.0223166689695,61.99278183371684
58,95.01311256230788,61.97927081124736
58,95.01645351197837,62.0467158555934
58,94.95690795575247,62.024838655590266
58,95.02750059320616,62.024469849203925
58,94.99197395808318,62.03905044615273
58,94.99390909771543,62.039347589004755
58,94.98710618878435,62.0142894770058
58,95.02886138297615,62.017548766462895
58,94.99923275393924,61.98385303861232
58,94.98521293663907,62.00066379293573
58,94.95886148742022,62.02274256383183
58,94.97444547782708,62.01156174443474
58,95.02536504432116,62.00256668175927
58,94.97836193018145,62.044999296737174
58,95.04221111311861,61.99690981739232
58,95.03736475267662,62.00709895236058
58,95.0082846619753,62.03945124778379
58,94.97807269106332,61.96878021094563
58,94.95900722624496,62.021528675408085
58,95.03477658231019,62.003684086337174
58,94.99236282576246,61.98296717672023
58,95.03343965347494,61.978455818103434
58,94.97170207246745,61.965222727376286
58,95.02050400270736,62.01742621520705
58,94.95647787782322,61.995818807776374
58,94.99268669348169,62.035232316471586
58,95.00738068898457,61.99235977140573
58,94.96612617020368,61.96809476564445
58,94.99040945652905,61.95530238575174
58,95.00676605392403,62.004042136762294
58,94.97161386041368,61.97423419690252
58,94.95697764036355,61.9962246175646
58,95.01343400836501,61.982897111974
58,95.02096047076076,62.01461826296029
58,94.97154241551527,62.031987529182096
58,95.0428839008965,61.985810097224686
58,95.02264631791374,61.991073960073756
58,94.99341533192276,61.96284686605543
58,95.02774089821837,61.970565388083386
58,94.9789854289213,62.00821281153701
58,95.01723471666605,61.994272908251794
58,95.01807306828123,62.00196234923125
58,95.00321244549764,61.976812571656815
58,94.98785578960076,61.958073791110536
58,94.97600166102376,61.96919828423101
58,95.0149776869045,61.98385493430086
58,95.01762674760826,61.99581632028103
58,94.98980507822412,62.015041752779545
58,95.00065849714342,61.97352244496271
58,94.97576911969928,61.998161012010385
58,94.9732370388217,62.03837574654743
58,95.00378711737001,61.99211435167956
58,95.0220581298353,61.988811013527275
58,94.99829443364214,61.982544107642994
58,94.98794277034825,62.01691390510456
58,95.02025833250445,61.986136814137915
58,95.04529139498463,62.00203811172381
58,95.01651730149034,61.96874010225624
58,95.03857354844637,61.99920757471097
58,94.98478044652751,62.04418884467395
58,95.03301724772811,62.00295954821024
58,94.98165547801206,62.044473222536055
58,94.98541877301625,61.95883597906694
58,94.95582385225207,61.99358882004917
58,94.99849813662149,62.01389982442726
58,95.00959206239763,61.990553703957396
58,94.99473708397583,62.01842561947242
58,95.01595413336118,61.98512655974023
58,94.96467662017731,62.01007283102363
58,95.04679207433396,62.008045614569134
58,95.00201424829257,62.03158064938635
58,94.95429938734208,61.99691629427373
58,95.03015748602765,62.03891748167886
58,94.9645746592084,61.97952293813645
58,95.00479635709146,61.96405977876642
58,94.98709274315506,61.96496685749361
58,95.01132291140841,61.95464196222507
58,94.98504792888225,62.04430473302036
58,94.95642826190969,61.99485038159774
59,95.0232159472868,61.956970690589884
59,95.03939982389298,61.97412706686496
59,94.99136555191428,61.989112972686684
59,94.97569201624633,61.98568750238897
59,95.00696705178981,62.0095223015169
59,95.0284584721335,61.96622327657302
59,94.99815102390387,62.00442609903918
59,94.99577197457,61.95381214760456
59,94.96068665550021,62.01450483645711
59,95.01255643361186,61.96105263320915
59,95.02230394073197,61.97195394265178
59,95.00553840944468,61.95609170551409
59,94.97486628442898,62.009502741615584
59,95.01767446703728,61.99538810339739
59,94.99754094428067,61.9826193631759
59,94.96945009876453,61.96356465163536
59,94.9710461035863,61.97306057209058
59,95.00634516928798,61.9903749720617
59,95.03629286134458,62.01803003902313
59,95.01116181922343,61.95267232847517
59,95.03235929426687,61.99565692477096
59,95.00082563112115,61.99421734863297
59,94.97082184475916,62.00269163076649
59,94.97462579614806,62.02744977965546
59,94.95858785887656,62.01302969847191
59,94.99228740050845,61.96182207183049
59,95.01516687885018,61.99988560860897
59,94.95889513494521,62.01489451583682
59,94.99453311065213,61.951664852836196
59,95.01401299807618,61.99074221300273
59,95.03019107135778,61.99001412405543
59,95.00005358780666,62.035028705063176
59,94.9922588277285,61.99872793008886
59,94.96743952120161,61.97000367775102
59,94.95533272449221,61.997718514841154
59,94.97231741643387,61.9587093554728
59,94.9953337489926,62.022135944416185
59,95.0018685028867,62.00273717505752
59,95.04090018331051,62.00594192550764
59,94.97967080181584,62.02905826522636
59,95.01498867385313,61.99532057883313
59,94.95120311777174,61.99318493780492
59,95.0052116073552,61.96713038639464
59,95.0405982622376,62.02575096330096
59,94.96281598423536,62.03024649121511
59,94.97143249217626,61.97088655862103
59,94.97729909347002,62.040295219272316
59,95.01305201684349,62.0044118098763
59,94.97295199592237,62.00142954712196
59,95.00935233802811,61.98369975575024
59,95.04339943291855,62.004031518498074
59,95.00065849714342,61.97352244496271
59,95.00243982640383,62.03865557314034
59,94.98244055952242,62.01163513193226
59,95.03359997058618,62.01410592558015
59,94.98707617872043,61.967072963564334
59,95.02488268335539,62.0140820966656
59,94.99000190472964,61.999737962585606
59,94.97708515535852,62.044129420247366
59,95.00251468538826,61.97866306176588
59,94.99572150016978,62.0109720097579
59,95.01049024301965,62.040402045745594
59,95.01124705810376,62.01265381507579
59,95.02897823386087,61.975876696192216
59,95.04121628191578,61.99296466336896
59,94.98831497960373,61.964110277372384
59,95.0378012213218,61.97120280575614
59,94.96615554056889,61.98622655010546
59,94.98736447818587,62.016389721375916
59,95.03912830352039,61.98567080757647
59,95.00279669733494,61.987224182205956
59,95.04440631774169,61.98581590804379
59,95.03080671596025,62.03113499551121
59,94.97528947785992,62.033888327255276
59,95.03976192198041,62.01690618929139
59,95.01626834348363,61.983789982895374
59,94.96684861055674,61.96887758001004
59,95.00018401184545,61.9612363843797
59,94.95710276000781,61.99697074635461
59,95.02549896322708,62.00349490031705
59,94.9689118730088,62.030378163935005
59,95.01286752939068,61.95848215554641
59,95.02264955574286,62.04173819657786
59,94.96820499161274,62.00886443957397
59,95.00859921569523,62.01118408519964
59,95.00374661224234,62.03217998882143
59,95.00399728781309,61.961824658513784
59,95.01791699299218,62.010659654404826
59,95.025441203111,62.00730800296805
59,95.03870685025083,61.985908596849384
59,94.98953872035412,61.98357818969541
59,95.04558008703688,61.985206174042524
59,94.9566068438883,62.021550705359
59,95.01408431177282,62.0456288379066
59,95.00971211599858,62.0135948079685
59,94.96717311952041,62.01467195030048
59,94.97318840056147,61.96548747609901
59,94.98550825656764,62.031196708526146
59,94.98349207468519,62.04033744045442
59,95.00382388134533,61.965004701110374
59,95.04167436335536,61.977150718622866
60,95.0248249701031,62.021469117498555
60,95.02170137855833,61.9648784191426
60,94.96031327105445,62.00431876913643
60,94.96773022866141,62.01752094550402
60,95.01687270708332,61.96910681920269
60,95.00216644833654,62.04799513090234
60,94.96203958663527,61.99160628356422
60,94.99770585995056,62.02799334113027
60,95.00060407454548,62.015024359328514
60,94.99880503005367,62.01823680711132
60,95.00095693354913,61.97083082231136
60,95.02932479992641,62.036793412463275
60,95.035913210252,62.00333213273209
60,94.98666593172882,61.97854019514991
60,94.97650666463916,61.9766421697878
60,94.95722194640062,62.02540084810272
60,94.9632965070829,61.982038528753336
60,94.96517271817902,62.024055064117164
60,95.01877965978687,62.016533041295304
60,95.01424895109012,61.96937476191267
60,94.99144817286985,61.99459816691689
60,95.01685135336724,61.997462603976224
60,94.98376172303708,62.00315570687077
60,94.99999282663215,62.011746172326795
60,95.00816673283671,61.95564812684707
60,95.02134308648958,62.020112508799535
60,94.96697691421376,61.9979002412263
60,94.97778903138065,61.9676868017587
60,95.00563449289497,62.01716603403488
60,94.95416521138712,61.990769907914945
60,94.98923776691056,62.01105722986507
60,94.9791312094698,62.012916163378605
60,95.0124056756901,61.970872893034134
60,94.99372701230826,61.97757044731084
60,95.02990173790238,62.016194242027524
60,95.01450488423892,62.02822622063725
60,94.95631163357429,62.01631154651329
60,94.99411854217169,61.97648524803779
60,95.02173103551151,62.032904319955854
60,95.00725361428447,61.95702918007669
60,95.02203078116116,62.038329938425875
60,94.99789852003364,62.040229543839814
60,95.04743631968269,61.98741751835031
60,94.96067673185898,61.988249605186354
60,94.96803390656092,61.995815350915855
60,95.02530430324516,61.98606859333145
60,94.96797965546996,62.00848977369535
60,94.95865171775056,61.99320943881528
60,94.96343127420518,61.97964967665361
60,94.95544107520293,61.9887025163189
60,95.01475416370948,61.9760033530022
60,95.00623796774039,61.975959782236714
60,95.01391173342316,61.994187860116504
60,95.0152475193532,61.96451953703082
60,94.99019031648069,61.95483485572116
60,94.99667752025772,62.042752251122316
60,94.9729565067817,62.01320866590238
61,94.9912784581843,61.9885172179188
61,95.04141110260421,61.97922161045557
61,95.02575975238902,62.03541715868337
61,95.02613257442624,62.01767511498612
61,94.96096710045943,61.979727475601095
61,95.01625145740233,61.98271589935543
61,95.00826480954044,62.028406007321955
61,95.02083825249377,61.98679399256649
61,95.00335479253616,62.013822654190484
61,94.96633112324335,61.99275667246067
61,94.95023976000816,62.004163716287444
61,94.99064880984442,62.04895621553984
61,95.03401291445253,61.979626558056516
61,95.00616810835785,62.03129713594319
61,94.99687805132835,61.99369311262349
61,94.97819359043244,61.963478887332855
61,94.9699526075733,62.0190483821287
61,95.00336219654714,62.0192068799962
61,94.98495318750916,62.00731496558877
61,95.0098538377872,61.97111400134125
61,94.98671882672171,62.015681675439474
61,94.98075978308376,61.996338221058394
61,95.00766912277037,62.03795562143221
61,94.9846339686581,61.977316232505544
61,95.04366047132187,61.98532490176934
61,95.01165879564199,62.02971927666909
61,95.0266049488776,62.006533595601184
61,95.02415894875702,61.96904892669686
61,95.03756814165844,62.00537355760169
61,95.0374445050569,62.009172899461014
61,95.02771601234907,62.03120115065208
61,94.99236347517262,61.9895520256413
61,94.95856151655607,62.00863938483241
61,95.03451099040988,62.023841298289234
61,95.02767530242487,61.9669528451855
61,95.03974148262745,62.02149241990419
61,94.96730265389715,61.99388420157606
61,94.95789993421292,62.004486802353036
61,94.96770269625131,61.97155705435007
61,95.01985313146298,62.01387381316432
61,94.9930723612959,61.95564549613623
61,95.02426079307597,62.02445496140663
61,95.03223297628124,62.021028877490686
61,94.95756446096131,62.01914353594683
61,95.03015748602765,62.03891748167886
61,95.00256850115184,61.979087733723404
61,94.96411396499253,62.00498775464442
61,95.0259822236203,61.996278328330014
61,94.9639671635445,62.022637184602985
61,95.04576708184565,61.99213174283185
61,94.99449153747729,61.995912386083766
61,94.9727395097548,62.03314183737012
61,95.01268240960516,62.04289100316834
61,95.0299540073748,61.99153672979826
61,94.9984015531341,61.96308622007863
61,95.00080662726675,61.98008674700208
61,95.01466418384199,62.01338745975933
61,95.0018667164938,61.98944882514581
61,94.96913202758599,61.961532110683464
61,94.97908225131467,61.9884633562242
61,95.01394296264637,61.99708292747243
61,94.98456469860729,62.01874284156585
61,95.00499335745226,61.98035561681826
61,94.97842807278198,62.016191459710505
61,95.00992200500785,61.9841034540718
61,95.02170137855833,61.9648784191426
61,95.0158684839231,61.99025505870512
61,94.96101434661034,62.016303521858816
61,95.0247293119473,62.0208597435934
61,95.00842560009916,61.980431465879875
61,95.03316930809915,62.00438560506289
61,94.99640711743265,61.95221806261366
61,94.98898951146803,61.97252068068234
61,94.99300456530518,61.98506109297411
61,94.98326619894083,62.017226728078384
61,94.99889276006579,61.99343135967794
61,94.95642400512708,61.979350596282586
61,94.9613797565066,62.02352708813309
61,94.98320129437722,62.01892603436426
61,94.995835201901,62.008479650403686
61,94.97221980826929,61.959021743584536
61,95.00595872890442,62.00483034413471
61,94.96143253738953,62.01531752210257
61,95.03777895543998,61.98076977657889
61,95.00812348332998,62.03000720346264
61,95.0387535501229,62.002627282323225
61,95.01451991196237,61.981399161963246
61,94.96891332120076,62.011074679680725
61,95.0376144752896,61.97016089756895
61,95.00378443817944,61.982177346020705
61,95.02524094888803,62.03807054765401
61,94.98541877301625,61.95883597906694
61,94.96651167088368,62.00501092519087
61,95.00495870589737,62.00976978560341
61,94.98570408070805,61.96636097589734
61,94.95284511781794,61.99049355050965
61,94.97810707023946,61.97769112385419
61,94.95664108918974,62.00719918711484
62,95.01071763979331,61.970063680730384
62,95.01236869949507,61.9855808880004
62,95.01213077661218,62.01086541755689
62,95.0111510668196,61.99902519137555
62,95.00610699959826,62.02700892662335
62,95.01131663081874,61.986720580473516
62,94.99583299124657,61.998626451538044
62,95.00278306055169,62.00067714762803
62,94.97179115586344,61.97122088396351
62,94.97928502466279,61.99133791701996
62,95.00132018168074,61.95116349766689
62,95.03155247017894,61.98168816965468
62,95.00161082091049,61.955529178590346
62,94.99037328881576,62.01049784365256
62,95.00332296682245,61.9967133654232
62,95.00344217048789,61.97627140744141
62,95.01910297635509,61.95699573334093
62,95.00053625345488,62.02848914277563
62,94.99769709691243,61.99759551076657
62,95.01914222161652,61.98722069967842
62,94.97606845129543,62.04224736712707
62,94.96425002181384,61.97357298351149
62,95.0370217401236,62.021219721405274
62,94.98835273557974,61.98919491758432
62,95.04589609999874,62.00979573043916
62,94.97789381897294,62.01857935448333
62,94.99905682216585,61.96712357090218
62,94.96304854766169,62.02945048853235
62,94.95197047153512,61.99811107098149
62,94.9678522243906,61.97790448740125
62,94.99143961754265,62.031005718025455
62,95.01327800845678,62.0168854602776
62,94.9727241797954,62.03078401480128
62,95.00335006970168,62.021946370980125
62,95.00782829758325,61.95906118097232
62,95.03138258801751,61.9978528704073
62,94.97590137193664,61.984821280242684
62,95.04422398050926,61.99288244708032
62,94.96394358629028,61.98354870515319
62,95.00533045393436,62.023760514543746
62,94.9797692241905,61.97260743591361
62,94.98329896766553,62.00473753838147
62,94.99956407177893,61.95552006657764
62,94.99929199116202,61.962844383095934
62,94.98256560552018,62.045387984544526
62,95.01901104943936,61.98070590678214
62,94.97922918811624,62.011106876491795
62,94.99492092930912,61.95187859535652
62,94.96842766065566,61.98154478976071
62,95.02995144944083,61.981437468206515
62,94.9863125792709,61.97066537730815
62,94.99329475423853,62.044704936193156
62,95.0145719052484,62.01602479006223
62,95.00907157635375,62.007941657714845
62,94.99339613921987,61.999941181970755
62,95.00604707011817,62.006434944335695
62,95.00881511018662,61.97787448413591
62,94.99536976701995,62.001326218025696
62,94.98660419083802,62.04034734013594
62,95.00873872395688,61.97698627590734
62,95.03372895181042,61.98543944783399
62,94.96438008132803,62.00141932909892
62,94.99151827281544,61.96139381824623
62,94.96665387100992,62.03237538145603
62,94.95694481778855,61.99102183988513
62,95.01297856066437,62.03579994553605
62,95.02555771777045,62.02291902918157
62,95.01469404963306,62.04358629794452
62,95.03336448546155,62.019212319953155
62,94.98695204346744,61.99317867261206
62,95.00995786543899,62.03385824259937
62,94.97900645581979,62.02143630371521
62,94.97720692924786,61.9689388389424
62,94.95975028971934,62.00761658081564
62,95.0080607294235,61.95106762307944
62,94.98679656882446,62.005601187137266
62,95.01498561392991,61.97815898239667
62,95.00263624038008,62.0003332819998
62,95.01486590232223,61.98316108172984
62,94.99655113337461,61.99133192641877
62,95.02396391751734,61.962828003130085
62,95.00283704600874,62.01900427030279
62,94.99797990696887,62.048162306457876
62,94.97293365993323,62.04014824906323
62,94.99852695245214,61.98790204683834
62,94.97038314306505,61.991091694798484
62,94.98797448051745,62.028394952635345
62,95.00929394049847,62.022673389069546
62,94.95600152873091,62.01654100797394
62,95.00399728781309,61.961824658513784
62,95.01564157380618,61.96143087549952
62,94.97581599342652,62.037897391496706
62,94.9867026715534,62.014169271945896
62,94.98118493914376,62.022786065895765
62,94.99986651635378,61.98702021464984
62,95.02607247182829,61.983538581948324
62,94.97857708227099,61.98773572702898
63,94.99534198191655,62.02417055239945
63,94.99113972665504,62.041577619968656
63,94.9564065639265,61.99582162206266
63,94.99766140394365,61.963607104526695
63,94.9874507974742,61.99830915839346
63,94.98134645798996,61.98549444932124
63,94.96231634375249,62.007863377137255
63,95.02061264755349,61.980710864322475
63,94.98944832896805,62.03241948174466
63,95.00653044532302,62.04054864663812
63,95.02357722068221,61.97939501749259
63,95.03629169290154,62.00980119890215
63,94.9714293264268,62.00341234900695
63,94.99378299945336,61.97434438150863
63,94.97219136782189,61.962440782249736
63,94.97770011745243,61.95621702111685
63,94.98894822325724,61.970610636705416
63,95.01965818666072,61.9854998582587
63,95.020097468885,62.0401222504858
63,94.9852331696726,62.01300970656051
63,94.97935710975653,61.98818193422412
63,95.02746870162288,61.9938772982323
63,95.00185397888511,62.034761130830674
63,94.96726745148703,62.01162050824247
63,94.99779983171956,62.014999726215095
63,94.97135295150753,62.03996996739326
63,95.00952796564181,62.021382243364755
63,94.9976852239947,62.02031930610526
63,94.99775955338478,62.01981292717646
63,94.98606138058526,61.99103037882226
63,95.03962573976365,61.97604022669507
63,94.97589618143704,61.97171366344054
63,94.99120908539645,61.96486145145155
63,95.03683778658589,61.99465319665544
63,95.01819144397986,62.034904837684714
63,94.99751982878776,62.04805658204805
63,95.02301587546198,61.998539666790585
63,95.02400404105394,61.980502523994396
63,94.96884539150875,62.01357988836546
63,94.99381822467095,62.00503724780403
63,95.03371763552899,62.0360896991534
63,94.99755331726952,61.98127754695309
63,95.04297204959363,61.99832899960926
63,95.01971835370146,61.99462197723263
63,95.02187738068324,62.01248904396524
63,95.0035945066402,62.03314558519911
63,94.97076933237007,62.04009656563926
63,94.99884485396699,61.98998850204901
63,94.98663014552494,62.024568632671745
63,94.9986953477751,61.95167239149168
63,94.96145665609144,61.982108730000974
63,94.95293213952506,62.01678879745026
63,94.99270771336981,62.02028044920742
63,95.00268984636948,62.038975438141584
63,94.97778687782117,62.00135046851124
63,95.00482884837088,62.019733448801084
63,94.9866517348681,62.018307625038226
63,95.01254422836696,62.03744647991193
63,95.03381878986461,62.02637859525999
63,95.0164615659521,62.02815674613538
63,94.98946725891803,61.9996345148564
63,94.98000692547873,62.007458341090846
63,95.0402157340775,61.988639941842465
63,94.98388694079219,62.0467183437604
63,94.98695237643494,61.97225068986125
63,94.97763037545977,62.00340322430339
63,95.03645320693757,62.02665634763464
63,95.01048447444641,62.03661619764114
63,94.9638490147281,61.96938605066724
63,95.01084024657787,61.977656014653256
63,94.99120503426977,61.98540689516744
63,95.01185502302916,61.974998481473556
63,95.01768357898372,61.99711241052778
63,94.98447840806394,62.01093487123905
63,95.02704318048458,61.996459706788684
63,94.99456267173052,62.02381306984816
63,95.03734067000735,62.03207851651531
63,94.96326042279667,61.99594333828683
63,95.0351433438096,62.02193302235471
63,94.98713930136263,61.98853142498298
63,94.99918445296561,62.043710043250385
63,94.98063891603658,61.98865069275101
63,94.9640211007745,62.03060056817525
63,95.01013640809792,61.96220196019762
63,95.00985969266645,62.03685187270119
63,95.01386895815358,61.9653964037833
63,95.01279141917223,61.99320056820036
63,94.96252810157002,61.97530184965969
63,94.98207958287851,61.99270632591361
63,95.02356122513466,61.97201467639083
63,95.02895799516959,62.00846781293407
63,95.00642872158271,62.01622684726336
63,94.97011798117326,62.03701928074529
63,94.99774205586556,62.03140002936585
63,95.01357083929273,61.98567668245195
63,95.01916992049969,61.967236022704164
63,95.00074381554535,62.01717361575888
63,95.02243807471466,62.00635190849673
63,95.04459965253281,61.99085461444845
63,95.03654778610614,62.03057086467534
64,95.01468255236462,61.98965525617813
64,95.01769015060698,62.01043981846589
64,94.97381063102982,61.989127464528615
64,95.01410044905379,62.02821046191243
64,94.98700470567918,61.96007836625758
64,95.03787239133993,62.02968230794638
64,95.00771885009055,62.01714315220409
64,95.01821353272716,61.98357029868742
64,95.00961440334775,61.95911362537339
64,95.00960793308928,61.98261769783875
64,94.99960025296998,62.003740571123295
64,95.01563172270347,61.99646186315562
64,95.03525404777805,62.025496561220194
64,94.98314563984721,61.979309955417
64,95.02050201737045,61.96611219163807
64,95.0077529450813,62.01556468028484
64,95.04597206725118,61.989197285309835
64,95.01560925197595,62.00545092235533
64,95.04597014263025,61.985871722287804
64,94.96620384042156,61.97482386630803
64,95.01420979226585,62.0205282097121
64,95.04184089930126,62.00362343867806
64,94.96397764385304,62.01885565182643
64,95.01195086634966,61.979744950781466
64,94.9804692276639,62.01908331416573
64,95.01613159286339,62.03609456194711
64,94.98840290216154,61.99543997887616
64,94.96681180264154,61.999135615084704
64,95.00868360903671,61.99086770903409
64,95.01451081424291,62.03629399547181
64,94.97613972705433,62.000908624845906
64,94.9651034988281,62.03019370972633
64,95.01941980936822,61.96948320841306
64,94.97823355924969,62.00726919443834
64,94.9869527398369,61.95213926134098
64,95.01013746299205,61.992383088627875
64,95.00041342868899,62.014888182847784
64,94.99845709626597,62.035571029743515
64,94.99603981595276,61.97107121771748
64,95.01851596729186,62.01191088450079
64,95.00637063751981,61.9918490058075
64,94.97909003102463,62.014252109944344
64,95.00703147188601,62.038549802867756
64,95.0042028598077,62.04235889369604
64,95.01466418384199,62.01338745975933
64,95.03864214012864,62.00165939972323
64,94.97342244201337,62.00495994170951
64,95.0099134637476,61.96117708027008
64,94.97502840354063,62.02187518013934
64,95.0028445316856,61.96567876552772
64,94.98236613154164,62.04561998744879
64,94.99166388513503,61.97622236994206
64,94.9879044570254,61.985503600972095
64,95.02144428817243,61.957026415551546
64,94.96705934829082,61.97749114204228
64,94.99221812433869,61.99352925557961
64,94.98627073499736,62.01092247406476
64,95.04295376384775,62.01096047452202
64,95.03456843108482,62.020666340542654
64,95.02373331346148,61.99780027238141
64,94.98455487679868,62.02655725986139
64,95.02166854516297,61.95633365340487
64,95.03801602773021,61.96936401879318
64,94.99000190472964,61.999737962585606
64,94.99425543824451,62.01253550851743
64,94.96583058726624,61.98333944699537
64,95.00261815015175,61.99974115945851
64,94.99732591945266,62.01578524165785
64,95.0144143429113,61.98871325777312
64,94.96668998084189,61.9711266070799
64,94.98780616511642,62.021366355739595
64,95.04252282989651,61.98167657199821
64,94.96829693615449,62.02308019421406
64,95.02866684380065,61.973371127658396
64,94.99653926832637,62.04277430084553
64,94.97617677146755,62.02201608909942
64,95.00944420392987,62.03368489949308
64,94.96162448655859,61.995808710947834
64,94.9930723612959,61.95564549613623
64,94.96232518572907,62.01887865670018
64,94.96058981314678,62.00606581491506
65,94.96869741636995,62.010420880746146
65,95.02861926119861,61.988207858996375
65,95.0023738890899,61.985552028371586
65,95.02495139136597,62.033477897942284
65,95.03239534743801,61.963266826729004
65,95.04006764158821,61.971196548657396
65,95.02039208733888,62.01950059182831
65,95.03006037297965,62.01314463760651
65,94.98590714248968,62.0185905728284
65,95.01224917198803,61.96431077501065
65,94.99236696086008,61.958347399325646
65,95.0301423463905,61.96829584657543
65,94.99432076349945,62.0037490781733
65,95.00351640484537,61.987659077512724
65,95.00269392790946,61.98378120594618
65,94.97880035713715,62.0124394063204
65,94.9959986401333,62.04418162210026
65,95.02366880476127,62.01873392830086
65,94.99628459324848,61.96487310264654
65,95.01510026507862,62.036837544239155
65,95.01916992049969,61.967236022704164
65,94.98080280209734,61.99179104903638
65,94.99774977766282,62.03760199962515
65,95.00194947209047,62.00445381427336
65,95.01181011709812,61.99579895179939
65,94.97483237140675,62.02286980323806
65,95.03065065038537,62.01039558811343
65,94.99615734671168,61.979433342099284
65,95.00026703570478,61.966300759470265
65,94.98404126242563,61.970013000883235
65,95.02108779000002,61.99656213891675
65,95.01250046783824,62.02969928870888
65,94.99165925181997,61.97730904501539
65,95.00119220993525,62.002092555967785
65,94.98284092196184,61.96340177614211
65,95.02519516493484,61.99218165475103
65,94.96453512321456,62.001794537232165
65,95.0212225922874,62.003778834231646
65,94.99177186865074,62.00759163729238
65,94.9960400719237,61.970185526309685
65,94.98022214667539,61.990841997979054
65,94.96694730095682,61.98458050950045
65,94.97487080829364,62.00479589874836
65,94.97965251655897,62.00371944387342
65,94.97936223517353,62.00894130996176
65,94.98499063821389,61.99205445341003
65,94.98613309221489,62.03664534692968
65,95.02192401052007,62.006410010233026
65,94.98743027521803,62.01958030436671
65,95.00271705227499,61.98660528865072
65,95.03259928242998,62.0182439478013
65,94.98028784162126,62.00156659555927
65,95.03696820154595,61.97430974738813
65,94.99283582794529,62.01420809015821
65,94.98440093803265,61.98523209338327
65,94.99379827707591,62.01525166675808
65,95.04147141651423,62.00354587645492
65,94.99906562170031,61.99862744065791
65,95.03614472046144,61.99319029964177
65,95.02651436980507,62.010554608576655
65,94.99438016436841,61.966154918918775
65,94.9897877801194,61.982393554299904
65,95.04126298810364,61.98720798762852
65,95.03131072547536,61.98596279952395
65,95.03071659324814,62.014595128263736
65,95.039752404523,62.008656918331596
65,95.01481108429904,61.97903953431312
65,94.96619917734496,62.0139776556908
65,94.96635296579562,62.03594016131334
65,94.99030080627593,61.99648253148037
65,95.0415964765495,61.97605942480826
65,94.98849493942026,62.02327103847664
65,94.97575029226807,61.96782489540397
65,94.97724226027911,61.972283377981924
65,94.99756866832244,62.02850248086511
65,94.98014826564795,61.96335332465335
65,94.97778687782117,62.00135046851124
65,94.99422274686964,61.979824282515416
65,94.96374671852782,61.995401646157596
65,95.00499353724229,62.04477786777487
65,94.98004251629592,61.96393624663619
65,94.99464868599648,61.99821622290199
65,94.986114205314,62.011016638521
65,94.99120503426977,61.98540689516744
65,94.96331041260626,61.99852361960914
65,94.99506127617728,62.039448074361445
65,94.98939506956364,61.95265086645754
65,94.99835325221984,62.01100494397078
65,95.02459528627243,62.01618147222869
65,95.03207131390023,62.02745057185983
65,94.97227304238459,61.97963068388901
65,95.01262564240022,61.963735641302456
65,94.95568066325349,61.999810276969185
65,95.02124929898363,61.95480132902177
65,95.02249560979517,61.97581840486139
65,94.97038152042965,61.97705265995353
65,94.99705609906114,62.00112359126777
65,95.00429354032526,62.003102741729656
65,94.98027175886453,61.957683333886266
65,95.02830099629111,61.997782567701485
65,95.02886641114527,61.995905841400905
65,95.01416752613434,62.00916881123198
65,94.97599138712803,61.96484436660775
65,94.99408768344524,62.006109238642104
65,94.99626154883228,62.04247959543925
65,94.96758147502632,61.983430541797205
65,95.0028034853909,61.992522731385726
65,94.98803228968754,62.017225107659556
65,95.01809464409936,61.9656202732653
65,94.95805516181616,62.01461148806916
65,94.99938013969461,62.020665437363334
66,94.96226616595048,61.967951372869834
66,94.99794219996105,61.96862341945364
66,94.96640997950104,62.00748081920452
66,95.01188573682259,62.03970820800525
66,94.97112912704038,62.00762179421357
66,95.01636679866085,61.99692416783707
66,95.00453833906803,61.966339404403605
66,95.02610034033495,61.960840828474254
66,94.95057832370023,61.99987428598958
66,95.01083811480501,62.035197355855274
66,94.98790122543768,61.9997552471492
66,94.99410961997575,61.9817485852026
66,95.00437355535236,61.96848928696008
66,94.97634404668868,61.98585563764773
66,95.02730444788443,62.02934386291334
66,94.98898767327007,61.99315017117778
66,94.99670645289466,62.00307928042115
66,94.99413895110526,61.97581721047113
66,95.04424753839221,61.99511644199618
66,95.04836108366625,62.010362932569606
66,94.98735957589024,62.010985923390486
66,95.00199382810342,62.022890300486274
66,95.03263512817486,62.02646390094975
66,94.99408389602226,62.03735509864115
66,94.97739014645323,61.96228359367625
66,94.98987500911888,61.96903319026294
66,94.98225065835378,62.00592396123876
66,95.0199470959483,61.963260944669344
66,94.99223160783531,61.97345632977134
66,95.00064514753478,61.97104903936606
66,95.0131724775139,61.97438152424029
66,95.03391325973548,62.008456178118465
66,94.96699969464731,61.99294477113346
66,95.04562771544502,62.01017135786141
66,95.0075263417102,62.01503689881128
66,94.9802203559677,61.9761218971167
66,94.98026874800392,62.00330974479141
66,95.01227675611446,61.991552932610546
66,95.01350190179392,61.99318207783162
66,94.9787583682746,61.99527571620505
66,95.00897367176232,61.98671017772396
67,95.0439534534423,62.015095283364175
67,95.01125584355158,62.00776355058728
67,94.97027060531575,61.99418066352104
67,94.99368434830482,61.98454881335548
67,95.04207472111428,62.017993686869076
67,95.04850988949542,61.9915690617629
67,95.04273293074152,61.9840293042264
67,95.04695990242595,62.01416168519384
67,94.97983011015624,61.98318890967069
67,95.04111574710699,62.00772931370939
67,95.03387941217882,61.99441060395878
67,95.02542194325231,62.03138003574785
67,94.97265249969921,61.96503421613125
67,94.99046767410225,61.96119405974298
67,95.01857072356894,61.96788602889473
67,94.98523716253715,61.98204384798548
67,94.97481374871263,62.00994384863721
67,95.01813599359772,62.0043501411058
67,95.02471678065139,62.038305385537264
67,94.9924269900296,61.98801014463616
67,94.98802035086061,62.02866499410682
67,94.9851365785768,61.97690031299546
67,95.04335630951933,62.007562912312615
67,94.96650197411057,61.98876880282938
67,95.0243179101814,61.96437592703044
67,95.01701586369252,62.046309252814275
67,95.00328143758938,62.01173946476524
67,94.99523048138755,62.012450186092
67,94.98139993718885,62.038838038209995
67,94.97134061950612,62.007174378725495
67,94.99755331726952,61.98127754695309
67,94.9635013885758,61.98670412803155
67,95.01858109098393,61.979383162410784
67,95.00913567601485,62.03581802669767
67,95.02939459405526,62.008495465396116
67,95.01536366114408,62.03439798198102
67,95.0297522719039,62.032563023917945
67,95.00308215703676,61.990580095949454
67,95.04816342166609,61.99534137763299
67,94.98259129054405,61.99571323789861
67,94.98873164334907,61.964598696028865
67,95.00412849044395,62.034833340358254
67,94.97089223366625,61.994633225668295
67,94.9576889037344,61.995954807799826
67,95.01363029328351,61.96024227166882
67,95.01107359910114,61.98270884593011
67,95.00166798382507,61.98198261255116
67,95.00207308353316,61.997882730811654
67,95.03334145174017,62.01559372374613
67,95.00720389325761,61.97743413636041
67,95.02921298753263,62.005099978362836
67,95.00780091468452,62.00291162502172
67,95.00868468917471,62.006007701774905
67,94.98357716695298,62.04322367524421
67,95.02556172084677,61.99379067166234
67,95.014312824463,62.03331776763852
67,94.9885550329706,62.002944274278796
67,94.95906640540251,62.0157246380591
67,94.96696678491159,61.97474641176837
67,94.97317978833804,61.96207849700269
67,95.00064514753478,61.97104903936606
67,95.0077244970614,61.98581521457935
67,95.00396970748629,62.007193190357704
67,95.01508223185584,61.997950957353
67,95.00235617924942,62.04917617294726
67,95.0454513848217,61.999803680752215
67,95.00400708630812,61.965166735440626
67,94.98891811281243,62.00601472246345
67,94.96802105932707,61.9973141888553
67,95.01306884708897,62.032753846622896
67,95.02189827896844,61.98429052555149
67,94.98489288098581,62.0373139919863
67,94.95635601113261,62.016968224290814
67,95.00531230848432,62.0034731440526
67,94.96081081850603,61.986697309123805
67,95.01466474273509,61.97148164664242
67,94.99621803772074,61.996717448110516
67,95.00376243920839,62.00980531262513
67,94.98927352258761,61.97858908475556
68,95.01706687211052,61.96679937818535
68,95.01643788280379,62.010986245683064
68,94.99354901411137,62.00639769019873
68,95.02289638018479,62.044145606886616
68,95.00737647667628,62.024322873996795
68,94.98123259927053,61.98413802816166
68,94.97865667796775,61.977536649164804
68,95.01471014640195,61.98682103138809
68,94.98204426501641,62.025534540151426
68,94.99574681930665,62.00967456291529
68,94.97997209703384,61.98956579309865
68,94.97946200985356,62.013861030326915
68,95.02774089821837,61.970565388083386
68,94.99442613020939,62.042719669393584
68,94.95688727142007,62.00853761021795
68,94.9990232052696,61.96163849604889
68,95.02443998291668,61.978461337660356
68,94.99032330012825,61.966550867084464
68,94.97149042827057,61.96447505790558
68,95.00257790974256,62.01200636948312
68,94.95858800810004,61.98680315113571
68,94.97023261647347,61.979822642311895
68,95.01502664686168,61.99443960151155
68,95.00673924922093,61.986613323121624
68,94.97860136895603,62.0312048241193
68,94.98154388676231,62.03684930871959
68,95.02380969421472,61.9583717499437
68,94.9526163351028,61.98754180629539
68,95.04793009794895,61.99161433282667
68,94.9692900201746,62.018483351652904
68,94.96397406375088,61.981959132956135
68,95.00141499670823,61.99251955531906
68,95.02026685206401,61.997830072490714
68,95.02495326335551,62.04173233964296
68,94.98837468107966,61.9789774698788
68,95.02464670647606,62.04070179958343
68,95.00701473284252,62.0125058149865
68,94.97273676971072,61.98403175104804
68,95.0112751140642,62.00167365751323
68,94.97542630335948,61.98081152810705
68,94.96151174743821,61.97642665713074
68,95.01280521606256,62.03719165553985
68,94.98174614435865,62.033945549215794
68,94.96794621023956,61.97676882592904
68,94.97761550333945,61.9946232306931
68,94.99049042705875,62.020368153715616
68,95.01590839245011,62.0107043248553
68,95.02719716109578,62.04101501385864
68,95.00007156935762,62.01403787760044
68,95.0304513519842,62.01298324705801
68,95.01598175954783,61.95674073346994
68,95.00844066660164,62.01766628030637
68,95.0033219579787,62.048998078216464
68,94.99963877101435,62.01999127262548
68,94.99696085963359,61.979365035234515
68,94.98120044151173,62.00688997618321
68,95.00204434678454,61.97706197912536
68,95.02638478181414,62.037417440027404
68,94.99602859168063,61.97385270408795
68,94.96586093407586,62.02181501473652
68,95.00516974339179,61.97436890775338
68,94.96447712021545,62.00310047038704
68,95.00836055267163,62.00790900843146
68,94.9918274336904,61.96855554328226
68,94.95776372543048,61.986348824140165
68,94.98007721317478,61.966867843183095
68,95.03239702538457,61.98269026719811
68,95.02121827003936,62.01141049630396
68,95.0078887031513,62.02771582884959
68,94.98680126814614,62.01030888930555
68,94.99175205769056,62.00602358871645
68,94.9740142237091,61.987930366796476
68,95.02524964223113,62.00835896841156
68,94.97736352221798,61.98678182696246
68,95.02568880952434,61.982465121029804
68,94.96334026785125,62.00196726380122
68,95.00235349266268,62.00172859489099
68,94.99342920489993,62.03825091931625
68,95.01303535549282,61.98986704295502
68,95.02185156982014,61.97429685839038
68,94.99579438982532,61.97719574824362
68,95.01799096729579,62.00962971687807
68,95.01521592014917,62.00327940611295
68,95.03590618264914,62.02982227653125
68,94.96312267284641,61.98731891848974
68,94.99307716238296,61.99235816342852
68,95.04521210612961,62.00477453608592
68,95.02956243750975,62.030476507094065
68,95.02830913421343,62.00495469102769
68,94.98574357284018,62.006774625087154
68,95.03407225380919,62.02406926155366
68,94.96913912238733,62.033529055507856
68,94.98609951217742,62.034639602200954
68,94.99298276592616,61.957273980700215
68,95.02083825249377,61.98679399256649
68,94.95384226939333,62.016745297087674
68,95.04351457037173,61.978104748098765
68,95.01843996702351,61.97779743608734
68,95.0282235278314,62.019610849391896
68,95.00563368898692,61.99726890904836
68,94.98635076626306,62.02125681002848
68,95.00362840533842,61.99975001428455
68,95.00963674772541,62.02418776542059
69,95.03822068617622,61.9726146901041
69,95.04949616097043,61.998069235774786
69,95.02345021675143,61.963431093199425
69,94.95764209176116,61.98262837030833
69,95.0085381422722,62.0175129011941
69,94.98083338474484,62.043855969077924
69,94.98256560552018,62.045387984544526
69,95.01825225686568,62.00701089752564
69,94.97889685431562,61.992054014633055
69,94.97350522117632,62.0255005036155
69,95.0083353780136,62.007967068384914
69,94.9544715408137,61.99920308357273
69,94.97363911747915,61.96754389749041
69,95.00857551535096,61.98566921685817
69,95.03212805029428,62.03289691533038
69,94.98124298401514,61.97071412195087
69,95.02209762709482,61.955732569768465
69,94.9816822016265,61.98824112654883
69,95.01338669803391,62.01713819669426
69,94.9751294875387,61.964386039466646
69,94.99187789866791,62.02672989878922
69,95.01897652383593,62.002889508614224
69,94.97091657942838,62.02184532689101
69,95.04431799253753,61.98537791678528
69,94.98208243217593,62.00913684195649
69,95.0349691728776,61.965595758595946
69,94.9684493156614,61.96749778318086
69,94.96138283963234,62.018771901876256
69,95.034877661415,61.98912503033008
69,95.01499656853431,61.97389761795563
69,94.99123453837531,61.995006618210475
69,95.00087968510731,61.977695173803625
69,95.02817033712051,61.974388542877605
69,94.98183765883667,61.96003328558056
69,95.0125916195393,62.04688950134849
69,95.04209410104309,62.00151158305291
69,95.01276339439369,62.006556174616726
69,94.99691989314255,62.032819278306
69,94.98619838452726,61.99877517783177
69,94.99452345302342,62.01576049593539
69,94.96652418171311,61.99670556176227
69,95.0042158087547,61.99966679125002
69,95.03117648241137,61.96603581947089
69,95.04149143667998,61.9798891424109
69,94.9954488660225,61.97820333322687
69,94.9894890830579,62.03189163913793
69,95.04109860790535,62.00463815547053
69,94.9949461271289,62.00723608713496
69,94.99653347249429,61.969677424246335
69,94.96452545178161,61.997893795458346
69,95.02264525286739,61.99570439057012
69,94.98638734491772,61.95810674973391
69,95.0018667164938,61.98944882514581
69,95.00081166220473,62.042043699382425
69,94.97618127725345,62.02742993377655
69,95.04124795334381,62.0095463469367
69,94.98123527562267,61.98553882932488
69,95.01042229786565,62.026599737876154
70,95.04109249066477,61.9802423337329
70,95.01970237233192,61.980111957105336
70,95.00777993806578,61.97089712060758
70,95.03816442621469,62.02099253556013
70,95.01866807023468,61.966433376232686
70,95.00407374351789,61.98135503655593
70,95.04329928408728,61.98101356184538
70,95.02841217396723,61.97358344936613
70,95.00582929935807,62.03703903175775
70,95.01181521694907,62.04106135935382
70,94.96632137935686,61.965511043084604
70,94.99624807148719,62.03873383269134
70,95.0263214949841,61.99040005392438
70,94.98044152411406,62.01511715863703
70,95.01799523198837,61.96398924849226
70,94.97717745751721,62.04377065229252
70,95.00257671003645,62.00493094680115
70,95.04822611793362,62.00107783599918
70,95.01879982790139,62.00781072419645
70,94.97055163268443,61.99044782282842
70,94.98996858325565,61.964414817515355
70,95.01357508018853,61.982917735683
70,94.98743841201774,61.98969486432394
70,94.95480922648036,62.01719847337101
70,95.01757761397195,62.012752818628464
70,95.02482427983763,62.03264225786686
70,95.02041955728951,62.02760401136565
70,95.03668638869242,61.98246764109317
70,94.99550262045516,61.98191402394066
70,94.9861612700995,62.0118611116245
70,95.01277008614298,61.9928259707174
70,94.99212208449504,62.044754018849765
70,94.96932318735736,61.97954393511169
70,95.00645916171494,62.012442391988635
70,94.96621657358963,61.97693866055389
70,94.98218685816283,61.96869295718033
70,95.00201095846107,62.01482605529615
70,95.03462544379899,62.00000419481853
70,94.96187033589919,62.02826237467445
70,95.00983333800596,61.998753541505614
70,94.99408978442011,61.98876452493706
70,95.00066181770252,61.97105023484925
70,95.04798274269528,62.002624970474486
70,95.04077271253452,61.993067388332854
70,94.99328404224161,61.98500853715471
70,95.02999025712042,61.96118211751514
70,94.99113061459413,61.97792187668538
70,94.99473563253241,61.954241912248236
70,95.04004281174709,62.015628518078174
70,94.98300086851184,62.015221137006364
70,94.97647846022309,61.97719863327184
70,95.03289172603128,62.035086160990254
70,95.01021752170352,61.96997025930809
70,95.01060956475051,61.993584225497315
70,95.01259862335408,61.98845980552087
70,95.0059639137086,62.005567241614244
70,94.98807776751944,62.032052472363205
70,95.01991788132673,61.99222438834328
70,94.97212419536942,61.981587703480656
70,95.04246469923623,62.019323961574436
70,95.00419314764059,62.04509010919583
70,94.97275197863185,61.98025224469591
70,95.00081166220473,62.042043699382425
70,94.96856732968564,62.036857518380295
70,95.00744456823055,61.974139027537674
70,95.03895206384576,62.00411311475612
70,94.98131232693483,61.99563929088282
70,95.00213884464168,62.01556212355457
70,94.99411614400148,62.04114722819907
70,95.0114706777617,62.004863129590156
70,94.99363510463286,62.02134390503042
70,95.02325231937697,61.97557851108531
70,94.97631516890077,61.97249718890031
70,95.03076943412654,61.994095548198715
70,95.028777876976,61.989759628067716
70,95.02226376708104,61.985467452193724
70,94.95790054609127,61.983548698515854
70,95.02162235832182,62.02161344124686
70,95.00378458709021,61.95418898495654
70,94.98060053920182,62.00585332012761
70,94.97188964188071,62.000335083430635
70,95.03677950655967,62.00178773469819
70,95.00970532497593,62.00150074078542
70,95.02146840882754,61.98075078211456
71,94.98637584374333,61.981889189962004
71,95.04476744379838,62.0015856380785
71,94.99716977659985,61.954923638701146
71,95.01816755054516,61.990555985201055
71,94.99919525457035,61.975694901672604
71,95.04189144680655,61.97936663366323
71,94.96951463997203,62.01680284038594
71,94.98948951294493,62.02368722679099
71,94.99961091713973,62.001166740575655
71,94.99881577314974,62.044143399844984
71,95.03353840909524,62.03327337441583
71,94.99100515472615,62.010857158653806
71,95.00464269778581,62.02171920670405
71,94.97983258364388,61.9847295456578
71,95.03314443468945,61.967469877921694
71,94.98840541105902,61.95880563957221
71,94.99190768222041,61.956086617622475
71,94.99793801472941,61.98481699643804
71,95.02223341930629,61.967749798767045
71,95.00353256258907,61.994887990022264
71,95.01564570907418,62.01734730138922
71,94.95963417321472,62.02749748978303
71,95.02608905033159,62.02279103226828
71,94.97493034320127,61.99223592644307
71,94.96417222239286,62.01538489245272
71,95.00508253717975,62.01538293338129
71,94.97927555438294,62.03052252947202
71,95.00715638759738,61.98822345370252
71,95.03308287689258,61.97106213028991
71,94.98603976816023,62.04788116297078
71,95.03176557629048,62.03095668887881
71,94.97946200985356,62.013861030326915
71,95.01749786361093,62.041199623986884
71,95.00321257785873,62.023318397713226
71,95.03871878410861,61.99692433670021
71,94.96330541146222,61.9867910773368
71,95.02157437549967,62.03073725962907
71,94.98317944763654,62.02084988532403
71,94.99591341742376,62.04031100241455
71,95.01206159969112,62.047488580097735
71,95.02256957511524,61.998333408215665
71,94.99113345561474,62.03469271728691
71,94.96734161530085,62.006135448822576
71,95.04047800576753,62.02864915119917
71,94.98739854993197,62.00253984949346
71,94.99495278505287,61.9638529506136
71,94.9806120360627,61.96543119101268
71,94.96049952388742,62.01924957310877
71,95.00727532256202,61.99129732734383
71,94.99251036216297,62.03046894862601
71,95.01158290683546,61.9897680662335
71,94.98528243031893,62.01796535884189
71,95.00448454040747,61.986560589686725
71,95.01179400064497,62.01084442847025
71,95.0379960974013,61.99193955910069
71,94.98322948072202,62.031107832423295
71,94.96582774792955,61.97103432453823
71,94.99345880522696,62.02388567738715
71,95.02266643116651,61.964672057191166
71,95.02555198024059,62.027735378479015
71,95.01392408748004,61.99820085496773
71,95.0189754125059,62.04053502276599
71,94.96635095252265,61.965806640208775
71,94.9920392583224,61.99856599669628
71,95.03155515129927,62.02321647389544
71,94.98259841410601,62.04091235328524
71,95.0187298305043,61.961547063589656
71,94.99293366852405,61.99496042425384
71,95.02923895211745,61.993913605518806
71,94.9787297962638,62.00389334974252
71,94.95864925915538,62.02229319515862
71,94.9997392808782,62.00558567986832
71,95.02954755167768,62.0181677241429
71,95.00871407724163,62.02319858428869
71,94.99147372547853,62.03223089104779
71,95.04027212535702,62.008954876638484
71,95.01170179988266,62.03491470150185
71,94.97969840060193,62.024746201434134
71,94.99462151123919,61.970803113297784
71,95.00365519103948,62.02407114362067
71,95.03793502060778,61.99174099813498
71,95.03259239429069,61.99192502076926
71,95.00468183840057,62.01483184629891
71,95.01285512190807,61.99907858596949
71,94.96059425343886,61.98474829855575
71,95.02366931891754,61.99448000545425
71,94.95640927180106,61.97824573952281
71,95.00406275580083,61.97812278682073
71,95.025813645077,61.985417824015116
71,94.99682323447495,61.99628540759719
71,94.99707486550993,61.98752236496576
71,95.04041839032622,62.010456402309686
71,94.99988252423701,61.98503039702505
71,94.97528375034784,62.0362656485315
71,94.95945964209972,62.006498864701236
72,95.00338016197303,62.014251528796805
72,95.03432035239756,62.019203279383945
72,95.03975197923795,62.02606774224374
72,95.00393487369429,61.96119340334597
72,94.98773810645696,61.99241581762235
72,94.98142181859677,62.01223978750538
72,95.00111436357476,61.99586955812035
72,95.01595769532828,61.96108507806913
72,95.01533375365054,61.99467080805738
72,94.99038579259955,62.02802056267318
72,94.99106765549999,61.99921817752946
72,95.01202158741044,62.00165998802242
72,94.99859694990487,62.02805179383486
72,94.99381693426976,62.036959354898855
72,95.0081532719874,62.04714567388124
72,94.97522840628596,62.0084906244112
72,94.99260477748984,62.006551826270616
72,95.01093442054845,62.01009207891704
72,95.02848806882903,61.97024164381904
72,95.03187798416859,62.01932377968178
72,94.9850461865493,62.04586369790187
72,94.98866977195175,62.03658881465569
72,94.97712692440282,62.00214780962683
72,95.00118522174316,62.048350792314125
72,95.03960639792713,61.97779986099361
72,94.96622676205544,61.970736562882436
72,94.9995201091044,61.98683258116679
72,95.03625980486031,62.02703324189721
72,95.0174096437788,61.986659554887936
72,95.01388800500798,62.02123294068313
72,95.01909357164617,62.022686376238795
72,95.00542264072463,62.018321201105294
72,94.98512348334671,62.04025604741119
72,94.98561675668799,61.972731735645844
72,95.01516234821163,62.01032241569201
72,95.00569463779705,62.02534036450973
72,95.02946057613309,61.98747529579676
72,94.99455674281836,61.98559668435541
72,94.99925159479832,61.99483250758139
72,95.01780079240034,62.04444224792852
72,94.97855289673126,61.99791783876639
72,95.01491459891751,61.9646073548284
72,95.02196770273365,61.96165948964143
72,94.9666176151819,61.99886334630559
72,94.99173008536397,61.97753636934522
72,95.01487142069314,62.004053473566294
72,95.01182468897449,62.00781388512847
72,95.03323798620838,62.018255388897465
72,94.99225175477646,61.98635065531879
72,94.96649694641351,62.03381495821797
72,94.96528949403213,61.977798857019216
72,95.01350985865813,61.99035718408089
72,94.97284421452352,61.96356882117251
72,95.01715846457837,61.96245759857605
72,94.9669113165378,62.02551406601039
72,94.96769021263907,61.973479287171976
72,94.97755304435962,61.962638075542834
72,95.03277761541884,61.96894150074206
72,95.02039208733888,62.01950059182831
72,95.00808424127533,62.03391656370247
72,95.00303788534848,61.98752323668861
72,95.03870685025083,61.985908596849384
72,95.0039045500024,61.996095418392464
72,95.02027735184966,61.96711682179083
72,95.01328701413803,62.04684508891445
72,95.01248113462884,61.97524924842659
72,94.9753733344956,61.99095441701283
72,95.000550882435,61.97333289045882
72,94.99417807883765,61.99693950463527
72,95.00173150651506,62.020932475841626
72,94.98860114254641,62.02117813571003
72,94.98830291658957,62.04429864872463
72,94.9736088353938,61.9857106770669
72,95.00131772186452,62.02147159134206
72,94.98452710885819,62.01632437115643
72,95.01081834602691,61.990703855676344
72,94.95429938734208,61.99691629427373
72,95.0193172175097,62.04415099813114
72,95.02778975915759,62.020010846783244
72,95.03622779461578,62.008065648905244
72,95.02235298706428,62.0013774634429
72,95.01119358164851,61.95618940673573
72,95.01835996624483,61.98951048441302
72,95.0330755103118,61.99310724312329
72,94.98995363316428,62.00998994304587
72,94.97091052180836,62.00843182827656
72,95.03708455765037,61.983112567825664
72,94.99142732916252,61.98123574794667
72,94.9801058686939,61.95502600990152
72,95.00632311523943,61.993957274902606
72,95.00814174910893,61.99528228887408
72,94.97526543579312,61.96976651472759
72,95.02395257365846,61.99397061982491
72,94.99610634783654,62.00902010717999
72,94.96848437340574,61.97540972311592
72,95.02199533604772,61.998917685678286
72,94.98020080522828,62.012719147345
72,94.97520800711688,61.99802710238118
73,95.019674788138,62.013912500771326
73,95.00138030177398,61.97343575220878
73,95.01600581452824,62.01469872938126
73,95.02688618346332,61.99563557263185
73,95.02016588544583,62.01639697363487
73,95.04908344264591,61.99983979091661
73,95.03269221398533,62.036192259964245
73,94.97614333573557,62.02438314356529
73,94.98724629926004,62.00747045594391
73,94.96288692727035,61.989961549305775
73,95.02247224852205,61.97211676886503
73,95.03013749361142,62.036832516619455
73,94.99162897990931,62.008519878428785
73,95.00333088238084,62.012036408574126
73,95.01919369095613,61.97839223075043
73,95.0281950341062,62.001024416050726
73,94.99559494475143,61.99665790468467
73,94.9735777333262,62.03060948358092
73,94.99570083142476,62.006719206972505
73,95.0124428747775,61.95341189483743
73,94.96131718622615,62.003093542205235
73,94.95905457864069,61.97448600256488
73,95.0203833582972,62.042879648190265
73,95.03567231604755,62.01224772909007
73,95.01438712961232,62.02886743274839
73,95.04244383898569,62.01753185890302
73,95.00620075936358,61.95149782340082
73,94.95746296824397,62.00170500302739
73,95.01369907920153,61.99656764324999
73,95.03849814156015,61.99514354774963
73,94.98617351693889,62.01910122888207
73,95.00081308762536,61.95852592109054
73,94.98032728092791,61.99688719795795
73,95.01070412827403,62.00724562835384
73,94.99294244054036,61.98755643523514
73,94.97407345076121,62.01137876417865
73,95.01189734044311,62.012968419862254
73,94.98115863421535,62.03510438550473
73,95.02233042070641,62.00577465365875
73,95.00633676218254,61.992948261302956
73,94.9583107705136,62.026743178787186
73,95.01357620941022,61.981517499202354
73,94.99991117282342,61.95046131449557
73,94.98653896997905,62.003531631569516
73,94.99035667574287,61.96196125078542
73,94.99448979071032,62.01880890148546
73,95.03614530238545,62.028298551671206
73,94.99735318045548,61.976779496488916
73,94.9710920191482,62.00864371024373
73,95.0305525974295,62.00365656306485
73,95.00245778334583,61.9597682520854
73,95.029320581814,61.96096911677904
73,94.99941912206367,62.000463466299124
73,95.03660355468399,61.997810283181444
73,95.0213675560081,61.983702523464096
73,95.00867276489156,61.98935948241249
73,94.97934571177862,62.03864464472286
73,95.03971757891881,61.99596542996512
73,95.00623808807299,62.000741105232635
73,95.01954184414691,62.028814938800956
73,94.97884500650633,61.990585946643144
73,95.04067244943087,61.971329513022795
73,95.01490034019727,61.9827631234651
73,95.00025750468099,62.01310553853163
73,95.02925427140534,61.989949999386056
73,95.00832266040915,62.006573136932694
73,95.00113129493167,61.97593480595899
73,94.99758321145991,62.009979247981434
73,95.00176850307083,62.02476313475744
73,95.01065253376616,61.954439179702526
73,94.9840180014525,62.0090546605717
73,94.97660309087088,61.975085715976064
73,94.99017911923335,62.00311909055378
73,95.01906783741121,61.99450770049945
73,95.01772339956504,62.02275901457303
73,95.00964567029781,61.98007243799914
73,95.02045560312358,61.9833838395431
73,95.01443872659434,62.00345527565847
73,95.03454583954435,61.99967588125215
73,95.00607072775372,61.97709673209453
73,95.00731650540598,61.994485028985395
73,95.00140765456959,61.95250555221121
73,94.99430108445176,62.02540217248395
73,95.04672864872171,62.009491058177986
73,95.03480110036156,61.967026994485934
73,94.96719840003314,61.9975562796041
73,94.96628405265251,61.984483571960084
73,95.01580267637223,62.00581721732719
73,95.01521717517029,62.00331871375012
73,94.96455007236149,61.98612029469964
73,94.98831633800137,61.990808633299416
73,94.97680348222357,62.02941203609301
73,95.00705577100962,62.01284523001561
73,95.01327982692987,62.002649984257914
73,95.00100830032932,61.993667175510225
74,94.99555221640145,61.982463110755354
74,95.03241319084617,61.989228149409314
74,95.02019147327043,62.00478039286241
74,94.99369123072519,61.95702645621053
74,95.02916004870555,62.000425915373164
74,94.98440718706448,61.96771491305696
74,94.97367720041014,61.9808561416264
74,95.00278072940272,61.963298910977116
74,94.99301396622985,61.99854048606722
74,95.00617607049635,61.99878025065275
74,95.00661619095325,61.98916416575776
74,94.98442442514772,61.98052355852701
74,94.95085374464468,62.00080960476044
74,94.98066525511844,62.04001961666331
74,94.97172153373627,62.00549762856107
74,95.00263884590441,62.0024166969023
74,94.98927289548992,61.99955793086786
74,95.00580259274237,62.016217046463986
74,95.01285047887265,61.97650223291178
74,94.9995530177017,61.979780059288984
74,94.99343242304825,62.03054179536996
74,94.96510119972267,61.96708613380385
74,94.9596200306308,62.01236056743183
74,95.04433880138433,61.99721338921978
74,95.02906785334058,62.028185994894244
74,94.96696557779657,61.98363633105569
74,95.00687904214917,61.96698157372412
74,95.01185502302916,61.974998481473556
74,94.97131808536685,62.02392825854101
74,94.98741592927706,61.97982947196186
74,94.97370081015455,62.02660762093527
74,94.99985984746121,61.953008967879555
74,95.01930889246088,62.04327571005687
74,94.99307716238296,61.99235816342852
74,94.99027565382292,62.03945269898152
74,94.97180537202237,61.986914720214074
74,94.9835941339561,61.97248648810645
74,94.99734338360723,62.03066528054023
74,94.98227902137141,61.9837346961783
74,95.04227493901207,61.9901051857999
74,94.95066246307648,62.00266732452742
74,95.00603219523158,61.97130193373495
74,94.98855476458277,61.99784433663376
74,94.99017341046674,61.988959682940646
74,95.00153893202719,62.002090493063676
74,94.96895983226736,62.02205869450701
74,95.0395933087301,61.9760866535621
74,95.01357304194529,62.019793738185285
74,94.9765711331382,62.007186366557605
74,95.005193842162,61.95188714859969
74,94.9655581333343,61.988628593609974
74,94.95767697567895,62.010833558019996
74,94.98921473877158,62.01158295879441
74,94.99173571191791,61.98628028016512
74,94.96575262665606,62.01666277768934
74,94.98454538667175,61.95354487063848
75,95.02650339909208,61.96987806884808
75,95.01657354387191,61.978310604065236
75,95.01965818666072,61.9854998582587
75,95.00831861581673,62.03796323855295
75,95.02092509265965,62.01698594521209
75,94.96647159444386,61.99304793596272
75,95.02195060526073,61.99429560736699
75,94.98390250674301,62.02071369881349
75,95.04538578714524,61.99871780958858
75,94.99614884226072,62.00507407272235
75,94.9884065342103,62.020366403384635
75,94.97937704183299,61.99220056509737
75,94.97776075609306,61.97115949004874
75,94.9636123992118,61.996920870296535
75,94.98103767054106,61.98115405982766
75,95.0277131690111,61.996162501327525
75,95.02338736560785,61.96160359450534
75,94.99475261722891,62.03500867243278
75,95.0249569427221,61.98194621019942
75,94.96994563768288,62.01551938174981
75,94.9634836140555,62.02069344114512
75,95.03501324203151,62.014945328502094
75,95.00335006970168,62.021946370980125
75,95.02215266989059,61.99491118189403
75,94.9965806463104,61.978535965533354
75,95.00276167376113,62.01341726867979
75,94.99630550006715,62.048952738469026
75,95.00182897126956,61.982375997991426
75,94.98564614740899,62.01491033781586
75,94.9796537924483,61.96048335211826
75,94.96668998084189,61.9711266070799
75,94.97380639925386,61.99669467260971
75,95.0439064394797,61.97633466327116
75,95.0281800561238,62.01419770058205
75,95.0257473131646,61.98746399478849
75,94.9804692276639,62.01908331416573
75,95.00335006970168,62.021946370980125
75,95.01202403676771,62.03809170347095
75,95.02783851851142,61.99951159316697
75,95.04118479756963,61.97871525254684
75,95.01054743829903,62.019693181093515
75,94.98802502661269,61.981445442615545
75,94.97294612183119,61.98656337674233
75,94.96919008718686,62.01010899121838
75,94.97890395966255,61.98951723644755
75,94.95972257368558,61.97301192291533
75,94.99277315955021,62.00711270293336
75,95.02332077925047,61.95694224727584
75,95.01946668819079,61.97272353166992
75,94.96852460068045,61.997546381429395
75,94.9774485020163,61.95896507351467
75,95.0077035779173,62.007693705974596
75,95.0365624977218,62.02850744654422
75,94.98030462832268,61.97196074357096
75,94.983063607897,61.95899054010107
75,95.03672968531882,62.007538647531064
75,94.98715056234562,61.98876372116622
75,94.95861827228451,62.019633322565085
75,95.046699677387,61.99277971776967
75,95.00672007534702,61.99685518642147
75,95.00977798498606,62.010790975337656
75,94.97618840717568,61.96569286827828
75,95.02942881166007,61.99044193815249
75,94.97889424910612,61.975474329084996
75,95.00075510008242,61.98517786910425
75,95.02235967917974,62.03526577491121
75,95.00259435891871,61.98312086882544
75,95.02489109383609,61.96669160117822
75,95.01342043683361,61.979563886470096
75,94.97859205231259,62.04147972789016
75,95.00253786573883,61.95249658974578
75,94.99226604280548,62.01290791467483
75,94.98603809982146,61.9685951316848
75,94.99357270463473,61.96857763596189
75,95.019674788138,62.013912500771326
75,94.9992403785365,62.04391789203251
75,94.98989659008322,61.981025814713625
75,95.02810856889248,61.99436751255735
75,94.99990586955657,61.96250355800884
75,94.98805903231299,61.971709207186905
75,95.03904350543976,61.9775489496567
75,94.96384571296106,62.01130882487275
75,95.02165182622274,62.00146236412262
75,95.00752765997736,61.96987283843754
75,94.96491547181746,61.9653170330564
75,94.99284016565359,62.02020291888832
75,94.97412369155144,62.01598838188413
75,95.00377425835131,62.0145684461522
75,94.98889003548085,61.962190962848005
75,95.02654862344718,61.972870134713645
75,94.98660135210619,62.01907573518034
75,94.98728403413716,62.00053318630081
75,95.02551951879941,62.01539723876586
75,95.01475581004448,61.982041482145085
75,95.00475434227674,62.00018384835251
75,95.0041892979591,62.04880329980777
75,95.03994101660945,61.97377651197048
75,94.96179984888258,61.99572890177564
75,95.02019147327043,62.00478039286241
75,95.04335177382717,61.99005681348139
75,94.96129395546893,62.02304770338572
75,95.04176156123162,62.02463018480799
75,94.98628028430142,61.968662901058714
75,95.01157939002702,61.97759040194971
75,94.966632380538,61.989595762080526
75,94.99045655537557,62.04278787362962
75,95.01521349067443,62.039331709491066
75,95.02452649351109,62.010014545482605
75,94.97378275643594,62.016920813708715
75,94.9889970896307,62.021237417013076
75,94.98205636162392,62.02319646145206
76,95.04744839573993,61.99229921889683
76,94.98708138862526,61.99939872274365
76,94.95219738303383,61.99663750094341
76,95.0245093495374,62.039748115367
76,94.97565688285759,62.031132831164776
76,94.9801449781737,61.991624642830985
76,95.04295039109316,62.006977770244205
76,94.96817796751736,61.98675803833569
76,94.95135948559945,61.99661774300675
76,95.03667658298949,62.02938122213844
76,95.03542220089122,61.99166688157766
76,94.96005890639266,62.00248075732684
76,94.95994437480314,62.016519030684485
76,95.00429311051823,61.9611518679032
76,95.00630347759426,61.95859666296598
76,94.98303190282931,62.011578154941695
76,95.02883141943803,61.96267665967427
76,94.9981740887726,61.966020892034585
76,95.03375107338017,62.00855964779623
76,94.99733332185039,61.984017142567716
76,94.99238550056172,61.9861155664479
76,94.99555299757392,61.990582475004175
76,95.03735534725365,61.99061895577109
76,95.0053370652707,62.018449887608114
76,95.00820034097079,62.04613688945541
76,94.97499743489644,61.98602463141353
76,95.02881520117212,61.972854713192845
76,94.98638739288333,61.98663364491809
76,94.97774030997782,61.97888694342687
76,94.952701452826,61.9877351599656
76,94.98249776631717,61.98802779156201
76,94.99358673359527,61.98229027949505
76,95.02622761597505,62.013788214408216
76,95.01567907127286,61.978232647701276
76,94.99177955149042,62.01384868395784
76,94.9934785835436,62.02793262316425
76,94.98813923318578,62.003875178194285
76,95.00925110305047,61.98839511311143
76,95.02515019321602,62.03107106994776
76,95.01718597511999,62.03557020633016
76,94.99364067043511,61.95042375491601
76,94.97960185710534,61.98591644898516
76,95.04393561319363,61.98653869122586
76,95.01749719007192,61.98720135768767
76,95.0315584695483,62.0244662989542
76,95.02106286413172,62.008164681701764
76,95.00378331991844,61.99864035871666
76,94.9547257735,62.01113610201039
76,94.97889297566564,61.9834194549235
76,94.95810976519196,62.0216879860966
76,95.02846995029151,61.99213711795956
76,95.00784344432807,61.95258188972985
76,94.97954388994143,61.959211606382084
76,95.01288778412747,62.037193415963074
76,94.96741020120497,62.0097323300622
76,94.96923283222316,62.014604938769644
76,95.00283088186886,61.98170944618078
76,94.96206199424806,61.98108652684899
76,95.01989816867057,62.011367918650315
76,94.98860334006555,62.007761844944724
76,94.97801490667253,62.00423108961757
76,94.97049705934496,62.02357424206197
76,95.04160243621098,61.98531219900816
76,95.01674492245473,62.02169010302258
76,95.04230732229041,62.00937751081107
76,94.97854906011037,62.00122044474004
76,94.97375170100545,61.98775618354149
76,94.9832395500007,61.97534779975067
76,94.9891068487628,61.98650081173358
76,94.97452881754083,61.99518280657004
76,94.99883788658411,62.03177512790932
76,95.0164437301528,61.95782922265356
76,95.04069787013987,62.00365887645524
76,94.98712706832958,62.04593943213007
76,95.03642904255041,61.997117684822186
76,94.95074193484193,61.99610517743854
76,94.95670343749988,61.98041712999618
76,94.98859201967913,62.028941067059264
76,94.99384492688115,62.00283381248085
77,95.00601989239594,62.0024952523495
77,94.9541321203532,61.99493158727652
77,94.9659792711949,61.98082113038948
77,94.99573204296279,61.99396032937248
77,95.01393634633092,62.0132216339023
77,94.96346270615592,62.02781526797268
77,95.02120336484053,61.98779246872991
77,94.98944626684764,61.9622700969817
77,94.98921855210878,61.96350253506202
77,95.04902881270795,62.00885198053447
77,94.980557165381,61.9556892638884
77,94.9656504699872,61.96764412450338
77,94.9830215355568,62.01146679925384
77,95.02598031228486,61.97799493803596
77,94.99330872914764,61.99155040255428
77,94.99986809714642,61.997333843200174
77,94.96841197316202,62.03668617151335
77,95.02446427223421,62.01270257248129
77,94.98781368440571,62.02940771607048
77,95.00352145354559,62.00431084610758
77,95.00773448528163,61.96433511980205
77,95.01334525198956,62.022702652616324
77,94.96972213192403,62.01531900076614
77,95.04389980962551,61.99731620108534
77,94.98708138862526,61.99939872274365
77,95.01614148063327,61.95522177507634
77,95.04730223186289,62.0060492970994
77,94.98805579722344,62.04424973993224
77,95.03108733717328,61.9872369743297
77,95.0210686853611,61.963819693209935
77,95.03000620661057,61.97279119773431
77,94.98791725140195,61.9706739565061
77,95.01152450739563,61.96377334137467
77,94.98310885378979,62.01868459224426
77,94.97717507427706,61.998288735015564
77,94.99128788312362,62.019046644195285
77,94.97340529674149,61.998479458570465
77,94.96453512321456,62.001794537232165
77,94.98516948456663,62.015904439641474
77,94.96579598265295,61.98645239991091
77,94.97541186989324,61.97574379477995
77,95.02059243211134,61.99332258749099
77,94.99977749794617,61.998299262657746
77,94.9970984510119,62.01644401220974
77,95.01735419158243,61.98492712394137
77,95.03024833070867,61.98132937615373
77,94.97914238953449,62.03288624904485
77,95.00826287044003,61.9753381651495
77,95.01285958602894,61.98376636767322
77,94.97394317754599,61.9737901084716
77,95.00299888476412,61.974825086119345
77,94.97996687191521,62.01246111537608
77,94.99643824239796,62.01994986913409
77,95.02829281503821,61.98485831066727
77,95.00972089269823,62.04729741947428
77,94.95837952220214,61.97830452558018
77,95.00727384420688,61.97708956707944
77,94.99942367794748,61.99439310673524
77,94.99708196899037,62.004650118404356
77,95.02292538738133,61.995822186116946
77,95.04204127842073,61.98205278871663
77,94.99659374562607,62.01698392491115
77,94.98752796899285,61.98983110760087
77,94.98337977598509,62.0175762044897
77,95.02144911710727,62.02380476519683
77,94.99545060127929,61.98482530435881
77,94.97534479722384,62.0142690192812
77,94.96768062204377,61.9694484990352
77,95.0208817411591,61.976297744433595
77,94.99927046361736,61.988664285814515
77,94.97944126238848,61.971059891661916
77,94.99434547997038,61.9884109197657
77,95.02766579357709,61.97942663833535
77,95.03725988473393,61.99249747000888
77,94.9772349679691,61.98323223784316
77,94.97443290223421,61.990730428703344
77,95.01178138552655,61.97940113296472
77,95.0046940577912,62.03470111550146
77,94.97640008535079,61.99944379168519
77,95.02831436028266,62.03965575286422
77,94.97115411237988,62.03327183339669
77,94.98136522504491,61.96433181839164
77,94.95686345884666,61.99516664453463
77,94.969076794549,61.9900973364438
77,95.0423238260722,62.01402743385938
77,94.97138431760553,62.00496518495087
77,95.00087147314234,62.01300656039043
77,94.99631191675887,61.97770415783439
77,95.03022789284924,61.98636792307211
77,94.97359328812026,62.02071195742993
77,95.00670111290144,62.04298777198191
77,95.01476793353366,61.97178062881255
77,95.0477301512335,62.01244978937984
77,94.97993763479502,62.01363436701457
77,94.99221205754698,62.00208303611533
77,95.0303347094655,61.960298140235
77,95.00282130678342,62.01325582103765
77,95.01329446995015,62.01318187719046
77,94.9682044735137,61.994468725368044
77,95.04576708184565,61.99213174283185
77,95.00824739327274,62.01162095662025
77,95.02622052936418,62.01679309539724
78,94.98364773175464,62.022054149789355
78,94.96545071849664,61.994059003088694
78,94.9733691081292,62.02691008603
78,94.97611172357654,61.996354550560866
78,94.96514262975549,62.03024862955878
78,95.00789877579005,61.981949257608825
78,94.97816536600729,62.0230393893892
78,94.9665319116085,61.99789875740133
78,94.97341783446564,61.98601393106528
78,95.03973592949876,61.992811984320376
78,94.99799105344817,61.9750895776331
78,95.01993878563312,61.968870830925894
78,94.99653213754296,61.97336894439859
78,94.98353422523184,62.003301361823695
78,95.04025611290493,62.01077684336399
78,94.98775547479529,61.965977811267486
78,95.02696486806252,62.0160257868827
78,95.00983876918312,61.99754070378247
78,94.98174132258822,61.98943684786147
78,94.96633929940965,61.96664695459778
78,94.96603626605255,62.01197664797853
78,95.00107449371774,62.0200041575338
78,94.98359580050064,62.002260123644874
78,94.95550855615139,62.01493143496839
78,94.96090021002634,61.98840396031074
78,94.99542243325708,62.02913182883781
78,95.01136738299584,61.95605966272566
78,95.03151428777477,61.99396959127216
78,94.9651138854025,62.0319034067883
78,95.0197418168228,62.04541921054994
78,95.0088465514915,61.97227944237051
78,95.00782174010496,62.0308091348139
78,95.04786656855923,61.995951954742665
78,95.00580259274237,62.016217046463986
78,95.02597352455331,62.00129647922169
78,95.00322486073591,62.0456930099261
78,94.97612549074698,61.999611035153144
78,95.00760104999966,61.95107461644268
78,94.9813329121973,62.034771245908566
78,94.97015462482072,62.03539483305557
78,95.03302870180958,62.003574687580794
78,95.0004079115193,61.994695798478084
78,94.98835383240466,61.993224872178594
78,95.01389278577466,61.979903676164156
78,95.01128874248894,62.015861361620495
78,94.98773339216724,62.04391714187272
78,94.99876619870946,61.982713118556894
78,95.00828545116217,62.00322629544906
78,94.96775541271083,61.98219852119829
78,95.02258678835815,61.97318327887252
78,95.03485910706398,62.001337073479654
78,95.03055722733207,61.98837981184429
78,95.03520713934606,62.034692361315926
78,95.00558945725882,61.97615249151972
78,94.9929497813601,61.96396281514617
78,95.0078891993984,62.00352969240375
78,95.00034705452826,62.04191165769883
78,94.98434060119446,62.01702136043058
78,94.98989167448634,62.042634704838775
78,94.97780652443417,61.96280732810225
78,94.99710256259813,62.01560665128916
78,95.0387408360836,61.99253645891711
78,95.00527984312421,62.00512600242924
78,94.97851671817268,62.023478781958836
78,95.02208581371575,62.01878206298857
78,95.00312811916969,62.02092262199129
78,94.98140541002527,61.958950596171604
79,95.00565913121476,62.02456905665015
79,94.96436864637352,61.986332997784494
79,95.00348662458693,62.03119979611951
79,95.02188918504461,61.9894276072635
79,94.98848869502474,62.022413922328944
79,94.98677051946959,62.010717671278556
79,94.96453878662454,61.98709389642175
79,94.95750938988549,62.00170767204543
79,94.99900059908235,62.01300973531664
79,95.00465254526614,61.9856271377731
79,95.01975213884167,62.01654431855435
79,94.99389250086489,61.97055027456187
79,95.01127534877347,61.98218435116703
79,94.98506594714004,62.02382845783493
79,94.9910106727162,61.95157740190002
79,94.99718987026847,61.993725895065495
79,95.04101994653345,62.00542053649413
79,95.00160055026669,62.00117413313267
79,95.02479454005186,61.97155947025788
79,94.99439457413365,61.959780541212155
79,95.00828545116217,62.00322629544906
79,95.01777462912823,61.99162027540904
79,95.01740335059856,62.00839357695528
79,95.02709438805073,61.987754339991895
79,94.9906281832469,62.01019297601618
79,94.99763086205056,62.04954304110125
79,94.97303755671548,61.97724843077304
79,94.96711583534277,62.03561168552861
79,95.03763753852958,62.0239807736807
79,95.04146266078219,61.99324058182598
79,94.95378232064394,62.0188065422721
79,95.01707275026142,62.027873034875945
79,95.01393686112547,61.980726377738584
79,94.9941681727862,61.97510058008749
79,95.0272284069399,61.983427841063815
79,95.01059310119086,62.02963792409588
79,95.04273013104108,62.01534085890642
79,94.99696886515919,62.000913640175746
79,94.97277708901692,61.98351435322749
79,94.99821065308093,61.951927939848936
79,94.97422110180547,62.01883825048196
79,95.01505046307322,61.99616650002846
79,94.97855819427245,62.02418711582854
79,95.01148224025106,61.96906456950497
79,95.01132291140841,61.95464196222507
79,95.03890056656316,62.00100839818779
79,94.9896994495618,62.02152733479009
79,95.01261458077337,61.994286632692194
79,95.01428608289287,62.03374349885037
79,94.97214732433915,61.97928132012101
79,94.9841501938576,61.960552374041754
79,95.00959741982426,61.979310130175385
79,94.98341822971584,61.98107902522285
79,94.99079240697988,62.00858194563536
80,94.98560381826161,62.0439757835976
80,94.9833657435407,61.996533309656485
80,95.01269838211512,62.00583862544055
80,95.01425477534909,62.014232427497774
80,95.02124865668353,61.99147079533228
80,95.02539021834691,62.00204589577216
80,95.01654348933513,61.96997432486396
80,94.9774150217206,61.96907271991532
80,94.99224173118715,61.99023739558782
80,95.01478617460498,62.01594955952553
80,95.0052032075479,62.046244264387695
80,94.99048558628947,61.986422909682794
80,95.01401703343377,62.017682622573325
80,95.02925427140534,61.989949999386056
80,95.01844925968801,61.95861892195301
80,94.98618029061468,62.036713813508584
80,95.02383753001591,62.032357849016165
80,95.00075199888855,62.001670348629624
80,94.99483813777276,61.96940767179503
80,95.02177473540574,61.99860667214155
80,94.9869183564463,62.016143880911144
80,95.00135908192809,61.985564024578
80,95.00653789426487,61.974797737192645
80,95.04163746296612,62.01577216456198
80,94.99354884417531,61.98991828076851
80,95.02135498470876,61.998467349559796
80,94.99358774595288,61.98985476109827
80,94.9850487330966,61.96870748582759
80,95.00130046571523,61.995413421357206
80,94.97825064584505,62.00073687997813
80,95.00832335488688,62.006148084399676
80,94.99624807148719,62.03873383269134
80,95.0076148858261,61.976055740204174
80,95.0227267496191,62.00391627353143
80,95.00630436356508,61.959123599253914
80,94.99309877060712,61.98880185717074
80,95.00986845720578,61.9990919989751
80,94.98872657690946,62.01120061642292
80,95.01481681505986,61.97791411918775
80,95.0202336816444,61.97012104709185
80,94.98370849999063,61.99994090131488
80,94.98603499840868,61.97251648907614
80,95.01256693682417,61.98765357360718
80,95.00673924922093,61.986613323121624
80,94.97065525186578,62.03201289448023
80,94.98273027652658,62.02095055065564
80,94.98458725866524,62.0085784097681
80,95.0309467134025,62.019704222190654
80,94.98000459387255,62.011648898023985
80,94.96299727729827,62.01921363195389
80,94.97020541562607,62.00705872685276
80,94.95700535229133,61.98438332866866
80,94.9889360810776,61.98446417958945
80,94.99373783959653,61.97117587265267
80,95.03409690527552,62.023374880898935
80,95.00381160207095,61.95836278866292
80,94.97108248968307,61.986936272463225
80,95.00235638372168,61.96982722374838
80,95.00409866156856,61.97529249976526
80,95.01266480663878,61.99485876487689
80,95.0023738890899,61.985552028371586
80,95.03927533662286,61.980014714352826
80,94.99927823290794,61.98548384514023
80,95.03661804531141,61.98590922353301
80,95.01861327518276,62.0031789589084
80,95.03011650420937,61.9853792785267
80,95.03927142441422,61.98829636973312
80,95.03237763278494,62.00606808717782
80,94.9965026902522,62.03835264709275
80,94.96476071692337,61.989777556927564
80,94.99153880754962,61.997462053636056
80,95.02886641114527,61.995905841400905
80,95.02438375361396,61.99187843323111
80,95.00715005852037,61.99064775218879
80,95.00637345913451,61.992286782848154
80,95.02501340270005,61.96396053499273
80,95.03789519002254,61.97247405966938
80,95.00872629725055,61.98943786820946
80,95.00527176991716,61.999885500026174
80,95.0133510819863,62.0122869575357
80,94.97122354546111,61.97799153018865
80,95.01454455608034,61.99270992610447
81,94.99217545137495,61.965216845487454
81,95.01115489383147,61.9792245668447
81,95.00926704290877,61.999416314023364
81,95.00622474724477,61.98845721165195
81,95.01341504753718,62.00073927821737
81,94.97510397423808,61.999881416219644
81,94.95914822639672,61.986278104064894
81,95.00339876556575,61.99905492356477
81,95.00630563892689,61.97752602978859
81,95.0237662549679,61.98674881727807
81,95.01157936071252,61.983802126632
81,95.03067801346555,61.969442639750774
81,95.00571533083028,62.04253202070033
81,95.0098257233911,62.01914500112382
81,95.00786489685943,61.96356685186506
81,95.00091138187331,61.96420365105876
81,95.045237068667,61.98247280352291
81,94.97539198427741,62.034533335793014
81,94.97804026412061,62.027948216885946
81,95.0051995411138,62.017494843683174
81,95.02148397263787,62.03101255012927
81,94.9840115030561,61.98628543243486
81,94.989961321522,61.9723701252959
81,95.02606782512123,62.030113860371046
81,94.98870153676393,62.023080154404944
81,95.00336354359354,62.01175575346295
81,94.9594282319579,61.98227492176628
81,95.0405729937272,61.972150140814584
81,94.98542678601004,62.00648449490544
81,95.0138404217602,62.01702671566164
81,94.99281740125782,62.04237560778086
81,95.01038063096706,62.00334883634582
81,94.99737395533066,61.9853240310372
81,94.95811604281134,61.97606619603402
81,95.00114509240184,62.020652282889436
81,94.96828030024415,61.98174368509679
81,94.99189282721898,62.01549529842078
81,94.99295461078455,62.048930482775326
81,94.99467749715909,61.968809692882
81,95.00429311051823,61.9611518679032
81,95.03620867767516,61.98219977074365
81,94.99335334401677,62.019930626020425
81,95.00185360665199,61.95643099203105
81,94.95924452870972,62.02231387395523
81,94.96421651376097,61.976564438206985
81,95.02365632633078,62.01299516928949
81,95.04214730282801,62.00808205612445
81,94.98743208747865,62.02979655520938
81,95.00897232115067,61.9822918939005
81,94.99241214280022,62.01245393461974
82,95.04377794312198,62.0138935258366
82,94.99782208137947,62.045680604310085
82,95.00690724319989,62.017349371056966
82,95.02627318164895,61.96639002344925
82,94.96819891430964,61.97482567086565
82,94.98055830447124,61.99928163220616
82,95.01473645766815,61.990159825975134
82,94.99875147779568,62.04608149313217
82,94.98130105317925,61.97782396892698
82,95.0012727379725,62.001783739920974
82,94.99181899699813,62.010596609861395
82,95.03828987788123,62.01227702430569
82,94.97150258364081,62.00488594351724
82,94.98823851709237,61.977488652649484
82,95.04754249047632,61.9849544750489
82,95.01963059958977,62.00638676804764
82,94.98783537930102,62.00692590240483
82,94.9997392808782,62.00558567986832
82,94.99896587789571,61.97300676973103
82,95.00580368915493,62.00370817778252
82,95.0015069601066,61.984920384049445
82,95.03283922102355,62.02685830212399
82,94.96538426968921,62.00794936927661
82,94.97813459496182,61.963764869458856
82,94.95954631541447,61.98583351960487
82,95.00324365154046,61.98656127274299
82,94.97924311423195,61.97305418774832
82,95.03725173290093,61.980089221339846
82,95.00836055267163,62.00790900843146
82,95.03077113833312,61.97086157419972
82,95.0049752531139,61.996098024441224
82,95.00256850115184,61.979087733723404
82,94.97001952054875,62.03417958597067
82,95.00426836271221,62.020691159231724
82,94.99287205228711,61.95643503449934
82,95.04319332136264,61.97614256407332
82,94.96169328922137,62.018132907091484
82,94.97641887213811,61.974462542016326
82,94.98146490145382,61.98890714697723
82,94.9538877670648,62.00045413639798
82,94.97890395966255,61.98951723644755
82,95.04362978240229,62.02394675354284
82,94.97350087060109,61.994242352180365
82,95.01526289287328,62.01583791041478
82,95.02893651330362,62.02890110485464
82,95.00211490997117,61.985669645647356
82,95.00834825565204,61.979586354827106
82,95.00077507434179,62.00999303754125
82,94.97118769820153,61.9825144211509
82,94.98588999070996,62.01254762265542
82,94.99019031648069,61.95483485572116
82,94.96952204386572,62.003311664028324
82,94.99397186665067,62.01675938314527
82,95.00064125985708,62.02105888213329
82,95.00372719491475,62.00488213565865
82,95.01903329809727,62.001189107012955
82,94.96355200441793,62.03330526082695
82,94.98116243913375,62.01785549384322
82,95.02780420810434,61.976696063348534
82,95.03705262346114,61.99044642078546
82,95.01674164587891,61.975902688115276
82,95.0265153198759,62.022291784084075
82,94.98406837446669,62.03444369258774
82,94.98953713119232,61.96145000916955
82,95.03300356516019,61.96308312251452
82,95.043171629271,62.02062255854532
82,94.9745865590429,61.98444187044225
82,95.00564159584212,62.00467669776013
82,95.02132746999376,62.02729445826005
82,95.0079061051989,61.968460192347536
82,94.9815141695656,62.041811694634355
82,95.04264101876419,61.99021653757461
82,95.0116866072743,62.03368058569638
82,94.98168171766065,61.97179063720121
82,95.03693398761928,61.98753183162004
82,94.99534365161584,62.00223776291396
82,95.03004832572717,61.976968801947045
82,94.96949052155503,62.01630514339643
82,95.0158221349053,62.04346284379613
82,95.01490791835194,62.008201904589114
82,94.99843769699042,61.98784819373338
82,94.976261654649,62.010706776106275
82,94.99438657417437,61.98100822767955
82,94.97982764824022,62.014494666484325
82,95.0199004058672,62.02318444390673
82,95.0098523483072,62.01107974952686
82,94.97997019976744,62.01402054200304
82,94.98972404001498,62.0402690699693
83,95.00512643581754,62.0041317974281
83,95.00822567877283,62.04533379863343
83,94.99378967744308,62.03610535646045
83,94.95261769968829,62.00331220411453
83,94.99078654814878,62.03427189677789
83,94.99565237192236,61.97565846335018
83,95.00385968162705,61.991675331718774
83,94.98794697879799,61.98556300345487
83,94.99122955671209,61.978905260813946
83,94.99830236319639,62.00515814770797
83,95.03384732818627,62.0219822320102
83,95.02375747426089,61.98847774983305
83,94.9822913243408,61.99367249569631
83,94.99621219658587,62.01930785956248
83,95.01642435004382,61.98152646578597
83,94.99830791016997,61.99778838348788
83,94.97980516268402,62.01813770534958
83,94.97086731270518,61.972691872541674
83,94.98902016015107,62.01811049092523
83,94.96794451425006,62.028535126720485
83,94.99556293799773,62.04496777015925
83,94.98153957133134,61.96752786246628
83,95.00981484788609,62.0101129568434
83,94.9770376759954,61.99786435527573
83,94.99992498072406,62.01141550010639
83,94.95833862782007,61.97829320804071
83,95.03075935220927,61.99073848237315
83,94.98569149656821,61.96839893578427
83,94.98584194100386,61.96272870487498
83,95.01369388684087,62.00483406594245
83,95.0031562407728,61.994759820923036
83,94.9829613655423,61.95998456586426
83,95.01550972915177,61.981747967361834
83,95.0284388653742,61.97006888716125
83,94.99747997938938,61.980992740055456
83,95.01801309966362,62.045110179991
83,95.01020200654878,62.002231712053586
83,94.98705511004039,61.98407024583587
83,94.99428232244198,61.9542647287036
83,94.98395554277234,62.025268648110846
83,94.97937704183299,61.99220056509737
83,94.96209855811856,62.030134927821734
83,95.02846127378533,61.98996457646411
83,95.01721647458501,61.972907584889015
83,94.98953713119232,61.96145000916955
83,95.00837165235797,62.013285838949
83,94.97706550474719,61.98326620903747
83,94.99873485710866,62.01963546297447
83,95.00116473928745,61.98813230871936
83,95.04340026432853,61.99056775901251
83,94.95564180768433,62.012658955934455
83,95.03162288313193,62.010868670393236
83,95.04584027572143,61.9919237644758
83,94.97699791188604,62.04045036210706
83,95.01598141119884,61.99957551062555
83,95.02303563488812,62.01657565259371
83,95.04227714961242,61.98949548408414
83,95.02529271238569,61.96243810854778
83,95.01192143227676,62.020340809503494
83,94.97331454847242,62.016166951466126
83,95.04780666385156,61.988937015355226
83,94.97643408734176,61.98822070777704
83,94.99495471862198,62.004431401831354
83,95.0373976426883,62.01519361624237
83,94.98567998186937,61.953446923558616
83,94.99258648583658,62.01302742107354
83,94.96312723627798,61.99427993571491
83,94.98659918549797,62.03184250892652
83,95.0043421109947,62.010460995284916
83,95.03301025347709,62.01572059413355
83,94.99051304856356,62.03996013797887
83,94.99521243210911,62.049570873066976
83,95.01247536346393,61.99004210819253
83,95.03085109433121,62.015418841282504
83,95.02229059710979,62.007308714503836
83,94.98747499554892,61.96246917304511
83,94.97580604995386,62.015343501366125
83,95.00758234502068,62.03913499423732
83,95.0423238260722,62.01402743385938
83,95.02068395538222,62.02137951975575
83,94.97978295966858,61.99875608417622
83,94.98266172443093,62.03448231873439
83,94.97629916937271,61.99756791903531
83,94.97477233955806,61.97654298584243
83,94.99377455475845,62.00402999109594
83,95.02745321556915,61.97732223744406
83,94.98635018898781,61.9788567300115
83,94.96696983868476,62.000640878713455
83,95.00265041643331,61.96553008508735
83,94.98194226426904,62.02722586805345
83,95.0144951731868,61.989197217567686
83,95.00558945725882,61.97615249151972
83,94.98526016467058,61.98699327985582
84,95.00074084121408,62.00098294091754
84,95.0330068797779,61.9718112342681
84,95.00836519197432,62.02622402043571
84,95.03041717777445,61.97263496603566
84,94.9609856554901,61.99633124861585
84,95.00808006397905,62.02069208155875
84,95.0366297685017,62.0049149086142
84,95.00036509201102,61.999930551627315
84,95.00273246815588,62.0305496768942
84,95.01944265009845,62.037845590559
84,95.03955261442952,61.97387928597605
84,94.96856810168764,61.973997402230054
84,94.96833964323037,62.03281990191458
84,95.0153207034946,62.008461169366285
84,95.02753256259312,61.98417393391072
84,94.99179171005359,61.966630251502565
84,94.97363443079621,61.97904521135775
84,95.04556473669794,61.99537938655772
84,95.02154141136292,61.9762218274618
84,94.99926195829606,62.01622674570484
84,95.03697337015002,62.00024167711254
84,94.96388321968855,61.96968612592975
84,95.00614010840017,62.00827634515702
84,95.0019348059212,61.982257219237326
84,94.96089904828477,61.998375788658656
84,95.00275905182986,62.02295676673063
84,94.99249524156085,62.0447456639218
84,95.02992160379524,62.015414841569765
84,94.9816245484381,62.04205703309376
84,94.99087632372593,62.00284209603946
84,95.01668782528351,61.998962352550144
84,95.00261738737345,61.999101718185024
84,94.9994351616111,62.01547160549271
84,94.9990232052696,61.96163849604889
84,94.97643453387643,62.015863774918465
84,94.97407562310526,61.96834444099569
84,95.02398409481852,62.04176964936298
84,95.00851883659404,62.024413670270185
84,94.9793952246958,62.03439682956401
84,95.00303921341883,61.97882768608377
84,94.99262755464835,62.038878848696044
84,95.01956723566458,62.027602228717214
84,95.03074747125956,62.027193349238274
84,95.01107359910114,61.98270884593011
84,95.03867034150925,61.98606071793449
84,94.9959986401333,62.04418162210026
84,94.98669286573823,61.99311001985608
84,94.99946166516935,61.96251670862148
84,95.02250399070839,61.99656583216719
84,94.9525707754105,61.98466596807826
84,95.00011671985288,61.962111394444044
84,94.97386286299475,61.959901424443046
84,94.98583088076978,61.953162000586616
84,94.98337748416225,61.968793974658304
84,95.00119111291237,62.04631036039819
84,95.04141662450198,61.976370893643185
84,95.01463741586869,62.019533446092865
84,95.00141499670823,61.99251955531906
84,94.95674052963616,62.019795892239095
84,95.0112099430418,62.02705708384125
84,94.98335369724956,62.001822577526156
84,95.03468102667937,61.97694449735376
84,94.97571213096502,62.03522681876466
84,94.97735974273196,62.0251463990288
84,94.98830775541751,62.0322987392977
84,95.02322217063036,62.02220630524965
84,95.02576564262286,61.961721547270976
84,95.01549003759982,61.96955205780894
84,95.01498648877387,61.9895483819923
84,94.97801790763634,61.9844497816713
84,95.01204502567792,62.04293154196618
84,95.0288106604314,61.98074091546552
84,95.00043463993948,62.013242251771125
84,94.98532883484566,61.98215439867256
84,95.0099528647026,61.96333129364326
84,94.98419855707941,62.001844226917136
84,95.00171908403597,62.00201433347838
84,94.98784477244037,62.03535054621268
84,95.0298444445988,62.01265249052025
84,94.95584886229801,61.99902108467065
84,94.9860864267749,62.04163388992249
84,95.02071172779267,62.00995716936125
85,94.98768000369232,61.978353937407284
85,94.95653028942007,61.996692520093
85,94.95922987812673,62.01996836473918
85,94.98570722797069,62.009753487228
85,95.01053943816618,62.021284431170145
85,94.96764889647386,62.012612731819054
85,94.9835397781041,61.99968879122682
85,94.96560728675937,61.980538162692504
85,94.97741571500522,61.99438372697997
85,94.98975729940709,61.96564526153576
85,94.96717413333707,61.985422598441694
85,94.99240979397923,61.96691450915419
85,94.98757272548605,62.01039560504055
85,94.9848632198183,62.031213957740135
85,94.97053037631161,62.031564115760574
85,95.00843517434524,62.02218195265166
85,95.00123438572254,62.002003685063265
85,94.99353405940131,61.985910938675815
85,94.99192786617871,61.98625165070164
85,95.01144004976834,61.995996463364726
85,94.98258559256149,61.96766603954855
85,94.9912784581843,61.9885172179188
85,95.02942179761266,62.00049258212599
85,95.00026393084633,62.001687221534816
85,94.98533911063653,61.987586816906116
85,95.04564046332439,61.9887797657624
85,94.96097855870829,61.975092461360255
85,94.99946104510855,62.012191144431796
85,94.96448714190304,62.0260892552693
85,95.02229059710979,62.007308714503836
85,94.96509726116653,61.97792847647398
85,95.04532800555901,62.00425123724892
85,95.02045513657798,61.986875527617
85,95.03059795949247,62.0311898351957
85,94.98013187486258,61.964423792255864
85,94.96778055354717,62.00387686703862
85,94.95590850708717,61.977684584231014
85,94.98910021352056,61.96800605642719
85,95.01185502302916,61.974998481473556
85,95.0074861489968,61.99436389505996
85,95.022713625161,61.97855287030068
85,94.96219555529147,62.020593698244504
85,94.98655435855426,62.04537745777128
85,95.03904719451369,61.98884804870428
85,95.00198966754735,61.99548696838332
85,95.00729351407143,62.003160270771374
85,95.00997371370771,61.977023718889804
85,94.96723147736304,62.02839673696261
85,94.98528061707762,61.982424966056556
85,94.95289057104934,62.010787577344864
85,95.01852188172835,62.027034935419294
85,94.97977195423672,61.990829074779356
85,95.00271761678366,61.96625320284763
85,95.0303268755664,61.998979921179625
85,94.99671138458979,62.005735342537285
85,95.00773448528163,61.96433511980205
86,94.98449347103914,61.99222510876671
86,95.02005987993428,62.014612144050275
86,94.95247477226886,62.00687150298086
86,95.00176868198805,62.001704091009564
86,95.02078506104604,61.99247134806895
86,94.98889003548085,61.962190962848005
86,95.02114115703627,61.9818418274965
86,94.97743216288562,61.977941314496796
86,94.99055807843386,61.989896394433536
86,95.00130126179299,62.042522063526285
86,94.99472807666213,61.97724883723375
86,95.04210071002096,62.0153311109811
86,95.04346349141655,61.97952097098898
86,95.0265984189338,61.97995297856364
86,94.97679638173618,62.03959106074128
86,94.9706526889707,61.99371496153085
86,94.9769259267837,61.991652157245895
86,95.00465577848176,62.04588887844159
86,95.04780666385156,61.988937015355226
86,95.00432762162873,62.01867977333774
86,94.97704468326135,61.965768859548966
86,94.95010758206095,61.99842100457413
86,95.01141610651177,61.97315393045165
86,94.97684607959815,61.97377346302769
86,95.03459713760897,61.99938559432151
86,95.02142179851604,61.999870591627236
86,94.95063067084168,62.005192936126846
86,95.00098184429854,61.96464724429415
86,94.99833504773227,61.98479348830962
86,94.9549931482488,62.012410119673326
86,95.02966431002133,62.01646350000363
86,94.97686434660456,62.00885059118155
86,95.00327194572961,61.97904426719946
86,94.96810445689157,61.971163217953155
86,95.01126141789912,61.97617623366731
86,95.04593061477132,62.01266744752701
86,94.96890777521432,61.98090769307045
86,94.95165314823461,62.011742160609884
86,95.01801290819213,61.96943069959416
86,95.0069691761151,62.01516690968569
86,94.97543480903357,62.015635075586026
86,94.98241023035426,62.014190430576505
87,95.00278525946898,62.00594996888565
87,94.98055557098218,61.9968017079624
87,94.95863219988186,62.025019677748
87,94.98323290125077,62.028458391459814
87,95.00614466559028,61.99053752457748
87,95.0300461103826,61.98500308936825
87,94.9578828667667,62.006626126962736
87,94.98355634650977,61.99147671674288
87,94.97698212204193,62.030471962705136
87,95.02913297006465,62.03769333139868
87,95.01207075717886,61.966636698612064
87,94.98913380303755,62.026236431515656
87,95.01355738410545,61.96761076132769
87,95.0271245664033,62.006402313810646
87,95.01703887814071,61.976797668442806
87,95.0301941185207,61.994126819108004
87,95.02952160258812,61.97886090635732
87,94.98196293890932,62.04510162573137
87,95.03283807124804,62.008749452904084
87,94.99873485710866,62.01963546297447
87,95.00620995763963,61.995203368199604
87,95.04562771544502,62.01017135786141
87,95.00417079198932,62.02025336280537
87,94.98791035682949,62.012854423156895
87,95.02561778812915,61.989536624367425
87,94.95539440542457,61.990597131295175
87,94.99778249825314,61.96163799143144
87,95.02518782567988,62.006548960006064
87,94.96379311475437,61.99071496849056
87,94.9781300562415,62.03525496106481
87,95.01102321185138,61.98335177770741
87,95.02097891588443,61.98017460130711
87,94.96733975558145,61.97959945407821
87,95.02366103388454,62.00724758989904
87,95.04295472813054,61.995878055691364
87,94.9806120360627,61.96543119101268
87,94.98288884518279,61.97772089326281
87,95.01089052276062,62.02062199126075
87,94.98575698219717,62.03481724862802
87,95.01350448130769,62.00400298179456
87,94.97964126722596,62.045656588708965
87,94.9926679255453,62.02375238487631
87,94.98960379403809,61.988062179689955
87,95.01732267144118,62.01643808578806
87,95.00524649608329,62.01380265496294
87,95.00125207089602,61.967832212308565
87,95.03356857602319,61.97885338099137
87,95.01836879901508,61.98036743058128
87,95.02187954168511,61.99808900253002
87,95.01480406508443,61.98462748258846
87,94.98052103431029,62.03995213508923
87,94.96953250242929,62.02514558493226
87,94.99877729894531,62.03287106808415
87,95.00316217742468,61.987118887913155
87,94.97061363691074,62.015601086624415
87,94.98174746644266,61.95795334397897
87,95.02121827003936,62.01141049630396
87,94.98916541926677,62.031979079122266
87,95.02622761597505,62.013788214408216
87,94.97221279556064,61.991217924512526
87,94.96482170494366,62.01375087672653
87,95.02263177247336,61.99845853227487
87,94.9653420412079,61.97987723122874
87,95.03502589413567,61.99344175166354
87,94.99816450472298,62.01220560979998
87,94.99076104061729,61.98609485397164
87,94.98774122624977,61.98187267983174
87,94.98575503780705,61.95678597132379
87,95.01847131960804,61.965887023047465
87,94.99395270404825,62.00685505141948
87,94.98503831867326,61.98157971952617
87,94.99320576730385,62.00914419028494
87,94.96121677639303,62.02337474151187
87,94.98798816577171,62.01839520371869
88,95.00615210566099,61.99950272819637
88,95.01345625981224,62.01427208321108
88,94.9744188646135,61.95783762624591
88,95.04564950145348,62.01400005264304
88,94.96032078737905,61.979587598318325
88,95.01792148166287,62.00449330286796
88,94.96113758684284,61.97068393467086
88,94.98039956162462,61.98521479040209
88,95.03756889889985,62.00927597528745
88,94.98259952808418,61.96106047359566
88,95.01640646897606,62.03959213535764
88,95.0211167459884,61.978575656676796
88,94.98748614389999,61.97610825358235
88,94.95115140700763,62.00127556016386
88,95.02564657210084,62.023488890817
88,94.96214581373158,62.02200788748596
88,95.01042220285996,62.01236367235122
88,94.97407800110122,62.0349060723467
88,95.00558986465626,61.9888762750617
88,95.03327221610172,61.99566381894513
88,94.9884762801937,61.97217712099002
88,94.98597620366448,62.01627164282766
88,95.00113776693757,62.010210558423864
88,94.96808762093227,61.965252350841546
88,94.96817796751736,61.98675803833569
88,94.99384492688115,62.00283381248085
88,94.98753165208504,62.01915061515883
88,95.01494739996465,62.02325406467792
88,95.01908965724776,62.02342405673643
88,94.95805516181616,62.01461148806916
88,95.00766424304588,62.04743114637844
88,94.96663061888485,62.017918749257525
88,94.9867537748352,62.038414397954114
88,95.03461522122859,62.018612750136356
88,94.99804487693669,62.03228564964846
88,94.98679656882446,62.005601187137266
88,95.04405921784517,61.98477499143179
88,94.96541728003204,61.968725237844744
88,95.03992571425175,62.00933798579247
88,95.00656768336978,62.02533542186452
88,94.98763809413934,62.03421769030197
88,95.00489260371008,61.9522418098529
88,95.00684801484705,62.02401481996552
88,94.9735310821628,62.01577191069496
88,95.02099990392605,62.00600261544842
88,95.01029318088582,61.98980238379043
88,94.99669566595493,61.962603583847425
88,95.00177111757813,61.98954818465651
88,94.96290873975789,62.01512718692631
88,94.98374815746197,61.97906140121821
88,95.01850710857042,62.02124342460602
88,95.03682992088956,62.03208490797213
88,94.9812526614266,62.026663059640896
88,94.96971239848364,62.014663395801065
88,94.98948859447303,62.01367970259926
88,95.00497764633772,61.99747268046134
88,95.02065972693951,61.968785119297735
88,94.97922344533805,61.96378853576818
88,94.99424285998056,61.977984220182215
88,95.00640320757003,61.989484305608556
88,95.02730411537593,62.00986369058813
88,95.03837762069877,62.00551830841616
88,95.00378766447459,62.034753116799024
88,95.010829833071,62.03464150739141
88,95.02032134121684,61.986101370649266
88,95.03779956935352,62.004498562590435
88,95.03270123843437,61.98613201937391
88,95.02808009540774,62.01794488562942
88,95.02160611614066,61.97695877597872
88,95.01380815439715,61.99874447034035
88,94.9637167074449,61.99629707399888
88,94.99769727055394,62.018081982067606
88,94.98918741873037,62.01912706873003
88,95.03906432911464,61.99533187125858
88,95.04185757096126,61.990246736722135
88,95.01087199142346,61.969383211342425
88,94.97854906011037,62.00122044474004
88,94.97648810185432,61.98769300761251
88,95.03787974940502,62.009671308921575
88,95.02438349805544,62.01251403348371
88,95.02797916112613,61.9829253616683
88,95.02758479480404,62.019968417921646
88,94.99766541946468,61.9994740767252
88,94.97314459149501,62.03236837685284
88,95.01507332143485,62.04512527480502
88,95.00173684499431,61.96351259488076
88,94.9959146509788,62.00659975192421
88,94.97873184147555,61.99830708073686
88,95.00566901491196,61.954176333418395
88,95.04356509963766,61.99577403083749
88,94.97858496698974,61.98952090645
88,94.99987133637043,61.97280115316726
88,95.01074995918783,62.02141936319146
88,95.01382282488035,62.04101819042242
88,95.0129166529,61.9901242524762
88,94.99352758656309,61.9826079103509
88,95.00195616047722,62.004371699899544
88,94.97978078639674,61.95619541803486
88,95.04559162665208,61.99183184888089
88,94.98128150434823,61.9725511955044
88,94.99251419749699,62.04729887814858
88,94.99818206706696,62.005183791985814
88,94.98301607221538,61.969171928636406
88,94.96053037458631,61.9918324661691
88,94.9664435096107,62.02642045924114
88,95.01069699948206,61.967971054560216
88,94.99051304856356,62.03996013797887
88,94.96267001940235,62.00563077889986
88,95.04038977965591,61.9799332702211
89,95.00132221466147,62.045877463507345
89,94.95944205547913,62.015592901657556
89,94.99474684238993,62.00298134561091
89,94.9929028717673,62.01600673471166
89,95.03502669176291,62.02554823608329
89,94.995878014409,62.04728986986635
89,94.96399103891251,62.02108508931325
89,94.96603959113703,62.00459336010487
89,95.00615696792084,62.005263680286426
89,95.00958015680985,61.9747539283352
89,94.99599149161801,61.96643641014122
89,94.97055741238,61.99598671319831
89,95.02490935550311,62.03863073380851
89,95.02542199834723,62.01359457083577
89,95.04639580602819,61.98710104723342
89,94.98889907901435,62.04522975186423
89,95.0260157303837,62.0329614112443
89,94.97845333589892,61.98157169158557
89,94.9830433983124,62.03097344097056
89,94.96081731796217,62.01956115724128
89,94.96372914503046,61.998852482503054
89,94.98604868955408,62.01592204763865
89,94.98687541406423,61.96664954505723
89,95.01648598253638,61.99856594756725
89,94.96065489372351,62.01139136715468
89,95.01049933367034,61.96380559081657
89,95.01198779545702,61.980405016922155
89,94.98142423969735,61.981815490137855
89,95.00256262460182,62.04633685754353
89,94.97891571939287,61.9759965973831
89,94.96832122489755,62.027435978948986
89,95.04576131758793,61.99281037982118
89,95.03036338478823,62.00408637768724
89,95.01565079001124,61.996397659765854
89,94.97753111687086,62.03413900078394
89,95.00889754029144,62.002354589283215
89,95.00597548062194,61.99787530336398
89,95.01308078405826,61.97332051300631
89,94.97574946971946,61.97987048073444
89,95.00136060399707,61.96359615611497
89,94.97245948552583,62.00195974890323
89,95.0140908389159,62.03388485449949
89,95.02588497524928,61.99827120028007
89,94.9678040075124,61.980516839198955
89,95.01677712072431,62.02019783619073
89,94.98711665664777,61.99380354985506
89,95.01772291268315,62.019762451848266
89,95.04952914011176,61.99325385079769
89,94.9632091711252,61.97317287558644
89,94.95865412774384,62.01005055714041
89,94.97982341862925,61.96866433843527
89,94.9925402255669,61.99375467984928
89,95.01880626251956,61.95463324268445
89,95.00934093841761,62.01353775225236
89,95.00683127120327,62.042128339534656
89,95.01792148166287,62.00449330286796
89,94.98707231336917,62.014932640934006
89,94.99519317164797,62.006840826880506
89,95.00878345054977,62.02194776191942
89,95.02093498561035,62.02278376076239
89,94.9821913006801,62.018749212628386
89,94.97349046278698,62.02073714923198
89,94.98958666569595,62.036816194941345
89,95.0076920885259,62.040944754118186
89,94.97975051344557,61.984857004418245
89,95.00681154140989,61.954069573175474
89,94.99155264189041,62.03912100575018
89,94.99766839839423,61.99468396092942
89,94.98641639385184,61.987780008193994
89,95.00540991649625,61.993585793395326
89,94.99865695516463,61.995011902150225
89,95.04267386649646,61.98611724577239
89,94.98522150327764,61.99580391464615
89,94.97049580563424,62.02293229246508
89,94.97637151852074,61.9567863599505
89,94.98649705838078,62.01541837966369
89,94.98872657690946,62.01120061642292
89,94.99966995326098,62.02479967366073
89,94.98421636794255,61.98278455986059
89,95.00083400208962,62.03505803325256
89,94.97683172544095,61.99310797121284
89,95.03759655413693,61.99921426546545
89,94.99025331362292,61.97892128132727
89,94.98389431652033,62.01194412578367
89,94.9785830752909,62.011456671826984
89,95.04692430200825,61.9958277949563
89,95.01135960320062,61.990705448577636
89,95.00927515619631,62.01855173395485
89,95.00016173819532,61.99600909517482
89,94.99259715059517,61.97622465794963
89,95.02066251323917,61.990961183507636
89,95.03332749558379,62.01036471627051
89,95.02220946993631,61.97196568680417
89,94.98938902940888,62.01732157565075
89,95.02021809620084,61.999979278640424
89,95.0116884326021,61.95777327808913
89,95.01963729338857,61.992372773973685
89,95.00593240514941,61.9777092758998
89,94.96537631427489,62.02713342275159
89,95.00823039770233,62.00622616142188
89,95.002237271648,62.02127544643163
89,94.99109780320248,62.04138076597385
89,95.00326894380844,61.95848661933141
89,95.02874005516385,61.96083615619355
89,94.99693256585545,62.0485247064241
89,95.00951632955093,62.006579424923245
89,94.98353855776689,61.98464754939396
89,94.95976671833873,61.971900267573915
89,94.9753025146334,61.971681969646276
89,95.0309693455096,61.9926546495685
89,95.00026369596084,62.045714511923656
89,94.98275374550735,62.03253656559941
89,94.97867129519199,62.03928340404652
89,94.99295885837468,62.03330957810386
89,94.9615428047565,61.994179759191645
89,95.01778324890267,62.02896569644965
89,95.01940554096133,61.98377405314228
90,94.99548786412753,61.98840118291594
90,94.99883788658411,62.03177512790932
90,94.99961907119112,61.99465867082933
90,95.01757474974183,62.01922389288604
90,94.96717413333707,61.985422598441694
90,95.01971835370146,61.99462197723263
90,94.9971296175415,62.025180469639714
90,94.99498657358116,62.02577966503043
90,94.99556007318861,61.99379300150753
90,94.99906847057285,61.99636471060919
90,95.00853954639817,62.0278278402193
90,95.01101739470653,61.979636006812754
90,95.01913454511686,62.02120336751183
90,95.00007663808624,61.99513543808836
90,94.99142270098716,61.974108586521105
90,95.00098110851252,61.95399908802982
90,94.96091710149638,61.98286699490088
90,94.95764384779025,62.01297762811318
90,94.99739621339302,62.01831056936452
90,95.03488063032235,61.97040278265804
90,95.01331725745646,62.01393271916624
90,95.03797274574707,62.003686842463985
90,95.02163028804158,61.999777424944504
90,94.98960168395905,62.045601496316735
90,95.01331490238653,61.9846235866766
90,94.99591826429581,62.01923778469821
90,95.0380291651352,61.9832931619473
90,95.02419762947972,62.02947926886841
90,94.99636664323504,62.02190938272903
90,94.99151705858954,62.00417652150857
90,94.97558217981168,62.00319141661173
90,95.02159730654857,62.016716198551045
90,95.03754213293301,62.01854751872614
90,95.02942598177947,62.021074185511985
90,94.96608077998602,62.02406611723425
90,94.9967995402721,61.99283620428252
90,94.98544173757682,61.985175980753596
90,94.97985508741797,61.96222752004838
90,95.03906103775608,61.98328175930337
90,95.01337746147877,62.00959094634411
90,94.9954375109736,61.96560330579341
90,95.03106160600662,61.96694277663417
90,94.98378968954151,62.00901190489773
90,95.01419845775227,61.99965895190409
90,94.9672749611881,62.03278292297338
90,95.01272014434127,62.004698656127694
90,95.0002944993014,61.99803122004494
90,94.99844870366186,62.02584525713834
90,94.98812871486814,61.96385557893772
90,95.01926593511206,61.98714514973307
90,94.9768135503596,62.02678668245463
90,95.00678408262624,61.98046307441189
90,95.01337268735487,62.009985814621494
90,94.99952977411695,61.95883028055686
90,95.0309467134025,62.019704222190654
90,95.00737968546918,62.03638099790717
90,94.98926417460869,61.98836651877185
90,94.97298599925738,61.99485319159427
90,94.99647390299283,62.04598330186507
90,95.01580267637223,62.00581721732719
90,95.02454304133262,62.00267954923201
90,94.981932789167,62.02206702154819
90,95.01085975098015,61.96887177912992
90,95.00316217742468,61.987118887913155
90,95.0285133169045,62.00899726294716
90,94.9641797260307,61.99436232525178
90,94.9800825911538,61.98254839431876
90,94.99800282981349,61.97367570696473
90,95.00262699560754,62.01521400411609
90,95.01580632004126,62.032747386215675
90,94.98014768142558,61.985573900001235
90,94.98140654785148,62.00333779952869
90,95.01489511724218,62.000866550714925
90,95.02659020460464,61.95858718527346
90,94.99797409412272,62.024249577536736
90,95.02847018316366,62.03289492679857
90,95.04965780300466,61.99707315801734
90,94.95480132616953,62.0138860726765
90,95.03452067640289,61.99108907096885
90,95.0173303528325,62.02107798140101
90,95.01122033809517,62.0247268776015
90,95.02229670780386,61.99891030764063
90,95.01222446272648,61.98384768003932
90,95.02657694211538,62.02181340928809
90,94.98029784465137,61.965097073286465
90,94.98072735887777,61.989928827802785
90,95.02169396337153,61.964317190590215
90,94.98743181143769,61.970762292014165
90,95.02996233104456,61.973884090369914
90,94.97659113329217,62.014180079239196
90,94.98376090624872,62.02410604294592
90,94.99903020869482,61.992176732564076
90,94.98462783970338,62.04159815313751
90,94.99023815393895,61.99259428452292
90,94.97383841959632,61.99122338555791
90,95.03951756797511,61.991500072698116
90,95.03474824171636,62.01654728416581
90,94.99828254584385,61.954041807420445
91,94.99523048138755,62.012450186092
91,94.99184498007527,62.01182624861157
91,95.022713625161,61.97855287030068
91,95.01638621337445,61.97891295809798
91,95.02156593798043,61.973811798861625
91,95.00963157925861,62.04481330266418
91,94.98173227210661,62.04090670111005
91,95.01271166177133,61.99199195116148
91,94.98954523790557,61.955535596188014
91,95.0158465032316,61.982193185194376
91,94.99373793296175,62.00107744729501
91,95.02369407180484,61.98453088307328
91,95.01703868319149,61.98620972092135
91,94.99558896657753,61.97457998986109
91,94.98702691135833,62.00290910159341
91,94.99164778250054,61.98378438125845
91,95.02767421732135,61.987740613515335
91,94.98449607303468,62.01941516524397
91,95.04073730661179,61.972891109175315
91,94.98760027975297,62.02448333283608
91,95.01487127110066,61.989660576519285
91,95.0324563543556,61.99853038053737
91,94.99652666122527,61.981272226778145
91,95.01926593511206,61.98714514973307
91,95.0128468821207,62.018684198138295
91,94.99864364116542,62.03105429297838
91,95.04540183442252,61.98216400764372
91,95.02135498470876,61.998467349559796
91,95.04822611793362,62.00107783599918
91,94.97797462775372,62.02532012340605
91,95.02667509047713,62.026519079878405
91,95.00898289282456,61.97956970859536
91,94.99425127363317,61.99904172450525
91,95.00689741234235,62.00096060726801
91,95.02818024576962,61.98162625870105
91,95.00551765165098,61.98552715991226
91,94.97074908579651,62.0094322230876
91,95.00951476949966,61.98686491063206
91,94.97375170100545,61.98775618354149
91,94.99644861786498,61.994432010250385
91,94.99256484859833,62.00629899991676
91,95.03187056189124,62.016797328877395
91,94.99012933151629,62.02470484962091
91,94.96994132686547,61.97073684615033
91,95.01696369254655,61.99755984281878
91,94.98696228035028,62.00681333673013
91,95.02897667045968,62.03348174162954
91,94.98684203127736,62.04348806789274
91,95.03606792244545,61.96738480519985
91,95.01211203774989,62.00447791465555
91,95.03467702388603,61.98808848684899
91,94.97417737204285,62.01282923791127
91,95.00871976491818,62.035732075074854
91,95.00904638701316,62.000032693827364
91,95.01632471315827,62.01204020961957
91,94.98819749672795,61.96166452444289
91,94.95468807669569,62.00075407514704
91,94.97708822818369,61.979204428306474
91,95.03698064060275,62.02506877813776
91,95.01477144377589,62.02041384319522
91,95.00863055343814,62.00151070648187
91,95.03857944914013,61.970690611084066
91,95.01480406508443,61.98462748258846
91,95.02646093496443,62.037436386183586
91,94.97190673705052,62.01017923363652
91,94.99145706220098,62.009263658983755
91,95.00431843819933,61.98323421847194
91,94.99303704867366,62.009088737403815
91,95.0146936265457,62.00655638887884
91,95.00870484927115,61.988101236348896
91,95.0174841986218,62.042741048192916
91,94.96491578318846,62.01501975587952
91,94.98614748441923,61.965381927226225
91,95.00484726505213,61.95554980735446
91,95.04187511109146,62.00279324552184
91,94.9948689892355,61.98767574419177
91,94.96721373155232,61.989554565483644
91,94.97675309720789,62.02651072604632
91,95.01498867385313,61.99532057883313
91,95.02830913421343,62.00495469102769
91,95.01911338768143,62.01578324371898
91,94.98618467806753,61.95207414753813
91,94.98969861689818,62.00062244743437
91,94.99284471013515,61.98930264477458
91,94.99918445296561,62.043710043250385
91,95.0323536567779,62.02800588639354
91,94.98195780993254,62.01042939706904
91,94.95872690940605,62.00316336195325
91,95.04468659389163,62.01546164628494
91,94.9924269900296,61.98801014463616
91,94.96260520636231,61.99621665383223
91,95.03216695942581,62.00641622473995
91,94.99554211021483,62.00439302736758
91,94.9608246605745,61.98252165615406
91,95.01725301088591,61.96145574662819
91,94.99735328662044,62.00195750264238
91,95.02098410880784,61.95993249716937
92,95.01494591790667,62.036722262686105
92,95.00717469677436,61.95487116458316
92,94.95508188305595,61.985476079635376
92,94.99659015010644,61.99695557337085
92,95.02310200931643,62.03084258824236
92,95.01819637738092,62.012180623449744
92,95.02490308644897,62.004908044982756
92,95.02373331346148,61.99780027238141
92,94.98537598068917,61.99667128030494
92,94.99126453532746,61.96784440987981
92,94.98973074891884,61.95379154603619
92,95.02847615946742,62.00969726524487
92,94.98220690817561,62.00199556844424
92,94.9986170175011,61.967637038719516
92,95.03996434148034,61.98894628976301
92,94.97432487201792,62.026676670400796
92,94.98057597817791,62.001280982038985
92,94.95619674909152,62.000729734486875
92,95.01967557605558,61.994492248114625
92,95.00570045896609,62.008954452318875
92,94.99405547492171,62.03885492701134
92,94.99356114238782,62.00616165307327
92,94.97490006128518,61.99047777064123
92,94.95681065176524,62.01579152401806
92,95.03345960061743,61.99340327628081
92,95.0159296741871,61.999547058545765
92,95.00865904205142,62.02062963506456
92,95.02519569038385,62.017012578750204
92,94.97512530174181,61.98596693628355
92,94.9767360477184,61.99276619582041
92,95.0444462754711,61.983505682422006
92,95.02975194070781,61.97823114408211
92,94.96711553303996,62.006190099456475
92,94.99983981553062,61.955882775246636
92,95.01661009390718,62.01310238884312
92,95.00615710121254,61.96839847519005
92,95.04939535053057,61.99683581112696
92,94.9678926926277,62.036176596972034
92,94.95858942613673,62.02650440104339
92,95.00928825973449,61.99559432696979
92,94.96974557970958,61.99087971939532
92,95.02359551115434,61.99989874019228
92,95.00916510691864,62.0381404862234
92,94.97098288897183,62.028991216061236
92,94.98424693302192,61.9833579142006
92,95.00651476077891,61.97542472079045
92,95.00875535158097,61.96607502367439
92,95.02054230480265,61.96739203517555
92,94.96789968265942,61.963307247626
92,94.96895068027557,61.96228210654098
92,95.00680133051124,61.97256804326714
92,95.00399468055421,61.95758007158114
92,95.00249632948743,61.98660675138121
92,94.95895387865266,62.006342112286575
92,95.00496306616662,62.04416108023462
92,94.97383841959632,61.99122338555791
92,94.99237369497763,61.995503046060456
92,95.00049979148726,61.9724238996618
92,94.99011446135604,61.99572849790003
92,94.97634962034195,61.9724900007288
92,95.00855849424,61.98651958260098
92,94.9954076523084,62.00710623009169
92,94.95293604730719,61.98552019598434
92,95.03484992740177,61.994225749829
92,95.01157109903794,62.04679714187874
92,94.98049903914905,61.99428102867708
92,95.0320644980453,61.97607315132
92,95.02156593798043,61.973811798861625
92,95.01855475772253,62.00653219749522
92,94.96235381332664,61.97619109168636
92,95.0025648656491,62.01384624744075
92,94.99341380058532,61.99575913295757
92,94.9721019600656,61.98806945933329
92,94.98203992708592,61.99981279537433
92,95.00705081120095,61.981206688124715
92,94.98870463751442,61.97363349612389
92,94.95176240721841,62.01073676649743
92,94.98952985717372,62.03233679538875
92,95.01827154694924,62.016142882368825
92,95.00029584814692,62.01427584270799
92,94.9946723023894,62.017096869748784
93,95.02005987993428,62.014612144050275
93,94.98872657690946,62.01120061642292
93,94.99630048514615,61.982368424764914
93,94.99102529124308,62.037480560637206
93,95.0306832059112,62.0076785867333
93,94.9793952246958,62.03439682956401
93,95.00267955659854,61.965461872979965
93,95.0471327889439,62.007659075368835
93,95.03197886817327,62.003275875056076
93,95.01830005436443,61.99500069221292
93,95.03623072916744,61.99611375505691
93,95.03413986749146,62.01018699451481
93,95.04056409024079,62.01264686080058
93,95.02789638555912,61.965586251119134
93,94.96430551306689,61.98773445597458
93,95.00473400206229,61.97338656072657
93,94.9844738884384,62.005854876739065
93,95.0084542161214,62.01753760299847
93,95.00043266774524,62.00064653351113
93,94.99494515974324,61.992883512619535
93,95.01517039075262,61.953798721275476
93,94.974958390551,62.024562343670844
93,94.98030708980404,61.97631115350787
93,94.9760388003149,61.97334448587621
93,95.0269825481191,61.97380319780061
93,95.01386507039417,61.95932407371024
93,95.00264661852532,61.976571831968016
93,95.03379518120745,61.98179304013574
93,95.00590765825834,62.00402685973684
93,95.02142179851604,61.999870591627236
93,95.00950598559632,62.01831997411866
93,94.99283582794529,62.01420809015821
93,94.9639752503165,62.02259592624983
93,94.98399663510807,62.01342419033969
93,95.00922388796224,61.98642084061285
93,95.01174273175445,62.03060154877342
93,94.95747007156795,62.01210521829169
93,95.01757474974183,62.01922389288604
93,95.02297644023768,61.99828214850283
93,95.00036509201102,61.999930551627315
93,94.98092229712313,62.017527860212134
93,94.97776540998493,62.00189165321714
93,95.01835542975833,61.98435592160165
93,95.0346957573962,62.003227755549524
93,95.00273538101192,62.012744253510604
93,95.01312450100562,62.047530820502885
93,95.00661699527751,61.99668470239432
93,94.99173571191791,61.98628028016512
93,94.97814548261964,61.99886094698925
93,94.97684797906112,62.03858109406924
93,95.0085260091613,61.99917903166488
93,95.01086777818168,61.954171286976276
93,95.00888438927048,62.01458024857607
93,95.0152547600283,62.04502311142283
93,94.976633692593,61.98581133043765
93,95.04056978677647,61.973748201714535
93,94.98311095589179,62.014141645701265
93,95.00761952462683,62.02147722315229
93,95.04385880996782,61.98433886855754
93,95.0484099105876,62.004153532564985
93,95.01234265968272,62.003515137780184
93,94.95757485965098,61.99752222618128
93,94.98528020564868,61.98785349363662
93,95.03527206658308,62.02350772401963
93,95.04643430574704,61.98722264731325
93,95.00010722529005,61.999573042493246
93,94.99643973241518,61.97480980158191
93,95.04980899007457,61.998069576936565
93,94.97595933069375,62.03313171109983
93,94.9939824414143,61.97955471132358
93,94.99652666122527,61.981272226778145
93,95.0030879084373,62.02570013993614
93,95.01028604779067,62.03815977929457
93,94.97143249217626,61.97088655862103
93,94.98952171341956,62.039278096387896
93,95.0022140566727,62.0211346993042
93,94.98707631818225,62.00635227520263
93,95.01821440962662,62.01702349058128
93,95.00825636594509,61.953979008903175
93,95.0149846749839,61.9773554161632
93,95.02314131256314,62.00571227235224
93,94.99843676033484,62.00897003378294
93,95.01329519770402,62.019781402746474
94,95.02589214036672,61.96445844247395
94,95.01410044905379,62.02821046191243
94,95.01204502567792,62.04293154196618
94,95.04243700623535,61.996534170226994
94,94.96686730731965,62.032838177921505
94,94.99357533124727,62.04189508836634
94,94.95857519820063,61.99377917627051
94,95.03021471123162,61.96289722906652
94,94.98227782529585,62.01638679133321
94,95.02387955498666,61.95963158763423
94,94.95665860209944,61.98861883532173
94,94.97932555307324,62.01796381552425
94,94.98151817868668,62.023787105232195
94,95.00832499257035,62.0234559105056
94,95.00038900256241,61.95829673141788
94,95.01893509470024,62.03681027083402
94,94.99550613531225,62.00891733134931
94,95.0208354903247,62.02532532084792
94,94.99415420253779,61.96551426190568
94,94.96924344333395,61.96173744240221
94,94.99899267707173,61.98186058962956
94,94.98091810401631,62.02748877792594
94,94.97334515273147,61.99071589201611
94,94.98433739535874,61.99408582786176
94,94.97823163523998,62.01266293106526
94,94.96360356216813,61.98639408553661
94,94.99127059552887,61.98989737795854
94,95.02882288539314,61.97025020083182
94,94.98556060154931,61.98886790610939
94,95.02081707383422,62.0392457656889
94,95.01989815691357,61.98968281362679
94,94.97823981886967,61.99221174253812
94,95.00935478029724,62.01075701552737
94,95.02192645153107,62.03545419248358
94,95.0123209286531,62.00057862574759
94,94.97203095222892,61.986512127586984
94,95.01089052276062,62.02062199126075
94,95.01995256403183,62.03024626320119
94,94.99535941637609,62.04499628952241
94,94.99917601485555,62.0221739910461
94,94.96225254101728,61.99079314718155
94,95.02260376633046,62.029175086353185
94,94.98655435855426,62.04537745777128
94,94.96306314577228,62.02824892767156
94,95.03083114627178,62.00916696787952
94,95.04398296525127,62.017188823364464
94,94.99190077724091,62.00763196793749
94,94.97776540998493,62.00189165321714
94,95.03016785111798,61.977732601942
94,95.01254546347369,62.047764613386505
94,94.99783992531434,61.9607114770596
94,94.98092045262584,62.01012217098937
94,94.98834190164406,61.959631334472284
94,95.02009400215347,62.00989556834787
94,95.00440612801242,62.01894709323667
94,95.01765090439048,61.98126139839572
94,95.01302543076734,62.02855471871422
94,94.96790450767404,62.002011390843975
94,95.00635403243173,61.99086327198718
94,95.01910588975242,61.98189871699873
94,95.01589656510309,62.0075883137713
94,94.96580115630668,61.98559503812629
94,95.01445061464864,61.97734758724728
94,95.00318615897537,62.02187855242576
94,95.01152412640602,61.99323258721181
94,95.00882550171046,62.01698890924898
94,94.97710163457559,62.038899239554155
94,95.00868468917471,62.006007701774905
94,95.01040758490086,62.00711531642622
94,95.02655439674241,62.01197002719446
94,95.00316702064165,61.965421987435455
94,95.04113784725068,61.9764895613027
94,94.99167395438384,61.98314495393389
94,94.99907429756001,62.01479825614265
94,94.95615665755797,62.01463454367607
94,95.00543306804391,62.01984385405694
94,95.0166393294284,61.98339239285842
94,95.02250380659555,61.96143041925272
94,95.03561441932294,62.01158148548025
94,94.96741676194307,61.98603563111049
94,95.01317786769773,62.032228296027206
94,94.998226852618,62.040889585353206
94,95.00685357200528,62.0191246781075
94,95.02121735869127,61.97151672799435
94,95.03171601526276,61.98015925500164
94,94.98220622762636,62.00000529853875
94,95.01523453690605,61.98701613674238
94,95.01454455608034,61.99270992610447
94,95.01242897266674,61.97825186300024
94,95.046699677387,61.99277971776967
94,95.01799002412285,62.03118252929816
94,94.98640422213494,62.01135055071292
94,95.03955104142463,61.984776238520155
94,95.04814964136871,62.00273467126531
94,94.96462710204094,62.0176469610357
94,94.95734710728486,61.99963539615042
94,94.98528243031893,62.01796535884189
94,95.00459442969985,62.042012208163406
94,94.98954063366537,61.97778105975598
94,94.97721273259299,62.0350522196043
94,95.00202843834585,62.0359715667851
94,95.00259788780107,62.02271772824078
94,94.98315990287485,62.02045271082111
94,95.00557025504445,61.98937480281731
94,95.04375772406853,61.99046433587949
94,94.97108904800741,61.96750570573182
94,94.99680087631641,62.01853384926743
94,95.00992344596192,62.01990923308653
94,94.99328404385538,62.04297828054633
94,95.02841399926821,62.02432047274663
94,94.99365199947478,62.00671364157481
94,94.97061045309944,62.002642973817714
94,95.00369432734615,61.99392594034729
94,95.01735007280084,62.00226223965334
94,94.98989659008322,61.981025814713625
94,95.02266643116651,61.964672057191166
94,94.99424588077024,62.01557374693303
94,95.03648281364221,61.96884090280156
94,94.95854320505855,61.97558733575564
94,95.01369680812655,62.0111819163001
94,94.96912360070743,62.035894038887
94,94.97312114094122,61.97737545718675
94,95.03720829986803,61.9679268513538
94,95.03006987897624,61.96454805257814
94,95.03204954158872,62.02096666416046
94,94.95834016012809,61.99937245637586
94,94.96306237505708,62.02157738677788
94,94.99243475438233,61.966807892613765
95,95.01406579168693,62.04630288373584
95,95.0003721036661,62.02305794224839
95,94.9784893449106,61.98142094294613
95,94.9914668956893,62.048649857615096
95,95.04696390815653,62.00670603610321
95,95.02130415775834,61.99502351774834
95,94.9971296175415,62.025180469639714
95,94.9948465599513,62.00172029948128
95,94.99613028701187,61.991409858572695
95,95.02402491027848,62.00491812464271
95,95.0064715706932,61.97678379686296
95,94.97405027140583,61.9742170452333
95,94.97914458781916,61.97793247423955
95,95.01233045521168,61.996940623973394
95,94.99026426817501,61.955992354880266
95,95.03464042931752,61.99615552072429
95,95.00005348693165,62.03790752606362
95,95.03695275655363,62.02558524874045
95,95.00525148945991,61.97966523134372
95,94.99701284677391,61.98013828360975
95,95.00442544407913,62.020131143855565
95,94.9975427988379,61.98083027583338
95,95.00076274402899,61.97582904071725
95,94.95685618241457,62.02071027632712
95,95.03223285873794,62.028084029402606
95,95.02500150270401,61.98983127425134
95,95.0036710124258,62.00435142673989
95,94.98507930355125,62.03376195837607
95,95.0302856281767,62.03398856517264
95,94.98704937250585,61.998093880790066
95,95.00124638964124,61.97523861700025
95,95.00910239586581,62.01482660262346
95,95.03370735728481,62.02531266708525
95,94.97681355071882,62.01844085524722
95,94.95903869508135,62.013364685026126
95,94.95239233284673,61.98650621049238
95,94.97756315684376,62.03930178881963
95,95.01816478192796,62.011879615550335
95,95.0076480899598,62.02601113587528
95,95.02057616683044,61.99206334559125
95,94.99420526919695,61.963177776714566
95,94.99930116805011,62.00296021653695
95,95.00280845274156,61.98452342224149
95,95.01247536346393,61.99004210819253
95,94.99744122105051,61.971362050446174
95,95.00287334410713,62.023822091647865
95,94.9672347210535,61.97775478344766
95,94.95800319598536,61.97869135306477
95,95.01588281440024,62.003255436037215
95,94.96412393980306,62.00953866087788
95,95.01664732753179,62.000639745852226
95,95.0024872591655,62.040566013028155
95,95.00102409216369,61.98563155292734
95,95.0016018580411,62.00620116008478
95,94.99933112483792,61.983252993824834
95,94.99296522352155,62.02615088982052
95,94.97852330465406,61.976788151102475
95,94.96038551857231,61.98533054760546
95,94.99216665016013,62.041289764845935
95,95.03011714048726,61.987257877708295
95,95.02662147348568,62.01329657659741
95,94.9935764576261,61.966533184547366
95,95.02148591928933,62.01257168225254
95,94.98863652344737,62.018870556529414
96,95.0292013977675,61.98031595945542
96,94.98501377630483,62.032253681132886
96,94.96385035267402,62.01172037918409
96,94.95469276106385,61.99293053304633
96,94.9733397131717,61.98360696698819
96,94.98946409412753,61.970381914045106
96,94.97610300953622,61.996011020260504
96,94.97383841959632,61.99122338555791
96,94.97508493241328,62.010140361743574
96,94.99505480394075,61.985074267626395
96,95.01028399875862,62.042588119121866
96,94.97990393496194,61.96725227847463
96,94.9657072304448,61.97978018682102
96,94.98554933088984,62.01368130882307
96,94.96808633959776,62.00178341220205
96,95.0096089364088,62.047327069732326
96,95.01921170496958,62.01288806451476
96,95.02658337327473,61.97208083696763
97,95.03584227396962,62.026542428982154
97,94.96582321166174,62.02624289586403
97,94.98095271211893,61.959562554456255
97,94.9986670914428,62.02976655679189
97,94.98074833277514,62.03252308032989
97,94.98122231496933,62.001171847926024
97,94.97730252382148,62.00939854939014
97,95.00285288600529,61.992736778204375
97,94.97460914962689,61.96559210060773
97,94.98377670180231,62.00172161240672
97,95.02406262677235,62.009881254846604
97,95.02101423182093,61.98067723685098
97,94.9728979754823,61.99737723053803
97,94.97865160774114,62.008176442627835
97,95.00241934975078,62.00140799217579
97,95.01663127682274,62.03136074387654
97,94.97606845129543,62.04224736712707
97,94.98435803413743,62.04000098122452
97,95.04153522085787,61.97254609790826
97,95.03220323113128,61.96616538254731
97,95.00601168450414,61.981249593469066
97,95.00334907963068,61.96756646966218
97,95.04340098059471,62.01433744665905
97,95.00619813475504,62.00725576014978
97,95.03579372231577,61.99957054972212
97,95.01431906813073,61.96447740886207
97,94.96237069063335,62.01840559181681
97,95.0038996086373,62.02592317375422
97,95.0217950484764,61.96475849440818
97,95.00875535158097,61.96607502367439
97,94.98957137310961,62.04881156199486
97,94.98666653986618,62.0173725541825
97,95.03807054757186,61.98468319203982
97,94.98734152936368,62.0160980722784
97,94.99190796862555,62.03502160579695
97,95.00263448525315,62.0477356473756
97,94.96863841966058,61.968680787553275
97,94.97404830131383,61.98790670823393
97,95.00012609406936,62.000662672510195
97,95.01163825797886,62.01758382087311
97,94.99570083142476,62.006719206972505
97,95.01560925197595,62.00545092235533
97,95.0041587506728,62.008350903140105
97,94.98659918549797,62.03184250892652
97,94.97313649814164,61.97046217265445
97,94.9840071523642,62.04409684910085
97,94.98574357284018,62.006774625087154
97,94.96252942827788,61.99894333384646
97,94.99658586258903,62.01754719413527
97,95.00478002598453,61.98773407314478
97,95.02247201333935,62.00266715164124
97,94.96489114961317,62.016287221691115
97,94.97810820487986,61.982031292626814
97,95.01360383033804,62.02810936373908
97,94.96151174743821,61.97642665713074
97,95.00136483712693,61.98583794678292
97,94.96966212050349,61.975238738535104
97,94.96078771114624,62.02336066964148
97,95.03118755390221,61.98971210474752
97,95.00271426261858,61.98582533080512
97,95.01257415997895,62.02972157692468
97,94.99726696275825,62.02464007661582
97,95.00701473284252,62.0125058149865
97,95.03974709634764,61.97261117843364
97,94.99569672573003,62.023805858995395
97,94.98195780993254,62.01042939706904
97,95.00621287676917,62.001348775764924
97,95.03256263962412,61.993468022406326
97,94.9869183564463,62.016143880911144
97,95.02690780632064,62.025579744175936
97,95.02755115638487,62.01012446246539
97,94.98645024311101,61.966354063475926
97,94.97775082579463,62.00834671015792
97,94.99861518226388,61.9654462100187
97,94.99424052805368,61.955615145019
97,95.01621968874827,61.99282547292348
97,95.02039444267642,62.02683073637142
97,94.96220735590755,62.019477026564076
97,94.95074967232745,62.00683958388049
97,94.97152608429903,62.02480297008509
97,94.97688979465777,62.00937614188262
97,94.97042256916336,62.029486193393126
97,95.0222918209472,61.9949469841813
97,95.02233149213873,62.03723075074742
97,94.98526342531373,62.04630790685195
97,95.01342186269787,62.03114089706813
97,94.99745885528354,62.005080524945484
97,95.02275183176322,62.03099682727195
97,95.02112616438565,62.00018861248237
98,95.03024986005924,62.03839460149149
98,95.03611376506134,62.02258195101389
98,94.99473858667615,61.95593088009375
98,94.98604868955408,62.01592204763865
98,95.00864934416917,62.04692865658672
98,94.99812754389116,62.001153316812406
98,94.99352930124898,62.003855778909575
98,95.00944751325534,62.029485996831674
98,94.98328482933715,61.99826175201273
98,94.98021280734747,61.96811103962242
98,94.9551471716633,62.004524571366986
98,94.97604524837816,62.01294229031624
98,95.00319715036015,62.00655379179734
98,94.95948887806627,62.006098135669504
98,94.99163567975938,62.0106893683131
98,95.00939069692063,61.97625765026493
98,94.99701368098,62.023662217953465
98,95.03479083765095,62.00066021337476
98,95.02143006136315,61.98331026265313
98,95.0028944953002,62.01821409219338
98,95.01109658830529,62.00341049961106
98,95.03776797422496,61.994571075945736
98,95.02691027983118,62.002486544033445
98,94.98044636169388,62.011455564957544
98,95.02465812627133,61.959570824566875
98,94.96126465706108,62.00833327230696
98,95.01750295895405,62.007752744931445
98,95.03779247709312,61.98992830654579
98,94.99148254134806,61.95857557342557
98,95.0100855865252,62.01051350147498
98,94.99208201950337,61.97017778201891
98,94.98550281407017,61.96817158525218
98,94.99010987424279,61.98177270318156
98,95.0449731209019,62.00360117320758
98,94.98065609999139,62.00583354195
98,94.99353888936005,62.034385157660836
98,94.99211992594626,62.041041883571715
98,94.9786281828805,61.962535548804816
98,94.96558205519202,62.01064647195365
98,94.97641350148855,61.963976090312876
98,95.0263777139905,61.97455952801043
98,95.03758719008513,62.025981307075405
98,95.0400531834769,62.000051477434326
98,94.99331390327876,62.0101121952686
98,95.01514164979422,61.959811914082586
98,95.04629025690723,61.99425023875025
98,95.03064712398962,62.01219014838863
98,94.99962821503688,61.971356720837534
98,95.03220722171649,61.9689901320752
98,95.04689249071957,62.013939018046784
98,95.04670785506978,61.99867816032225
98,94.98969961806375,61.95392815555501
98,94.99120908539645,61.96486145145155
98,95.00159672888802,62.02204089478798
98,95.04195239042572,61.98060883466934
98,95.01685996818092,61.987702691746925
98,94.9824492905056,61.98291752340324
98,95.03154683764815,62.02640595237691
98,94.98714290006066,62.02230304323792
98,95.00537761342599,62.04039195373134
98,95.01612390969464,62.000165540913926
98,94.98841957970754,62.0382688120739
98,95.01743038518323,62.017459012858644
98,94.99502113896344,62.007906331654766
98,94.99473662907414,61.977473719573034
98,95.00344536682191,62.010690309083245
98,94.99367269247847,62.00346798041678
98,95.01849826761895,61.95595814755532
98,94.99658739042,61.99773351655044
98,94.99579438982532,61.97719574824362
98,94.95057832370023,61.99987428598958
98,95.01607931773755,61.99984585011285
98,95.03041813286139,61.96658964834453
98,95.03605652557378,61.979278195769616
98,94.98208117137479,62.02944908916434
98,95.01741148337213,62.016306215188195
98,95.01578620465558,62.02983008076372
98,95.0184805862852,61.969911010967465
98,94.97829280395892,61.96109814671579
98,94.99833761564314,62.034865936128206
98,94.95850482493019,62.02503878495387
98,95.01761149808007,62.021226829051244
98,95.00881972796483,61.97983719686671
98,94.96004165613026,62.01223386251766
98,95.03030241724578,61.977654393390594
98,94.98076108834516,61.99711610996869
99,94.99002953505043,62.04607397624953
99,95.02191650862721,62.037579409319065
99,95.01380231135758,62.03157929290588
99,95.03437606024976,62.003812056686996
99,94.9947164702547,62.02392692171958
99,94.99371268061907,62.01870296545575
99,94.97262049655602,61.96033473124585
99,94.98660975477084,61.990077747080946
99,94.99842316363771,61.991602096209576
99,95.00998924163852,61.953871372794026
99,94.9985625992897,62.02105586627699
99,94.98938712643282,61.97336117814589
99,94.99256484859833,62.00629899991676
99,95.04004281174709,62.015628518078174
99,94.9866472793766,62.009977818806675
99,95.01518284840463,61.98740647292475
99,94.96805131820646,62.0306669127086
99,94.96340993464838,62.015502839502936
99,94.95882612530721,61.9947972693039
99,94.96598017043976,62.00371663153637
99,94.97902941314051,62.03392680317111
99,94.98764390741368,62.012054969384145
99,95.03725173290093,61.980089221339846
99,94.97847543549412,62.011297261542715
99,95.01728822576494,61.99936042076792
99,94.97266874968487,62.001824135234926
99,95.04833055032412,61.988956907344864
99,95.01388931009495,61.98266648990696
99,95.00796277472044,61.952766839308616
99,95.02066159344632,62.025508039226644
99,95.01659844864409,62.004464582292826
99,95.03877411187386,62.00338328751786
99,94.99940893592013,61.952441290886824
99,94.9991738585257,62.00583657401067
99,94.9659857431069,61.976298348876014
99,95.00580368915493,62.00370817778252
99,94.99323833440552,61.98487844455784
99,95.04109385961078,61.98326783061163
99,94.99982531502563,61.983492469480744
99,94.9634151128446,62.00684249196369
99,94.97008686919735,62.01639671274842
99,94.97354387772522,61.97001470382706
99,94.97337173832585,61.99164094215627
99,95.0330163040089,62.01232097114053
99,94.9702489338168,62.0329585656522
99,95.01208250801153,62.027666247869135
99,94.9985699955456,61.95714025803647
99,95.02526970065232,62.03466250114087
99,95.0022140566727,62.0211346993042
99,95.03524965728215,61.99702199990418
99,94.96357392146356,62.023946678996694
99,95.04367656232601,62.002953663823476
99,95.00227369083174,62.018186168256605
99,95.00090017438235,61.96680402217445
99,95.00440612801242,62.01894709323667
99,94.96955041184579,62.01812738331269
99,95.02565035919895,61.95754894701899
99,94.99931529675038,62.03091144996551
99,94.96107343202596,61.977988556623934
99,94.99473708397583,62.01842561947242
99,95.01575236869482,61.964855591504
99,94.96293778634191,62.02560679816347
99,94.99929568876094,61.96195266800913
100,95.03947555124877,61.98253693477564
100,95.01117490728977,61.954838262125534
100,94.97341930934076,61.997859610475054
100,94.97691920569713,62.01300501492372
100,94.98011650310826,62.03600942889386
100,94.97022380872296,61.99804709856296
100,95.02647753174841,61.980786107411475
100,94.99001829591155,62.029655104701256
100,94.99306941976667,61.991383537313446
100,95.03491455371244,62.003266760568955
100,95.0282894854618,61.97689095278216
100,95.01253553457386,61.9982763985003
100,94.99855044451871,61.98978720615501
100,95.04564046332439,61.9887797657624
100,95.01412783318987,62.038979300301
100,94.99946922893446,62.00363992681793
100,95.04584485149611,62.00463190528592
100,94.96379311475437,61.99071496849056
100,95.02928936148626,61.983586375655655
100,94.98752629238449,61.967771141718586
100,94.99703415601732,62.04201613879472
100,94.96806123739182,61.96746544427831
100,95.0394501091799,62.01129641355345
100,94.98091239352918,62.03946623449251
100,94.97910529844174,62.0364190125467
100,95.00614570465689,62.049058574613035
100,94.98617158047573,62.02337320849102
100,95.00653058301423,61.9892509887713
100,94.98921473877158,62.01158295879441
100,94.97520609577221,62.023849445228215
100,94.98857339268848,61.97516036773968
100,95.00576592233402,62.024028380337604
100,94.98456492713537,62.013877988606865
100,95.04898964260514,62.00503851755147
100,94.97398492579931,62.0093590549779
100,95.03056457239371,61.99769413552824
100,95.00708595932,61.99967223888774
100,95.01678742374591,62.0162544328718
100,94.9972724390744,61.95052051217018
100,94.98254470088354,61.99543996035585
100,94.99843495629005,62.01095336530705
100,95.0084619474091,62.04614984049803
100,94.99550613531225,62.00891733134931
100,95.03887527558956,61.99346840806661
100,95.02763330603503,61.9608854435744
100,95.0122016225193,62.0410857917985
100,94.98484941135811,62.01730914974291
100,95.00641027085139,61.9749043657978
100,95.01233100513562,62.02075328684331
100,94.99393277383756,61.972854019187245
100,95.02162240048911,62.03769655566762
100,94.96473075839715,61.99332968296983
100,95.00318460864725,61.9649740921005
100,95.00381160207095,61.95836278866292
100,94.97197564857093,62.02454968102637
100,95.02038812983994,61.99242530097423
100,95.02292075377986,62.017922697048675
100,95.00919937436896,62.012038571971054
100,94.9664246576651,62.00558610652409
100,94.96940975789894,62.00544619172074
100,94.96972174108237,62.015677828503996
100,94.97978078639674,61.95619541803486
100,95.00373767183063,61.957334701865555
100,94.96512731089406,62.02645445890436
100,94.99784936002938,61.99887542339809
100,94.97974150318457,61.99193841543061
100,95.02095317012675,61.99775158352665
100,94.98753489504517,62.02615294232906
100,95.02024788179642,62.04473374698205
100,94.97829974794901,62.01742371855501
100,95.00463509483654,61.98851004647814
100,94.96005022080477,62.021731390654544
100,94.9867458379661,61.96151530545386
100,94.98269217904422,62.0083486103419
100,94.99756381891035,62.04367196505777
100,94.95878499569754,62.02040892065217
100,94.96935910668145,61.986858776012966
100,95.04728661892617,61.988339200321825
100,95.00171046088236,62.01059859409871
100,95.01595769532828,61.96108507806913
101,94.95354982527726,61.991819530186156
101,95.00842140456123,61.98023685157781
101,94.99797990696887,62.048162306457876
101,94.96895983226736,62.02205869450701
101,94.96561092402368,61.96640042548276
101,94.98012515080251,61.99816831943103
101,95.00982911524504,61.953251021707686
101,95.00991878449612,61.9808802634897
101,95.00952098010745,61.9861828957147
101,94.98400332615127,61.98259452089426
101,94.95923211542113,62.02783321025651
101,94.99774428960868,62.01596190770601
101,95.00530055046163,62.00022392274973
101,95.02679055202141,62.02509217417679
101,94.98357033839198,61.99448319712417
101,95.0232031808987,62.007238076035414
101,95.02408988578891,62.03467838838119
101,94.97806725354232,61.99559337223981
101,95.0097002611441,61.983875402862246
101,95.03134125627679,61.961549876213475
101,95.02318401109218,61.99813799253416
101,95.04882532373175,61.990317768777416
101,95.03476868170006,62.03560013992864
101,95.0157383026183,62.007888459147196
101,94.97767266960643,62.01265507587935
101,94.96840559699048,61.96491467426201
101,94.98809440922744,62.01196910668354
101,95.00328321943613,62.02065763675205
101,94.9918684213062,61.97513925836324
101,94.9751669959997,62.01104973796885
101,95.01359872189319,62.04697490542691
101,94.98513899897685,62.00868525021021
101,94.98321428358297,61.99876631318922
101,94.98729665615272,62.035486990409034
101,94.99667202313834,62.02367096210971
101,95.02881520117212,61.972854713192845
101,95.03940267326931,62.00623850211039
101,94.99997878893765,62.00045084981186
101,95.02887534145896,61.99995365732163
101,95.03489914141753,61.98832031975851
101,95.04622510024547,61.9864985572315
101,95.00711014218443,62.00882623107634
101,94.96086797965255,62.016736286495664
101,95.03060430697214,61.97836255284634
101,95.01198529516338,62.01380098396536
101,95.01228788886446,61.99767154621363
101,95.04783163728777,61.98861447781733
101,95.03106160600662,61.96694277663417
101,95.04040204886131,62.002763625214115
101,94.9850435598408,62.02454661312015
101,95.03974091459881,61.9816979818684
101,94.9902252493081,61.99156438260122
101,95.00993491040568,61.99495115478189
101,95.02315117419208,61.98996752226014
101,94.97679587718743,62.02946984770953
101,94.99719621735389,62.018031283659916
101,94.98535429578693,62.03322722497961
101,94.95760047200095,62.00318862434068
101,94.99890390713296,61.997369624569785
101,94.97666248241825,61.9898394356977
101,95.01020200654878,62.002231712053586
101,95.00968303996092,62.010842807757896
101,94.96524901826957,62.03088937577759
101,94.99134296876524,62.02178163693377
101,95.00039553986862,61.95507965148128
101,95.0275200303381,62.00179225730132
101,94.97839942780396,62.03052314515911
101,94.98872657690946,62.01120061642292
101,95.00994952374717,62.006635915481816
101,94.99822327035277,62.01183317307301
101,95.0329017146668,61.97913050171016
101,95.01388799634363,61.982770524088295
101,94.97010604076736,61.99659502654919
101,94.99072414432747,61.95904382902334
101,95.03437377495453,62.03344156003524
101,95.02910825117497,61.96484422675202
101,95.00192698660534,61.99499973278197
101,94.9564322139642,61.97690350226367
101,95.00850451313201,61.985218112304
101,94.96561639241763,61.98263025838287
101,95.04678690876159,62.012327390024744
101,94.97641674954649,62.00652335388746
101,95.04642275397676,61.983799019479186
101,95.0454214490616,61.990658281518456
101,94.96217738220186,62.00536748912233
101,94.97832256776992,61.97777165553281
101,94.9691205503167,61.97361722733553
101,94.98451284929864,61.97980368966163
101,95.00837458076217,61.99735775278603
101,94.9967194754123,62.028650797606986
101,95.02121676935661,62.0096791443948
101,95.01704277825512,61.96375675470949
101,94.96726771622357,62.0289146080859
101,94.97118102099272,62.00999898905575
101,94.9683645250635,61.988146943774844
101,95.01983003601461,62.01206876449067
101,95.0079061051989,61.968460192347536
101,94.98791970325576,62.04156002696879
101,94.97074544690045,62.02172496875714
101,95.00536070346035,61.972462666706484
101,94.98552886810447,62.04330244067693
101,95.00938725781542,62.01469713141016
101,95.00023794614557,62.0228175466358
101,94.9555930442259,61.999679640530545
101,94.95510935717864,62.002669157391594
101,94.98346192650764,61.986637336041916
101,95.03302644026701,62.02619224605804
101,95.01554106439501,62.01950744535371
101,94.99686033992467,62.004732362557505
101,94.9665319116085,61.99789875740133
101,95.01365115487576,61.972804122376495
101,94.95847685434995,61.97338669197025
101,95.03493066422759,61.96793324108822
101,94.99707668591607,62.04132552048974
102,94.9788113447863,61.98928058964054
102,95.02121015172473,62.02718546663178
102,94.99973423135995,61.977818117063286
102,94.97239909600918,62.037850285276
102,94.97801779541344,62.00624882762985
102,95.04182404526189,61.996704005891104
102,94.96511825938596,62.02760815193911
102,95.0301930054692,62.01737955667101
102,95.03797641655932,61.97939852785295
102,94.98790051207251,62.01340233555568
102,95.01065122930413,62.037128492238466
102,94.99213007620008,62.01872021018417
102,95.02493462533583,61.95878166325121
102,95.00220820019648,62.00227834479494
102,95.00583245097233,61.99636785890163
102,94.97873912364251,61.98819163275168
102,95.0311796552157,61.98000367943312
102,94.97731174805281,62.0354365720456
102,94.96069685800481,61.976931286799115
102,94.99835186786055,62.008261070587174
102,94.96312504798394,62.00782479217133
102,95.03916341571019,61.98692368844935
102,95.02836613236988,62.025924187509105
102,94.97455242012565,61.969017882412835
102,94.97371269646332,62.02698914993659
102,94.97540560460227,61.97768891406167
102,95.03256500346099,62.00193973333723
102,95.03143761874384,62.011398706456696
102,94.9608251113869,61.972130057970816
102,94.9843984539279,62.03047400989055
102,95.01890210882301,62.00952537909278
102,94.98301061037274,62.00765488529622
102,95.04608092162637,62.00569547304289
102,95.0489172650292,61.99469622165631
102,95.00895088279556,61.979979272005004
102,94.99688345185179,61.95811048896814
102,95.00401154540397,62.04166382524933
102,94.97031836469945,61.99230547366749
102,95.01849368576228,61.998514067184445
102,94.99000814733911,62.012239569521135
102,94.97505918393118,61.98869068321922
102,95.04455398184652,61.99245980314541
102,94.99841689630273,61.976585822453615
102,94.97314459149501,62.03236837685284
102,95.01110207550853,61.9886107669579
102,95.020393033855,62.01135564516261
102,94.95594273473566,61.984644867516394
102,95.04923201812856,62.00285187042887
102,94.99113345561474,62.03469271728691
102,94.9836637804295,61.991421472071536
102,94.96852005719433,61.994853143864056
102,95.0169959911873,62.0185819096879
102,95.03711480768169,61.99311612782891
102,94.99709880872773,62.02737041833748
102,95.02498915973011,61.971096902863415
102,94.97794644769291,61.99273833130387
102,94.99461597807608,62.02711127797104
103,94.99684721526535,61.95876903391528
103,94.99560932040002,61.983218519709254
103,94.95822341984274,61.97403157480196
103,95.02290021394856,61.9707129053707
103,94.99437715932696,61.96532818404085
103,94.99181794050469,62.00374695402033
103,94.98863652344737,62.018870556529414
103,95.01997947213555,61.96379074083428
103,94.96919008718686,62.01010899121838
103,95.03285212169499,61.9906287368617
103,95.04046993129747,62.01756209186372
103,95.03041115309931,62.0248423893747
103,95.00647850544978,62.02058526718775
103,94.9689925413649,62.03816847526418
103,94.96558205519202,62.01064647195365
103,95.02630365551508,62.03418945631073
103,95.01985100181068,62.030150247196865
103,95.02190602062099,61.99342774841153
103,95.0388353967295,61.98086623949041
103,94.9564065639265,61.99582162206266
103,95.01233112874064,61.98175820828666
103,94.95503720651726,61.983991286528415
103,94.9668335772177,61.99069508089618
103,94.95964053524848,62.02490387829932
103,94.96772204485937,61.99712638366459
103,95.02825253223436,62.03501844786467
103,94.99970133982187,61.99600989239486
103,94.98206775921784,62.00085024323104
103,94.98972925389549,62.0424122509591
103,94.99991117282342,61.95046131449557
103,94.97651047424024,61.97729069089329
103,94.96188754074609,62.0186250008408
103,94.99796296670989,61.98033514093695
103,94.97572105328003,61.987352372859434
103,95.01757474974183,62.01922389288604
103,94.99767012857608,62.0390828871844
103,94.97579768256766,61.96863434098491
103,94.99480524144148,62.0497169823912
103,95.02963507127528,61.977491103238954
103,95.0341896852393,62.0081539957821
103,95.00925110305047,61.98839511311143
103,94.99415314500112,61.989854248135885
103,94.96048314971772,62.00990466968011
103,95.03532431038386,61.996474849239235
103,94.98897442115788,62.04858184053799
103,95.01676573290746,61.990057077982215
103,94.98518810737234,62.00061242741135
103,95.04076902301435,61.98494482768369
103,94.98648517733248,62.01866800477536
103,95.01723224399488,62.01761389910797
103,95.04571949346557,61.99897410244768
103,94.98985724667504,62.0107525942815
103,95.01007301347337,62.03054621085361
103,95.00408736360804,62.02953064614998
103,94.95793933148387,61.983779337759
103,94.96946468106218,62.027523894084915
103,95.04211926864716,61.98083230400546
103,94.99990586955657,61.96250355800884
103,94.9897805209881,62.00472353249461
103,94.96609046059221,61.9644701885558
103,95.00862214865656,62.03771337677438
103,95.00071058799527,61.982886777592554
103,95.00568566613379,61.957472679655154
103,94.98978447628694,62.02687895991259
103,94.96966305935752,62.002804304146814
103,94.96072981083637,61.981573699655506
103,95.0199832060768,61.991074630854655
103,94.97139024560619,62.01381796319755
103,94.97699401251397,61.966935422308936
103,95.00627466329159,62.02882848355328
103,94.99317738204662,61.99276515258391
103,94.98771073845992,62.01279426922119
103,95.00549201972012,61.99801019079416
103,94.99208201950337,61.97017778201891
103,95.02380893308445,62.025420326816295
103,95.01850245447642,61.983049134613736
103,94.97895716129226,61.999249957832454
103,95.03624109020612,61.96944567336286
103,94.98931089145543,61.984260972919365
103,94.99203987954706,61.99133798762636
103,94.96970227805213,62.01842551428395
103,95.01521349067443,62.039331709491066
103,95.01995256403183,62.03024626320119
103,94.9701507700186,61.990604658970454
103,95.02222449936153,62.01229682959574
103,95.01661212976973,61.98601847405574
103,95.00993299616665,62.00405672039361
103,95.03002149525399,62.01795409650774
103,94.98791098506905,61.973654354241965
103,95.0271245664033,62.006402313810646
103,94.98131187258471,61.97343723725645
103,94.98756956571457,62.02321265852456
103,95.01371549886152,62.0310054747578
103,95.02703759680938,62.0384038503444
103,94.99677190464762,62.021911400248484
103,95.00339432944534,61.96962278778468
103,94.96311795600245,62.0132922859541
103,95.02635797137799,62.01660466324009
103,95.03007205129528,62.020487624394406
103,95.02346859645777,61.99586770039433
103,95.00159481379325,61.99702950250487
104,95.01883797791689,61.96048336076406
104,94.96812436720727,62.01852200074263
104,95.00540927801667,61.97677899850432
104,94.96655630559381,61.99511673985856
104,95.03998594528538,62.0217567546699
104,94.95550050091933,61.98920565959469
104,95.0374690620987,62.02619716609426
104,94.96023643241783,61.992004473707105
104,94.99881464843615,61.95673223091136
104,95.03509315273087,61.97418589213467
104,94.97502427303304,62.00542093624806
104,94.97175078214626,61.98451667487403
104,94.97867399212927,61.96705390949173
104,95.02245409454774,61.99584392225652
104,95.03017675036452,61.98528327252572
104,94.9964491899355,61.983765541028745
104,94.95199769907566,61.99110725801563
104,94.97069146629816,62.03055252502297
104,95.04205189044052,62.021067625441006
104,94.99444180501125,61.986013981799715
104,95.01877423209189,61.96549571859333
104,95.02787210237537,61.97697160339442
104,95.0293807078123,62.01316958323058
104,95.00570765637403,61.98923934012775
104,94.96851513254714,62.00993329338786
104,94.96567563263832,62.02011920188758
104,95.00605432928582,61.97170941820239
104,95.00127444453753,62.03868621210392
104,95.01876418892799,61.96146693979403
104,95.01931702628916,62.02412415273526
104,94.9737655874356,61.95963620853397
104,94.97339120631557,62.01585118161603
104,94.98374815746197,61.97906140121821
104,94.95820874908586,62.00333677475966
104,95.00219456610063,61.959549972554605
104,95.02772813731505,61.991643048861796
104,95.00075510008242,61.98517786910425
104,94.96995860221084,61.974073705761384
104,95.03798649761559,61.984405944379496
104,95.00078361891441,61.96529249679781
104,95.04924338488911,62.00479872836268
104,95.0424753676344,62.00021098695491
104,95.04375085571611,62.003686284750046
104,94.96801400824049,61.96884311077789
104,95.0419051419856,62.000133379934205
104,95.00124638964124,61.97523861700025
105,95.021721427939,61.977718550734
105,95.03268438774107,61.98022449456381
105,94.96476867222849,61.97983348527253
105,95.0286360001193,61.97017465406373
105,95.04097956786043,61.99431638137328
105,94.96598824245397,61.97258696836345
105,95.04785877998458,61.98953056986418
105,94.99879138385448,62.01919669703991
105,95.00985304846002,61.95507019063555
105,95.03485222624288,61.98008489912027
105,95.04302803167964,61.98939295690518
105,94.99381201626623,62.02011077743456
105,95.00555054988723,62.005116946587485
105,94.96454184268251,61.97506997408731
105,95.00898201326127,62.009563997506476
105,95.00916162970462,61.982752122675116
105,94.96101434661034,62.016303521858816
105,95.0471113925122,62.012304483979435
105,94.95750201927596,62.01829220086847
105,95.03177136249542,61.98511140412239
105,94.99460265750575,62.002575607844754
105,94.99283979049717,62.03844104060623
105,95.02817033712051,61.974388542877605
105,94.9780345061881,62.034620077433885
105,95.02914137584352,61.96701596223619
105,94.95907947751587,62.01942110758254
105,95.02480887894949,61.99347388972297
105,94.96819556333571,62.029551129107055
105,95.02104230109252,61.99338330852078
105,94.9920189215055,62.01485605857147
105,95.01879416007075,61.9839940198825
105,95.03693269573779,62.0091991011043
105,94.9994351616111,62.01547160549271
105,94.9650850705004,62.00828336201013
105,94.9956705780841,61.9521535676546
105,94.98215204591716,61.991601056579455
105,95.04436395743147,61.98747612194036
105,95.03500482837237,62.01880450070345
105,94.97565956618847,61.96891333398253
105,95.00520698280775,62.0042296560836
105,95.00631922920242,61.95468904344656
105,95.00531801367713,62.040833727875714
105,94.99440307170457,62.039959549089076
106,95.00252250424447,61.97005352863188
106,95.04394358752621,61.989181848498895
106,95.00544123340573,62.01669384165568
106,95.04576131758793,61.99281037982118
106,95.00319371314505,61.97850810371066
106,95.0188339142661,61.96860121685415
106,94.96768904001706,62.0100446028311
106,94.97246595197845,61.96544558511695
106,94.97698212204193,62.030471962705136
106,94.95663209675196,61.97606050832661
106,95.0320706191962,61.969524135354575
106,95.00874352722069,62.00417086274435
106,95.00610200994561,61.99743046632547
106,94.99263329594739,61.9882675646172
106,94.97882309536345,62.02533511880627
106,95.01248999962455,62.01386957799781
106,94.95175704822633,62.00500817941217
106,95.0465390987706,62.005131434106026
106,94.98459316939295,62.00328442558018
106,94.98989294392427,62.03722779492166
106,95.00149537205743,62.027005659595844
106,95.00014682931693,61.982949488800976
106,94.97431656565989,61.97553041764949
106,95.01805332647325,61.971023960964374
106,95.03351602456746,61.99762045449275
106,95.00001375109656,61.95719043006257
106,94.99261349611112,62.00070102081699
106,95.01546435346323,62.0074590186396
106,95.02619569240763,62.037327342969014
106,94.97413421496834,61.96084591205578
106,95.02006705364289,62.01365251480016
106,94.96394761779736,61.991850987282916
106,95.01362909637866,61.976005819499264
106,95.00238397773262,62.01798853811893
106,94.98586530473479,61.996791766352004
106,95.04602642318902,62.002460386997896
106,95.00113129493167,61.97593480595899
106,94.97461168082943,62.0221318823063
106,95.00935485815022,62.00632864537888
106,94.9894509099808,62.00150437955449
106,94.98181766698133,61.99274643117356
106,95.01798564009387,61.96149307308195
106,95.00922880982496,62.01367219520912
106,94.96577431087697,61.99915078065042
106,94.9510217893857,62.00684892862171
106,94.9870038165639,61.98260076814133
106,95.01967473983068,61.996458784863684
106,95.01674670947513,62.010900260989615
106,95.01278467415881,61.965647444189926
106,94.98798877449467,61.97584032075917
106,94.96724290334195,61.996945386424066
106,95.00369432734615,61.99392594034729
106,95.0029395985212,61.978105181481666
106,95.02315157350145,61.974710776043246
106,95.00540991649625,61.993585793395326
106,94.97451679856613,61.985884846375
106,94.98825398342647,61.9744354965555
106,94.98965187700968,61.99745406938525
106,94.99082679400209,61.96853703182586
106,95.03179146287852,61.99250786589588
106,95.04071174970743,61.980073232847275
106,95.02422025822132,61.967922802063306
106,95.03236477240252,61.984757654915306
106,95.02956351506015,62.03876073371103
106,94.98854456163349,62.048174431930086
106,95.03259872452024,62.016456127897854
106,94.95756446096131,62.01914353594683
106,95.0326355784822,61.96254266599414
106,95.00125537444423,62.047026109868014
106,95.04662947512774,61.98602919623206
106,94.99181791059232,62.04238100859738
106,94.9815765132612,62.01961827865679
106,94.99774674387385,62.0202119753282
106,95.0033049937601,61.99427567705373
106,95.00833802519871,61.987649300382934
106,94.95689759644702,62.002608810027304
106,94.98388364503897,62.00377157594935
106,94.99369123072519,61.95702645621053
106,95.03898843201424,62.00027807303363
106,94.98433739535874,61.99408582786176
106,95.03763753852958,62.0239807736807
106,95.04066151975584,62.01985668796973
106,94.95519537287934,62.00411960644643
106,95.03644152941304,61.98502637324371
106,94.95869214834119,61.97239350033205
106,94.98786678364061,61.98279461348162
106,94.98254082214154,61.95685458867766
106,95.04276740277993,62.00744091221009
106,95.04105875939393,62.01326601771056
106,94.98322803073816,62.012630967716895
106,94.95143997649835,61.9925065893906
106,95.04461977527703,62.007888557581495
106,95.04742619354869,61.99951654885772
106,94.96207882680427,61.97507746807268
106,94.97114423201727,62.01004530529749
106,95.00193754817559,62.033263934887295
106,95.00850606472162,61.96656617992604
106,94.97212294394596,61.98455257925346
106,95.00993617634778,62.005134843003916
106,95.03226986083047,61.962373433864265
106,94.97507459654172,62.00200306590985
106,95.03601250127717,61.98283857931871
106,95.01971541107442,62.004083886111374
106,95.02471678065139,62.038305385537264
107,94.98924569262931,62.01979166037124
107,95.04449141227252,62.01342340851686
107,94.968150363115,62.017962077155204
107,94.96338842229424,62.019569017800926
107,95.04908036141418,62.004161576356125
107,94.99676156771332,61.98615651402773
107,95.02249314443216,62.01989562891603
107,94.98553492459652,61.98328567810866
107,95.00135200887284,61.97844487613378
107,94.96775000152348,61.98030220911213
107,94.99454994217366,62.0131642162519
107,95.02732223201149,61.986450682381545
107,94.98356275404362,62.04329792649509
107,94.97531540464067,61.9691264799591
107,95.01348146889795,62.012488582788095
107,95.02684937976368,62.00526449045788
107,95.03161190100747,62.02404866840819
107,95.01239780067478,62.04774586142107
107,95.02753062879047,61.98979485061219
107,94.97777354255808,62.02354762863334
107,94.98271549424419,62.03779333853635
107,95.02634753905905,62.03933698591173
107,95.02274482484951,61.99707364433026
107,95.0305209818803,62.00090406855492
107,95.01188450375777,62.006491077159104
107,94.98643160776223,62.03947389207946
107,95.00739233493101,62.00271885701349
107,94.97364611865032,61.97250045434227
107,95.001451718038,62.03541280602805
107,95.02205934132009,62.007331472937
107,94.98613481687399,61.96698770807443
107,94.95728315804139,61.98709791047257
107,94.9825841642249,62.010544156035294
107,95.0367247113514,61.97774962239223
107,95.03848956856727,62.011739182210306
107,95.02312709434536,62.00069660977541
108,94.99656399219948,62.01611910716029
108,95.02698387837428,62.01622613166328
108,95.00690033127471,61.99624657603323
108,94.99177159278334,62.02192363903191
108,95.01799893828935,61.987730852163715
108,95.01830353005474,61.99499203362446
108,94.99379827707591,62.01525166675808
108,95.01088473967472,61.96804881951752
108,94.9549931482488,62.012410119673326
108,94.95750790570945,62.009313473773375
108,95.00442287507342,61.96211181969705
108,94.9849375279678,62.01969074387563
108,94.96492323802663,61.96969200480648
108,94.96004460945419,61.978816549029155
108,95.01271147722018,61.977474977751385
108,94.98868060651587,61.989841265950986
108,94.97834001956514,61.9906868355404
108,95.0463835944892,61.98759547944272
108,94.99704211874933,62.04434036291199
108,95.00532779085366,61.9534463357021
108,94.99120358992006,61.994548241844285
108,95.0267676068205,61.96615637313652
108,95.00520521404842,62.010067210912005
108,94.99438214327306,61.999850268452136
108,95.0173041580329,61.993883741378845
108,95.03616773568984,61.98186256284951
108,94.98986291425632,62.016103133487306
108,94.98547553610123,61.971451070668905
108,94.95978737855222,62.012220840915475
108,94.9807394773033,61.971090895178996
108,94.98242047953919,62.043827541394734
108,94.98260582207686,62.04482083968575
108,95.01990175539144,61.95674948196155
108,94.97842807278198,62.016191459710505
108,95.01057886599388,61.99980349644949
108,94.98842748311432,62.00146336470082
108,95.00570336764711,62.04457249976944
108,95.01193641207077,61.99486229818072
108,95.03042033998942,61.97229030296845
108,95.03152990710092,62.00249452016546
108,95.03804737650324,62.015002016566136
108,95.0030090053708,62.01207342558033
108,95.02143924509977,62.03435468116189
108,94.98913919793961,62.00499141099676
108,94.98595796495867,62.03321708613045
108,94.98370947248691,62.045368291562646
108,95.00814489673158,62.03535605914045
108,95.0040402623254,62.04956334739222
108,94.99187463559515,62.03788471618576
108,95.00162563905043,62.00948350872014
108,95.00344574691317,61.99100645917038
109,95.03235134421683,62.031770993562304
109,94.98438832359037,61.98818222205286
109,94.97283783031995,62.0240646918394
109,94.95428063154706,61.98759939103713
109,95.00091191326455,62.01314800197255
109,95.01767446703728,61.99538810339739
109,94.98224086152106,61.99778649952569
109,95.03580895958929,62.01341290909517
109,95.01157126747012,62.04147768573875
109,94.979763604297,61.97964190113101
109,94.98953435380035,62.02906699124842
109,95.01281747019198,61.99702933180829
109,94.9898635557325,62.02801245640103
109,94.99711122389336,62.01502882916338
109,94.98038778095523,61.98483062645422
109,94.97266873504175,61.989699573539
109,94.98272835162447,61.984184113832676
109,95.00958271881098,62.0456908092605
109,94.98050404672094,61.95592058241844
109,94.9707382044359,62.01238899695117
109,94.9957761892823,62.01886806341935
109,94.97569497583028,62.00064147179181
109,95.000099420491,62.01870812387168
109,94.97379594556934,61.99744762189782
109,95.02099491255507,62.03204501652093
109,94.96649530943864,62.005046875349166
109,94.97418421086168,62.003450319465166
109,94.99145859049577,61.98494338538223
109,95.04830117817593,62.00591811309556
109,95.04593420526686,61.98518698712273
109,94.97788374325773,61.99990073071884
109,95.02304225733636,61.979216066899305
109,95.00176034871005,62.024887401834384
109,95.0394009702531,61.97131884552087
109,94.96687696213755,61.98732831280504
109,95.01495351431274,61.988548807876576
109,94.96638377840142,61.98872654938616
109,94.99964323274334,61.99163980152716
109,95.04166421493986,61.97800830971907
109,94.97638456530623,61.98111214687826
109,94.97957313644565,61.9567294723554
109,95.02002274687305,61.96668081896546
109,95.04054795765494,61.992648548920535
109,95.00249478943962,62.04225632091522
109,95.00982911524504,61.953251021707686
109,94.95944571190455,61.97851557668207
109,94.99843769699042,61.98784819373338
109,95.03757597007811,62.00874695198581
109,95.04562823412545,61.99185073255042
109,95.0391565196641,61.987813790015224
109,94.98735841783036,61.9711103117286
110,95.01372211455094,61.96575900530554
110,95.03420987157298,61.979581261168384
110,94.97901734509381,62.00261322259018
110,95.00680512453908,61.96939235045539
110,95.0252478197181,61.968689888943786
110,94.99085032106227,61.98740055456516
110,94.97228614331006,61.984657390251826
110,94.95758926089809,62.016477431076325
110,95.0076920885259,62.040944754118186
110,95.02043723107325,62.03484163967224
110,94.97734534063794,62.02520645962563
110,94.99377118421238,62.00631607733745
110,94.96574254838461,61.98073870646352
110,95.02285864903637,61.969945505579894
110,94.98999015023438,61.98035455461322
110,95.03875654214113,62.02610041987519
110,95.00002291894718,61.98235383733829
110,94.9781616431619,61.97480310203543
110,95.04694525305982,61.985023192716774
110,95.03351463511329,62.03619824195659
110,95.01258983683682,61.96137693781309
110,94.99666662520393,62.021111121906706
110,95.00967650469305,62.011767299838404
110,94.96837336713462,62.010485279198555
110,95.01726547838658,61.98851390812706
110,94.97403451401732,61.99493608764373
110,94.97257940094487,62.03195721933646
110,95.03526991401223,62.01961775439163
110,95.00701473284252,62.0125058149865
110,95.03524965728215,61.99702199990418
110,94.98972643129271,62.0042868093515
110,94.9678718350933,61.96617830589507
110,95.02295085300008,62.00741396267566
110,95.0495640364458,61.99873251643944
110,94.99369123072519,61.95702645621053
110,95.00700882641786,62.04848267276736
110,95.00928994249456,62.02163289813259
110,95.01262649910146,61.974043378030466
110,94.98463805749596,62.02052983466705
110,94.99257902942277,61.98521316766864
110,95.01270275422519,62.040920825661466
110,94.9950271135172,62.00767952035596
110,94.97721860322157,62.014883545616506
110,95.00368407902558,62.00223329802339
110,95.00530869721061,62.044445183296986
110,95.00656570212622,61.96043663800314
110,94.98288665600917,62.039632748716386
110,95.03027037671094,61.96133685263414
110,95.02947511894774,62.035478440609594
110,94.97735974273196,62.0251463990288
110,94.99987380083887,62.03861787448662
110,95.0152190113495,61.96540660091973
110,94.99928315034006,61.98051198092084
110,94.96856810168764,61.973997402230054
110,94.97287169956697,61.95831329790424
110,94.99125525643018,62.0404646406216
110,95.04187511109146,62.00279324552184
110,94.96636064631944,61.985143658370916
110,94.95875956640593,62.02214702581688
