gene,x,y
1,90.00133611585228,53.0185388112812
1,89.97673388917934,52.99818922685706
1,89.99383394921401,52.99001060016061
1,89.9907749910263,53.01695691363471
1,90.01868939758361,52.99538864185539
1,89.98649973302767,53.01730559175678
1,89.98365411167798,53.00182935563758
1,89.98229078864112,52.98512218856946
1,90.0120874644629,52.99611645765968
1,89.9977752176713,53.0159786341862
1,89.98365411167798,53.00182935563758
1,90.01050317964945,52.97779772769797
1,89.97952118828904,53.00508726385089
1,90.01185419263888,52.990743984005206
1,89.98159263207525,52.99052907344803
1,89.98660792785276,53.00166011381585
1,89.9927889666636,52.99633824368317
1,90.00515047356683,52.979450278033866
1,89.99825781181987,52.97535112720455
1,89.99372113353061,52.987446132331876
1,89.97796846174211,52.99800582653646
1,90.0062490835669,53.00783844329592
1,89.99546364527836,52.976076072221694
1,90.01589083699066,52.981309833060074
1,89.97807659936326,52.98964766938535
1,90.01479152849623,53.015359769293696
1,90.02285693801838,52.992777156097006
1,89.9930089505078,53.0110302611834
1,90.02267142937114,52.98997404760096
1,90.02073981678153,53.012122648190946
1,89.99486977735025,52.994757228051775
2,90.01199207123996,53.013133090582954
2,90.0143478151245,53.00971220920468
2,90.01369565152056,53.01212260908698
2,90.01422042522988,53.01107402423983
2,90.01320605796822,53.0064677047008
2,90.01388594744279,53.01073247120795
2,90.01251560682297,53.01083224395811
2,90.01337740293273,53.01051126216639
2,90.01232854239065,53.01263425402983
2,90.01284649907097,53.00686096845291
2,90.01553929100189,53.01069636829308
2,90.00961971894412,53.01082303168573
2,90.01493653731903,53.00876437457294
2,90.01554427650292,53.00820104054989
2,90.0111587410278,53.01171548241361
2,90.01552477631328,53.008902219979184
2,90.01026902522182,53.00830728505464
2,90.01121923809308,53.00875917967012
2,90.0123162188024,53.00907990729499
2,90.01115421642083,53.00790883624727
2,90.01322764804975,53.009767271729636
2,90.01121923809308,53.00875917967012
2,90.0145412647537,53.01100658674579
2,90.01227577482568,53.00768584716136
2,90.01366043758868,53.01160896074553
2,90.0111587410278,53.01171548241361
2,90.01024061203591,53.007609822118255
2,90.0123162188024,53.00907990729499
2,90.01161710326647,53.008694681863005
2,90.01036582708623,53.0096194171087
2,90.01036582708623,53.0096194171087
2,90.00947906085887,53.008902937848674
2,90.01045424192006,53.01127804055364
2,90.0132840767646,53.00710681292818
2,90.01464910385661,53.01183781725111
2,90.01472784030707,53.00967199315683
2,90.01355973971472,53.010693653625694
2,90.0123741845033,53.01100477805333
2,90.01495970826089,53.00982422049678
2,90.01276327089838,53.010921627826214
2,90.01115421642083,53.00790883624727
2,90.00995054680953,53.01131629472182
2,90.01466470702702,53.01188846938289
2,90.01161710326647,53.008694681863005
2,90.01301232105114,53.0119896328116
2,90.0134594493018,53.00949084206494
2,90.00941337073351,53.01033130468344
2,90.01326795105916,53.01091469779228
2,90.0123162188024,53.00907990729499
2,90.01401538524254,53.01202359959418
2,90.01195771738539,53.00969798612983
2,90.0129297160999,53.00632710225914
2,90.00927900096892,53.010563978433915
2,90.01442818261839,53.00712796346714
2,90.01466470702702,53.01188846938289
2,90.01546851376334,53.00888910123177
2,90.011310230645,53.012170838997854
2,90.01436096148483,53.00873145546156
2,90.01074279930147,53.00912531150119
2,90.01186800747388,53.01086882739613
2,90.01277957295483,53.01052833089106
2,90.0137819174342,53.00852040670539
2,90.01339148376245,53.012386510074585
2,90.01195771738539,53.00969798612983
2,90.01186800747388,53.01086882739613
2,90.0137819174342,53.00852040670539
2,90.01121923809308,53.00875917967012
2,90.01375830786468,53.01299610507242
2,90.01089260857935,53.00840609358835
2,90.01392502489944,53.01124649084753
2,90.01521897598627,53.01030834664322
2,90.01223005627153,53.01228363292631
2,90.01528401627054,53.009590293897006
2,90.01276327089838,53.010921627826214
2,90.01536341930823,53.00795744702276
2,90.01266238900001,53.01126138177857
2,90.01422042522988,53.01107402423983
2,90.01251560682297,53.01083224395811
2,90.01231357872045,53.00802692372483
2,90.0129077510934,53.00746715733613
2,90.01248959735523,53.01249651896935
2,90.01326795105916,53.01091469779228
2,90.0159128804926,53.008846576104425
2,90.01231357872045,53.00802692372483
2,90.01460158359829,53.0091107751303
2,90.0127713472243,53.00944043282432
2,90.01258492356958,53.01077845384237
2,90.01203437627902,53.011407647461525
2,90.01209267287906,53.00907668398822
2,90.01299829333547,53.01238681899558
2,90.01190744044264,53.00768349095424
2,90.0134307664476,53.00708605232701
2,90.01131323071947,53.00661939164644
2,90.01522023660154,53.01102867725633
2,90.01034753762129,53.00888154260666
2,90.01476747995048,53.01152382909036
2,90.01221260636521,53.008318733636784
2,90.01388594744279,53.01073247120795
2,90.01541429899527,53.00788967461424
3,89.99068265848149,53.00159508362272
3,89.99329754896166,53.00137158320336
3,89.98944343802161,52.99964695009195
3,89.99496703794816,53.000913588263174
3,89.99484801719868,52.9960973194527
3,89.9928279561988,52.99904239372531
3,89.99235227886174,52.99599984505359
3,89.99210526708106,52.999729017376794
3,89.9916595891387,52.99729113006473
3,89.99481468538664,52.99782860886406
3,89.99602755347402,52.99853603229138
3,89.99032342263226,52.999904983409294
3,89.99339272181216,53.00043164197969
3,89.99589721394793,52.997802755870666
3,89.99280559250082,52.999660958880106
3,89.99280559250082,52.999660958880106
3,89.99119162723795,53.00136489554729
3,89.99021864255533,52.998155319076574
3,89.99398516992937,52.99628963300287
3,89.99496703794816,53.000913588263174
3,89.99602755347402,52.99853603229138
3,89.99017154991218,53.0000006611203
3,89.99472777374683,53.001110150888685
3,89.99120382756483,53.00011330000492
3,89.99205667605268,52.99733743068182
3,89.98972688522599,52.996841725903
3,89.9954166547567,52.99745180371975
3,89.99270862450226,52.99848013046469
3,89.99349056239383,52.99716418234905
3,89.98954367094939,53.00027867847796
3,89.9892635866683,52.99751606674874
3,89.98968335922781,52.99944201570243
3,89.993235975429,52.99556947026002
3,89.99495319704525,52.99862474819029
3,89.99576683798239,52.99946222626725
3,89.99181568929971,52.99763226430685
3,89.98972688522599,52.996841725903
3,89.99171623354351,52.997569828414605
3,89.99172455555389,53.001320445289885
3,89.9897491707517,53.000396045031835
3,89.99312765073894,52.996351708869845
3,89.99561790566831,53.000093690461505
3,89.99424204839572,52.99606819812592
3,89.99068265848149,53.00159508362272
3,89.98993177570931,52.9987963993148
3,89.98944343802161,52.99964695009195
3,89.99565346324448,52.99923403686737
3,89.99456766457685,53.0002894174225
3,89.99022070782512,52.99664186387466
3,89.99016891254888,52.99942130498153
3,89.99424204839572,52.99606819812592
3,89.98929050325101,52.99744799708714
3,89.99479892865249,53.00129748620966
3,89.99092577595704,53.00178186900561
3,89.99424362323225,52.997701438128935
3,89.99007970854574,53.001045297339076
3,89.99008684642234,52.99949204553024
3,89.9928179495349,53.0003861172104
3,89.99352791498313,52.99984258123369
3,89.99104215066356,52.99812859915879
3,89.99116239138863,52.99556128447486
3,89.98895680414661,52.99793494688648
3,89.99112862589385,52.995495722441035
3,89.99576683798239,52.99946222626725
3,89.99279124273721,53.00070305036985
3,89.98918428542878,52.998832713503106
3,89.99565346324448,52.99923403686737
3,89.99145933082332,52.99857108971792
3,89.99195544203745,53.00144384166338
3,89.99021864255533,52.998155319076574
3,89.99160495760877,52.99903697678336
3,89.9949239348121,53.00116062545789
3,89.99412685542364,53.000284315962105
3,89.99238201940432,52.99704422936084
3,89.98995825150566,53.000860591616735
3,89.99496761491179,52.99672745383349
3,89.99210486745805,52.99969169078618
3,89.99293607538178,52.9995072893289
3,89.99570068381199,52.99906964197814
3,89.99107576140362,52.99605228195692
3,89.9928179495349,53.0003861172104
3,89.99068265848149,53.00159508362272
3,89.99506457103742,52.999434749919835
3,89.99570068381199,52.99906964197814
3,89.99322040443865,53.00218665585929
4,90.00251764327889,53.00385434170696
4,90.00467911026944,53.00529021140331
4,90.00173621642543,53.00461484455235
4,90.00244611325006,53.00825055416317
4,90.00467911026944,53.00529021140331
4,90.0047315308065,53.00502360481882
4,90.00462061426938,53.008275773393784
4,90.00039269907849,53.00589108259515
4,90.00288513356985,53.00614713883234
4,90.00038080377969,53.00594886183334
4,90.0039882984239,53.00722850303671
4,90.00365446287974,53.005087084232684
4,90.00109548185246,53.006061958286075
4,90.00419903783343,53.0082971709145
4,90.00043236767429,53.007420080617344
4,90.00419903783343,53.0082971709145
4,90.00116360905214,53.00647250766363
4,90.0035223602595,53.0061606406672
4,90.00309487564066,53.00918763659285
4,90.00466846145954,53.00827083350837
4,90.00132597909632,53.00743472415643
4,89.99986592697323,53.00648222256772
4,90.00236897182425,53.00757265935063
4,90.00178277380827,53.00727941143838
4,90.00077131949358,53.009073294872806
4,90.0030546426884,53.006755500145
4,90.00035444531075,53.00853942615673
4,90.00334778001924,53.004601440871966
4,90.00234879822439,53.009531641251876
4,90.00109548185246,53.006061958286075
4,90.00043236767429,53.007420080617344
4,90.00078601294807,53.00477353257518
4,90.00231616731065,53.00817081224418
4,90.00165943308299,53.00450309590979
4,90.00440886159708,53.007449970420716
4,90.0011594251574,53.00429354658704
4,90.00466846145954,53.00827083350837
4,90.0016125370726,53.010296680336104
4,90.00077131949358,53.009073294872806
4,90.0005747695879,53.00477666204549
4,90.00122303466935,53.00428423407981
4,90.00203687212381,53.006355381791295
4,90.00009712877511,53.0052310685595
4,90.00334778001924,53.004601440871966
4,90.00462061426938,53.008275773393784
4,90.00467911026944,53.00529021140331
4,90.00463660815306,53.00765841022784
4,90.00339075443544,53.00444183590314
4,90.00361762626626,53.00623692647245
4,90.00173621642543,53.00461484455235
4,90.0030546426884,53.006755500145
4,90.00089094648365,53.0044751973153
4,90.00307314899024,53.0055512122293
4,90.00119920016238,53.00828483357487
4,90.00404205767369,53.004687831382725
4,90.00081404661235,53.00870919183254
4,90.00339075443544,53.00444183590314
4,90.00361762626626,53.00623692647245
4,90.00334778001924,53.004601440871966
4,89.99952858373587,53.00975622764178
4,90.00328057515189,53.00962701800837
4,89.9997999471023,53.00945958549134
4,90.00171415808931,53.00659720219067
4,90.00440886159708,53.007449970420716
4,90.00369800375654,53.007757847158665
4,90.00320861355335,53.0075281811412
5,89.99165721663134,53.00634664156741
5,89.99346133650936,53.011155075646805
5,89.99427581948343,52.98768388031757
5,90.00921563766023,53.022749156275495
5,90.01131323071947,53.00661939164644
5,90.01185419263888,52.990743984005206
5,90.00807293545304,53.01329281352896
5,89.99039309967236,53.006731399645666
5,90.0000412390582,53.02012169455792
5,90.01926877758538,53.014637052848755
5,89.99368425467779,53.02368028774761
5,89.99357944538835,53.02132163579651
5,89.99346133650936,53.011155075646805
5,89.97952118828904,53.00508726385089
5,89.9823170599516,52.993470469332394
5,89.99129724857148,53.013221868427756
5,90.01361318815758,53.00548507524502
5,90.01481567180868,53.008688291943216
5,89.99165721663134,53.00634664156741
5,90.00477980240782,53.01812022016536
5,89.9953131903657,53.00015066890001
5,89.9943648911843,53.01465181577358
5,90.00790289083753,52.97778008770468
5,90.01050146767696,53.00213548877066
5,89.99039309967236,53.006731399645666
5,90.02073415439726,53.00008138067957
5,90.01575517734538,52.99129928843934
5,90.0120557717254,52.98101017020291
5,90.02032418537723,52.99012423645781
5,90.00689097345108,52.984762886469554
5,89.97861997228858,53.004564705719176
5,89.97861997228858,53.004564705719176
5,90.01926877758538,53.014637052848755
5,89.99383394921401,52.99001060016061
5,90.00136144689378,52.97618527653328
5,89.99729546700443,53.00347952542074
5,89.99261540207442,52.98510237465442
5,90.01479152849623,53.015359769293696
5,90.01361318815758,53.00548507524502
5,89.98686948754508,52.993549009894984
5,89.97624352766287,52.998873572459686
5,90.00211401970627,52.99603714572807
5,90.01958933519307,52.989441050840384
5,89.99368425467779,53.02368028774761
5,89.98730790835926,53.004677293241336
5,90.0049031442995,52.9949299297034
5,89.99522031570892,52.993146466596926
5,90.02354664216774,52.9970459789683
5,90.0110959998039,52.983639661838716
5,90.01060051566448,53.008928615722674
5,90.00641677833494,52.98301348331642
5,90.00418275875883,52.995833690376706
5,90.00043236767429,53.007420080617344
5,89.97762764336957,53.00809165471392
5,90.0118277372277,52.99249531963591
5,90.00141945069994,53.01913332694983
5,89.99559063030652,53.02221759138822
5,89.98556025365305,52.992419740129414
5,89.98722675704514,53.016436833042825
5,89.98722675704514,53.016436833042825
5,89.99383771292563,52.980952050760365
5,89.99392109892105,53.00674851733828
5,89.99129724857148,53.013221868427756
5,89.98921223311206,52.9953509160576
5,90.00141945069994,53.01913332694983
5,89.98167427082929,52.99692329722336
5,90.0090007613331,52.991871860111836
5,90.01958933519307,52.989441050840384
5,89.99889268877457,53.00211838334006
5,89.99729546700443,53.00347952542074
5,89.99268729154136,53.00379925608268
5,89.98206093493513,52.983373096374876
5,89.99017154991218,53.0000006611203
5,90.01948999474305,53.005792752735054
5,90.02127864080063,53.00460337196672
5,90.00642820550212,52.97821381827725
5,89.99486977735025,52.994757228051775
5,89.99077240350766,52.99000169186145
5,90.001202634575,53.00591976758058
5,90.01131323071947,53.00661939164644
5,90.02041628993058,53.00634708951559
5,89.99291647097063,52.98462015560446
5,90.02032418537723,52.99012423645781
5,89.9823170599516,52.993470469332394
5,89.98660792785276,53.00166011381585
5,89.99653726973554,53.00793929696237
5,90.00696840298107,52.99273520277289
5,90.00642820550212,52.97821381827725
5,89.9943648911843,53.01465181577358
5,90.00078102838633,53.00732710092327
5,90.00606715810315,53.01595655022032
5,90.00613837593473,53.004712046016394
5,89.99522031570892,52.993146466596926
5,90.00133611585228,53.0185388112812
5,89.98107162403252,52.999250959283984
5,90.00661342760466,53.00524688009254
5,90.02127864080063,53.00460337196672
5,90.00703360378927,53.00497649684867
5,90.0060018267103,52.98150203576106
5,89.9786518133262,53.0078171264776
5,89.99889268877457,53.00211838334006
5,90.00301776712145,53.00939826156195
5,90.00205571483194,53.02239067484551
5,90.01479152849623,53.015359769293696
5,90.01702216837974,53.00937756127948
5,90.01185419263888,52.990743984005206
5,89.97762764336957,53.00809165471392
5,90.0022368859455,52.98779527707233
5,89.9927889666636,52.99633824368317
5,90.00643754583743,52.97803265162554
5,89.99344339032028,52.98696315734827
5,90.0110959998039,52.983639661838716
5,90.0119221959272,52.986280387649444
5,90.00641677833494,52.98301348331642
5,89.99129724857148,53.013221868427756
5,89.98159263207525,52.99052907344803
6,90.00940999623957,53.00978361858225
6,90.00785630043394,53.00825310579455
6,90.01322764804975,53.009767271729636
6,90.01026902522182,53.00830728505464
6,90.00872478725137,53.00941388452528
6,90.0126695249473,53.00935936998759
6,90.01050560553382,53.00702578649173
6,90.00692706666406,53.01074721217571
6,90.00846793534372,53.00959598924913
6,90.00907198956789,53.01225870746869
6,90.00974450629866,53.013463590439144
6,90.01209267287906,53.00907668398822
6,90.00687826419937,53.00933981063791
6,90.00868924996126,53.012648822979294
6,90.01227577482568,53.00768584716136
6,90.01209267287906,53.00907668398822
6,90.01078056135705,53.013228774763576
6,90.01355973971472,53.010693653625694
6,90.01074279930147,53.00912531150119
6,90.01161985401237,53.01117719536034
6,90.01147239475574,53.00862869126007
6,90.00951578504454,53.01260956686585
6,90.00974450629866,53.013463590439144
6,90.00687826419937,53.00933981063791
6,90.01224095177903,53.01261863642415
6,90.00941337073351,53.01033130468344
6,90.00885505889809,53.01172641742395
6,90.00857015577654,53.0120044737204
6,90.00868924996126,53.012648822979294
6,90.00914218576483,53.010183994614664
6,90.01163879056126,53.00951200393466
6,90.01141069169658,53.01199475926226
6,90.00804560674635,53.01229732126385
6,90.01215279678614,53.009994839851736
6,90.00870737710896,53.01201758667774
6,90.00703209282277,53.009245744960644
6,90.01268812375137,53.01031551306357
6,90.01345260508793,53.01007626020953
6,90.01046080761974,53.00906922522306
6,90.00915667500401,53.007086407615304
6,90.01345260508793,53.01007626020953
6,90.01121923809308,53.00875917967012
6,90.00705736222189,53.010827525577376
6,90.01168348738715,53.00806051573293
6,90.01089260857935,53.00840609358835
6,90.00734526429302,53.00996384411729
6,90.00885505889809,53.01172641742395
6,90.00710919711597,53.009912916211974
6,90.0112158543081,53.012479319672174
6,90.0097054765513,53.0113323387609
6,90.00945467138662,53.01225902856125
6,90.00900626335658,53.00829951745133
6,90.01047983607117,53.00977172615248
6,90.00660180777776,53.010249161836
6,90.01097765656868,53.00709778014758
6,90.0127713472243,53.00944043282432
6,90.0127713472243,53.00944043282432
6,90.01113608391827,53.009698757438926
6,90.00687826419937,53.00933981063791
6,90.01345260508793,53.01007626020953
6,90.01337740293273,53.01051126216639
6,90.00715975563946,53.009026649589856
6,90.01031223174449,53.00815917210993
6,90.01112921020827,53.00817366750792
6,90.01050560553382,53.00702578649173
6,90.0134594493018,53.00949084206494
6,90.01047983607117,53.00977172615248
6,90.00837636742965,53.007138997769786
6,90.00818722146117,53.009908009449404
6,90.01331713042627,53.00886561213412
6,90.00799647166501,53.00775495930912
6,90.00700392802429,53.008203098711036
6,90.00713972951205,53.01082256655464
6,90.01026902522182,53.00830728505464
6,90.00914218576483,53.010183994614664
6,90.01221298741946,53.00819379133305
6,90.00854355991832,53.01001171252185
6,90.00974894941392,53.01248281851009
6,90.00989759122619,53.0119973411468
6,90.00715975563946,53.009026649589856
6,90.00958072339048,53.007439215148004
6,90.00870737710896,53.01201758667774
7,89.9918180385756,52.996167618909716
7,89.99369929674117,52.998247058490556
7,89.99473867339233,52.99933431223858
7,89.9902719695182,53.001493324077536
7,89.99456766457685,53.0002894174225
7,89.99561790566831,53.000093690461505
7,89.99194264503585,52.99932210007016
7,89.99101410452701,53.0003305484716
7,89.99267238039049,52.996700255503555
7,89.99440954821561,52.996787262285004
7,89.9912835361717,53.00201473400512
8,90.00702748582725,53.01063075618805
8,90.01110983996848,53.00940112071909
8,90.01168348738715,53.00806051573293
8,90.00658745976898,53.00853122696886
8,90.00648029662732,53.01103805730218
8,90.01126771559035,53.01131388756224
8,90.00804633915394,53.00770771772849
8,90.0118458442349,53.01051378982627
8,90.00507954221328,53.009072059744064
8,90.00548689932272,53.00765891125017
8,90.01022734519199,53.01058892856622
8,90.0107005650554,53.009541891169334
8,90.00907198956789,53.01225870746869
8,90.01113608391827,53.009698757438926
8,90.00872478725137,53.00941388452528
8,90.00862807897308,53.01007841315832
8,90.00632319626978,53.006680754480705
8,90.00973728369053,53.00626079651123
8,90.00767428355765,53.007407877525054
8,90.00533784101556,53.00915757777948
8,90.00783786985446,53.00722806591945
8,90.00914218576483,53.010183994614664
8,90.0073403642545,53.01149911083959
8,90.00565359042997,53.00786296222593
8,90.0118458442349,53.01051378982627
8,90.01089260857935,53.00840609358835
8,90.00645648678542,53.0111479708614
8,90.00927900096892,53.010563978433915
8,90.0062490835669,53.00783844329592
8,90.00914218576483,53.010183994614664
8,90.01146419308137,53.00790835529021
8,90.00651374736846,53.00949607234567
8,90.00703209282277,53.009245744960644
8,90.01115421642083,53.00790883624727
8,90.00582729894754,53.00775633638973
8,90.00817028299265,53.00970109769381
8,90.00970388948525,53.01153584536233
8,90.01195771738539,53.00969798612983
8,90.00629267125066,53.0101649361853
8,90.0057277752814,53.009256154310975
8,90.00652296775259,53.00839542144617
8,90.00947906085887,53.008902937848674
8,90.01147239475574,53.00862869126007
8,90.00945467138662,53.01225902856125
8,90.00792542932898,53.00572011782709
8,90.0068983396371,53.01170326302074
8,90.00773415270795,53.012779526308364
8,90.00658745976898,53.00853122696886
8,90.00958072339048,53.007439215148004
8,90.00970388948525,53.01153584536233
8,90.00625756019897,53.0100106847806
8,90.0064619645379,53.00848190972871
8,90.00641804509263,53.009846637984595
8,90.00586712399664,53.01157230874034
8,90.00651588986796,53.00682121253684
8,90.00973728369053,53.00626079651123
8,90.01031223174449,53.00815917210993
8,90.00692706666406,53.01074721217571
8,90.00767428355765,53.007407877525054
8,90.00702748582725,53.01063075618805
8,90.00842114929866,53.00762946887441
8,90.01097765656868,53.00709778014758
8,90.00914136097416,53.00904463903587
8,90.00651588986796,53.00682121253684
8,90.00788362283217,53.01085015230343
8,90.00907198956789,53.01225870746869
8,90.0075186441397,53.00995916504124
8,90.006101403326,53.00974373982886
8,90.01177311063589,53.010345907392896
8,90.0057277752814,53.009256154310975
8,90.00885505889809,53.01172641742395
8,90.00651374736846,53.00949607234567
8,90.01163879056126,53.00951200393466
8,90.0103084575446,53.006430463172656
8,90.00551155358312,53.010712222778885
8,90.00705736222189,53.010827525577376
8,90.00767428355765,53.007407877525054
8,90.01026902522182,53.00830728505464
8,90.00767428355765,53.007407877525054
8,90.00846793534372,53.00959598924913
8,90.01031223174449,53.00815917210993
8,90.01034753762129,53.00888154260666
8,90.00781494966893,53.007748693747565
8,90.00989759122619,53.0119973411468
8,90.0062490835669,53.00783844329592
8,90.00783786985446,53.00722806591945
8,90.00775631424122,53.00952965294339
8,90.00783786985446,53.00722806591945
8,90.00616280350962,53.010577473656944
8,90.01047983607117,53.00977172615248
8,90.00625756019897,53.0100106847806
8,90.00916865639738,53.00784520542072
8,90.00793820834076,53.01287758110567
8,90.00961971894412,53.01082303168573
8,90.00862807897308,53.01007841315832
8,90.00842114929866,53.00762946887441
8,90.00785630043394,53.00825310579455
8,90.01008820936222,53.008267732309186
8,90.00641804509263,53.009846637984595
8,90.01036582708623,53.0096194171087
8,90.00767428355765,53.007407877525054
8,90.00664651296427,53.007786699045774
8,90.00650887652017,53.009530564229166
8,90.00616280350962,53.010577473656944
8,90.00958072339048,53.007439215148004
9,89.99897265718131,52.998156906201935
9,89.99588257323944,52.99652014968168
9,89.99664877287364,52.997591305700794
9,89.99515451525899,52.99861351566506
9,89.99284608429089,52.99919563478766
9,89.99982801162176,53.000386436907604
9,89.99844677255231,53.001741089493144
9,89.9964969673197,52.997797740636706
9,89.99506457103742,52.999434749919835
9,89.9977907853363,53.00289816423395
9,89.9980796207046,53.003063215310306
9,89.99783901898847,53.00115827860977
9,89.99627891326857,52.99863922123052
9,89.99364492577405,52.99941784786849
9,89.99505440906037,52.997129842701305
9,89.99670120776446,52.998628658020614
9,89.99675533153902,52.9986099548376
10,89.99896137231812,52.99860720870631
10,89.99605797113963,52.99999037755702
10,89.99681941852461,53.00151488221798
10,89.9988614753589,52.9981707263538
10,89.9959187823569,53.00036575486723
10,89.99369929674117,52.998247058490556
10,89.9956678166367,52.99913378338756
10,89.9928279561988,52.99904239372531
10,89.99481468538664,52.99782860886406
10,89.99734423531493,52.99692067757427
10,89.99906534541987,52.99915994646041
10,89.9949239348121,53.00116062545789
10,89.99670120776446,52.998628658020614
10,89.99752574055312,52.999919984942444
10,89.99826558969937,53.00224559923496
10,89.99583168152284,53.00285181870108
10,89.99715190285801,52.997316087213655
10,89.9931559562142,52.99831081267604
10,89.9959187823569,53.00036575486723
10,89.99484801719868,52.9960973194527
10,89.99897265718131,52.998156906201935
10,89.99833593799339,53.001866302557566
10,89.99515451525899,52.99861351566506
10,89.99837749951647,52.99871962919558
10,89.99762693400308,52.996737191378806
10,89.99929789834437,53.00087145827391
10,89.9949239348121,53.00116062545789
10,89.99380924910169,52.99805712302468
10,89.99592093975802,52.99642338712994
10,89.99833593799339,53.001866302557566
10,89.99639510197142,52.997578820701285
10,89.99670120776446,52.998628658020614
10,89.99549723460218,52.998694374293045
10,89.99800380242867,53.00038708644982
10,89.9992698599417,53.002093528951086
10,89.99871273449408,53.00049345077978
10,89.99692382022543,53.00267643128679
10,89.99804357208151,53.00154908398606
10,89.99806925339946,53.00196849510522
10,89.9952003798039,53.00137469774869
10,89.99549174170677,52.99909486468974
10,89.99412685542364,53.000284315962105
10,89.99844677255231,53.001741089493144
10,89.99783901898847,53.00115827860977
10,89.99633866680745,52.999908073438355
10,89.99487286494521,52.99718851212711
10,89.99471932311003,53.001826898940045
10,89.99765157674122,53.003016073895324
10,89.99982801162176,53.000386436907604
10,89.9937639846663,53.00010256377118
10,89.99509675087508,53.00146567326411
10,89.99332117771782,52.99702999249913
10,89.99588257323944,52.99652014968168
10,89.9992698599417,53.002093528951086
10,89.998476678415,53.001094914367
10,89.99692382022543,53.00267643128679
10,89.99576683798239,52.99946222626725
10,89.99468977400738,52.99688106023683
10,89.99652799646809,52.99798786419053
10,89.99529713694238,53.000584214975426
10,89.99629241020263,52.99924550140848
10,89.99305658317084,52.99889302652334
10,89.9983203819621,53.0028173273347
10,89.99571599702008,53.000502217849096
10,89.99692382022543,53.00267643128679
10,89.99584483331591,52.99919933328322
10,89.99592093975802,52.99642338712994
10,89.99456766457685,53.0002894174225
10,89.99897265718131,52.998156906201935
10,89.99406459202275,52.99747482024674
10,89.9977237326018,52.998145335401816
10,89.99364492577405,52.99941784786849
10,89.99757279497692,52.99957614802619
10,89.99916536265219,53.000677426024446
10,89.99672122234642,52.99615488864032
10,89.99775340926463,52.99730264529345
10,89.99332695909187,52.99775206839925
10,89.99337759152337,52.99756409472855
10,89.99863418759047,53.00098826507193
10,89.9964511122249,53.00004199785317
10,89.99605797113963,52.99999037755702
10,89.99487286494521,52.99718851212711
10,89.9944328965979,52.99928866497905
10,89.99728585746189,53.00142237255595
10,89.9994137508698,52.998964162113836
10,89.99506325892388,53.00067046822972
10,89.99557833525249,52.99780391444938
10,89.99284608429089,52.99919563478766
10,89.99461129612949,52.99956128166854
10,89.99505440906037,52.997129842701305
10,89.99767625468887,52.9985342301813
10,89.99672122234642,52.99615488864032
10,89.99848230640906,53.00271569239475
10,89.99741125722065,53.001688830730174
10,89.99506325892388,53.00067046822972
10,89.99707004315954,52.99634552832492
10,89.99863418759047,53.00098826507193
10,89.99894273070908,52.99816657599192
10,89.99741125722065,53.001688830730174
11,89.99235227886174,52.99599984505359
11,89.99284608429089,52.99919563478766
11,89.99471869401168,53.00223687306592
11,89.9952003798039,53.00137469774869
11,89.99538450475896,52.99605039303809
11,89.99588257323944,52.99652014968168
11,89.99355210077935,52.999795034911976
11,89.9956678166367,52.99913378338756
11,89.9953131903657,53.00015066890001
11,89.99576683798239,52.99946222626725
11,89.99290978495002,52.99697840718743
11,89.99549174170677,52.99909486468974
11,89.99091304472869,52.999007862699045
11,89.9952003798039,53.00137469774869
11,89.99496396102478,52.997006197529025
11,89.99718235546499,52.999443218476316
11,89.9928279561988,52.99904239372531
11,89.99365632300277,53.00021747112918
11,89.99360944254933,53.001502663347644
11,89.99101686641791,52.996221406529514
11,89.99427125144167,52.99534986980572
11,89.99505440906037,52.997129842701305
11,89.99471932311003,53.001826898940045
11,89.99610938285821,52.999522568091464
11,89.99471605114837,52.99558045431079
11,89.99685395720766,53.00056759093265
11,89.99496761491179,52.99672745383349
11,89.99072499179277,52.99860924480453
11,89.99221800840677,52.99687363473104
11,89.99505440906037,52.997129842701305
11,89.99417193831717,53.00219732442262
11,89.99349056239383,52.99716418234905
11,89.99125512525033,52.997679049395714
11,89.99337759152337,52.99756409472855
11,89.99352791498313,52.99984258123369
11,89.99244763591143,52.99972127441442
11,89.99472777374683,53.001110150888685
11,89.99509675087508,53.00146567326411
11,89.99626229948468,52.99873160501405
11,89.99041200140427,52.99728673540101
11,89.9931559562142,52.99831081267604
11,89.99549174170677,52.99909486468974
11,89.99305658317084,52.99889302652334
11,89.99222623738392,52.99573203928033
11,89.99495319704525,52.99862474819029
11,89.99172455555389,53.001320445289885
11,89.99104215066356,52.99812859915879
11,89.99169825027124,52.99729900752445
11,89.99244763591143,52.99972127441442
11,89.99201862333454,53.000097503837424
11,89.99160495760877,52.99903697678336
11,89.99375610699066,52.99572432517676
11,89.9927889666636,52.99633824368317
11,89.99312765073894,52.996351708869845
11,89.99549723460218,52.998694374293045
11,89.99021864255533,52.998155319076574
11,89.9928279561988,52.99904239372531
11,89.99481468538664,52.99782860886406
11,89.99406459202275,52.99747482024674
11,89.9931559562142,52.99831081267604
11,89.99549723460218,52.998694374293045
11,89.99305658317084,52.99889302652334
11,89.99485072307732,52.99924506339615
11,89.99041200140427,52.99728673540101
11,89.99438539876307,53.0020308147718
11,89.99305658317084,52.99889302652334
11,89.99505440906037,52.997129842701305
11,89.99628950155606,53.001065214690925
11,89.99424204839572,52.99606819812592
11,89.99238653850121,52.99513050790796
11,89.99354284599897,53.00178604204093
11,89.99281341403362,53.00176640843958
11,89.991110318773,53.00053767141022
11,89.99506325892388,53.00067046822972
11,89.99337759152337,52.99756409472855
11,89.99592093975802,52.99642338712994
11,89.99238653850121,52.99513050790796
11,89.99181568929971,52.99763226430685
11,89.99468977400738,52.99688106023683
11,89.99685395720766,53.00056759093265
11,89.99349056239383,52.99716418234905
11,89.99674707151705,53.000147814243064
11,89.99473867339233,52.99933431223858
11,89.99171623354351,52.997569828414605
11,89.99549723460218,52.998694374293045
11,89.99565919050418,52.996962261786926
11,89.99329754896166,53.00137158320336
11,89.99642394618775,52.99837107971123
11,89.99468977400738,52.99688106023683
11,89.99651558028826,53.001094644697666
12,89.99926673213999,53.006038919138334
12,90.00450042195891,53.00588399494139
12,90.00416206586654,53.00487811760628
12,90.00073904458102,53.00880938433556
12,90.00467911026944,53.00529021140331
12,90.00408532781226,53.008759740631824
12,90.001202634575,53.00591976758058
12,90.00009712877511,53.0052310685595
12,90.0005411444071,53.004596923065876
12,90.00241783054751,53.00403601515215
12,90.00328057515189,53.00962701800837
12,90.0032296148392,53.00786104637428
12,89.99920218206799,53.009455491084566
12,90.00067936444432,53.009719126459835
12,90.00119920016238,53.00828483357487
12,90.00105278157338,53.0041148421899
12,90.00116360905214,53.00647250766363
12,90.00309487564066,53.00918763659285
12,89.99979303646563,53.00888537607652
12,90.00182311988866,53.007482374689324
12,90.0034602966768,53.00649292937843
12,90.00359566935673,53.00524710128028
12,90.00309838905478,53.00536153911062
12,90.00340738309606,53.00977816810244
12,90.00066609864434,53.00822883542696
12,90.00244105599812,53.008224283887586
12,89.99952245976348,53.00547812483271
12,89.99971252178646,53.007361727462474
12,90.0005747695879,53.00477666204549
12,90.00328057515189,53.00962701800837
12,90.00171415808931,53.00659720219067
12,90.00206053026689,53.00619125406553
12,89.99965934862574,53.00982034324128
12,90.00241783054751,53.00403601515215
12,90.00339075443544,53.00444183590314
12,89.99950188157341,53.00971329290523
12,90.0043135193998,53.007945741229236
12,90.00105278157338,53.0041148421899
12,89.99950188157341,53.00971329290523
12,90.0043135193998,53.007945741229236
12,89.99990805540553,53.0100893596139
12,90.00035539261721,53.00721866972162
12,90.00341731734645,53.007941682159704
12,90.00361762626626,53.00623692647245
12,89.99922157218101,53.006495433441565
12,90.00291948616785,53.00549252115648
12,90.00078102838633,53.00732710092327
12,89.99970090741479,53.00888152016583
12,90.00466846145954,53.00827083350837
12,90.0005747695879,53.00477666204549
12,90.00318207013339,53.00869176596601
12,89.99911241294838,53.0076630953721
12,90.00172807807637,53.00556295304552
12,90.00171415808931,53.00659720219067
12,90.0030546426884,53.006755500145
12,89.99926673213999,53.006038919138334
12,90.0030546426884,53.006755500145
12,90.00289626319832,53.00450695865563
12,90.0028079082302,53.00877486008703
12,90.00241783054751,53.00403601515215
12,89.99965934862574,53.00982034324128
12,90.00335656692229,53.004191436256484
12,90.00090410288234,53.00584772962915
12,89.99979303646563,53.00888537607652
12,90.00058259860242,53.00654821276701
12,90.00450042195891,53.00588399494139
12,90.00095290388565,53.004454169571176
12,90.00330060886236,53.009574963137524
12,90.00440886159708,53.007449970420716
12,90.00216794885898,53.00535792971122
12,90.00105278157338,53.0041148421899
12,90.00309487564066,53.00918763659285
12,90.0043135193998,53.007945741229236
12,89.99912982612936,53.006492110185484
12,90.00044471572133,53.008551555236636
12,90.00212478343109,53.00730803105566
12,90.00178163785728,53.00930190976088
12,90.00364873072284,53.006843373535865
12,90.00078102838633,53.00732710092327
12,90.00121038965267,53.00571715027503
12,90.00260803198475,53.010248285019586
12,90.00478271319193,53.007375885316854
12,90.0032296148392,53.00786104637428
12,89.99950188157341,53.00971329290523
12,90.00272576644808,53.00973728481315
12,90.00260803198475,53.010248285019586
12,90.00476876165891,53.0052656933952
13,90.01074279930147,53.00912531150119
13,90.01082360728142,53.00679262950844
13,90.01139902684329,53.00996109676711
13,90.01535889897895,53.008871887163
13,90.01199207123996,53.013133090582954
13,90.0107005650554,53.009541891169334
13,90.01227577482568,53.00768584716136
13,90.01097765656868,53.00709778014758
13,90.0151441761874,53.01028991180827
13,90.01045424192006,53.01127804055364
13,90.01366043758868,53.01160896074553
13,90.0127713472243,53.00944043282432
13,90.01546851376334,53.00888910123177
13,90.0097054765513,53.0113323387609
13,90.01168348738715,53.00806051573293
13,90.01141069169658,53.01199475926226
13,90.01248959735523,53.01249651896935
13,90.01491998809458,53.00920942766647
13,90.0126695249473,53.00935936998759
13,90.01402901172011,53.0104470172961
13,90.01450936164069,53.00697094825493
13,90.01024061203591,53.007609822118255
13,90.01466470702702,53.01188846938289
13,90.01161710326647,53.008694681863005
13,90.01476775523717,53.00777530121074
13,90.01478658499461,53.00993308352243
13,90.01276327089838,53.010921627826214
13,90.01190744044264,53.00768349095424
13,90.01519987008545,53.00932984171596
13,90.01476775523717,53.00777530121074
13,90.00978389101624,53.00876400599305
13,90.01177311063589,53.010345907392896
13,90.01440532708878,53.010302972771214
13,90.01177311063589,53.010345907392896
13,90.01159197035368,53.006852028778084
13,90.01163879056126,53.00951200393466
13,90.01131323071947,53.00661939164644
13,90.01161710326647,53.008694681863005
13,90.01268812375137,53.01031551306357
13,90.00995054680953,53.01131629472182
13,90.01308701499224,53.00858196477679
13,90.01159197035368,53.006852028778084
13,90.01315162789932,53.01124410761982
13,90.01442239050482,53.00720600748562
13,90.0118458442349,53.01051378982627
13,90.01242816562741,53.01045532596336
13,90.01493653731903,53.00876437457294
13,90.01139902684329,53.00996109676711
13,90.01163879056126,53.00951200393466
13,90.01552477631328,53.008902219979184
13,90.01284649907097,53.00686096845291
13,90.01110983996848,53.00940112071909
13,90.01560375750995,53.01086713808372
13,90.01466470702702,53.01188846938289
13,90.01546851376334,53.00888910123177
13,90.01495970826089,53.00982422049678
13,90.01110983996848,53.00940112071909
13,90.01141069169658,53.01199475926226
13,90.0123162188024,53.00907990729499
13,90.01259968930202,53.01100624436908
13,90.01442818261839,53.00712796346714
13,90.01046080761974,53.00906922522306
13,90.0126695249473,53.00935936998759
13,90.01140751518663,53.01177887276438
13,90.01443408824228,53.01217177905359
13,90.01536341930823,53.00795744702276
13,90.01315162789932,53.01124410761982
13,90.0143048000033,53.01090404784593
13,90.01309194269142,53.010427316324346
13,90.01199207123996,53.013133090582954
13,90.0159128804926,53.008846576104425
13,90.01303569363654,53.01253567484559
13,90.01164152097641,53.007459283723314
13,90.01221298741946,53.00819379133305
13,90.01442246245887,53.00924458808696
13,90.01541429899527,53.00788967461424
13,90.01242816562741,53.01045532596336
13,90.00995054680953,53.01131629472182
13,90.01485646729454,53.00775332933826
13,90.01552477631328,53.008902219979184
13,90.01047983607117,53.00977172615248
13,90.01536341930823,53.00795744702276
13,90.01120263909797,53.01122957640513
13,90.01195771738539,53.00969798612983
13,90.01335853366555,53.00996892165791
13,90.01022734519199,53.01058892856622
13,90.01337740293273,53.01051126216639
13,90.01312401699712,53.01016741819756
13,90.01131323071947,53.00661939164644
13,90.01209267287906,53.00907668398822
13,90.01402901172011,53.0104470172961
13,90.0118458442349,53.01051378982627
13,90.01436096148483,53.00873145546156
13,90.01270446579048,53.006468099550894
13,90.01546851376334,53.00888910123177
13,90.0123162188024,53.00907990729499
13,90.0145412647537,53.01100658674579
13,90.01457719556376,53.011526222574325
13,90.01491998809458,53.00920942766647
13,90.01139902684329,53.00996109676711
13,90.01074279930147,53.00912531150119
13,90.01121923809308,53.00875917967012
13,90.00978389101624,53.00876400599305
13,90.01553929100189,53.01069636829308
13,90.01117594295073,53.00947586398151
13,90.01259108931346,53.01017274063462
13,90.01251560682297,53.01083224395811
13,90.01147239475574,53.00862869126007
13,90.01541429899527,53.00788967461424
13,90.01442239050482,53.00720600748562
13,90.0126695249473,53.00935936998759
13,90.01388594744279,53.01073247120795
13,90.01115421642083,53.00790883624727
13,90.01117594295073,53.00947586398151
13,90.01546851376334,53.00888910123177
14,90.0001070683034,52.98900855960963
14,90.00122303466935,53.00428423407981
14,90.00115541365551,53.00397480063567
14,90.00066262064783,52.993505967249405
14,89.99941425877924,52.987362897291916
14,89.99992606708263,52.99517542618059
14,90.00028757486345,53.00132870986834
14,90.00095290388565,53.004454169571176
14,90.0005026868037,52.99563751934289
14,89.99884117239725,52.988533415769616
14,89.99912238295602,52.989172156825276
14,89.99963628533693,52.99542137772088
14,90.00168110260375,53.00243394793951
14,89.99954619287365,52.98827587778421
14,89.99918769073771,52.99042577362921
14,90.00052716976953,53.00561039236478
14,89.99944832880102,53.00228191698699
14,89.99885734295562,52.988443558366654
14,89.99916271844894,52.99259568484499
14,89.9996225376978,52.99938676124005
14,90.00020461917016,52.988331274111
14,90.00045675016081,53.004590949550554
14,90.00038338299218,53.00404321457664
14,90.0007967734773,52.987611602002794
14,90.0011256805601,53.00305381859263
14,90.00055939954515,53.003762310752506
14,90.00161155731566,53.00413752974341
14,90.00083197322991,52.991421757438744
14,90.00020461917016,52.988331274111
14,89.99995722106762,53.00169014547985
14,90.00011319266308,52.9958858384395
14,90.00056553438074,53.001547525431974
14,90.00078329471566,52.997419111090295
14,90.00074841024617,52.997524759945755
14,89.99954619287365,52.98827587778421
14,90.00103278506066,53.00643605775894
14,90.00023732407604,52.995644282483894
14,90.00109548185246,53.006061958286075
14,89.99901276329715,52.9904853186348
14,89.9997855034892,52.98696234614166
14,90.001202634575,53.00591976758058
14,90.00006672497595,52.99820689939241
14,90.00038033993351,52.9868768041706
14,90.00071852273894,52.99451008093017
14,90.00080363565571,52.99186358625182
14,89.99884117239725,52.988533415769616
14,89.99957043458049,52.98782502864124
14,90.0004148599216,52.987559454032024
14,90.00115541365551,53.00397480063567
14,89.99927968062563,52.98777393758209
14,90.00116360905214,53.00647250766363
14,90.00090534955955,53.00029601128594
14,90.00077636287998,52.995807036160585
14,89.99985930596343,52.99564744124294
14,90.00115761557512,53.00167645643311
14,90.0005481974328,53.00345876620671
14,89.99941624956811,53.003055935847506
14,90.0005747695879,53.00477666204549
14,90.00015675897319,53.00222737278985
14,90.00096409183955,52.98992798091703
14,89.99965913195305,53.00077680764581
14,89.99967445860796,52.98792341232663
14,90.00069644247804,53.000288588800764
14,90.00038080377969,53.00594886183334
14,90.00165943308299,53.00450309590979
14,90.00073846876752,52.99321463763882
14,90.00161155731566,53.00413752974341
14,90.0005956197042,53.001112694141725
14,90.00125789297002,53.002355173420206
14,89.99981223586357,52.99828352402791
14,90.00073056723357,52.999723276316786
14,90.00103278506066,53.00643605775894
14,89.99995942162184,52.99562729512004
14,89.99939307314719,52.98627348089108
14,90.00096409183955,52.98992798091703
14,90.00083389480108,53.00598215868858
14,89.99931789577465,52.98746512356712
14,90.00038179491973,52.987076888084644
14,90.00015675897319,53.00222737278985
14,90.00040094221052,53.002128302990165
14,89.99982801162176,53.000386436907604
14,90.0008694083006,52.99258396346004
14,90.0005536220116,52.99930758427722
14,90.00038179491973,52.987076888084644
14,90.00077636287998,52.995807036160585
14,90.0008103509158,52.991728050439484
14,90.00038080377969,53.00594886183334
14,90.00036828208661,52.996737072939254
14,90.00106951304463,52.989590882594776
14,90.00145118935177,53.001093822931615
14,89.99981223586357,52.99828352402791
14,89.99916728686715,52.98883290382081
14,90.00027726886314,52.98705945696188
14,89.99982801162176,53.000386436907604
14,90.00077636287998,52.995807036160585
14,90.00057219316987,53.00518324138064
14,89.99995986701275,52.99918172860866
14,89.99908503550763,52.99022434006611
14,89.99885734295562,52.988443558366654
14,90.0011256805601,53.00305381859263
14,89.9999775325953,52.98686061039864
14,90.00136584932531,53.00127507062816
15,89.99652879933296,53.00274086183953
15,89.99789744036703,52.997318306662294
15,89.99889268877457,53.00211838334006
15,89.99351896725653,53.00020722599184
15,89.99900571768903,53.00055934791303
15,89.99468977400738,52.99688106023683
15,89.99891916041648,53.0027672965686
15,89.9944328965979,52.99928866497905
16,89.994238104875,53.00304931573128
16,89.9956678166367,52.99913378338756
16,89.99536446754988,53.004618519647615
16,89.99833593799339,53.001866302557566
16,89.99855236575893,52.999737805607516
16,89.99389488789856,53.00077699280444
16,89.9964969673197,52.997797740636706
16,89.99836728289034,53.00070501741
16,89.99245828863968,53.0035307746178
16,89.99438539876307,53.0020308147718
16,89.9959187823569,53.00036575486723
16,89.99715120419745,53.00027371171244
16,89.99646714351098,53.00408453182998
16,89.99670120776446,52.998628658020614
16,89.99564282031994,53.0031340656707
16,89.99559925481644,53.000757043982865
16,89.99813702234303,53.00104173574245
16,89.99755178747817,53.00210727897836
16,89.99681941852461,53.00151488221798
16,89.9977907853363,53.00289816423395
16,89.9954291685901,53.0043376399888
16,89.99284608429089,52.99919563478766
16,89.99804357208151,53.00154908398606
16,89.99813702234303,53.00104173574245
16,89.99746432033443,52.999391225916014
16,89.99305658317084,52.99889302652334
16,89.99692382022543,53.00267643128679
16,89.99691989157367,53.00374394215148
16,89.9949239348121,53.00116062545789
16,89.9952003798039,53.00137469774869
16,89.99354284599897,53.00178604204093
16,89.99351896725653,53.00020722599184
16,89.99663411796877,52.99899872498895
16,89.99783901898847,53.00115827860977
16,89.99810444977877,52.99903434893045
16,89.99280559250082,52.999660958880106
16,89.99417193831717,53.00219732442262
16,89.99628950155606,53.001065214690925
16,89.99757279497692,52.99957614802619
16,89.99871273449408,53.00049345077978
16,89.9959187823569,53.00036575486723
16,89.99857764414878,53.001340922949275
16,89.99329754896166,53.00137158320336
16,89.9963911602024,52.99835448702985
16,89.99195544203745,53.00144384166338
16,89.99646163607056,52.99844438497888
16,89.9928279561988,52.99904239372531
16,89.99329754896166,53.00137158320336
16,89.99619830193875,53.003604109309606
16,89.99652879933296,53.00274086183953
16,89.99826558969937,53.00224559923496
16,89.99338717426077,53.00309161109539
16,89.99810444977877,52.99903434893045
16,89.99836728289034,53.00070501741
16,89.99322269661448,53.000485474443536
16,89.99354284599897,53.00178604204093
16,89.99564282031994,53.0031340656707
16,89.99237184982033,53.00303919860257
16,89.99536446754988,53.004618519647615
16,89.99792799984648,52.999380936375346
16,89.9944328965979,52.99928866497905
16,89.99693644866522,53.0025896045845
16,89.99479892865249,53.00129748620966
16,89.99576495447872,53.00230355435011
16,89.99628950155606,53.001065214690925
16,89.99338717426077,53.00309161109539
16,89.99675533153902,52.9986099548376
16,89.99338717426077,53.00309161109539
17,89.99576495447872,53.00230355435011
17,89.99551427908281,52.9989163133489
17,89.99572044539896,53.00219501350452
17,89.99255807901471,53.00300356993697
17,89.99281091859902,53.00322986446168
17,89.99607984323573,53.00220896945912
17,89.99605797113963,52.99999037755702
17,89.99357744460475,52.99953735632731
17,89.99619830193875,53.003604109309606
17,89.99479892865249,53.00129748620966
17,89.99728585746189,53.00142237255595
17,89.99351896725653,53.00020722599184
17,89.9954291685901,53.0043376399888
17,89.99237184982033,53.00303919860257
17,89.99352791498313,52.99984258123369
17,89.99611379618241,52.998251097467474
17,89.99660299156699,53.003414686101415
17,89.99412596745002,52.99830283266291
17,89.99281091859902,53.00322986446168
18,89.99997746863987,52.97890930895613
18,89.9977752176713,53.0159786341862
18,89.99786106992734,53.02109683237068
18,89.97861997228858,53.004564705719176
18,89.98167427082929,52.99692329722336
18,90.01185419263888,52.990743984005206
18,90.01248780130906,52.98891410786854
18,90.01926877758538,53.014637052848755
18,90.02041628993058,53.00634708951559
18,90.0000412390582,53.02012169455792
18,89.99962377015949,53.01998210709747
18,89.9861586197834,53.00338613474076
18,90.00407163783288,52.99044624222816
18,90.0110959998039,52.983639661838716
18,90.00407163783288,52.99044624222816
18,89.9953131903657,53.00015066890001
18,89.97871073510136,53.002829255528006
18,89.98921223311206,52.9953509160576
18,90.01135639400653,52.98163968319257
18,90.0120557717254,52.98101017020291
18,89.98376505640664,52.981561888662796
18,90.01361318815758,53.00548507524502
18,90.01926877758538,53.014637052848755
18,90.01575517734538,52.99129928843934
18,90.01479152849623,53.015359769293696
18,89.99383771292563,52.980952050760365
18,89.99392109892105,53.00674851733828
18,89.99341510781524,52.98400833536395
18,89.99911123676233,53.02341519696037
18,90.00643754583743,52.97803265162554
18,89.99672738273169,53.004672546114726
18,89.98556025365305,52.992419740129414
18,90.01454560837244,52.997107427813326
18,89.99291647097063,52.98462015560446
18,89.99486977735025,52.994757228051775
18,90.00807293545304,53.01329281352896
18,89.9977752176713,53.0159786341862
18,89.99522031570892,52.993146466596926
18,90.01926877758538,53.014637052848755
18,90.00477980240782,53.01812022016536
18,89.99357944538835,53.02132163579651
18,90.020064535557,53.00671245544524
18,89.9825509022372,52.99962428005048
18,89.98391351575812,53.0045510686728
18,89.99346133650936,53.011155075646805
18,89.99779666861741,53.006961481682914
18,90.01322168801592,53.014968069230044
18,89.99786106992734,53.02109683237068
18,89.9927889666636,52.99633824368317
18,89.97923770064385,52.99666565374713
18,90.02032418537723,52.99012423645781
18,89.98206093493513,52.983373096374876
18,89.99825781181987,52.97535112720455
18,89.99077240350766,52.99000169186145
18,90.0001254797013,53.001173876190634
18,89.99980022569265,52.98397835165835
18,90.01060051566448,53.008928615722674
18,90.00269463600335,53.00495631653235
18,90.00921563766023,53.022749156275495
18,89.97673388917934,52.99818922685706
18,90.0119221959272,52.986280387649444
18,90.00689097345108,52.984762886469554
18,89.98206093493513,52.983373096374876
18,89.9930089505078,53.0110302611834
18,89.99583507558896,52.99488755488108
18,89.99427581948343,52.98768388031757
18,89.99039309967236,53.006731399645666
18,90.00641677833494,52.98301348331642
18,90.01868939758361,52.99538864185539
18,89.97606273562714,53.005228863788645
18,89.98254550609514,53.01175414235819
18,89.98391351575812,53.0045510686728
18,89.99857764414878,53.001340922949275
18,90.00066549219144,53.017566601856615
18,89.97880285085125,52.988045485207174
18,90.00866931775973,52.979576374951726
18,89.99248759080666,53.00684013663567
18,89.99629857659174,53.01790611221041
18,90.0090007613331,52.991871860111836
18,90.0049031442995,52.9949299297034
18,89.99351979542705,53.01550993599814
18,89.99351979542705,53.01550993599814
18,89.99129724857148,53.013221868427756
18,90.01958933519307,52.989441050840384
18,89.98206093493513,52.983373096374876
18,89.99291647097063,52.98462015560446
18,89.98109391921817,52.99659050203551
18,90.00602327486772,53.01673772886284
18,90.0118277372277,52.99249531963591
18,90.01334416525327,52.98312028069042
18,89.99629857659174,53.01790611221041
18,89.99392109892105,53.00674851733828
18,90.02285693801838,52.992777156097006
18,90.0134307664476,53.00708605232701
18,89.99092577595704,53.00178186900561
18,90.00606715810315,53.01595655022032
18,90.00807293545304,53.01329281352896
18,90.00661342760466,53.00524688009254
18,89.99383394921401,52.99001060016061
18,89.98921223311206,52.9953509160576
18,90.01464164715274,52.99869836214817
18,89.97796846174211,52.99800582653646
18,89.98762697815663,53.00269309799845
18,90.0118277372277,52.99249531963591
18,89.99857764414878,53.001340922949275
19,89.99916728686715,52.98883290382081
19,90.00006672497595,52.99820689939241
19,90.00080363565571,52.99186358625182
19,90.00016989548527,52.9861875154004
19,89.9996135522901,52.993522513237934
19,89.99963767369407,53.00159025540288
19,89.99963767369407,53.00159025540288
19,90.00161155731566,53.00413752974341
19,90.00001763914591,53.00413344241555
19,89.9995805834071,53.00267637535974
19,89.99985930596343,52.99564744124294
19,89.9997855034892,52.98696234614166
19,90.0004337218661,53.000289993752155
19,90.00011319266308,52.9958858384395
19,90.0005747695879,53.00477666204549
19,90.00069852392951,52.99081961410883
19,89.9989550197804,52.988552383543414
19,89.99908503550763,52.99022434006611
19,90.00064438571604,53.000271239798515
19,90.00073677841388,53.0037926039272
19,89.99963045887472,52.99376013733633
19,89.99962487109255,52.99144549748323
19,90.00038179491973,52.987076888084644
19,90.00106951304463,52.989590882594776
19,90.00102843741459,53.000159075746424
19,90.00024180839385,53.00341263622436
19,90.0007967734773,52.987611602002794
19,89.99931789577465,52.98746512356712
19,89.99992606708263,52.99517542618059
19,90.00086191141342,53.00158981451327
19,90.0004337218661,53.000289993752155
19,90.00071203576839,52.990099678145214
19,90.00015296664218,52.987499473628084
19,90.00098258611395,52.998273124128076
19,89.99941425877924,52.987362897291916
19,90.00080363565571,52.99186358625182
19,90.00038033993351,52.9868768041706
19,90.00073846876752,52.99321463763882
19,90.00122303466935,53.00428423407981
19,90.00071203576839,52.990099678145214
19,90.00069852392951,52.99081961410883
19,89.99981223586357,52.99828352402791
19,89.9996727229902,52.986748380887725
19,90.00115541365551,53.00397480063567
19,90.00136584932531,53.00127507062816
19,90.00068154830726,53.00470300495196
19,89.99963045887472,52.99376013733633
19,90.00050540691998,52.98715344502807
19,90.00122303466935,53.00428423407981
19,90.00069852392951,52.99081961410883
19,89.99982801162176,53.000386436907604
19,90.00125789297002,53.002355173420206
19,90.00086191141342,53.00158981451327
19,90.0008103509158,52.991728050439484
19,89.99964711704189,52.993411370081546
19,90.00148414522525,53.0023172258913
19,90.00050372410914,53.000973209706196
19,90.00073056723357,52.999723276316786
19,89.9999775325953,52.98686061039864
19,90.00051565609763,52.99570944797662
19,90.0008103509158,52.991728050439484
19,89.99965913195305,53.00077680764581
19,90.0005474969669,53.00289199093514
19,89.99980581202045,52.98652069456656
19,90.0005956197042,53.001112694141725
19,89.99982801162176,53.000386436907604
19,90.00050372410914,53.000973209706196
19,90.0011256805601,53.00305381859263
19,90.00103278506066,53.00643605775894
19,90.00073846876752,52.99321463763882
19,90.00055939954515,53.003762310752506
19,89.99995722106762,53.00169014547985
19,90.00052716976953,53.00561039236478
19,90.0005026868037,52.99563751934289
19,90.00038559511229,52.990817591835594
19,89.99918769073771,52.99042577362921
19,90.00068154830726,53.00470300495196
19,90.00006672497595,52.99820689939241
19,90.00168110260375,53.00243394793951
19,90.00017529823818,52.98836690459547
19,89.99995722106762,53.00169014547985
19,90.0011594251574,53.00429354658704
19,90.00073846876752,52.99321463763882
19,90.0004148599216,52.987559454032024
19,89.99969191265973,52.999540925452244
19,90.00073677841388,53.0037926039272
19,90.00038559511229,52.990817591835594
19,89.99945444270479,52.986677339607745
19,90.00106951304463,52.989590882594776
19,90.0005956197042,53.001112694141725
19,89.99894288589677,52.98969274171818
19,90.00034844190358,52.99950914474784
19,90.00038338299218,53.00404321457664
19,89.99980581202045,52.98652069456656
19,90.001202634575,53.00591976758058
19,89.9996225376978,52.99938676124005
19,90.00084364145307,53.000418152998144
20,89.99787433796251,53.004669238344356
20,89.99692382022543,53.00267643128679
20,89.99565029023175,53.005202598196846
20,89.99895870296248,53.0013585939669
20,89.99721674851041,53.003274249832316
20,89.99663682346385,53.004982280135565
20,89.99564282031994,53.0031340656707
20,89.99797471963716,53.0041345404779
20,89.99390451741489,53.00283928140764
20,89.99752574055312,52.999919984942444
20,89.9980796207046,53.003063215310306
20,89.99693644866522,53.0025896045845
21,90.00519293641054,53.007643759934524
21,90.00510240482342,53.00814557448331
21,90.00590495558518,53.00747771965218
21,90.00427466673374,53.011769455861554
21,90.00662231733988,53.010601478732866
21,90.00408532781226,53.008759740631824
21,90.00658745976898,53.00853122696886
21,90.00246460378486,53.01074997037051
21,90.00455812251158,53.00891140664597
21,90.00268444387684,53.011602620234335
21,90.00523443714503,53.00692012148029
21,90.00462061426938,53.008275773393784
21,90.0053770559336,53.00957875298336
21,90.00691224231839,53.00812288288356
21,90.00565359042997,53.00786296222593
21,90.00344381127184,53.01130366222046
21,90.00293748315208,53.00747534394793
21,90.00651274521296,53.00900950403146
21,90.00715975563946,53.009026649589856
22,90.00055939954515,53.003762310752506
22,90.00052716976953,53.00561039236478
22,90.00085824228739,53.00597313330499
22,89.99980581202045,52.98652069456656
22,90.0007967734773,52.987611602002794
22,90.00043558542207,52.98711011271116
22,90.00058448533527,52.99847766171347
22,90.0005287290946,52.99605660114278
22,90.00042308233947,52.991261388185784
22,89.99963628533693,52.99542137772088
22,89.99985930596343,52.99564744124294
22,89.9995805834071,53.00267637535974
22,90.00149330006072,53.002561322709305
22,90.00073677841388,53.0037926039272
22,90.0005287290946,52.99605660114278
22,90.0000314001075,52.98677587263437
22,89.9996135522901,52.993522513237934
22,89.9999775325953,52.98686061039864
22,90.00121038965267,53.00571715027503
22,90.00149330006072,53.002561322709305
22,90.00015296664218,52.987499473628084
22,90.00102843741459,53.000159075746424
22,90.00066656562066,52.99790087508351
22,89.99932676371283,52.99207533916912
22,90.0005026868037,52.99563751934289
22,89.99912238295602,52.989172156825276
22,90.00106951304463,52.989590882594776
22,90.00052716976953,53.00561039236478
22,90.0005536220116,52.99930758427722
22,90.00083181503976,52.9991357103383
22,90.00056398569919,52.98821071442257
22,89.99894288589677,52.98969274171818
22,89.99964737499215,53.003675763636984
22,90.00058448533527,52.99847766171347
22,90.0001070683034,52.98900855960963
22,90.00015296664218,52.987499473628084
22,90.00052915601854,52.986905162547224
22,89.99988223329514,52.991390755998296
22,89.99933138506913,52.991809153128415
22,90.00116360905214,53.00647250766363
22,90.00115541365551,53.00397480063567
22,90.00028757486345,53.00132870986834
22,90.00074022699361,53.00304616403764
22,90.00057219316987,53.00518324138064
22,90.00125789297002,53.002355173420206
22,90.00106951304463,52.989590882594776
22,89.9995805834071,53.00267637535974
22,89.99963045887472,52.99376013733633
22,90.00028757486345,53.00132870986834
22,90.00073056723357,52.999723276316786
22,89.9996225376978,52.99938676124005
22,90.00145118935177,53.001093822931615
22,90.00034844190358,52.99950914474784
22,90.00068154830726,53.00470300495196
22,90.00020461917016,52.988331274111
22,89.9996727229902,52.986748380887725
22,89.99884117239725,52.988533415769616
22,90.0005481974328,53.00345876620671
22,90.00064438571604,53.000271239798515
22,90.00064438571604,53.000271239798515
22,89.99916728686715,52.98883290382081
22,90.00038559511229,52.990817591835594
22,90.00015675897319,53.00222737278985
22,89.99970163362526,52.9932699262934
22,90.00058259860242,53.00654821276701
22,90.00018665580224,52.991721067569244
22,89.99927968062563,52.98777393758209
22,90.0004337218661,53.000289993752155
22,90.0005747695879,53.00477666204549
22,90.0005026868037,52.99563751934289
22,90.00077636287998,52.995807036160585
22,90.00057219316987,53.00518324138064
22,90.00052915601854,52.986905162547224
22,89.9995805834071,53.00267637535974
22,90.00121038965267,53.00571715027503
22,90.00001763914591,53.00413344241555
22,90.00069644247804,53.000288588800764
22,89.99951340998611,52.98704823398363
22,90.00066672650561,52.992428437574524
22,89.99959704447981,52.99494439284266
22,89.99885734295562,52.988443558366654
22,90.00066672650561,52.992428437574524
22,89.99963628533693,52.99542137772088
22,90.00143909864542,53.00094944119751
22,90.00044664463431,52.99222069643398
22,90.00042308233947,52.991261388185784
22,89.99932676371283,52.99207533916912
22,89.99965913195305,53.00077680764581
22,89.9997855034892,52.98696234614166
22,90.00058259860242,53.00654821276701
22,90.00085572406795,52.989984001181995
22,90.00105278157338,53.0041148421899
22,89.99997866718135,52.99481822242869
22,90.00083389480108,53.00598215868858
23,89.99926147634595,53.00750012236015
23,90.00450042195891,53.00588399494139
23,90.00095290388565,53.004454169571176
23,90.00109548185246,53.006061958286075
23,89.99971252178646,53.007361727462474
23,90.00399843729816,53.00646470828659
23,90.00139944885098,53.010267812808095
23,90.00044471572133,53.008551555236636
23,90.0021018492082,53.00993079875873
23,90.00244611325006,53.00825055416317
23,90.00330060886236,53.009574963137524
23,90.00246012170192,53.007229197881855
23,89.99952245976348,53.00547812483271
23,90.00234879822439,53.009531641251876
23,90.00116360905214,53.00647250766363
23,90.00172807807637,53.00556295304552
23,90.00078601294807,53.00477353257518
23,90.00009712877511,53.0052310685595
23,90.00309487564066,53.00918763659285
23,89.99886557233037,53.00707495542262
23,90.00328057515189,53.00962701800837
23,90.00291948616785,53.00549252115648
23,89.99930656240292,53.008607739003594
23,90.0032296148392,53.00786104637428
23,90.00115541365551,53.00397480063567
23,90.0032296148392,53.00786104637428
23,90.00103278506066,53.00643605775894
23,90.00039269907849,53.00589108259515
23,89.99911241294838,53.0076630953721
23,90.00185109171315,53.004733357170636
23,90.00366369904835,53.00781207452631
23,90.00067936444432,53.009719126459835
23,89.99967659237268,53.008411955665046
23,90.00369800375654,53.007757847158665
23,89.99952245976348,53.00547812483271
23,89.9997999471023,53.00945958549134
23,90.00260803198475,53.010248285019586
23,90.00005780340834,53.00943385502218
23,89.99965934862574,53.00982034324128
23,90.0021018492082,53.00993079875873
23,90.00316533632036,53.00827722526247
23,90.00104027007097,53.00909613076201
23,90.00476876165891,53.0052656933952
23,90.00231616731065,53.00817081224418
23,89.99912982612936,53.006492110185484
23,89.99988101707874,53.009934838090096
23,90.00081404661235,53.00870919183254
23,89.99930656240292,53.008607739003594
23,89.99973058038368,53.00666689228453
23,90.00122303466935,53.00428423407981
23,90.00272576644808,53.00973728481315
23,90.0006695786956,53.00890047122878
23,89.99911241294838,53.0076630953721
23,90.00103278506066,53.00643605775894
23,90.00291948616785,53.00549252115648
23,90.00016975997535,53.00910019181103
23,90.00309487564066,53.00918763659285
23,89.99991838302935,53.00992535874305
23,90.00429043421343,53.00601141104415
23,90.00440886159708,53.007449970420716
23,90.00178277380827,53.00727941143838
23,90.00115541365551,53.00397480063567
23,89.9997999471023,53.00945958549134
23,90.00399843729816,53.00646470828659
23,90.00370866181524,53.00492034503147
23,90.00173621642543,53.00461484455235
23,90.00339196448924,53.00500866662949
23,90.00214602190822,53.00847881403625
23,90.00299720886397,53.00614970631951
23,90.00360902304215,53.00613514008939
23,90.00467911026944,53.00529021140331
23,90.00095290388565,53.004454169571176
23,90.0021018492082,53.00993079875873
23,89.99952245976348,53.00547812483271
23,90.00116360905214,53.00647250766363
23,89.99967659237268,53.008411955665046
23,90.0040631299269,53.00868394640012
23,90.00225260751726,53.00402448848512
23,89.99991838302935,53.00992535874305
23,90.00341731734645,53.007941682159704
23,90.00058259860242,53.00654821276701
23,90.00408532781226,53.008759740631824
23,90.00044471572133,53.008551555236636
23,90.00262615496136,53.00792853542249
23,90.00139944885098,53.010267812808095
23,90.00078102838633,53.00732710092327
23,89.99897808081283,53.00805955750126
23,90.00335656692229,53.004191436256484
24,90.00689097345108,52.984762886469554
24,90.00703360378927,53.00497649684867
24,89.98265943667994,52.99202090899771
24,90.01479152849623,53.015359769293696
24,90.01611942860808,53.00113846300319
24,89.97880285085125,52.988045485207174
24,89.99774008150672,52.97889900226844
24,90.00921563766023,53.022749156275495
24,89.98229078864112,52.98512218856946
24,90.0110959998039,52.983639661838716
24,90.01334416525327,52.98312028069042
24,90.02354021702192,53.0079070431277
24,89.99911123676233,53.02341519696037
24,90.0120874644629,52.99611645765968
24,90.02127864080063,53.00460337196672
24,90.00211401970627,52.99603714572807
24,90.00643754583743,52.97803265162554
24,89.98660792785276,53.00166011381585
24,90.001202634575,53.00591976758058
24,90.00407163783288,52.99044624222816
24,90.020064535557,53.00671245544524
24,90.02354664216774,52.9970459789683
24,89.98556025365305,52.992419740129414
24,90.00696840298107,52.99273520277289
24,89.9930089505078,53.0110302611834
24,90.02127864080063,53.00460337196672
24,90.0060018267103,52.98150203576106
24,89.9823170599516,52.993470469332394
24,90.01050146767696,53.00213548877066
24,89.99486977735025,52.994757228051775
24,90.02073415439726,53.00008138067957
24,89.97624352766287,52.998873572459686
24,90.02243084565676,53.00885104397557
24,89.98109391921817,52.99659050203551
24,90.02243084565676,53.00885104397557
24,89.99857764414878,53.001340922949275
24,90.0062490835669,53.00783844329592
24,90.00141945069994,53.01913332694983
24,89.98206093493513,52.983373096374876
24,89.99291647097063,52.98462015560446
24,89.99017154991218,53.0000006611203
24,90.01185419263888,52.990743984005206
24,90.00043236767429,53.007420080617344
24,89.98365411167798,53.00182935563758
24,90.01924035203749,52.99647335922166
24,90.01322168801592,53.014968069230044
24,89.98730790835926,53.004677293241336
24,89.99227798149857,52.98744389863026
24,90.00301776712145,53.00939826156195
24,90.01248780130906,52.98891410786854
24,89.99266706762732,52.985284049388866
24,89.99844567425977,52.99613540042527
24,89.99260569563631,53.00823905091866
24,89.97871073510136,53.002829255528006
24,90.00044664463431,52.99222069643398
24,89.98230014508665,52.99665371155069
24,90.01635536960511,53.011462914400255
24,89.99825781181987,52.97535112720455
24,89.99857764414878,53.001340922949275
25,90.00132597909632,53.00743472415643
25,90.00266276871359,53.0062548392932
25,89.99926147634595,53.00750012236015
25,90.00352270232166,53.0076788961445
25,89.99926673213999,53.006038919138334
25,90.00232874162829,53.00435761325602
25,90.00081404661235,53.00870919183254
25,90.00058259860242,53.00654821276701
25,90.00272009369228,53.00530969650398
25,90.00364873072284,53.006843373535865
25,90.00236978649447,53.00316282662438
25,90.0032296148392,53.00786104637428
25,90.00109548185246,53.006061958286075
25,90.00369800375654,53.007757847158665
25,90.00016975997535,53.00910019181103
25,90.00185109171315,53.004733357170636
25,90.00090410288234,53.00584772962915
25,89.99880529431333,53.00539142285626
25,90.00266276871359,53.0062548392932
25,89.99917041322324,53.004729331826404
25,89.99991838302935,53.00992535874305
25,90.00094229863983,53.00897762140475
25,90.0032296148392,53.00786104637428
25,90.00266276871359,53.0062548392932
25,90.00404625720512,53.00498640264148
25,90.00136868998501,53.00327597485424
25,90.00334778001924,53.004601440871966
25,89.99952245976348,53.00547812483271
25,90.00068154830726,53.00470300495196
25,89.99876237629084,53.00600460168263
25,89.9997828823838,53.00746474286612
25,90.0030282739286,53.008336817813756
25,90.00109548185246,53.006061958286075
25,90.00335656692229,53.004191436256484
25,90.00012237107498,53.007574789005176
25,90.00209963482277,53.00332738805057
25,90.0005481974328,53.00345876620671
25,90.00352270232166,53.0076788961445
25,90.0030282739286,53.008336817813756
25,90.00279375721746,53.00568664191161
25,90.00385880243931,53.005328958186304
25,90.00043236767429,53.007420080617344
25,89.99922157218101,53.006495433441565
25,90.00026353768017,53.01033815077451
25,90.00244105599812,53.008224283887586
25,90.00005780340834,53.00943385502218
25,89.99919768122575,53.008068884635016
25,90.00001763914591,53.00413344241555
25,90.0032296148392,53.00786104637428
25,90.00232874162829,53.00435761325602
25,89.99919768122575,53.008068884635016
25,90.00197557158155,53.009266771959446
25,90.00246012170192,53.007229197881855
25,90.00320861355335,53.0075281811412
25,90.00244105599812,53.008224283887586
25,90.00052716976953,53.00561039236478
25,90.00390273008351,53.00798935388429
25,89.99972495755803,53.00811614595443
25,90.00335656692229,53.004191436256484
25,90.00038080377969,53.00594886183334
25,90.00361762626626,53.00623692647245
25,90.00234879822439,53.009531641251876
25,90.00301776712145,53.00939826156195
25,89.99922157218101,53.006495433441565
25,90.00103278506066,53.00643605775894
25,90.00116360905214,53.00647250766363
25,90.00313050754121,53.009102568484074
25,90.00095689729417,53.00371685083536
25,90.00173621642543,53.00461484455235
25,90.00132597909632,53.00743472415643
25,90.00139944885098,53.010267812808095
25,90.00039269907849,53.00589108259515
25,90.00016975997535,53.00910019181103
25,90.00066742862485,53.008456345446916
25,90.00039269907849,53.00589108259515
25,90.00185109171315,53.004733357170636
25,90.00116360905214,53.00647250766363
25,90.00359566935673,53.00524710128028
25,90.00429043421343,53.00601141104415
26,89.99980022569265,52.98397835165835
26,89.98921223311206,52.9953509160576
26,89.9927889666636,52.99633824368317
26,89.98376505640664,52.981561888662796
26,89.99372113353061,52.987446132331876
26,89.98421507936568,52.9852523422671
26,90.00642820550212,52.97821381827725
26,90.01464164715274,52.99869836214817
26,90.01275174614665,53.01742249229851
26,89.99825781181987,52.97535112720455
26,90.00466846145954,53.00827083350837
26,89.99372291116235,52.98606686979244
26,89.99522031570892,52.993146466596926
26,90.00917600764153,53.00182169487697
26,89.9861586197834,53.00338613474076
26,90.00301776712145,53.00939826156195
26,90.01660114152021,52.99030625957047
26,89.98421507936568,52.9852523422671
26,90.00269463600335,53.00495631653235
26,90.001202634575,53.00591976758058
26,89.97757215677055,52.99076070101481
26,90.00866931775973,52.979576374951726
26,89.98722675704514,53.016436833042825
26,90.00043236767429,53.007420080617344
26,90.00418275875883,52.995833690376706
26,89.98512220770652,52.99845856275607
26,89.99092577595704,53.00178186900561
26,89.99779666861741,53.006961481682914
26,89.99857764414878,53.001340922949275
26,90.0134307664476,53.00708605232701
26,90.0001254797013,53.001173876190634
26,90.00917600764153,53.00182169487697
26,89.99559063030652,53.02221759138822
26,89.98199278508189,53.01728857121523
26,89.99344339032028,52.98696315734827
26,89.9786518133262,53.0078171264776
26,89.99889268877457,53.00211838334006
26,90.00269463600335,53.00495631653235
26,89.98199278508189,53.01728857121523
26,90.0060018267103,52.98150203576106
26,90.01702216837974,53.00937756127948
26,90.00677238643364,52.99494771065224
26,90.0060018267103,52.98150203576106
26,89.98977481307507,52.99010656699212
26,89.9825509022372,52.99962428005048
26,90.0049031442995,52.9949299297034
26,90.00866931775973,52.979576374951726
26,90.01322168801592,53.014968069230044
26,89.98977481307507,52.99010656699212
26,89.9969465026144,52.9886068969166
26,90.00661342760466,53.00524688009254
26,90.01050317964945,52.97779772769797
26,90.0120874644629,52.99611645765968
26,89.99583507558896,52.99488755488108
26,90.00205571483194,53.02239067484551
26,89.99227798149857,52.98744389863026
26,89.97952118828904,53.00508726385089
26,89.9927889666636,52.99633824368317
26,90.02354021702192,53.0079070431277
26,89.98229078864112,52.98512218856946
26,89.98722675704514,53.016436833042825
26,90.00407163783288,52.99044624222816
26,89.99368425467779,53.02368028774761
26,89.98722675704514,53.016436833042825
26,90.02127864080063,53.00460337196672
26,89.9969465026144,52.9886068969166
26,90.00661342760466,53.00524688009254
26,90.00418275875883,52.995833690376706
26,90.01479152849623,53.015359769293696
26,89.99344339032028,52.98696315734827
27,89.9983081595403,52.996348856494926
27,89.9994137508698,52.998964162113836
27,89.99756541398463,52.9994556091613
27,89.99922455237653,52.99740185786689
27,89.99659612870373,53.00223603300427
27,89.99985187093961,52.998719245125635
27,90.00010721791107,53.00392641055605
27,89.99743045665072,52.99615416125185
27,89.99792799984648,52.999380936375346
27,89.99752574055312,52.999919984942444
27,89.99917217745609,53.001925409249544
27,89.99871273449408,53.00049345077978
27,89.99627891326857,52.99863922123052
27,89.99981223586357,52.99828352402791
27,89.9983081595403,52.996348856494926
27,89.99741125722065,53.001688830730174
27,89.99611379618241,52.998251097467474
27,89.99584483331591,52.99919933328322
27,89.99982801162176,53.000386436907604
27,90.00038338299218,53.00404321457664
27,89.99775340926463,52.99730264529345
27,89.99762693400308,52.996737191378806
27,89.99783901898847,53.00115827860977
27,89.99875762815343,53.00362516590672
27,89.99756541398463,52.9994556091613
27,89.99821039653013,52.99707368250616
27,89.99729546700443,53.00347952542074
27,89.99970048844277,52.99872412140804
27,89.99837749951647,52.99871962919558
27,89.99762693400308,52.996737191378806
27,90.00083181503976,52.9991357103383
27,89.99761686268916,52.998846620801544
27,89.99995722106762,53.00169014547985
27,89.99939904726922,53.00393725879407
27,90.00038338299218,53.00404321457664
27,89.99799707426705,52.99621781615847
27,89.99826558969937,53.00224559923496
27,89.9964511122249,53.00004199785317
27,89.99800380242867,53.00038708644982
27,90.00056553438074,53.001547525431974
27,89.99767625468887,52.9985342301813
27,90.00001763914591,53.00413344241555
27,89.99848025360562,53.00042924345234
27,90.00034844190358,52.99950914474784
27,89.99821039653013,52.99707368250616
27,90.00053580549637,53.00118031401274
27,89.99813702234303,53.00104173574245
27,89.99628950155606,53.001065214690925
27,89.99800380242867,53.00038708644982
27,89.99652799646809,52.99798786419053
27,89.99783901898847,53.00115827860977
27,89.99623721593093,52.997782631937895
27,90.0005474969669,53.00289199093514
27,89.99955625594632,52.998951778312495
27,89.99813702234303,53.00104173574245
27,89.99916536265219,53.000677426024446
28,90.00045675016081,53.004590949550554
28,90.00106951304463,52.989590882594776
28,89.99985930596343,52.99564744124294
28,89.99989468038672,53.00071410250203
28,90.00068154830726,53.00470300495196
28,89.99884117239725,52.988533415769616
28,90.00015296664218,52.987499473628084
28,90.00083181503976,52.9991357103383
28,90.001202634575,53.00591976758058
28,90.00098258611395,52.998273124128076
28,90.0005287290946,52.99605660114278
28,90.0008036051732,52.997818585125245
28,90.00136584932531,53.00127507062816
28,89.9996225376978,52.99938676124005
28,90.0011594251574,53.00429354658704
28,89.99933138506913,52.991809153128415
28,89.99918769073771,52.99042577362921
28,90.0005747695879,53.00477666204549
28,89.99957043458049,52.98782502864124
28,90.0008103509158,52.991728050439484
28,90.00015296664218,52.987499473628084
28,90.00066262064783,52.993505967249405
28,89.99878722428998,52.98800734720796
28,89.99918769073771,52.99042577362921
28,90.00020461917016,52.988331274111
28,90.00117701118056,53.00067159128102
28,89.99969191265973,52.999540925452244
28,90.00015296664218,52.987499473628084
28,90.00143909864542,53.00094944119751
28,90.00089066578288,52.99284112106091
28,90.00078329471566,52.997419111090295
28,89.99989468038672,53.00071410250203
28,90.00050372410914,53.000973209706196
28,90.00057219316987,53.00518324138064
28,89.99985930596343,52.99564744124294
28,90.00074841024617,52.997524759945755
28,89.99991523656553,52.99210599378995
28,89.99959704447981,52.99494439284266
28,89.99963045887472,52.99376013733633
28,89.99962487109255,52.99144549748323
28,90.001202634575,53.00591976758058
28,90.00077636287998,52.995807036160585
28,90.00055939954515,53.003762310752506
28,90.0009204519856,53.00279059822471
28,90.00010215279286,53.004968876966444
28,90.00020461917016,52.988331274111
28,89.99941425877924,52.987362897291916
28,90.0011594251574,53.00429354658704
28,90.0003743461921,52.99056119033014
28,90.0005747695879,53.00477666204549
28,89.99957043458049,52.98782502864124
28,90.00004811019414,53.003556213558646
28,90.0005536220116,52.99930758427722
28,89.99963767369407,53.00159025540288
28,89.99894288589677,52.98969274171818
28,90.00011319266308,52.9958858384395
28,90.0009204519856,53.00279059822471
28,89.99942852502669,52.99095107254184
28,90.00071203576839,52.990099678145214
28,89.99912238295602,52.989172156825276
28,90.00020461917016,52.988331274111
28,90.0004337218661,53.000289993752155
28,89.99970163362526,52.9932699262934
28,89.99918769073771,52.99042577362921
28,90.00018665580224,52.991721067569244
28,90.00122303466935,53.00428423407981
28,90.00083181503976,52.9991357103383
28,90.00090534955955,53.00029601128594
28,90.00057219316987,53.00518324138064
28,90.00135515703576,53.00091082572429
29,89.9899223230022,52.99618398785002
29,89.99205667605268,52.99733743068182
29,89.99201862333454,53.000097503837424
29,89.99398516992937,52.99628963300287
29,89.99210486745805,52.99969169078618
29,89.99354284599897,53.00178604204093
29,89.99351659493475,53.002010432457055
29,89.99549174170677,52.99909486468974
29,89.99174262403511,52.999368752464115
29,89.99360944254933,53.001502663347644
29,89.99322269661448,53.000485474443536
29,89.99187627577109,52.99615479626046
29,89.99145933082332,52.99857108971792
29,89.99602755347402,52.99853603229138
29,89.99305658317084,52.99889302652334
29,89.99171623354351,52.997569828414605
29,89.99116239138863,52.99556128447486
29,89.99496396102478,52.997006197529025
29,89.99351896725653,53.00020722599184
29,89.98995825150566,53.000860591616735
29,89.98932187235665,52.99964788333122
29,89.99187627577109,52.99615479626046
29,89.99056660672619,53.00167031468743
29,89.99551427908281,52.9989163133489
29,89.99007970854574,53.001045297339076
29,89.99364492577405,52.99941784786849
29,89.99293607538178,52.9995072893289
29,89.99281341403362,53.00176640843958
29,89.9900862021618,53.00007225610164
29,89.99357744460475,52.99953735632731
29,89.99043328346073,52.99989957375257
29,89.99412685542364,53.000284315962105
29,89.99456766457685,53.0002894174225
29,89.99339272181216,53.00043164197969
29,89.9941670394989,52.995609158174325
29,89.99007970854574,53.001045297339076
29,89.99339272181216,53.00043164197969
29,89.99008684642234,52.99949204553024
29,89.99298913726906,52.99740034353471
29,89.99127711522995,52.997660512465465
29,89.99322040443865,53.00218665585929
29,89.99222623738392,52.99573203928033
29,89.99481468538664,52.99782860886406
29,89.99194264503585,52.99932210007016
29,89.99322269661448,53.000485474443536
29,89.99072499179277,52.99860924480453
29,89.99322040443865,53.00218665585929
29,89.99505440906037,52.997129842701305
29,89.99351896725653,53.00020722599184
29,89.99267238039049,52.996700255503555
29,89.98968335922781,52.99944201570243
29,89.99440954821561,52.996787262285004
29,89.99382544164324,53.00144813698763
29,89.99280559250082,52.999660958880106
29,89.99561790566831,53.000093690461505
29,89.99234920975313,52.998706115187
29,89.99298913726906,52.99740034353471
29,89.99298913726906,52.99740034353471
29,89.9902719695182,53.001493324077536
29,89.99305658317084,52.99889302652334
29,89.99332695909187,52.99775206839925
29,89.99406459202275,52.99747482024674
29,89.99017154991218,53.0000006611203
29,89.99157674038246,53.00099091110839
29,89.99171623354351,52.997569828414605
29,89.99447391446388,52.99801748579314
29,89.99505440906037,52.997129842701305
29,89.99244763591143,52.99972127441442
29,89.99364492577405,52.99941784786849
29,89.99238201940432,52.99704422936084
29,89.99101686641791,52.996221406529514
29,89.99332117771782,52.99702999249913
29,89.99257208079673,53.00034677032008
29,89.99506325892388,53.00067046822972
29,89.99485072307732,52.99924506339615
29,89.9910946972151,53.0001328563896
29,89.99543970742222,52.99864677541959
29,89.99047071729757,52.99679310291051
29,89.98995825150566,53.000860591616735
29,89.99084505216787,52.99849674513475
29,89.99017154991218,53.0000006611203
29,89.99119162723795,53.00136489554729
29,89.99202219710428,53.00221225625624
29,89.99389488789856,53.00077699280444
29,89.99148237242316,52.99687210748847
29,89.9902719695182,53.001493324077536
29,89.99584483331591,52.99919933328322
29,89.99195544203745,53.00144384166338
29,89.98929050325101,52.99744799708714
29,89.99284608429089,52.99919563478766
29,89.99473867339233,52.99933431223858
29,89.98995481514194,52.99971405093249
29,89.99056660672619,53.00167031468743
29,89.9902719695182,53.001493324077536
29,89.99354284599897,53.00178604204093
29,89.99352791498313,52.99984258123369
29,89.99576683798239,52.99946222626725
29,89.98968335922781,52.99944201570243
29,89.9928279561988,52.99904239372531
29,89.9949239348121,53.00116062545789
29,89.99201862333454,53.000097503837424
29,89.99003246507698,52.99654002743114
29,89.98932187235665,52.99964788333122
29,89.99543970742222,52.99864677541959
29,89.99576683798239,52.99946222626725
29,89.99364492577405,52.99941784786849
29,89.99357744460475,52.99953735632731
29,89.99565346324448,52.99923403686737
29,89.99160495760877,52.99903697678336
29,89.99364492577405,52.99941784786849
29,89.99447391446388,52.99801748579314
29,89.98954367094939,53.00027867847796
29,89.99398516992937,52.99628963300287
29,89.99068265848149,53.00159508362272
29,89.99280559250082,52.999660958880106
29,89.9907857900547,53.00148437079071
29,89.99412596745002,52.99830283266291
30,90.01175496639637,53.00961571002673
30,90.01294407454037,53.00848155223656
30,90.01491998809458,53.00920942766647
30,90.01117594295073,53.00947586398151
30,90.01308701499224,53.00858196477679
30,90.01060051566448,53.008928615722674
30,90.01045424192006,53.01127804055364
30,90.01227577482568,53.00768584716136
30,90.01140751518663,53.01177887276438
30,90.01214795454645,53.00860132981698
30,90.01257914322218,53.013029922525
30,90.01231357872045,53.00802692372483
30,90.01117594295073,53.00947586398151
30,90.00927900096892,53.010563978433915
30,90.01421069519463,53.00768680966324
30,90.01164152097641,53.007459283723314
30,90.01215279678614,53.009994839851736
30,90.01074279930147,53.00912531150119
30,90.01199207123996,53.013133090582954
30,90.01203437627902,53.011407647461525
30,90.00914218576483,53.010183994614664
30,90.01401538524254,53.01202359959418
30,90.01284649907097,53.00686096845291
30,90.01270750879016,53.00728763009907
30,90.01538361122188,53.00821529192811
30,90.0129077510934,53.00746715733613
30,90.01161962076802,53.008518479113576
30,90.0160043926491,53.00965715914962
30,90.01140751518663,53.01177887276438
30,90.01535889897895,53.008871887163
30,90.01074279930147,53.00912531150119
30,90.01464910385661,53.01183781725111
30,90.01363314613288,53.01150736475432
30,90.01276327089838,53.010921627826214
30,90.0123162188024,53.00907990729499
30,90.01392502489944,53.01124649084753
30,90.01024061203591,53.007609822118255
30,90.01491998809458,53.00920942766647
30,90.01335853366555,53.00996892165791
30,90.0145412647537,53.01100658674579
30,90.00978389101624,53.00876400599305
30,90.0131055380064,53.00728382299729
30,90.00947906085887,53.008902937848674
30,90.01435763081474,53.0122052835354
30,90.00961971894412,53.01082303168573
30,90.01339148376245,53.012386510074585
30,90.01369565152056,53.01212260908698
30,90.01493653731903,53.00876437457294
30,90.01536341930823,53.00795744702276
30,90.0131055380064,53.00728382299729
30,90.01097765656868,53.00709778014758
30,90.01472784030707,53.00967199315683
30,90.01528401627054,53.009590293897006
30,90.01536341930823,53.00795744702276
30,90.01082360728142,53.00679262950844
30,90.01008820936222,53.008267732309186
30,90.01221298741946,53.00819379133305
30,90.01299829333547,53.01238681899558
30,90.00927900096892,53.010563978433915
30,90.01046080761974,53.00906922522306
30,90.01215279678614,53.009994839851736
30,90.01536341930823,53.00795744702276
30,90.01112921020827,53.00817366750792
30,90.01472784030707,53.00967199315683
30,90.0143048000033,53.01090404784593
30,90.00967809961067,53.00962032568998
30,90.011310230645,53.012170838997854
30,90.01242816562741,53.01045532596336
30,90.01538361122188,53.00821529192811
30,90.01536341930823,53.00795744702276
30,90.01422042522988,53.01107402423983
30,90.01439551809072,53.008265289845816
30,90.00927900096892,53.010563978433915
30,90.01184196082424,53.01203430785872
30,90.01268812375137,53.01031551306357
30,90.01046080761974,53.00906922522306
30,90.01113353771481,53.01213778878517
30,90.00947906085887,53.008902937848674
30,90.01517081154725,53.007634745730165
30,90.01519987008545,53.00932984171596
30,90.01257914322218,53.013029922525
30,90.01175496639637,53.00961571002673
30,90.01388594744279,53.01073247120795
30,90.01284649907097,53.00686096845291
30,90.01229517139734,53.01075238574398
30,90.01320605796822,53.0064677047008
30,90.01024061203591,53.007609822118255
30,90.01284649907097,53.00686096845291
30,90.01441524831516,53.01235845022344
30,90.0143048000033,53.01090404784593
30,90.01270446579048,53.006468099550894
31,90.00606715810315,53.01595655022032
31,90.00418275875883,52.995833690376706
31,90.01481567180868,53.008688291943216
31,89.99653726973554,53.00793929696237
31,90.02073415439726,53.00008138067957
31,90.02243084565676,53.00885104397557
31,89.97952118828904,53.00508726385089
31,89.98901559872223,53.01503770973572
31,89.99368425467779,53.02368028774761
31,89.99077240350766,52.99000169186145
31,90.00066549219144,53.017566601856615
31,90.020064535557,53.00671245544524
32,90.00149330006072,53.002561322709305
32,90.00011319266308,52.9958858384395
32,89.99995942162184,52.99562729512004
32,90.00058448533527,52.99847766171347
32,89.99916728686715,52.98883290382081
32,90.00009712877511,53.0052310685595
32,90.00040094221052,53.002128302990165
32,90.00001763914591,53.00413344241555
32,89.99939307314719,52.98627348089108
32,89.99927968062563,52.98777393758209
32,90.00115541365551,53.00397480063567
32,90.00078601294807,53.00477353257518
32,90.00145118935177,53.001093822931615
32,90.00004811019414,53.003556213558646
32,89.99939967525064,53.00285048116318
32,89.99982801162176,53.000386436907604
32,90.00149330006072,53.002561322709305
32,90.00001763914591,53.00413344241555
32,89.99964737499215,53.003675763636984
32,89.99912238295602,52.989172156825276
32,90.00027726886314,52.98705945696188
32,90.00080363565571,52.99186358625182
32,90.00148414522525,53.0023172258913
32,90.00078329471566,52.997419111090295
32,90.00109548185246,53.006061958286075
32,90.00145118935177,53.001093822931615
32,89.99989468038672,53.00071410250203
32,90.00139021980623,53.00140363796154
32,90.00083197322991,52.991421757438744
32,89.99982801162176,53.000386436907604
32,90.00064467381105,53.00268172200324
32,90.00020461917016,52.988331274111
32,90.00068859621418,52.990777663176694
32,89.99969191265973,52.999540925452244
32,89.99931789577465,52.98746512356712
32,90.00139021980623,53.00140363796154
32,90.00024180839385,53.00341263622436
32,90.00078329471566,52.997419111090295
32,90.00038559511229,52.990817591835594
32,90.00106951304463,52.989590882594776
32,89.9996135522901,52.993522513237934
32,90.00149330006072,53.002561322709305
32,89.99927968062563,52.98777393758209
32,89.9994851413404,52.98724657474311
32,89.99941624956811,53.003055935847506
32,90.00039269907849,53.00589108259515
32,90.0001254797013,53.001173876190634
33,89.9861586197834,53.00338613474076
33,89.97965385824278,52.99536800242173
33,90.02073415439726,53.00008138067957
33,89.99341510781524,52.98400833536395
33,89.99368425467779,53.02368028774761
33,90.00661342760466,53.00524688009254
33,90.01958933519307,52.989441050840384
33,90.00066549219144,53.017566601856615
33,90.0134307664476,53.00708605232701
33,89.99227798149857,52.98744389863026
33,90.00807293545304,53.01329281352896
33,89.99372113353061,52.987446132331876
33,90.0120557717254,52.98101017020291
33,89.99962377015949,53.01998210709747
33,90.01635536960511,53.011462914400255
33,89.98421507936568,52.9852523422671
33,90.00205571483194,53.02239067484551
33,90.00613837593473,53.004712046016394
33,89.98230014508665,52.99665371155069
33,89.99351979542705,53.01550993599814
33,89.99092577595704,53.00178186900561
33,90.00807293545304,53.01329281352896
33,89.99266706762732,52.985284049388866
33,89.97923770064385,52.99666565374713
33,89.99346133650936,53.011155075646805
33,90.01606925046438,53.016630453355035
33,90.001202634575,53.00591976758058
33,89.99372291116235,52.98606686979244
33,90.01269047380043,53.01914553549672
33,89.99368425467779,53.02368028774761
33,89.97606273562714,53.005228863788645
33,89.97807659936326,52.98964766938535
33,89.99383771292563,52.980952050760365
33,89.9825509022372,52.99962428005048
33,89.9953131903657,53.00015066890001
33,89.98921223311206,52.9953509160576
33,90.01185419263888,52.990743984005206
33,90.01050317964945,52.97779772769797
33,90.00133611585228,53.0185388112812
33,90.02243084565676,53.00885104397557
33,90.00477980240782,53.01812022016536
33,90.00043236767429,53.007420080617344
33,90.00378308877671,52.97603364630898
33,89.9930089505078,53.0110302611834
33,89.99372291116235,52.98606686979244
33,90.00066549219144,53.017566601856615
33,89.98921223311206,52.9953509160576
33,90.00407163783288,52.99044624222816
33,89.99522031570892,52.993146466596926
33,89.99017154991218,53.0000006611203
33,89.98686948754508,52.993549009894984
33,90.0049031442995,52.9949299297034
33,90.00378308877671,52.97603364630898
33,90.01275174614665,53.01742249229851
33,90.00082946142892,52.97534636900077
33,90.02267142937114,52.98997404760096
33,89.99291647097063,52.98462015560446
33,90.01582152641514,53.00723062971956
33,89.99260569563631,53.00823905091866
33,89.99522031570892,52.993146466596926
33,89.99357944538835,53.02132163579651
33,89.99268729154136,53.00379925608268
33,89.99857764414878,53.001340922949275
33,89.99980022569265,52.98397835165835
33,90.02226254059038,53.00077264107524
33,89.98365411167798,53.00182935563758
33,89.99357944538835,53.02132163579651
33,90.00378308877671,52.97603364630898
33,90.00703360378927,53.00497649684867
33,90.00066549219144,53.017566601856615
33,90.01635536960511,53.011462914400255
33,89.9927889666636,52.99633824368317
33,90.02354021702192,53.0079070431277
33,89.9953131903657,53.00015066890001
33,89.99346133650936,53.011155075646805
33,89.99392109892105,53.00674851733828
33,90.01135639400653,52.98163968319257
33,89.98254550609514,53.01175414235819
33,89.97624352766287,52.998873572459686
33,90.01635536960511,53.011462914400255
33,90.00211401970627,52.99603714572807
33,90.01060051566448,53.008928615722674
33,90.00677238643364,52.99494771065224
33,89.99672738273169,53.004672546114726
33,89.99392109892105,53.00674851733828
33,89.99779666861741,53.006961481682914
33,89.98722675704514,53.016436833042825
33,90.00917600764153,53.00182169487697
33,89.97606273562714,53.005228863788645
33,90.01635536960511,53.011462914400255
33,90.0022368859455,52.98779527707233
33,89.99266706762732,52.985284049388866
33,90.0090007613331,52.991871860111836
33,89.99341510781524,52.98400833536395
33,89.99227798149857,52.98744389863026
33,90.01574593413545,53.01303811481377
33,89.98391351575812,53.0045510686728
33,89.98556025365305,52.992419740129414
33,90.00677238643364,52.99494771065224
33,90.00790289083753,52.97778008770468
33,89.98649973302767,53.01730559175678
33,89.97757215677055,52.99076070101481
33,89.98686948754508,52.993549009894984
33,89.98772283103688,53.01317312599158
33,89.98556025365305,52.992419740129414
33,90.00696840298107,52.99273520277289
34,90.0064288515697,53.00702345233807
34,90.00837636742965,53.007138997769786
34,90.0075486271086,53.00979538610402
34,90.00440886159708,53.007449970420716
34,90.01033501950168,53.00603698489427
34,90.00650887652017,53.009530564229166
34,90.00775008295146,53.004905301632476
34,90.00734526429302,53.00996384411729
34,90.00582729894754,53.00775633638973
34,90.00603993409219,53.00546424276402
34,90.00775008295146,53.004905301632476
34,90.00631837119415,53.00672499311187
34,90.00661817661921,53.00493689679926
34,90.00686673616455,53.01069884831917
34,90.00616280350962,53.010577473656944
34,90.00866404801354,53.00529989182989
34,90.00781494966893,53.007748693747565
34,90.0047067230788,53.00847767747279
34,90.00467820044938,53.00652774709505
34,90.00783786985446,53.00722806591945
34,90.00958072339048,53.007439215148004
34,90.00573233244785,53.00480130128614
34,90.0043841272277,53.00791529045172
34,90.00651274521296,53.00900950403146
34,90.0085751263342,53.005628547644136
34,90.00947906085887,53.008902937848674
34,90.00661817661921,53.00493689679926
34,90.00670201148594,53.00430183956575
34,90.00519424158679,53.00959737343302
34,90.00862807897308,53.01007841315832
34,90.0073215348558,53.005273676391994
34,90.0075186441397,53.00995916504124
34,90.0053770559336,53.00957875298336
34,90.00507074657921,53.00688491793502
34,90.00958072339048,53.007439215148004
34,90.00702748582725,53.01063075618805
34,90.0075483452909,53.00533913898642
34,90.00670201148594,53.00430183956575
34,90.00767276575687,53.00974329106278
34,90.00510240482342,53.00814557448331
34,90.00455812251158,53.00891140664597
34,90.0093044772682,53.00882102962839
34,90.01050560553382,53.00702578649173
34,90.00662231733988,53.010601478732866
34,90.00661817661921,53.00493689679926
34,90.00802847698628,53.00488010528467
34,90.00658745976898,53.00853122696886
34,90.00745728228335,53.00910988897978
34,90.0075186441397,53.00995916504124
34,90.00707380407185,53.00910968798788
34,90.0064619645379,53.00848190972871
34,90.00835320125874,53.00667664204176
34,90.01089260857935,53.00840609358835
34,90.00720400295879,53.006773466438055
34,90.00894477266819,53.00498654866881
34,90.00854355991832,53.01001171252185
34,90.00661342760466,53.00524688009254
34,90.00702748582725,53.01063075618805
34,90.00651274521296,53.00900950403146
34,90.00792542932898,53.00572011782709
34,90.00510240482342,53.00814557448331
34,90.00715710731765,53.004801580791074
34,90.00459879068599,53.005463413127686
34,90.00591511944342,53.00985430949697
34,90.00767428355765,53.007407877525054
34,90.00626138274204,53.00834863446245
34,90.0064619645379,53.00848190972871
35,89.99855236575893,52.999737805607516
35,89.99529713694238,53.000584214975426
35,89.99332695909187,52.99775206839925
35,89.99847042657419,53.001305880990195
35,89.9964511122249,53.00004199785317
35,89.99487286494521,52.99718851212711
35,89.99982801162176,53.000386436907604
35,89.99456766457685,53.0002894174225
35,89.99847042657419,53.001305880990195
35,89.99472777374683,53.001110150888685
35,89.99456982061349,53.00132390089416
35,89.9959187823569,53.00036575486723
35,89.99847042657419,53.001305880990195
35,89.99714379449482,52.99721408955471
35,89.99681941852461,53.00151488221798
35,89.99605797113963,52.99999037755702
35,89.99792799984648,52.999380936375346
35,89.99515451525899,52.99861351566506
35,89.99479892865249,53.00129748620966
35,89.99789744036703,52.997318306662294
35,89.99707004315954,52.99634552832492
35,89.99576683798239,52.99946222626725
35,89.99775340926463,52.99730264529345
35,89.99424204839572,52.99606819812592
35,89.99837749951647,52.99871962919558
35,89.99847042657419,53.001305880990195
35,89.99891916041648,53.0027672965686
35,89.99570068381199,52.99906964197814
35,89.9988614753589,52.9981707263538
36,90.00602327486772,53.01673772886284
36,89.97952118828904,53.00508726385089
36,90.01248780130906,52.98891410786854
36,89.99889268877457,53.00211838334006
36,90.0122862977409,53.011766390934255
36,89.99165721663134,53.00634664156741
36,89.98722675704514,53.016436833042825
36,89.99546364527836,52.976076072221694
36,90.00211401970627,52.99603714572807
36,90.00466846145954,53.00827083350837
36,89.99653670572697,52.98401970165361
36,90.0062490835669,53.00783844329592
36,90.01606925046438,53.016630453355035
36,89.98772283103688,53.01317312599158
36,89.99268729154136,53.00379925608268
36,90.01481567180868,53.008688291943216
36,89.98556025365305,52.992419740129414
36,90.0049031442995,52.9949299297034
36,90.02226254059038,53.00077264107524
36,90.00696840298107,52.99273520277289
36,90.0120557717254,52.98101017020291
36,89.99786106992734,53.02109683237068
36,89.97880285085125,52.988045485207174
36,90.02243084565676,53.00885104397557
36,90.01826601431554,53.016379584354716
36,89.99937118296947,52.98245860968609
36,89.99372291116235,52.98606686979244
36,89.98109391921817,52.99659050203551
36,89.97624352766287,52.998873572459686
36,89.99997746863987,52.97890930895613
36,90.00641677833494,52.98301348331642
36,90.00790289083753,52.97778008770468
36,90.01582152641514,53.00723062971956
36,90.02127864080063,53.00460337196672
36,90.01868939758361,52.99538864185539
36,89.99653670572697,52.98401970165361
36,89.99825781181987,52.97535112720455
36,90.00141945069994,53.01913332694983
36,90.01479152849623,53.015359769293696
36,89.99077240350766,52.99000169186145
36,90.00044664463431,52.99222069643398
36,90.01826601431554,53.016379584354716
36,90.02073981678153,53.012122648190946
36,90.00477980240782,53.01812022016536
36,90.00917600764153,53.00182169487697
36,89.99937118296947,52.98245860968609
36,90.00642820550212,52.97821381827725
36,89.98660792785276,53.00166011381585
36,90.01464164715274,52.99869836214817
36,89.99825781181987,52.97535112720455
36,90.00703360378927,53.00497649684867
36,90.00301776712145,53.00939826156195
36,90.01479152849623,53.015359769293696
36,89.99261540207442,52.98510237465442
36,90.01924035203749,52.99647335922166
36,90.01924035203749,52.99647335922166
36,89.98167427082929,52.99692329722336
36,90.0090007613331,52.991871860111836
36,90.01334416525327,52.98312028069042
36,90.01660114152021,52.99030625957047
36,90.00407163783288,52.99044624222816
36,89.9825509022372,52.99962428005048
36,89.99397890060222,53.02272428338829
36,89.99383394921401,52.99001060016061
36,89.97624352766287,52.998873572459686
36,89.99486977735025,52.994757228051775
36,89.99266706762732,52.985284049388866
36,90.00917600764153,53.00182169487697
36,90.00866931775973,52.979576374951726
36,89.99260569563631,53.00823905091866
36,90.0090007613331,52.991871860111836
36,89.98082576587497,53.005923241355404
36,89.98265943667994,52.99202090899771
36,90.00917600764153,53.00182169487697
36,90.02243084565676,53.00885104397557
36,90.00044664463431,52.99222069643398
36,90.00141945069994,53.01913332694983
36,89.97835551517667,53.00112448911414
36,90.01635536960511,53.011462914400255
36,90.020064535557,53.00671245544524
36,89.98730790835926,53.004677293241336
36,89.99629857659174,53.01790611221041
36,90.00136144689378,52.97618527653328
36,90.0134307664476,53.00708605232701
36,89.98167427082929,52.99692329722336
36,89.9861586197834,53.00338613474076
36,89.99767976292841,53.02394908444083
36,89.97796846174211,52.99800582653646
36,89.99486977735025,52.994757228051775
36,90.01135639400653,52.98163968319257
36,89.9825509022372,52.99962428005048
36,89.99427581948343,52.98768388031757
36,90.01589083699066,52.981309833060074
36,89.99266706762732,52.985284049388866
36,90.01589083699066,52.981309833060074
36,90.01574593413545,53.01303811481377
36,90.01454560837244,52.997107427813326
36,89.99341510781524,52.98400833536395
36,89.99962377015949,53.01998210709747
36,90.00703360378927,53.00497649684867
36,89.99291647097063,52.98462015560446
36,90.00133611585228,53.0185388112812
36,90.02285693801838,52.992777156097006
36,89.99092577595704,53.00178186900561
36,89.99372113353061,52.987446132331876
36,90.00044664463431,52.99222069643398
36,89.99571917573704,53.00614975749453
36,89.97796846174211,52.99800582653646
36,90.01481567180868,53.008688291943216
36,90.01050146767696,53.00213548877066
36,89.97796846174211,52.99800582653646
36,89.99165721663134,53.00634664156741
37,89.99962377015949,53.01998210709747
37,90.0134307664476,53.00708605232701
37,90.01635536960511,53.011462914400255
37,90.01611942860808,53.00113846300319
37,89.99077240350766,52.99000169186145
37,89.99376724143455,53.011862928257
37,90.00269463600335,53.00495631653235
37,89.98159263207525,52.99052907344803
37,90.00515047356683,52.979450278033866
37,89.98977481307507,52.99010656699212
37,89.99571917573704,53.00614975749453
37,89.98109391921817,52.99659050203551
37,89.99017154991218,53.0000006611203
37,89.98199278508189,53.01728857121523
37,89.99376724143455,53.011862928257
37,90.01050317964945,52.97779772769797
37,90.01629874670499,53.0090694801375
37,90.00689097345108,52.984762886469554
37,89.99629857659174,53.01790611221041
37,90.01275174614665,53.01742249229851
37,89.99653670572697,52.98401970165361
37,89.99583507558896,52.99488755488108
37,89.97965385824278,52.99536800242173
37,90.001202634575,53.00591976758058
37,89.99786106992734,53.02109683237068
37,90.0001254797013,53.001173876190634
37,90.02267142937114,52.98997404760096
37,89.98730790835926,53.004677293241336
37,90.001202634575,53.00591976758058
37,89.99486977735025,52.994757228051775
37,90.00418275875883,52.995833690376706
37,90.02226254059038,53.00077264107524
37,90.01135639400653,52.98163968319257
37,89.9927889666636,52.99633824368317
37,89.99653670572697,52.98401970165361
37,90.00689097345108,52.984762886469554
37,89.99962377015949,53.01998210709747
37,90.01574593413545,53.01303811481377
37,89.98265943667994,52.99202090899771
37,89.99039309967236,53.006731399645666
37,90.00921563766023,53.022749156275495
37,89.98167427082929,52.99692329722336
37,89.99039309967236,53.006731399645666
37,90.01479152849623,53.015359769293696
37,90.00807293545304,53.01329281352896
37,89.97923770064385,52.99666565374713
37,90.01464164715274,52.99869836214817
37,89.99774008150672,52.97889900226844
37,90.00141945069994,53.01913332694983
37,90.01575517734538,52.99129928843934
37,90.0060018267103,52.98150203576106
37,89.97880285085125,52.988045485207174
37,89.98660792785276,53.00166011381585
37,90.01322168801592,53.014968069230044
37,89.99268729154136,53.00379925608268
37,90.01629874670499,53.0090694801375
37,90.020064535557,53.00671245544524
37,89.97673388917934,52.99818922685706
37,89.98109391921817,52.99659050203551
37,89.97923770064385,52.99666565374713
37,89.99383394921401,52.99001060016061
38,89.99771406196409,53.00545557835959
38,90.00149468796522,53.0006452886356
38,90.0005956197042,53.001112694141725
38,89.99697584590028,53.00337555039254
38,89.9993556451591,53.004802838738584
38,89.99876933886506,53.00367510917457
38,89.99875858683565,53.003137911135696
38,90.00217987912455,53.00267946702313
38,89.99691163997095,53.003344849393436
38,89.99913676181176,53.00340767037629
38,90.00177789313723,53.002866982160086
38,89.99792229520057,53.00565258571277
38,90.00165943308299,53.00450309590979
38,89.99985187093961,52.998719245125635
38,89.9977169130157,53.00365729683356
38,90.00038338299218,53.00404321457664
38,90.00052716976953,53.00561039236478
38,89.99919310805005,53.002232422452344
38,90.00177789313723,53.002866982160086
38,90.00149330006072,53.002561322709305
38,89.99903480109057,53.003795941543146
38,89.99828761860826,52.9991849117722
38,90.00197435756742,53.00123684924134
38,90.00083181503976,52.9991357103383
38,89.99833747309734,53.001236997204735
38,90.00024180839385,53.00341263622436
38,90.00142947498695,53.00382183484744
38,89.99939904726922,53.00393725879407
38,90.00038080377969,53.00594886183334
38,90.00191842964288,53.003055635916034
38,89.99754497335638,53.0049317379208
38,90.00230295803335,53.00345823930766
38,90.00173621642543,53.00461484455235
38,90.0009204519856,53.00279059822471
38,89.99901114252833,53.00518422916331
38,89.99833505885782,53.00354471049308
38,89.99955625594632,52.998951778312495
38,90.00191842964288,53.003055635916034
38,89.998476678415,53.001094914367
38,90.00050372410914,53.000973209706196
38,89.99833505885782,53.00354471049308
38,89.99917217745609,53.001925409249544
38,90.00064467381105,53.00268172200324
38,90.00056553438074,53.001547525431974
38,90.00139021980623,53.00140363796154
38,90.00186641727508,53.00053537457667
38,89.99926673213999,53.006038919138334
38,90.00209963482277,53.00332738805057
38,89.99877522829351,53.001859207336985
38,90.0005536220116,52.99930758427722
38,89.99989468038672,53.00071410250203
38,89.99783901898847,53.00115827860977
38,89.9996225376978,52.99938676124005
38,90.00191842964288,53.003055635916034
38,89.99889268877457,53.00211838334006
38,89.99697584590028,53.00337555039254
38,90.00010721791107,53.00392641055605
38,90.00149468796522,53.0006452886356
38,89.99755178747817,53.00210727897836
38,89.99811106672597,53.00425372063597
38,89.99833505885782,53.00354471049308
38,89.99896748572723,53.003945006011726
38,89.9980523318768,53.00249386330065
38,90.0005474969669,53.00289199093514
38,89.99846360357962,53.00416974601673
38,90.00053580549637,53.00118031401274
38,90.00197435756742,53.00123684924134
38,89.99944832880102,53.00228191698699
38,89.9996225376978,52.99938676124005
38,89.99921208707701,53.005232998208825
38,89.99681941852461,53.00151488221798
38,90.00040094221052,53.002128302990165
38,90.0004337218661,53.000289993752155
38,89.99917217745609,53.001925409249544
38,89.99939967525064,53.00285048116318
38,90.00052716976953,53.00561039236478
38,89.99855236575893,52.999737805607516
38,90.00010721791107,53.00392641055605
38,90.00089094648365,53.0044751973153
38,90.00010721791107,53.00392641055605
38,89.99820079237963,53.005095648830846
38,90.00115541365551,53.00397480063567
38,89.9980523318768,53.00249386330065
38,90.00149330006072,53.002561322709305
38,89.99955625594632,52.998951778312495
38,90.00230295803335,53.00345823930766
38,90.00135515703576,53.00091082572429
38,90.00057219316987,53.00518324138064
38,90.00004811019414,53.003556213558646
38,89.99901114252833,53.00518422916331
38,89.99880529431333,53.00539142285626
38,89.99964737499215,53.003675763636984
38,90.00069644247804,53.000288588800764
38,90.00074022699361,53.00304616403764
38,89.99970048844277,52.99872412140804
38,90.00039269907849,53.00589108259515
38,90.00064467381105,53.00268172200324
38,90.00179860804118,53.00047136425048
38,90.0011594251574,53.00429354658704
38,90.00139021980623,53.00140363796154
38,89.99792799984648,52.999380936375346
38,90.00165150602733,53.00199946184131
38,90.00125789297002,53.002355173420206
38,89.99955625594632,52.998951778312495
38,89.99810444977877,52.99903434893045
38,89.99811106672597,53.00425372063597
38,90.0011594251574,53.00429354658704
38,89.99797471963716,53.0041345404779
38,89.99995986701275,52.99918172860866
38,89.99793602998047,53.00501393035907
38,90.00179860804118,53.00047136425048
38,89.99913676181176,53.00340767037629
38,90.0005474969669,53.00289199093514
38,89.99703619102941,53.00398393676473
38,89.99833505885782,53.00354471049308
38,89.99844677255231,53.001741089493144
38,90.00090534955955,53.00029601128594
38,90.00179860804118,53.00047136425048
38,89.99792229520057,53.00565258571277
38,89.99718733012404,53.004045811526254
38,90.0005481974328,53.00345876620671
38,90.00010215279286,53.004968876966444
38,89.99765157674122,53.003016073895324
38,90.00034844190358,52.99950914474784
38,90.00230295803335,53.00345823930766
38,89.99939967525064,53.00285048116318
38,89.9996225376978,52.99938676124005
38,90.00179860804118,53.00047136425048
38,89.99805433343695,53.003426624614626
38,90.00148414522525,53.0023172258913
38,89.99693644866522,53.0025896045845
38,89.99826558969937,53.00224559923496
38,89.9985296421667,53.00511338743607
38,89.99989468038672,53.00071410250203
38,90.00028757486345,53.00132870986834
38,90.0005747695879,53.00477666204549
38,89.99797471963716,53.0041345404779
38,89.99721674851041,53.003274249832316
39,89.99779666861741,53.006961481682914
39,90.00643754583743,52.97803265162554
39,90.01050317964945,52.97779772769797
39,90.01361318815758,53.00548507524502
39,89.99729546700443,53.00347952542074
39,89.99653726973554,53.00793929696237
39,90.01464164715274,52.99869836214817
39,89.9825509022372,52.99962428005048
39,89.97673388917934,52.99818922685706
39,90.02073981678153,53.012122648190946
39,89.9825509022372,52.99962428005048
39,89.98107162403252,52.999250959283984
39,89.97796846174211,52.99800582653646
39,90.00661342760466,53.00524688009254
39,89.98159263207525,52.99052907344803
40,90.00233314459163,53.01137245621772
40,90.00368446244296,53.01193727141702
40,90.0047067230788,53.00847767747279
40,90.00452082841159,53.009430072813586
40,90.0064619645379,53.00848190972871
40,90.00368446244296,53.01193727141702
40,90.00493983784058,53.01246449476323
40,90.0053368668668,53.010930622721595
40,90.00293748315208,53.00747534394793
40,90.0053368668668,53.010930622721595
40,90.00214602190822,53.00847881403625
40,90.00582729894754,53.00775633638973
40,90.00313050754121,53.009102568484074
40,90.00246460378486,53.01074997037051
40,90.00427466673374,53.011769455861554
40,90.0055576729316,53.012783065904515
41,89.99871273449408,53.00049345077978
41,89.99332117771782,52.99702999249913
41,89.99906534541987,52.99915994646041
41,89.99611379618241,52.998251097467474
41,89.99355210077935,52.999795034911976
41,89.99496396102478,52.997006197529025
41,89.99565919050418,52.996962261786926
41,89.99305658317084,52.99889302652334
41,89.9980523318768,53.00249386330065
41,89.99456766457685,53.0002894174225
41,89.99720591922903,52.997445660954625
41,89.99664877287364,52.997591305700794
41,89.9983203819621,53.0028173273347
41,89.99349056239383,52.99716418234905
41,89.99322269661448,53.000485474443536
41,89.99589721394793,52.997802755870666
41,89.99447706414338,53.00147959416799
41,89.99551427908281,52.9989163133489
41,89.99424362323225,52.997701438128935
41,89.99623721593093,52.997782631937895
41,89.99576683798239,52.99946222626725
41,89.99828761860826,52.9991849117722
41,89.99864264472883,52.99860414102589
41,89.99810444977877,52.99903434893045
41,89.99800380242867,53.00038708644982
41,89.99572044539896,53.00219501350452
41,89.99714379449482,52.99721408955471
41,89.99775340926463,52.99730264529345
41,89.99513362452157,52.99801442174684
41,89.99783901898847,53.00115827860977
41,89.99828761860826,52.9991849117722
41,89.9980796207046,53.003063215310306
41,89.99672122234642,52.99615488864032
41,89.99505440906037,52.997129842701305
41,89.99663411796877,52.99899872498895
41,89.9983203819621,53.0028173273347
41,89.99471869401168,53.00223687306592
41,89.99412596745002,52.99830283266291
41,89.99447706414338,53.00147959416799
41,89.99544069308253,53.00261422729468
41,89.99813702234303,53.00104173574245
41,89.9953131903657,53.00015066890001
41,89.99473867339233,52.99933431223858
41,89.99707004315954,52.99634552832492
41,89.99895476547255,53.00152332483208
41,89.99357744460475,52.99953735632731
41,89.99471869401168,53.00223687306592
41,89.99380924910169,52.99805712302468
41,89.99293607538178,52.9995072893289
41,89.99293607538178,52.9995072893289
41,89.99561790566831,53.000093690461505
41,89.9937639846663,53.00010256377118
41,89.99538450475896,52.99605039303809
41,89.99685395720766,53.00056759093265
41,89.99862612938568,53.00138665891566
41,89.99651558028826,53.001094644697666
41,89.99848230640906,53.00271569239475
41,89.99653147477261,52.99612954494365
41,89.998476678415,53.001094914367
41,89.9928279561988,52.99904239372531
41,89.99752574055312,52.999919984942444
41,89.99721674851041,53.003274249832316
41,89.99398516992937,52.99628963300287
41,89.99756541398463,52.9994556091613
41,89.99589721394793,52.997802755870666
41,89.99659612870373,53.00223603300427
41,89.99775340926463,52.99730264529345
41,89.99855236575893,52.999737805607516
41,89.99515451525899,52.99861351566506
41,89.99571599702008,53.000502217849096
41,89.99765157674122,53.003016073895324
41,89.99891916041648,53.0027672965686
42,90.00067936444432,53.009719126459835
42,90.00058259860242,53.00654821276701
42,90.0008955156273,53.00789711792019
42,90.00081404661235,53.00870919183254
42,90.00507074657921,53.00688491793502
42,90.00206053026689,53.00619125406553
42,90.00078102838633,53.00732710092327
42,90.00172807807637,53.00556295304552
42,89.9992593073983,53.00946269703803
42,90.00340738309606,53.00977816810244
42,90.00466402476964,53.005035956669765
42,89.99952858373587,53.00975622764178
42,89.9992593073983,53.00946269703803
42,90.00132597909632,53.00743472415643
42,90.00231616731065,53.00817081224418
42,90.00047488745359,53.008751854921805
42,90.00440886159708,53.007449970420716
42,89.99965934862574,53.00982034324128
42,90.00116360905214,53.00647250766363
42,89.9996185226797,53.008317756413526
42,90.0021416834793,53.00611962154352
42,90.00299720886397,53.00614970631951
42,90.00359566935673,53.00524710128028
42,90.00494720576172,53.00683193094233
42,90.001202634575,53.00591976758058
42,90.00010215279286,53.004968876966444
42,89.99986592697323,53.00648222256772
42,90.00057219316987,53.00518324138064
42,90.00038080377969,53.00594886183334
42,89.99939301981787,53.008225426347295
42,90.00466846145954,53.00827083350837
42,89.99970090741479,53.00888152016583
42,90.0028079082302,53.00877486008703
42,90.00399843729816,53.00646470828659
42,90.0029253363001,53.00755984962625
42,90.00067936444432,53.009719126459835
42,90.00352270232166,53.0076788961445
42,90.00341731734645,53.007941682159704
42,90.00288513356985,53.00614713883234
42,90.00324636840347,53.00993572954476
42,90.00206053026689,53.00619125406553
42,90.00459879068599,53.005463413127686
42,90.00116360905214,53.00647250766363
42,90.00507074657921,53.00688491793502
42,90.00178163785728,53.00930190976088
42,90.00132597909632,53.00743472415643
42,90.00339196448924,53.00500866662949
42,90.00416206586654,53.00487811760628
42,90.00364873072284,53.006843373535865
42,90.00390273008351,53.00798935388429
42,90.00416206586654,53.00487811760628
42,90.00309838905478,53.00536153911062
42,90.00507074657921,53.00688491793502
42,90.00116360905214,53.00647250766363
42,90.00178277380827,53.00727941143838
42,90.00365446287974,53.005087084232684
42,90.00038080377969,53.00594886183334
42,90.00132597909632,53.00743472415643
42,90.00289626319832,53.00450695865563
42,90.0034602966768,53.00649292937843
42,90.00467820044938,53.00652774709505
42,90.00035539261721,53.00721866972162
42,90.0016125370726,53.010296680336104
42,90.00463660815306,53.00765841022784
43,89.9976726353281,52.99610779676459
43,89.99426744472318,52.99530162703585
43,89.99756541398463,52.9994556091613
43,89.99565346324448,52.99923403686737
43,89.99789744036703,52.997318306662294
43,89.99752574055312,52.999919984942444
43,89.99864264472883,52.99860414102589
43,89.99742916712113,52.995921089652235
43,89.99479892865249,53.00129748620966
43,89.99506457103742,52.999434749919835
43,89.9963911602024,52.99835448702985
43,89.99398516992937,52.99628963300287
43,89.99663411796877,52.99899872498895
43,89.99461129612949,52.99956128166854
43,89.99496396102478,52.997006197529025
43,89.99720591922903,52.997445660954625
43,89.99583507558896,52.99488755488108
43,89.99479892865249,53.00129748620966
43,89.99684306821763,52.99614088195597
43,89.99681726449124,52.995771338555805
43,89.99513362452157,52.99801442174684
43,89.99234920975313,52.998706115187
43,89.99412685542364,53.000284315962105
43,89.99496396102478,52.997006197529025
43,89.99571599702008,53.000502217849096
43,89.99684306821763,52.99614088195597
43,89.99270862450226,52.99848013046469
43,89.99549174170677,52.99909486468974
43,89.99629241020263,52.99924550140848
43,89.99605797113963,52.99999037755702
43,89.99329754896166,53.00137158320336
43,89.9952003798039,53.00137469774869
43,89.99471932311003,53.001826898940045
43,89.99456766457685,53.0002894174225
43,89.9954166547567,52.99745180371975
43,89.99496761491179,52.99672745383349
43,89.99652799646809,52.99798786419053
43,89.99720591922903,52.997445660954625
43,89.9928179495349,53.0003861172104
43,89.99406459202275,52.99747482024674
43,89.99611379618241,52.998251097467474
43,89.99351896725653,53.00020722599184
43,89.99375610699066,52.99572432517676
43,89.99674707151705,53.000147814243064
44,89.99619830193875,53.003604109309606
44,89.99895870296248,53.0013585939669
44,89.99913676181176,53.00340767037629
44,89.99896748572723,53.003945006011726
44,89.99576495447872,53.00230355435011
44,89.9980796207046,53.003063215310306
44,89.99793602998047,53.00501393035907
44,89.99660299156699,53.003414686101415
44,89.99876237629084,53.00600460168263
44,89.9984839449624,53.004072937779846
44,89.99891916041648,53.0027672965686
44,89.99901114252833,53.00518422916331
44,90.00090534955955,53.00029601128594
44,89.99875762815343,53.00362516590672
44,89.99862612938568,53.00138665891566
44,89.99672738273169,53.004672546114726
44,90.00143909864542,53.00094944119751
44,89.99792229520057,53.00565258571277
44,89.99914696241923,53.00553440448002
44,89.99672738273169,53.004672546114726
44,89.9996225376978,52.99938676124005
44,89.99862612938568,53.00138665891566
44,89.99755178747817,53.00210727897836
44,89.99646006527728,53.00427707263118
44,90.00074022699361,53.00304616403764
44,89.99756541398463,52.9994556091613
44,89.99952245976348,53.00547812483271
44,90.00095290388565,53.004454169571176
44,89.99855236575893,52.999737805607516
44,89.9977907853363,53.00289816423395
44,89.99857764414878,53.001340922949275
44,90.0001254797013,53.001173876190634
44,89.99941624956811,53.003055935847506
45,90.01826601431554,53.016379584354716
45,89.99937118296947,52.98245860968609
45,90.01269047380043,53.01914553549672
45,90.01611942860808,53.00113846300319
45,89.99844567425977,52.99613540042527
45,90.0120557717254,52.98101017020291
45,89.9786518133262,53.0078171264776
45,89.99889268877457,53.00211838334006
45,90.00661342760466,53.00524688009254
45,90.0049031442995,52.9949299297034
45,90.00515047356683,52.979450278033866
45,89.99261540207442,52.98510237465442
45,90.0001254797013,53.001173876190634
45,89.98159263207525,52.99052907344803
45,89.99346133650936,53.011155075646805
45,90.00515047356683,52.979450278033866
45,90.01582152641514,53.00723062971956
45,89.99911123676233,53.02341519696037
45,90.0022368859455,52.98779527707233
45,90.01322168801592,53.014968069230044
45,89.98730790835926,53.004677293241336
45,90.01926877758538,53.014637052848755
45,90.00677238643364,52.99494771065224
45,90.00477980240782,53.01812022016536
45,90.00613837593473,53.004712046016394
45,90.0110959998039,52.983639661838716
45,90.01924035203749,52.99647335922166
45,90.00642820550212,52.97821381827725
45,90.01868939758361,52.99538864185539
45,89.98660792785276,53.00166011381585
45,90.01924035203749,52.99647335922166
45,90.00205571483194,53.02239067484551
45,89.99261540207442,52.98510237465442
45,89.9786518133262,53.0078171264776
45,89.98921223311206,52.9953509160576
45,89.99779666861741,53.006961481682914
45,89.99844567425977,52.99613540042527
45,90.00466846145954,53.00827083350837
45,90.0049031442995,52.9949299297034
45,90.0000412390582,53.02012169455792
45,90.01131323071947,53.00661939164644
45,89.98082576587497,53.005923241355404
45,90.0119221959272,52.986280387649444
45,89.97871073510136,53.002829255528006
45,89.98722675704514,53.016436833042825
45,90.0062490835669,53.00783844329592
45,89.97757215677055,52.99076070101481
45,90.00136144689378,52.97618527653328
45,89.97923770064385,52.99666565374713
45,89.98686948754508,52.993549009894984
45,90.01702216837974,53.00937756127948
45,90.01611942860808,53.00113846300319
45,89.97762764336957,53.00809165471392
45,89.99546364527836,52.976076072221694
45,89.98901559872223,53.01503770973572
45,89.99260569563631,53.00823905091866
45,89.99129724857148,53.013221868427756
45,90.01464164715274,52.99869836214817
45,89.99351979542705,53.01550993599814
45,89.99844567425977,52.99613540042527
45,89.98772283103688,53.01317312599158
45,89.99729546700443,53.00347952542074
45,89.99629857659174,53.01790611221041
45,89.9943648911843,53.01465181577358
45,89.99291647097063,52.98462015560446
45,89.99017154991218,53.0000006611203
45,89.99268729154136,53.00379925608268
45,89.99268729154136,53.00379925608268
45,89.98167427082929,52.99692329722336
45,89.99397890060222,53.02272428338829
45,90.0022368859455,52.98779527707233
45,90.02073415439726,53.00008138067957
45,90.0001254797013,53.001173876190634
45,90.01926877758538,53.014637052848755
45,90.01826601431554,53.016379584354716
45,89.99962377015949,53.01998210709747
45,89.99017154991218,53.0000006611203
45,89.99786106992734,53.02109683237068
45,90.01574593413545,53.01303811481377
45,90.00807293545304,53.01329281352896
45,89.98730790835926,53.004677293241336
45,89.97606273562714,53.005228863788645
45,90.01702216837974,53.00937756127948
45,89.99779666861741,53.006961481682914
45,90.001202634575,53.00591976758058
45,90.00643754583743,52.97803265162554
45,89.9930089505078,53.0110302611834
45,89.99266706762732,52.985284049388866
45,90.01060051566448,53.008928615722674
45,90.02267142937114,52.98997404760096
45,90.01454560837244,52.997107427813326
45,90.00790289083753,52.97778008770468
45,90.00606715810315,53.01595655022032
45,90.00044664463431,52.99222069643398
45,89.9861586197834,53.00338613474076
45,90.00606715810315,53.01595655022032
45,89.99351979542705,53.01550993599814
45,90.02243084565676,53.00885104397557
45,89.98229078864112,52.98512218856946
45,89.9907749910263,53.01695691363471
45,89.99786106992734,53.02109683237068
45,89.99629857659174,53.01790611221041
45,89.97673388917934,52.99818922685706
45,89.99372113353061,52.987446132331876
45,89.99291647097063,52.98462015560446
45,89.99583507558896,52.99488755488108
46,90.00674786305842,53.005051006065
46,90.00616553158382,53.00667485431816
46,90.00626138274204,53.00834863446245
46,90.0062490835669,53.00783844329592
46,90.00629946997998,53.00890820898131
46,90.00618025057096,53.00685289004629
46,90.01074279930147,53.00912531150119
46,90.00658745976898,53.00853122696886
46,90.01060051566448,53.008928615722674
46,90.00875669458897,53.006844706649105
46,90.00618025057096,53.00685289004629
46,90.00658745976898,53.00853122696886
46,90.01146403297693,53.00560916457459
46,90.01002704342885,53.004848279706124
46,90.0120612633023,53.005404945150524
46,90.0109223198721,53.00527460385245
47,89.99721674851041,53.003274249832316
47,89.99584483331591,52.99919933328322
47,89.99479892865249,53.00129748620966
47,89.99565346324448,52.99923403686737
47,89.99844677255231,53.001741089493144
47,89.99741125722065,53.001688830730174
47,89.9949239348121,53.00116062545789
47,89.99646163607056,52.99844438497888
47,89.99703619102941,53.00398393676473
47,89.99633866680745,52.999908073438355
47,89.99515451525899,52.99861351566506
47,89.99805433343695,53.003426624614626
47,89.99919310805005,53.002232422452344
47,89.99862612938568,53.00138665891566
47,89.99746432033443,52.999391225916014
47,89.99877522829351,53.001859207336985
47,89.99564282031994,53.0031340656707
47,89.99651558028826,53.001094644697666
47,89.99917217745609,53.001925409249544
47,89.99755178747817,53.00210727897836
47,89.99607132103861,53.00308944383872
47,89.99745020298124,53.00377116738192
47,90.00004811019414,53.003556213558646
47,89.99919310805005,53.002232422452344
47,89.99664877287364,52.997591305700794
47,89.99565346324448,52.99923403686737
47,89.9964969673197,52.997797740636706
47,89.99570068381199,52.99906964197814
47,89.99564282031994,53.0031340656707
47,89.99864264472883,52.99860414102589
47,89.99663411796877,52.99899872498895
47,89.998968975302,53.00394112761557
47,89.99767625468887,52.9985342301813
47,89.99944832880102,53.00228191698699
47,89.9983203819621,53.0028173273347
47,89.99982801162176,53.000386436907604
47,89.99438539876307,53.0020308147718
47,89.99512324891641,53.00315306382825
47,89.99602755347402,52.99853603229138
47,89.99628950155606,53.001065214690925
47,89.99557833525249,52.99780391444938
47,89.99939967525064,53.00285048116318
47,89.99964737499215,53.003675763636984
47,89.99389488789856,53.00077699280444
47,89.99797471963716,53.0041345404779
47,89.998968975302,53.00394112761557
47,89.99964737499215,53.003675763636984
47,89.99607132103861,53.00308944383872
47,89.9956678166367,52.99913378338756
47,89.99783901898847,53.00115827860977
47,89.99963767369407,53.00159025540288
47,89.99652879933296,53.00274086183953
47,89.99919310805005,53.002232422452344
47,89.9988359617619,53.00381408898875
47,89.99670120776446,52.998628658020614
47,89.99757279497692,52.99957614802619
47,89.99570068381199,52.99906964197814
47,89.99610938285821,52.999522568091464
47,89.99703619102941,53.00398393676473
47,89.99765157674122,53.003016073895324
47,89.9952003798039,53.00137469774869
47,89.99691989157367,53.00374394215148
47,90.00004811019414,53.003556213558646
47,90.00004811019414,53.003556213558646
47,89.99826558969937,53.00224559923496
47,89.9964511122249,53.00004199785317
47,89.99916536265219,53.000677426024446
47,89.9992698599417,53.002093528951086
47,89.99553656083954,53.00293561482317
47,89.99797471963716,53.0041345404779
47,89.99664877287364,52.997591305700794
47,89.998968975302,53.00394112761557
47,89.99571599702008,53.000502217849096
47,89.99734190942925,53.00207217173769
47,89.99479892865249,53.00129748620966
47,89.9983203819621,53.0028173273347
47,89.99844677255231,53.001741089493144
47,89.99864264472883,52.99860414102589
47,89.9963911602024,52.99835448702985
47,89.99672738273169,53.004672546114726
47,89.99553656083954,53.00293561482317
47,89.99479892865249,53.00129748620966
47,89.99672738273169,53.004672546114726
47,90.00004811019414,53.003556213558646
47,89.996545854719,53.003571004345055
47,89.99471869401168,53.00223687306592
47,89.99610938285821,52.999522568091464
47,89.9992698599417,53.002093528951086
47,89.99844677255231,53.001741089493144
47,89.99619830193875,53.003604109309606
47,89.99728585746189,53.00142237255595
47,89.9956678166367,52.99913378338756
47,89.99672738273169,53.004672546114726
47,89.99837749951647,52.99871962919558
47,89.99646714351098,53.00408453182998
47,89.9970650346564,53.00374881118845
47,89.99964737499215,53.003675763636984
47,89.99473867339233,52.99933431223858
47,89.99571599702008,53.000502217849096
47,89.99741125722065,53.001688830730174
47,89.9983203819621,53.0028173273347
47,89.99899695699881,53.004572859630045
47,89.99857764414878,53.001340922949275
47,89.99783901898847,53.00115827860977
47,89.99836728289034,53.00070501741
47,89.99589721394793,52.997802755870666
47,90.00004811019414,53.003556213558646
47,89.99871273449408,53.00049345077978
47,90.00028757486345,53.00132870986834
47,89.99663411796877,52.99899872498895
47,89.99561790566831,53.000093690461505
47,89.99515451525899,52.99861351566506
47,89.99543970742222,52.99864677541959
47,89.99506457103742,52.999434749919835
47,89.998476678415,53.001094914367
47,89.99518511092133,53.00261934578107
47,89.99833505885782,53.00354471049308
47,89.99741125722065,53.001688830730174
47,89.99761686268916,52.998846620801544
47,90.00004811019414,53.003556213558646
47,89.99877522829351,53.001859207336985
47,89.99571599702008,53.000502217849096
47,89.99836728289034,53.00070501741
47,89.99863418759047,53.00098826507193
47,89.99633866680745,52.999908073438355
47,89.99509675087508,53.00146567326411
47,89.9996225376978,52.99938676124005
47,89.99473867339233,52.99933431223858
48,90.00477980240782,53.01812022016536
48,89.99571917573704,53.00614975749453
48,89.99017154991218,53.0000006611203
48,89.99372291116235,52.98606686979244
48,89.98229078864112,52.98512218856946
48,89.99857764414878,53.001340922949275
48,89.98206093493513,52.983373096374876
48,89.97606273562714,53.005228863788645
48,90.00602327486772,53.01673772886284
48,89.9823170599516,52.993470469332394
48,90.01479152849623,53.015359769293696
48,89.98762697815663,53.00269309799845
48,89.98199278508189,53.01728857121523
48,90.00602327486772,53.01673772886284
48,90.00301776712145,53.00939826156195
48,90.02073981678153,53.012122648190946
48,89.99911123676233,53.02341519696037
48,90.00136144689378,52.97618527653328
48,90.0122862977409,53.011766390934255
48,89.98649973302767,53.01730559175678
48,89.98107162403252,52.999250959283984
48,90.00269463600335,53.00495631653235
48,90.01826601431554,53.016379584354716
48,90.0119221959272,52.986280387649444
48,89.9825509022372,52.99962428005048
48,90.01464164715274,52.99869836214817
48,90.01660114152021,52.99030625957047
48,89.9786518133262,53.0078171264776
48,90.01611942860808,53.00113846300319
48,89.99261540207442,52.98510237465442
48,90.00136144689378,52.97618527653328
48,89.9927889666636,52.99633824368317
48,90.00043236767429,53.007420080617344
48,89.98206093493513,52.983373096374876
48,90.01131323071947,53.00661939164644
48,89.98254550609514,53.01175414235819
48,89.99559063030652,53.02221759138822
48,89.98686948754508,52.993549009894984
48,89.97861997228858,53.004564705719176
48,90.02285693801838,52.992777156097006
48,89.98421507936568,52.9852523422671
48,90.01254006109377,53.00392557273032
48,90.00205571483194,53.02239067484551
48,89.99383771292563,52.980952050760365
48,90.01868939758361,52.99538864185539
48,89.98921223311206,52.9953509160576
48,90.0060018267103,52.98150203576106
48,90.00606715810315,53.01595655022032
48,89.97880285085125,52.988045485207174
48,89.99997746863987,52.97890930895613
48,90.00378308877671,52.97603364630898
48,90.0062490835669,53.00783844329592
48,90.00643754583743,52.97803265162554
48,89.98512220770652,52.99845856275607
48,89.99291647097063,52.98462015560446
48,90.01060051566448,53.008928615722674
48,90.01702216837974,53.00937756127948
48,89.99767976292841,53.02394908444083
48,89.98660792785276,53.00166011381585
48,89.99653670572697,52.98401970165361
48,89.97757215677055,52.99076070101481
48,89.99779666861741,53.006961481682914
48,90.00921563766023,53.022749156275495
48,90.01050317964945,52.97779772769797
48,89.98730790835926,53.004677293241336
48,90.00477980240782,53.01812022016536
48,89.99729546700443,53.00347952542074
48,89.99392109892105,53.00674851733828
48,90.02226254059038,53.00077264107524
48,90.02243084565676,53.00885104397557
48,89.97835551517667,53.00112448911414
48,89.99857764414878,53.001340922949275
48,89.97871073510136,53.002829255528006
48,89.97807659936326,52.98964766938535
48,89.9825509022372,52.99962428005048
49,89.99729546700443,53.00347952542074
49,89.99352462380065,53.002593188881555
49,89.99652799646809,52.99798786419053
49,89.99752574055312,52.999919984942444
49,89.99828761860826,52.9991849117722
49,89.9931559562142,52.99831081267604
49,89.99734190942925,53.00207217173769
49,89.99485072307732,52.99924506339615
49,89.99718235546499,52.999443218476316
49,89.99438539876307,53.0020308147718
49,89.99570068381199,52.99906964197814
49,89.9964969673197,52.997797740636706
49,89.99652879933296,53.00274086183953
49,89.99570068381199,52.99906964197814
49,89.99697584590028,53.00337555039254
49,89.99473867339233,52.99933431223858
49,89.99389488789856,53.00077699280444
49,89.99848230640906,53.00271569239475
49,89.99664877287364,52.997591305700794
49,89.99685395720766,53.00056759093265
49,89.99607984323573,53.00220896945912
49,89.99412596745002,52.99830283266291
49,89.9956678166367,52.99913378338756
49,89.99551427908281,52.9989163133489
49,89.99351896725653,53.00020722599184
49,89.99715120419745,53.00027371171244
49,89.99895476547255,53.00152332483208
49,89.99792799984648,52.999380936375346
49,89.99424362323225,52.997701438128935
49,89.99862612938568,53.00138665891566
49,89.99863418759047,53.00098826507193
49,89.99471869401168,53.00223687306592
49,89.99877522829351,53.001859207336985
49,89.99549174170677,52.99909486468974
49,89.99828761860826,52.9991849117722
49,89.99862612938568,53.00138665891566
49,89.99366606968022,53.00314662519462
49,89.99626229948468,52.99873160501405
49,89.9980796207046,53.003063215310306
49,89.99589721394793,52.997802755870666
49,89.99756541398463,52.9994556091613
49,89.99360944254933,53.001502663347644
49,89.99570068381199,52.99906964197814
49,89.99390451741489,53.00283928140764
49,89.99848025360562,53.00042924345234
49,89.99447706414338,53.00147959416799
49,89.99364492577405,52.99941784786849
49,89.99355210077935,52.999795034911976
49,89.99299298257013,53.002002363638624
49,89.99419053899771,53.002323523313876
49,89.99916536265219,53.000677426024446
49,89.99425131405444,53.00186813934086
49,89.99362839252167,53.00275299064716
49,89.99813702234303,53.00104173574245
49,89.99511733267795,53.003715560772534
49,89.99572044539896,53.00219501350452
49,89.99549723460218,52.998694374293045
49,89.99366606968022,53.00314662519462
49,89.99848230640906,53.00271569239475
49,89.99279124273721,53.00070305036985
49,89.99357744460475,52.99953735632731
49,89.9977907853363,53.00289816423395
49,89.99651558028826,53.001094644697666
49,89.99352791498313,52.99984258123369
49,89.9977237326018,52.998145335401816
49,89.99472777374683,53.001110150888685
49,89.99757279497692,52.99957614802619
49,89.99607984323573,53.00220896945912
49,89.99857764414878,53.001340922949275
49,89.99685395720766,53.00056759093265
49,89.99900571768903,53.00055934791303
49,89.99447706414338,53.00147959416799
49,89.99610938285821,52.999522568091464
49,89.99659612870373,53.00223603300427
49,89.99660299156699,53.003414686101415
49,89.99506325892388,53.00067046822972
49,89.99675533153902,52.9986099548376
49,89.9964969673197,52.997797740636706
49,89.99627891326857,52.99863922123052
49,89.99456766457685,53.0002894174225
49,89.99576495447872,53.00230355435011
49,89.998476678415,53.001094914367
50,89.99715120419745,53.00027371171244
50,90.00004811019414,53.003556213558646
50,89.99692382022543,53.00267643128679
50,90.00135515703576,53.00091082572429
50,90.00010215279286,53.004968876966444
50,89.99792229520057,53.00565258571277
50,89.9992698599417,53.002093528951086
50,89.99828761860826,52.9991849117722
50,89.9974204780825,53.00444984429228
50,89.99989468038672,53.00071410250203
50,89.99875762815343,53.00362516590672
50,90.00057219316987,53.00518324138064
50,89.99877522829351,53.001859207336985
50,90.00034844190358,52.99950914474784
50,89.99995722106762,53.00169014547985
50,90.00024180839385,53.00341263622436
50,89.9977907853363,53.00289816423395
50,89.99833505885782,53.00354471049308
50,89.99929789834437,53.00087145827391
50,89.99652879933296,53.00274086183953
50,89.99681941852461,53.00151488221798
50,89.99929789834437,53.00087145827391
50,89.996545854719,53.003571004345055
50,89.99765157674122,53.003016073895324
50,89.99607132103861,53.00308944383872
50,89.99755178747817,53.00210727897836
50,89.99896748572723,53.003945006011726
50,90.00161155731566,53.00413752974341
50,90.00045675016081,53.004590949550554
50,90.00143909864542,53.00094944119751
50,90.00197435756742,53.00123684924134
50,89.99697584590028,53.00337555039254
50,90.00064438571604,53.000271239798515
50,89.99697584590028,53.00337555039254
50,89.99895476547255,53.00152332483208
50,89.99692382022543,53.00267643128679
50,90.00015675897319,53.00222737278985
50,89.99901114252833,53.00518422916331
50,89.99583168152284,53.00285181870108
50,90.00149468796522,53.0006452886356
50,89.99755178747817,53.00210727897836
50,90.00135515703576,53.00091082572429
50,90.00055939954515,53.003762310752506
50,90.0005474969669,53.00289199093514
50,90.00117701118056,53.00067159128102
50,89.99844677255231,53.001741089493144
50,89.99793602998047,53.00501393035907
50,89.99672738273169,53.004672546114726
50,90.00142947498695,53.00382183484744
50,89.99916536265219,53.000677426024446
50,90.00197435756742,53.00123684924134
50,90.00095689729417,53.00371685083536
50,89.99891916041648,53.0027672965686
50,89.99576495447872,53.00230355435011
50,89.99855236575893,52.999737805607516
50,90.00010721791107,53.00392641055605
50,89.9994137508698,52.998964162113836
50,90.0002218610913,53.000634630334055
50,89.99646006527728,53.00427707263118
50,90.00095689729417,53.00371685083536
50,89.99646006527728,53.00427707263118
50,89.99811106672597,53.00425372063597
50,89.9977169130157,53.00365729683356
50,89.99848230640906,53.00271569239475
50,89.99882828526701,53.005886333618314
51,89.99771406196409,53.00545557835959
51,89.9995805834071,53.00267637535974
51,90.00053580549637,53.00118031401274
51,89.99703619102941,53.00398393676473
51,89.99771406196409,53.00545557835959
51,89.99963767369407,53.00159025540288
51,89.99828761860826,52.9991849117722
51,89.99916536265219,53.000677426024446
51,90.00073056723357,52.999723276316786
51,89.99685395720766,53.00056759093265
51,89.99583168152284,53.00285181870108
51,89.99619830193875,53.003604109309606
51,89.99989468038672,53.00071410250203
51,90.00086191141342,53.00158981451327
51,90.00197435756742,53.00123684924134
51,90.00102843741459,53.000159075746424
51,90.00125789297002,53.002355173420206
51,90.00161155731566,53.00413752974341
51,89.99963767369407,53.00159025540288
51,90.00024180839385,53.00341263622436
51,89.99929789834437,53.00087145827391
51,89.99844677255231,53.001741089493144
51,89.99876933886506,53.00367510917457
51,89.99572044539896,53.00219501350452
51,89.99995722106762,53.00169014547985
51,90.00089094648365,53.0044751973153
51,90.0005411444071,53.004596923065876
51,89.99862612938568,53.00138665891566
51,89.99876237629084,53.00600460168263
51,89.99765157674122,53.003016073895324
51,89.99734190942925,53.00207217173769
51,89.99792799984648,52.999380936375346
51,90.00078601294807,53.00477353257518
51,90.00009712877511,53.0052310685595
51,89.99882828526701,53.005886333618314
51,89.99995986701275,52.99918172860866
51,90.00053580549637,53.00118031401274
51,90.00165150602733,53.00199946184131
51,89.997150821921,53.00404334458315
51,89.99862612938568,53.00138665891566
51,90.00136868998501,53.00327597485424
51,89.99846360357962,53.00416974601673
51,89.9996225376978,52.99938676124005
51,89.9994137508698,52.998964162113836
51,89.99745020298124,53.00377116738192
51,89.99895870296248,53.0013585939669
51,89.99989468038672,53.00071410250203
51,90.00064467381105,53.00268172200324
51,89.99693644866522,53.0025896045845
51,90.0005411444071,53.004596923065876
51,89.9994137508698,52.998964162113836
51,89.99913676181176,53.00340767037629
51,90.00095290388565,53.004454169571176
51,90.0005411444071,53.004596923065876
51,89.99729546700443,53.00347952542074
51,90.00115761557512,53.00167645643311
51,89.99833505885782,53.00354471049308
51,90.00161155731566,53.00413752974341
51,90.0011256805601,53.00305381859263
51,89.99681941852461,53.00151488221798
51,89.99836728289034,53.00070501741
51,89.99995722106762,53.00169014547985
51,89.9977907853363,53.00289816423395
51,89.99746432033443,52.999391225916014
51,89.99939967525064,53.00285048116318
51,89.99728585746189,53.00142237255595
51,89.99828761860826,52.9991849117722
51,89.99583168152284,53.00285181870108
51,89.99660299156699,53.003414686101415
51,89.99848025360562,53.00042924345234
51,89.99783901898847,53.00115827860977
51,89.99576495447872,53.00230355435011
51,89.99607132103861,53.00308944383872
51,89.99989468038672,53.00071410250203
52,89.98149267192355,52.988158171444454
52,90.00641677833494,52.98301348331642
52,90.01269047380043,53.01914553549672
52,89.99786106992734,53.02109683237068
52,90.0000412390582,53.02012169455792
52,89.98901559872223,53.01503770973572
52,90.00696840298107,52.99273520277289
52,90.00613837593473,53.004712046016394
52,89.97762764336957,53.00809165471392
52,89.98206093493513,52.983373096374876
52,90.00211401970627,52.99603714572807
52,90.01454560837244,52.997107427813326
52,90.00141945069994,53.01913332694983
52,90.0049031442995,52.9949299297034
52,90.02354021702192,53.0079070431277
52,90.01464164715274,52.99869836214817
52,90.01660114152021,52.99030625957047
52,90.0000412390582,53.02012169455792
52,89.98206093493513,52.983373096374876
52,89.9943648911843,53.01465181577358
52,89.99346133650936,53.011155075646805
52,90.01702216837974,53.00937756127948
52,90.00211401970627,52.99603714572807
52,89.97757215677055,52.99076070101481
52,89.9943648911843,53.01465181577358
52,89.99392109892105,53.00674851733828
52,89.9930089505078,53.0110302611834
52,90.00301776712145,53.00939826156195
52,90.00078102838633,53.00732710092327
52,90.00136144689378,52.97618527653328
52,90.00044664463431,52.99222069643398
52,89.97965385824278,52.99536800242173
52,90.00515047356683,52.979450278033866
52,89.99653670572697,52.98401970165361
52,89.99268729154136,53.00379925608268
52,89.99368425467779,53.02368028774761
52,89.99341510781524,52.98400833536395
52,89.97965385824278,52.99536800242173
52,90.02243084565676,53.00885104397557
52,90.01635536960511,53.011462914400255
52,89.98199278508189,53.01728857121523
52,89.99546364527836,52.976076072221694
52,90.00269463600335,53.00495631653235
52,89.9943648911843,53.01465181577358
52,89.99376724143455,53.011862928257
52,89.99357944538835,53.02132163579651
52,89.99268729154136,53.00379925608268
52,90.00917600764153,53.00182169487697
52,90.01826601431554,53.016379584354716
52,89.98660792785276,53.00166011381585
52,89.9786518133262,53.0078171264776
52,89.98730790835926,53.004677293241336
52,89.99546364527836,52.976076072221694
52,90.01334416525327,52.98312028069042
52,90.020064535557,53.00671245544524
52,90.00515047356683,52.979450278033866
52,90.0060018267103,52.98150203576106
52,89.97606273562714,53.005228863788645
52,89.98660792785276,53.00166011381585
52,90.01926877758538,53.014637052848755
52,89.99165721663134,53.00634664156741
52,89.99546364527836,52.976076072221694
52,89.99653726973554,53.00793929696237
52,90.01635536960511,53.011462914400255
52,90.00696840298107,52.99273520277289
52,89.98254550609514,53.01175414235819
52,89.99039309967236,53.006731399645666
52,90.0001254797013,53.001173876190634
52,90.00613837593473,53.004712046016394
52,90.00269463600335,53.00495631653235
52,89.99346133650936,53.011155075646805
52,90.01269047380043,53.01914553549672
52,90.0001254797013,53.001173876190634
52,89.98376505640664,52.981561888662796
52,89.98082576587497,53.005923241355404
52,89.99786106992734,53.02109683237068
52,90.00082946142892,52.97534636900077
52,90.01702216837974,53.00937756127948
52,89.99486977735025,52.994757228051775
52,90.01574593413545,53.01303811481377
52,89.99344339032028,52.98696315734827
52,89.98391351575812,53.0045510686728
52,90.01924035203749,52.99647335922166
52,89.98901559872223,53.01503770973572
52,89.99261540207442,52.98510237465442
52,90.01464164715274,52.99869836214817
52,89.98376505640664,52.981561888662796
52,90.0110959998039,52.983639661838716
52,89.99825781181987,52.97535112720455
52,89.98391351575812,53.0045510686728
52,89.97965385824278,52.99536800242173
52,89.99266706762732,52.985284049388866
52,89.99368425467779,53.02368028774761
52,90.00141945069994,53.01913332694983
53,90.00056398569919,52.98821071442257
53,90.00095290388565,53.004454169571176
53,90.00116360905214,53.00647250766363
53,89.99894288589677,52.98969274171818
53,90.0002218610913,53.000634630334055
53,90.00051565609763,52.99570944797662
53,89.99912238295602,52.989172156825276
53,90.00006672497595,52.99820689939241
53,90.000898672005,52.99174003032062
53,90.00042308233947,52.991261388185784
53,90.00053143439614,52.99028208429386
53,90.00052915601854,52.986905162547224
53,89.99992558415104,52.99360511626529
53,89.99918769073771,52.99042577362921
53,90.0001254797013,53.001173876190634
53,89.99908503550763,52.99022434006611
53,89.99942852502669,52.99095107254184
53,90.00064467381105,53.00268172200324
53,90.00052915601854,52.986905162547224
53,89.99938177285166,52.9918293629832
53,89.99878722428998,52.98800734720796
53,90.00074022699361,53.00304616403764
53,90.00027726886314,52.98705945696188
53,90.00077711825955,52.994762394627166
53,90.00066672650561,52.992428437574524
53,90.00064467381105,53.00268172200324
53,89.9996727229902,52.986748380887725
53,90.00057219316987,53.00518324138064
53,90.00073677841388,53.0037926039272
53,90.00165943308299,53.00450309590979
53,89.99989468038672,53.00071410250203
53,90.00083197322991,52.991421757438744
53,90.00090410288234,53.00584772962915
53,90.00042308233947,52.991261388185784
53,90.00083389480108,53.00598215868858
54,89.99900571768903,53.00055934791303
54,89.99828761860826,52.9991849117722
54,89.99965913195305,53.00077680764581
54,89.99355210077935,52.999795034911976
54,89.9928279561988,52.99904239372531
54,89.99576495447872,53.00230355435011
54,89.99698579133972,52.99630770294172
54,89.99783901898847,53.00115827860977
54,89.99559925481644,53.000757043982865
54,89.99707004315954,52.99634552832492
54,89.99583168152284,53.00285181870108
54,89.99628950155606,53.001065214690925
54,89.9954166547567,52.99745180371975
54,89.99767625468887,52.9985342301813
54,89.99505440906037,52.997129842701305
54,89.9959187823569,53.00036575486723
54,89.99424362323225,52.997701438128935
54,89.9992698599417,53.002093528951086
54,89.99877522829351,53.001859207336985
54,89.99715120419745,53.00027371171244
54,89.99659612870373,53.00223603300427
54,89.99284608429089,52.99919563478766
54,89.99891916041648,53.0027672965686
54,89.99589721394793,52.997802755870666
54,89.9992698599417,53.002093528951086
54,89.99365632300277,53.00021747112918
54,89.99496761491179,52.99672745383349
54,89.99602755347402,52.99853603229138
54,89.99848230640906,53.00271569239475
54,89.99592093975802,52.99642338712994
54,89.9980523318768,53.00249386330065
54,89.99698579133972,52.99630770294172
54,89.99646163607056,52.99844438497888
54,89.99332695909187,52.99775206839925
54,89.99828761860826,52.9991849117722
54,89.99424362323225,52.997701438128935
54,89.99718235546499,52.999443218476316
54,89.99611379618241,52.998251097467474
54,89.99833747309734,53.001236997204735
54,89.9931559562142,52.99831081267604
54,89.99495319704525,52.99862474819029
54,89.99919310805005,53.002232422452344
54,89.99479892865249,53.00129748620966
54,89.9977907853363,53.00289816423395
54,89.99681941852461,53.00151488221798
54,89.99496761491179,52.99672745383349
54,89.99715190285801,52.997316087213655
54,89.99352791498313,52.99984258123369
54,89.99715190285801,52.997316087213655
54,89.99565346324448,52.99923403686737
54,89.99629241020263,52.99924550140848
54,89.99495319704525,52.99862474819029
54,89.99471932311003,53.001826898940045
54,89.99792799984648,52.999380936375346
54,89.99720591922903,52.997445660954625
54,89.99520530394082,52.995940109492345
54,89.99627891326857,52.99863922123052
54,89.99707004315954,52.99634552832492
54,89.99322269661448,53.000485474443536
54,89.99584483331591,52.99919933328322
54,89.99659612870373,53.00223603300427
54,89.99919310805005,53.002232422452344
54,89.9953131903657,53.00015066890001
54,89.99520530394082,52.995940109492345
54,89.99810444977877,52.99903434893045
54,89.99440954821561,52.996787262285004
54,89.99332117771782,52.99702999249913
54,89.99473867339233,52.99933431223858
54,89.99889268877457,53.00211838334006
54,89.99862612938568,53.00138665891566
54,89.99783901898847,53.00115827860977
54,89.9953131903657,53.00015066890001
54,89.99864264472883,52.99860414102589
54,89.99576683798239,52.99946222626725
54,89.99715120419745,53.00027371171244
54,89.99543970742222,52.99864677541959
54,89.9964511122249,53.00004199785317
54,89.99844677255231,53.001741089493144
54,89.99806925339946,53.00196849510522
54,89.99783901898847,53.00115827860977
54,89.99506325892388,53.00067046822972
54,89.99539835125131,52.996976641100495
54,89.99698579133972,52.99630770294172
54,89.99698579133972,52.99630770294172
54,89.9937639846663,53.00010256377118
55,89.99836728289034,53.00070501741
55,89.99906534541987,52.99915994646041
55,89.99698579133972,52.99630770294172
55,89.99592093975802,52.99642338712994
55,89.99424204839572,52.99606819812592
55,89.99982801162176,53.000386436907604
55,89.99881854133173,52.998443721510746
55,89.99628950155606,53.001065214690925
55,89.99627891326857,52.99863922123052
55,89.99881854133173,52.998443721510746
55,89.99496761491179,52.99672745383349
55,89.99900571768903,53.00055934791303
55,89.99917217745609,53.001925409249544
55,89.99551427908281,52.9989163133489
55,89.99529713694238,53.000584214975426
55,89.99863418759047,53.00098826507193
55,89.99906534541987,52.99915994646041
55,89.99602755347402,52.99853603229138
55,89.99576495447872,53.00230355435011
55,89.99896137231812,52.99860720870631
55,89.9992698599417,53.002093528951086
55,89.99944832880102,53.00228191698699
55,89.9964511122249,53.00004199785317
55,89.99515451525899,52.99861351566506
55,89.9992698599417,53.002093528951086
55,89.9937639846663,53.00010256377118
55,89.99642394618775,52.99837107971123
55,89.9992698599417,53.002093528951086
55,89.9937639846663,53.00010256377118
55,89.99440954821561,52.996787262285004
55,89.99583168152284,53.00285181870108
55,89.99895476547255,53.00152332483208
55,89.9964511122249,53.00004199785317
55,89.99715120419745,53.00027371171244
55,89.99506325892388,53.00067046822972
55,89.99447706414338,53.00147959416799
55,89.99863418759047,53.00098826507193
55,89.99775340926463,52.99730264529345
55,89.99557833525249,52.99780391444938
55,89.99895476547255,53.00152332483208
55,89.99518511092133,53.00261934578107
55,89.99571599702008,53.000502217849096
55,89.99629241020263,52.99924550140848
55,89.99602755347402,52.99853603229138
55,89.99693644866522,53.0025896045845
55,89.99520530394082,52.995940109492345
55,89.99495319704525,52.99862474819029
55,89.99629241020263,52.99924550140848
55,89.99652799646809,52.99798786419053
55,89.99559925481644,53.000757043982865
55,89.99775340926463,52.99730264529345
55,89.99605797113963,52.99999037755702
55,89.99485072307732,52.99924506339615
55,89.99652879933296,53.00274086183953
55,89.99877522829351,53.001859207336985
55,89.99369929674117,52.998247058490556
55,89.99685395720766,53.00056759093265
55,89.99775340926463,52.99730264529345
55,89.99646163607056,52.99844438497888
55,89.99629241020263,52.99924550140848
55,89.99670120776446,52.998628658020614
55,89.99290978495002,52.99697840718743
55,89.99804971882051,53.00265781823215
55,89.99746432033443,52.999391225916014
55,89.9953131903657,53.00015066890001
55,89.99602755347402,52.99853603229138
55,89.9964969673197,52.997797740636706
55,89.99456766457685,53.0002894174225
55,89.99496396102478,52.997006197529025
55,89.9963911602024,52.99835448702985
55,89.99805779045803,52.997533296288644
55,89.9952003798039,53.00137469774869
55,89.9994137508698,52.998964162113836
55,89.99804357208151,53.00154908398606
55,89.99412685542364,53.000284315962105
55,89.99653147477261,52.99612954494365
55,89.9977907853363,53.00289816423395
55,89.99906534541987,52.99915994646041
55,89.99284608429089,52.99919563478766
55,89.99572044539896,53.00219501350452
55,89.99511898251674,52.995773410033046
55,89.99364492577405,52.99941784786849
55,89.99629241020263,52.99924550140848
55,89.99805779045803,52.997533296288644
55,89.99412685542364,53.000284315962105
55,89.9980796207046,53.003063215310306
55,89.99896137231812,52.99860720870631
55,89.99685395720766,53.00056759093265
55,89.99789744036703,52.997318306662294
55,89.99894273070908,52.99816657599192
55,89.99698579133972,52.99630770294172
55,89.99646163607056,52.99844438497888
56,90.01140751518663,53.01177887276438
56,90.01050560553382,53.00702578649173
56,90.0145412647537,53.01100658674579
56,90.01214795454645,53.00860132981698
56,90.01294407454037,53.00848155223656
56,90.01036582708623,53.0096194171087
56,90.01195771738539,53.00969798612983
56,90.01552477631328,53.008902219979184
56,90.01309194269142,53.010427316324346
56,90.01068178920283,53.012459026109994
57,89.99855061740388,53.00410411705026
57,89.99913676181176,53.00340767037629
57,90.00035444531075,53.00853942615673
57,90.00045675016081,53.004590949550554
57,90.00123801319488,53.006951597651266
57,89.99944832880102,53.00228191698699
57,90.00135515703576,53.00091082572429
57,89.99823391024648,53.00775484191187
57,89.99939904726922,53.00393725879407
57,90.00064467381105,53.00268172200324
57,90.00078601294807,53.00477353257518
57,90.00225260751726,53.00402448848512
57,89.9993556451591,53.004802838738584
57,90.00055939954515,53.003762310752506
57,90.00171415808931,53.00659720219067
57,89.99912982612936,53.006492110185484
57,90.00241783054751,53.00403601515215
57,89.9988359617619,53.00381408898875
57,90.00161155731566,53.00413752974341
57,90.00024180839385,53.00341263622436
57,89.99911241294838,53.0076630953721
57,89.998968975302,53.00394112761557
57,89.99972495755803,53.00811614595443
57,89.99880529431333,53.00539142285626
57,90.00216794885898,53.00535792971122
57,90.00138697697308,53.00759782806385
57,89.99970090741479,53.00888152016583
57,90.00089094648365,53.0044751973153
57,89.99820079237963,53.005095648830846
57,89.99912982612936,53.006492110185484
57,89.99891916041648,53.0027672965686
57,90.00066742862485,53.008456345446916
57,90.00015675897319,53.00222737278985
57,90.00119920016238,53.00828483357487
57,90.00236978649447,53.00316282662438
57,90.0005747695879,53.00477666204549
57,90.00289626319832,53.00450695865563
57,90.00165150602733,53.00199946184131
57,89.99801916611489,53.00499063009369
57,89.9983613812138,53.00679236858087
57,89.99891901605505,53.008575573144775
57,90.00317115085927,53.00290373524798
57,89.99995722106762,53.00169014547985
57,90.00078102838633,53.00732710092327
57,89.99846360357962,53.00416974601673
57,89.99886557233037,53.00707495542262
57,90.00177789313723,53.002866982160086
57,90.00102843741459,53.000159075746424
57,90.0005956197042,53.001112694141725
57,89.99891901605505,53.008575573144775
57,89.99891901605505,53.008575573144775
57,90.00035444531075,53.00853942615673
57,89.99886557233037,53.00707495542262
57,90.00105278157338,53.0041148421899
57,90.00045675016081,53.004590949550554
57,89.99914696241923,53.00553440448002
57,89.9984839449624,53.004072937779846
57,90.0026593949206,53.002020279765844
57,89.99875858683565,53.003137911135696
57,89.99891916041648,53.0027672965686
57,89.99882828526701,53.005886333618314
57,90.00217987912455,53.00267946702313
57,90.00085824228739,53.00597313330499
57,89.99979303646563,53.00888537607652
57,90.00143909864542,53.00094944119751
57,90.00173621642543,53.00461484455235
57,90.0028517587535,53.00313521903763
57,90.00122303466935,53.00428423407981
57,90.00182311988866,53.007482374689324
57,90.00251764327889,53.00385434170696
57,89.99823391024648,53.00775484191187
57,90.0005956197042,53.001112694141725
57,90.00068154830726,53.00470300495196
57,90.00197435756742,53.00123684924134
57,90.00289626319832,53.00450695865563
57,89.9988281249713,53.00639367195317
57,90.0023157387586,53.00121725337541
57,90.00102843741459,53.000159075746424
57,89.99939904726922,53.00393725879407
57,90.00038338299218,53.00404321457664
57,90.00311639086371,53.0022223991833
57,89.9993556451591,53.004802838738584
57,90.0006064495026,53.00201726923704
57,90.00289626319832,53.00450695865563
57,89.99919310805005,53.002232422452344
57,90.00186641727508,53.00053537457667
57,90.00171415808931,53.00659720219067
57,89.99986592697323,53.00648222256772
57,89.99875858683565,53.003137911135696
57,90.00254401806822,53.00138234434887
57,90.00143909864542,53.00094944119751
57,89.99930656240292,53.008607739003594
57,90.00015675897319,53.00222737278985
57,89.9992698599417,53.002093528951086
57,90.00275664569625,53.002932507561056
57,89.9995069474983,53.0064700001488
57,90.00217987912455,53.00267946702313
57,89.99939967525064,53.00285048116318
57,90.00215666984269,53.006665226579024
57,89.99964737499215,53.003675763636984
57,90.00245530292176,53.00474759719093
57,89.99846360357962,53.00416974601673
57,89.99939301981787,53.008225426347295
57,90.00055939954515,53.003762310752506
57,90.00178277380827,53.00727941143838
57,90.00073677841388,53.0037926039272
57,90.00245530292176,53.00474759719093
57,89.99872312410781,53.00876839418216
57,90.0005481974328,53.00345876620671
57,90.00262296991865,53.0020298162311
57,90.00085824228739,53.00597313330499
57,90.00009712877511,53.0052310685595
57,90.0005474969669,53.00289199093514
57,90.00109548185246,53.006061958286075
57,89.99891916041648,53.0027672965686
57,89.99912982612936,53.006492110185484
57,90.00116360905214,53.00647250766363
57,90.0011594251574,53.00429354658704
57,89.99926673213999,53.006038919138334
57,90.00217987912455,53.00267946702313
57,90.00086191141342,53.00158981451327
57,90.00066609864434,53.00822883542696
57,90.00066609864434,53.00822883542696
58,89.99871273449408,53.00049345077978
58,89.99364492577405,52.99941784786849
58,89.99663411796877,52.99899872498895
58,89.99652799646809,52.99798786419053
58,89.99663411796877,52.99899872498895
58,89.99576683798239,52.99946222626725
58,89.99511733267795,53.003715560772534
58,89.99628950155606,53.001065214690925
58,89.9948901907231,53.00297469005427
58,89.99633866680745,52.999908073438355
58,89.99863418759047,53.00098826507193
58,89.99844677255231,53.001741089493144
58,89.99691163997095,53.003344849393436
58,89.99390451741489,53.00283928140764
58,89.9937639846663,53.00010256377118
58,89.99836728289034,53.00070501741
58,89.99485072307732,52.99924506339615
58,89.99692382022543,53.00267643128679
58,89.99293607538178,52.9995072893289
58,89.9977907853363,53.00289816423395
58,89.99583168152284,53.00285181870108
58,89.99548044572153,53.00444759253036
58,89.9948901907231,53.00297469005427
58,89.99792799984648,52.999380936375346
58,89.9949239348121,53.00116062545789
58,89.99354284599897,53.00178604204093
58,89.99471932311003,53.001826898940045
58,89.99828761860826,52.9991849117722
58,89.99479892865249,53.00129748620966
58,89.9980523318768,53.00249386330065
58,89.99473867339233,52.99933431223858
58,89.99367437919786,53.003459345338
58,89.99322269661448,53.000485474443536
58,89.99513362452157,52.99801442174684
58,89.99718235546499,52.999443218476316
58,89.99646714351098,53.00408453182998
58,89.99734190942925,53.00207217173769
58,89.99456766457685,53.0002894174225
58,89.99351659493475,53.002010432457055
58,89.99299298257013,53.002002363638624
58,89.99804971882051,53.00265781823215
58,89.99363998397726,53.00352754538778
58,89.99366606968022,53.00314662519462
58,89.99855236575893,52.999737805607516
58,89.99367437919786,53.003459345338
58,89.99646163607056,52.99844438497888
58,89.99363998397726,53.00352754538778
58,89.9952003798039,53.00137469774869
58,89.99381882207241,53.002056412762435
58,89.9953131903657,53.00015066890001
58,89.99381882207241,53.002056412762435
58,89.99607132103861,53.00308944383872
58,89.99548044572153,53.00444759253036
58,89.99729546700443,53.00347952542074
58,89.994238104875,53.00304931573128
58,89.9959187823569,53.00036575486723
58,89.99299298257013,53.002002363638624
58,89.99485072307732,52.99924506339615
58,89.99495319704525,52.99862474819029
58,89.99456766457685,53.0002894174225
58,89.99629241020263,52.99924550140848
58,89.99389488789856,53.00077699280444
58,89.9938002031462,53.00320113742823
58,89.99813702234303,53.00104173574245
58,89.99646163607056,52.99844438497888
58,89.99646163607056,52.99844438497888
58,89.99607984323573,53.00220896945912
58,89.9964511122249,53.00004199785317
58,89.99844677255231,53.001741089493144
58,89.99513362452157,52.99801442174684
58,89.9977907853363,53.00289816423395
58,89.9959187823569,53.00036575486723
58,89.99619830193875,53.003604109309606
58,89.9963911602024,52.99835448702985
58,89.99813702234303,53.00104173574245
58,89.99367437919786,53.003459345338
58,89.99506325892388,53.00067046822972
58,89.99390451741489,53.00283928140764
58,89.99800380242867,53.00038708644982
58,89.99674707151705,53.000147814243064
58,89.99828761860826,52.9991849117722
58,89.99472777374683,53.001110150888685
58,89.9949239348121,53.00116062545789
58,89.99646163607056,52.99844438497888
58,89.99804971882051,53.00265781823215
58,89.99857764414878,53.001340922949275
58,89.99479892865249,53.00129748620966
58,89.99804357208151,53.00154908398606
59,89.99653670572697,52.98401970165361
59,89.99039309967236,53.006731399645666
59,90.0118277372277,52.99249531963591
59,89.98391351575812,53.0045510686728
59,90.00661342760466,53.00524688009254
59,90.02127864080063,53.00460337196672
59,89.99266706762732,52.985284049388866
59,89.9861586197834,53.00338613474076
59,89.99372113353061,52.987446132331876
59,90.02127864080063,53.00460337196672
59,90.00602327486772,53.01673772886284
59,89.99383394921401,52.99001060016061
59,90.01575517734538,52.99129928843934
59,89.99227798149857,52.98744389863026
59,90.01574593413545,53.01303811481377
59,89.99559063030652,53.02221759138822
59,89.99351979542705,53.01550993599814
59,89.99341510781524,52.98400833536395
59,89.99291647097063,52.98462015560446
59,89.9825509022372,52.99962428005048
59,90.01334416525327,52.98312028069042
59,90.00466846145954,53.00827083350837
59,89.99911123676233,53.02341519696037
59,90.01948999474305,53.005792752735054
59,90.01361318815758,53.00548507524502
59,90.00043236767429,53.007420080617344
59,90.0000412390582,53.02012169455792
59,89.97923770064385,52.99666565374713
59,90.02041628993058,53.00634708951559
59,90.01826601431554,53.016379584354716
59,89.98730790835926,53.004677293241336
59,90.01322168801592,53.014968069230044
59,89.99997746863987,52.97890930895613
59,89.99227798149857,52.98744389863026
59,90.02127864080063,53.00460337196672
59,89.9930089505078,53.0110302611834
59,90.0119221959272,52.986280387649444
59,90.00917600764153,53.00182169487697
59,90.00205571483194,53.02239067484551
59,89.99397890060222,53.02272428338829
59,89.97807659936326,52.98964766938535
59,89.99248759080666,53.00684013663567
59,89.99392109892105,53.00674851733828
59,89.99017154991218,53.0000006611203
59,90.0120874644629,52.99611645765968
59,90.01589083699066,52.981309833060074
59,89.98772283103688,53.01317312599158
59,89.99341510781524,52.98400833536395
59,89.9953131903657,53.00015066890001
59,90.01479152849623,53.015359769293696
59,89.9943648911843,53.01465181577358
59,89.99559063030652,53.02221759138822
59,89.99351979542705,53.01550993599814
59,90.00807293545304,53.01329281352896
59,89.99980022569265,52.98397835165835
59,89.98149267192355,52.988158171444454
59,90.00136144689378,52.97618527653328
59,89.99522031570892,52.993146466596926
59,89.99165721663134,53.00634664156741
59,89.97965385824278,52.99536800242173
59,89.99077240350766,52.99000169186145
59,89.99310441511335,52.984697304456205
59,89.98921223311206,52.9953509160576
59,89.99310441511335,52.984697304456205
59,89.99372291116235,52.98606686979244
59,89.97673388917934,52.99818922685706
59,90.01589083699066,52.981309833060074
59,89.99383394921401,52.99001060016061
59,90.01574593413545,53.01303811481377
59,89.99346133650936,53.011155075646805
59,90.0145617785895,53.00506062602861
59,90.0049031442995,52.9949299297034
59,90.00641677833494,52.98301348331642
59,89.99165721663134,53.00634664156741
59,89.97861997228858,53.004564705719176
59,89.98921223311206,52.9953509160576
59,90.01924035203749,52.99647335922166
59,90.01629874670499,53.0090694801375
59,90.00643754583743,52.97803265162554
59,89.99383394921401,52.99001060016061
59,90.01322168801592,53.014968069230044
59,90.00790289083753,52.97778008770468
59,90.0134307664476,53.00708605232701
59,90.00269463600335,53.00495631653235
59,89.97624352766287,52.998873572459686
59,90.00866931775973,52.979576374951726
59,89.98512220770652,52.99845856275607
59,90.0060018267103,52.98150203576106
59,89.97807659936326,52.98964766938535
59,90.0022368859455,52.98779527707233
59,89.99357944538835,53.02132163579651
59,89.99383394921401,52.99001060016061
59,89.99427581948343,52.98768388031757
59,89.97757215677055,52.99076070101481
59,89.99368425467779,53.02368028774761
59,89.99266706762732,52.985284049388866
59,89.9953131903657,53.00015066890001
60,89.97861997228858,53.004564705719176
60,90.0134307664476,53.00708605232701
60,90.01131323071947,53.00661939164644
60,89.98649973302767,53.01730559175678
60,89.99227798149857,52.98744389863026
60,89.98901559872223,53.01503770973572
60,89.99260569563631,53.00823905091866
60,90.01269047380043,53.01914553549672
60,89.99911123676233,53.02341519696037
60,89.97952118828904,53.00508726385089
60,89.98391351575812,53.0045510686728
60,89.98365411167798,53.00182935563758
60,90.00602327486772,53.01673772886284
60,89.99779666861741,53.006961481682914
60,89.9823170599516,52.993470469332394
60,90.00301776712145,53.00939826156195
60,90.02354664216774,52.9970459789683
60,89.99857764414878,53.001340922949275
60,89.99427581948343,52.98768388031757
60,89.9953131903657,53.00015066890001
60,89.99889268877457,53.00211838334006
60,89.99268729154136,53.00379925608268
60,89.98082576587497,53.005923241355404
60,89.99427581948343,52.98768388031757
60,89.99844567425977,52.99613540042527
60,90.01702216837974,53.00937756127948
60,89.97762764336957,53.00809165471392
60,90.02032418537723,52.99012423645781
60,89.97807659936326,52.98964766938535
60,89.97952118828904,53.00508726385089
60,89.99077240350766,52.99000169186145
60,90.01948999474305,53.005792752735054
60,89.99729546700443,53.00347952542074
60,90.01481567180868,53.008688291943216
60,90.01454560837244,52.997107427813326
60,90.01361318815758,53.00548507524502
60,90.020064535557,53.00671245544524
60,90.00418275875883,52.995833690376706
60,89.99346133650936,53.011155075646805
60,89.99368425467779,53.02368028774761
60,90.00466846145954,53.00827083350837
60,89.97880285085125,52.988045485207174
60,90.01868939758361,52.99538864185539
60,89.99392109892105,53.00674851733828
60,89.99351979542705,53.01550993599814
60,89.99017154991218,53.0000006611203
60,90.01582152641514,53.00723062971956
60,90.01582152641514,53.00723062971956
60,89.98265943667994,52.99202090899771
60,90.00466846145954,53.00827083350837
60,89.98649973302767,53.01730559175678
60,90.01361318815758,53.00548507524502
60,90.01060051566448,53.008928615722674
60,90.00866931775973,52.979576374951726
60,89.99261540207442,52.98510237465442
60,90.00418275875883,52.995833690376706
60,89.98167427082929,52.99692329722336
60,90.01060051566448,53.008928615722674
60,89.99774008150672,52.97889900226844
60,90.001202634575,53.00591976758058
60,89.99372113353061,52.987446132331876
60,89.98762697815663,53.00269309799845
60,90.00141945069994,53.01913332694983
60,89.9969465026144,52.9886068969166
60,89.99261540207442,52.98510237465442
60,89.98107162403252,52.999250959283984
60,90.02267142937114,52.98997404760096
60,89.99653726973554,53.00793929696237
60,90.00606715810315,53.01595655022032
60,90.01322168801592,53.014968069230044
60,89.99486977735025,52.994757228051775
60,89.9786518133262,53.0078171264776
60,89.98660792785276,53.00166011381585
61,90.01140751518663,53.01177887276438
61,90.00958072339048,53.007439215148004
61,90.00857015577654,53.0120044737204
61,90.00671902711622,53.0098066628026
61,90.00702748582725,53.01063075618805
61,90.0077189426657,53.009230478886856
61,90.01017783440976,53.01343136448065
61,90.01120263909797,53.01122957640513
61,90.00989759122619,53.0119973411468
61,90.00799647166501,53.00775495930912
61,90.00781494966893,53.007748693747565
61,90.00660180777776,53.010249161836
61,90.00947906085887,53.008902937848674
61,90.00892219472772,53.008640828552764
61,90.01034753762129,53.00888154260666
61,90.00851795858516,53.010776833098134
61,90.00767276575687,53.00974329106278
61,90.00846793534372,53.00959598924913
61,90.01034753762129,53.00888154260666
61,90.01266238900001,53.01126138177857
61,90.01232854239065,53.01263425402983
61,90.01147239475574,53.00862869126007
61,90.00875669458897,53.006844706649105
61,90.01034753762129,53.00888154260666
61,90.01258492356958,53.01077845384237
61,90.01186800747388,53.01086882739613
61,90.01229517139734,53.01075238574398
61,90.00662231733988,53.010601478732866
61,90.01139902684329,53.00996109676711
61,90.01034753762129,53.00888154260666
61,90.01078056135705,53.013228774763576
61,90.00995054680953,53.01131629472182
61,90.00812205293666,53.008467180091124
61,90.00813725387124,53.00995321600268
61,90.0077189426657,53.009230478886856
61,90.01121923809308,53.00875917967012
61,90.0111587410278,53.01171548241361
61,90.01294407454037,53.00848155223656
61,90.01223005627153,53.01228363292631
61,90.01034753762129,53.00888154260666
61,90.01007505552278,53.01337732740453
61,90.01337740293273,53.01051126216639
61,90.01047983607117,53.00977172615248
61,90.0118458442349,53.01051378982627
61,90.01284965975829,53.00837328830532
61,90.00907198956789,53.01225870746869
61,90.01140751518663,53.01177887276438
61,90.01351034078681,53.01111850965159
61,90.00804560674635,53.01229732126385
61,90.01163879056126,53.00951200393466
61,90.00842114929866,53.00762946887441
61,90.01140751518663,53.01177887276438
61,90.00724859004568,53.011088631957286
61,90.00700392802429,53.008203098711036
61,90.01184196082424,53.01203430785872
61,90.01351034078681,53.01111850965159
61,90.00974894941392,53.01248281851009
61,90.01242816562741,53.01045532596336
61,90.01232854239065,53.01263425402983
61,90.00974450629866,53.013463590439144
61,90.00989759122619,53.0119973411468
61,90.01345260508793,53.01007626020953
61,90.00870295397718,53.010267455791464
61,90.01047983607117,53.00977172615248
61,90.00837636742965,53.007138997769786
61,90.00847707400335,53.01136190327418
61,90.00995054680953,53.01131629472182
61,90.00710919711597,53.009912916211974
61,90.01068178920283,53.012459026109994
61,90.0107005650554,53.009541891169334
61,90.01034753762129,53.00888154260666
61,90.00957040398066,53.01314671749388
61,90.00961971894412,53.01082303168573
61,90.01105481070722,53.01109328152022
61,90.00775631424122,53.00952965294339
61,90.01277957295483,53.01052833089106
61,90.00857015577654,53.0120044737204
61,90.01121923809308,53.00875917967012
61,90.01078056135705,53.013228774763576
61,90.00940999623957,53.00978361858225
61,90.01200736733664,53.00983918701116
61,90.00842114929866,53.00762946887441
61,90.01251560682297,53.01083224395811
61,90.0107005650554,53.009541891169334
61,90.01147239475574,53.00862869126007
61,90.00872478725137,53.00941388452528
61,90.00702748582725,53.01063075618805
61,90.00671902711622,53.0098066628026
61,90.0126695249473,53.00935936998759
61,90.00789946538531,53.01092944428904
61,90.01017783440976,53.01343136448065
61,90.01351034078681,53.01111850965159
61,90.01097765656868,53.00709778014758
61,90.01161962076802,53.008518479113576
61,90.01322764804975,53.009767271729636
61,90.01215279678614,53.009994839851736
61,90.01161710326647,53.008694681863005
62,90.00892219472772,53.008640828552764
62,90.0064288515697,53.00702345233807
62,90.01097765656868,53.00709778014758
62,90.00570679979549,53.00579745720468
62,90.00702748582725,53.01063075618805
62,90.0075486271086,53.00979538610402
62,90.0058976840852,53.007716540023274
62,90.0062490835669,53.00783844329592
62,90.00715710731765,53.004801580791074
62,90.0067255441932,53.00982571355255
62,90.00570679979549,53.00579745720468
62,90.0058976840852,53.007716540023274
62,90.0043135193998,53.007945741229236
62,90.0039882984239,53.00722850303671
62,90.0064619645379,53.00848190972871
62,90.00478271319193,53.007375885316854
62,90.00462061426938,53.008275773393784
62,90.00734526429302,53.00996384411729
62,90.01097765656868,53.00709778014758
62,90.00702748582725,53.01063075618805
62,90.0062490835669,53.00783844329592
62,90.00950964669791,53.00905479890094
62,90.00807981894428,53.005649404779774
62,90.01033501950168,53.00603698489427
62,90.00837636742965,53.007138997769786
62,90.00565359042997,53.00786296222593
62,90.00700392802429,53.008203098711036
62,90.00662231733988,53.010601478732866
62,90.00429043421343,53.00601141104415
62,90.00665225437031,53.004310129711115
62,90.00476876165891,53.0052656933952
62,90.01089260857935,53.00840609358835
62,90.00625756019897,53.0100106847806
62,90.00786123037037,53.008705267259984
62,90.00641804509263,53.009846637984595
62,90.00461910132333,53.008303968831605
62,90.00478271319193,53.007375885316854
62,90.01115421642083,53.00790883624727
62,90.0047067230788,53.00847767747279
62,90.01033501950168,53.00603698489427
62,90.0058976840852,53.007716540023274
62,90.01033501950168,53.00603698489427
62,90.01112921020827,53.00817366750792
62,90.00570679979549,53.00579745720468
62,90.00799647166501,53.00775495930912
62,90.00613837593473,53.004712046016394
62,90.00807981894428,53.005649404779774
62,90.00587070688044,53.00554200876423
62,90.00651274521296,53.00900950403146
62,90.00707380407185,53.00910968798788
62,90.00940999623957,53.00978361858225
62,90.00565359042997,53.00786296222593
62,90.00870295397718,53.010267455791464
62,90.00658745976898,53.00853122696886
62,90.00663265819301,53.00488082081685
62,90.00651374736846,53.00949607234567
62,90.00664651296427,53.007786699045774
62,90.00629267125066,53.0101649361853
62,90.00915667500401,53.007086407615304
62,90.0075186441397,53.00995916504124
62,90.00467911026944,53.00529021140331
62,90.00814812608292,53.00532077595496
62,90.0098863501484,53.005678521289
62,90.00804633915394,53.00770771772849
62,90.01031223174449,53.00815917210993
62,90.00671902711622,53.0098066628026
62,90.00629267125066,53.0101649361853
62,90.00631837119415,53.00672499311187
62,90.00703360378927,53.00497649684867
62,90.00914136097416,53.00904463903587
62,90.01046080761974,53.00906922522306
62,90.00455812251158,53.00891140664597
62,90.00466846145954,53.00827083350837
62,90.00815416295795,53.00512581057268
62,90.00625756019897,53.0100106847806
62,90.00710919711597,53.009912916211974
62,90.00799647166501,53.00775495930912
62,90.00664736244177,53.00409495838606
62,90.00703209282277,53.009245744960644
62,90.00660180777776,53.010249161836
62,90.00894477266819,53.00498654866881
62,90.00562314535838,53.004380447354855
62,90.00862807897308,53.01007841315832
62,90.0052356287363,53.004793588838524
62,90.00914218576483,53.010183994614664
62,90.00587070688044,53.00554200876423
62,90.00466846145954,53.00827083350837
62,90.00807654462864,53.00544254337426
62,90.00687826419937,53.00933981063791
62,90.00467911026944,53.00529021140331
62,90.00703209282277,53.009245744960644
62,90.0103084575446,53.006430463172656
62,90.00866404801354,53.00529989182989
62,90.0062490835669,53.00783844329592
62,90.00736079937036,53.00753772706234
62,90.0076935032442,53.005746059777834
62,90.00703360378927,53.00497649684867
62,90.00837636742965,53.007138997769786
62,90.00926161333699,53.01080804278289
62,90.00812205293666,53.008467180091124
62,90.00781494966893,53.007748693747565
62,90.0103084575446,53.006430463172656
62,90.00818722146117,53.009908009449404
62,90.00894477266819,53.00498654866881
62,90.00715975563946,53.009026649589856
62,90.00573233244785,53.00480130128614
62,90.00507074657921,53.00688491793502
62,90.00900626335658,53.00829951745133
62,90.0093044772682,53.00882102962839
62,90.00705736222189,53.010827525577376
62,90.00851795858516,53.010776833098134
62,90.00440886159708,53.007449970420716
62,90.00689052723672,53.00644288994636
62,90.00851795858516,53.010776833098134
62,90.00705736222189,53.010827525577376
62,90.0103084575446,53.006430463172656
62,90.00829025017457,53.00504024241725
62,90.0098863501484,53.005678521289
62,90.0093044772682,53.00882102962839
62,90.0098863501484,53.005678521289
62,90.00900626335658,53.00829951745133
62,90.00767276575687,53.00974329106278
62,90.0089912386681,53.00578712166381
62,90.00926161333699,53.01080804278289
62,90.00674786305842,53.005051006065
62,90.01036582708623,53.0096194171087
62,90.00591511944342,53.00985430949697
62,90.00854324066194,53.00498042119145
62,90.0085751263342,53.005628547644136
62,90.01089260857935,53.00840609358835
62,90.00548689932272,53.00765891125017
62,90.00626138274204,53.00834863446245
62,90.00665225437031,53.004310129711115
62,90.00824125069128,53.00439847805396
62,90.01008820936222,53.008267732309186
62,90.01089260857935,53.00840609358835
62,90.01089260857935,53.00840609358835
62,90.01036582708623,53.0096194171087
62,90.0053770559336,53.00957875298336
62,90.0073215348558,53.005273676391994
62,90.00689052723672,53.00644288994636
62,90.00715975563946,53.009026649589856
62,90.00658745976898,53.00853122696886
62,90.01115421642083,53.00790883624727
62,90.00729083226842,53.00570706798414
62,90.00664651296427,53.007786699045774
62,90.01033501950168,53.00603698489427
63,89.98199278508189,53.01728857121523
63,89.99980022569265,52.98397835165835
63,89.98901559872223,53.01503770973572
63,90.00418275875883,52.995833690376706
63,90.0134307664476,53.00708605232701
63,89.99266706762732,52.985284049388866
63,89.99786106992734,53.02109683237068
63,90.020064535557,53.00671245544524
63,90.01050317964945,52.97779772769797
63,89.99962377015949,53.01998210709747
63,90.00418275875883,52.995833690376706
63,90.01254006109377,53.00392557273032
63,90.01248780130906,52.98891410786854
63,89.99857764414878,53.001340922949275
63,89.97757215677055,52.99076070101481
63,90.00606715810315,53.01595655022032
63,89.97762764336957,53.00809165471392
63,90.01479152849623,53.015359769293696
63,90.00602327486772,53.01673772886284
63,90.00043236767429,53.007420080617344
63,90.01334416525327,52.98312028069042
63,90.0119221959272,52.986280387649444
63,90.00044664463431,52.99222069643398
63,90.00082946142892,52.97534636900077
63,90.00917600764153,53.00182169487697
63,90.00790289083753,52.97778008770468
63,89.98722675704514,53.016436833042825
63,89.98921223311206,52.9953509160576
63,89.9969465026144,52.9886068969166
63,89.97965385824278,52.99536800242173
63,90.00211401970627,52.99603714572807
63,90.00066549219144,53.017566601856615
63,89.99857764414878,53.001340922949275
63,89.99268729154136,53.00379925608268
63,90.02267142937114,52.98997404760096
63,89.99980022569265,52.98397835165835
63,90.01481567180868,53.008688291943216
63,90.00602327486772,53.01673772886284
63,90.0134307664476,53.00708605232701
63,89.99039309967236,53.006731399645666
63,89.99351979542705,53.01550993599814
63,90.0049031442995,52.9949299297034
63,90.00917600764153,53.00182169487697
63,90.01924035203749,52.99647335922166
63,90.00515047356683,52.979450278033866
63,90.00790289083753,52.97778008770468
63,89.99889268877457,53.00211838334006
63,90.02243084565676,53.00885104397557
63,90.02354664216774,52.9970459789683
63,89.99227798149857,52.98744389863026
63,90.01926877758538,53.014637052848755
63,89.99392109892105,53.00674851733828
63,90.0090007613331,52.991871860111836
63,89.99310441511335,52.984697304456205
63,90.01826601431554,53.016379584354716
63,89.99351979542705,53.01550993599814
63,90.01275174614665,53.01742249229851
63,90.01481567180868,53.008688291943216
63,90.01574593413545,53.01303811481377
63,89.98167427082929,52.99692329722336
63,90.0060018267103,52.98150203576106
63,90.02354021702192,53.0079070431277
63,90.020064535557,53.00671245544524
63,90.00921563766023,53.022749156275495
63,89.9861586197834,53.00338613474076
63,89.97624352766287,52.998873572459686
63,90.00661342760466,53.00524688009254
63,89.99260569563631,53.00823905091866
63,89.9825509022372,52.99962428005048
63,89.9927889666636,52.99633824368317
63,90.01131323071947,53.00661939164644
63,89.99291647097063,52.98462015560446
63,90.0120874644629,52.99611645765968
63,90.02032418537723,52.99012423645781
63,90.02354664216774,52.9970459789683
63,90.00866931775973,52.979576374951726
63,89.97624352766287,52.998873572459686
63,89.98365411167798,53.00182935563758
63,89.98901559872223,53.01503770973572
63,90.01454560837244,52.997107427813326
63,89.98730790835926,53.004677293241336
63,90.00696840298107,52.99273520277289
63,89.97757215677055,52.99076070101481
63,90.00044664463431,52.99222069643398
63,90.00407163783288,52.99044624222816
63,90.01269047380043,53.01914553549672
63,89.98167427082929,52.99692329722336
63,90.020064535557,53.00671245544524
63,89.98206093493513,52.983373096374876
63,90.00866931775973,52.979576374951726
63,89.98686948754508,52.993549009894984
63,90.00407163783288,52.99044624222816
63,89.99672738273169,53.004672546114726
63,89.99376724143455,53.011862928257
64,90.00316533632036,53.00827722526247
64,90.00710919711597,53.009912916211974
64,90.00603776375269,53.011212772449305
64,90.00549329593098,53.01216796029967
64,90.00313050754121,53.009102568484074
64,90.0047788450219,53.012120134049205
64,90.00295204002397,53.01206813286842
64,90.00705736222189,53.010827525577376
64,90.00233314459163,53.01137245621772
64,90.00510240482342,53.00814557448331
64,90.00443093110556,53.012142851098034
64,90.00419903783343,53.0082971709145
64,90.00507074657921,53.00688491793502
64,90.00507074657921,53.00688491793502
64,90.00651374736846,53.00949607234567
64,90.00233314459163,53.01137245621772
64,90.00533784101556,53.00915757777948
64,90.00421277158613,53.00954876719143
64,90.00702748582725,53.01063075618805
64,90.00789946538531,53.01092944428904
64,90.00275587414994,53.00658426454495
64,90.00234879822439,53.009531641251876
64,90.00666321864603,53.01248632107668
64,90.00530115674901,53.012933700808645
64,90.00687826419937,53.00933981063791
64,90.0051877999382,53.011629866052246
64,90.0034602966768,53.00649292937843
64,90.00231616731065,53.00817081224418
64,90.00366369904835,53.00781207452631
64,90.00549329593098,53.01216796029967
64,90.00705736222189,53.010827525577376
64,90.0067255441932,53.00982571355255
64,90.00660180777776,53.010249161836
64,90.00705736222189,53.010827525577376
64,90.00478271319193,53.007375885316854
64,90.00705736222189,53.010827525577376
64,90.0053368668668,53.010930622721595
64,90.00645648678542,53.0111479708614
64,90.00368446244296,53.01193727141702
64,90.00408532781226,53.008759740631824
64,90.0028079082302,53.00877486008703
64,90.00233314459163,53.01137245621772
64,90.00366369904835,53.00781207452631
64,90.00329705264998,53.01194462075688
64,90.00399843729816,53.00646470828659
64,90.0068983396371,53.01170326302074
64,90.00613166996085,53.01276868429329
64,90.00645648678542,53.0111479708614
64,90.00430181969101,53.01279629711561
64,90.00648029662732,53.01103805730218
64,90.00463660815306,53.00765841022784
64,90.00686673616455,53.01069884831917
64,90.0065228977513,53.00767901084999
64,90.00552198822334,53.01149055371833
64,90.0017504226595,53.009056706110435
64,90.00408532781226,53.008759740631824
64,90.00399843729816,53.00646470828659
64,90.00341731734645,53.007941682159704
64,90.00552198822334,53.01149055371833
64,90.00467820044938,53.00652774709505
64,90.0027381738804,53.00903927142955
64,90.00616280350962,53.010577473656944
64,90.00625756019897,53.0100106847806
64,90.00443093110556,53.012142851098034
64,90.00390273008351,53.00798935388429
64,90.00440886159708,53.007449970420716
64,90.00616280350962,53.010577473656944
64,90.00262615496136,53.00792853542249
64,90.0029253363001,53.00755984962625
64,90.00666321864603,53.01248632107668
64,90.0028079082302,53.00877486008703
64,90.00582729894754,53.00775633638973
64,90.00507954221328,53.009072059744064
64,90.00344381127184,53.01130366222046
64,90.00591714709849,53.00793206972149
64,90.00713972951205,53.01082256655464
64,90.00507954221328,53.009072059744064
64,90.00492861130573,53.011457787515994
64,90.00519424158679,53.00959737343302
64,90.00648029662732,53.01103805730218
64,90.00707380407185,53.00910968798788
64,90.00301776712145,53.00939826156195
64,90.00320861355335,53.0075281811412
64,90.00423761053854,53.012379399013476
64,90.00620601719329,53.007469810990486
64,90.00461910132333,53.008303968831605
64,90.0039891777361,53.01018813671925
64,90.0068983396371,53.01170326302074
64,90.00734526429302,53.00996384411729
64,90.00703209282277,53.009245744960644
64,90.0068983396371,53.01170326302074
64,90.00364873072284,53.006843373535865
65,90.00125789297002,53.002355173420206
65,90.00136584932531,53.00127507062816
65,90.00136868998501,53.00327597485424
65,89.99891916041648,53.0027672965686
65,89.99906534541987,52.99915994646041
65,90.0011594251574,53.00429354658704
65,89.99965913195305,53.00077680764581
65,89.99844677255231,53.001741089493144
65,89.99756541398463,52.9994556091613
65,90.00045675016081,53.004590949550554
65,89.99646714351098,53.00408453182998
65,89.9977907853363,53.00289816423395
65,89.99882828526701,53.005886333618314
65,89.9993556451591,53.004802838738584
65,90.0011256805601,53.00305381859263
65,90.0011594251574,53.00429354658704
65,89.99880529431333,53.00539142285626
65,90.00117701118056,53.00067159128102
65,89.99734190942925,53.00207217173769
65,89.9977907853363,53.00289816423395
65,90.00010721791107,53.00392641055605
65,89.99691163997095,53.003344849393436
65,89.9977169130157,53.00365729683356
65,89.99903480109057,53.003795941543146
65,89.996545854719,53.003571004345055
65,90.00165150602733,53.00199946184131
65,89.9993556451591,53.004802838738584
65,89.99901114252833,53.00518422916331
65,90.0005747695879,53.00477666204549
65,89.99895870296248,53.0013585939669
65,89.99797471963716,53.0041345404779
65,89.99607984323573,53.00220896945912
65,89.99903480109057,53.003795941543146
65,90.00136868998501,53.00327597485424
65,89.99906534541987,52.99915994646041
65,89.99672738273169,53.004672546114726
65,90.00040094221052,53.002128302990165
65,90.00068154830726,53.00470300495196
65,89.997150821921,53.00404334458315
65,90.00149330006072,53.002561322709305
65,89.99771406196409,53.00545557835959
65,89.99844677255231,53.001741089493144
65,89.99685395720766,53.00056759093265
65,90.00165150602733,53.00199946184131
65,89.99906534541987,52.99915994646041
65,90.00015675897319,53.00222737278985
65,90.0002218610913,53.000634630334055
65,89.99757279497692,52.99957614802619
65,89.9983203819621,53.0028173273347
65,89.99906534541987,52.99915994646041
65,89.99846360357962,53.00416974601673
65,89.99703619102941,53.00398393676473
65,90.00009712877511,53.0052310685595
65,90.00050372410914,53.000973209706196
65,90.00135515703576,53.00091082572429
65,90.00168110260375,53.00243394793951
65,89.99703619102941,53.00398393676473
65,89.99989468038672,53.00071410250203
65,89.99576495447872,53.00230355435011
65,90.00055939954515,53.003762310752506
65,90.00050372410914,53.000973209706196
65,89.99805433343695,53.003426624614626
65,89.99939904726922,53.00393725879407
65,89.99880529431333,53.00539142285626
65,89.998968975302,53.00394112761557
65,89.99757279497692,52.99957614802619
65,90.00177789313723,53.002866982160086
65,89.9974204780825,53.00444984429228
65,89.99754497335638,53.0049317379208
65,89.998968975302,53.00394112761557
65,89.99901114252833,53.00518422916331
65,89.9977169130157,53.00365729683356
65,90.00040094221052,53.002128302990165
65,89.99895870296248,53.0013585939669
65,89.9985296421667,53.00511338743607
65,90.00073056723357,52.999723276316786
65,89.99913676181176,53.00340767037629
65,89.99969191265973,52.999540925452244
65,90.00095689729417,53.00371685083536
65,90.00034844190358,52.99950914474784
65,90.00145118935177,53.001093822931615
65,89.99889268877457,53.00211838334006
65,89.99754536181698,53.00443153386703
65,89.99889268877457,53.00211838334006
65,90.00074022699361,53.00304616403764
65,89.99895870296248,53.0013585939669
65,89.9985296421667,53.00511338743607
65,90.00122303466935,53.00428423407981
65,89.99721674851041,53.003274249832316
65,90.00095290388565,53.004454169571176
65,89.99651558028826,53.001094644697666
65,89.99969191265973,52.999540925452244
65,90.00064467381105,53.00268172200324
65,90.0005474969669,53.00289199093514
65,89.997150821921,53.00404334458315
65,89.99793602998047,53.00501393035907
65,89.99619830193875,53.003604109309606
65,89.99806925339946,53.00196849510522
66,90.0045951400289,53.00202694197826
66,90.00168110260375,53.00243394793951
66,90.00068154830726,53.00470300495196
66,90.00311639086371,53.0022223991833
66,90.0051031808872,53.00427043689316
66,90.0047315308065,53.00502360481882
66,90.00661817661921,53.00493689679926
66,90.00045675016081,53.004590949550554
66,90.0034602966768,53.00649292937843
66,90.00004811019414,53.003556213558646
66,90.0034602966768,53.00649292937843
66,90.00399843729816,53.00646470828659
66,90.00665225437031,53.004310129711115
66,90.00230295803335,53.00345823930766
66,90.0045951400289,53.00202694197826
67,90.00136868998501,53.00327597485424
67,90.00185109171315,53.004733357170636
67,90.00004811019414,53.003556213558646
67,89.99874968878454,53.00884742446863
67,90.00095290388565,53.004454169571176
67,89.99972495755803,53.00811614595443
67,89.99700407783135,53.00884049717955
67,89.99743657701056,53.007090640337026
67,89.99755151035104,53.00883440230992
67,89.99792229520057,53.00565258571277
67,90.00245530292176,53.00474759719093
67,90.0005481974328,53.00345876620671
67,89.9996185226797,53.008317756413526
67,90.00105278157338,53.0041148421899
67,89.99952245976348,53.00547812483271
67,89.9977073763304,53.00869763843598
67,90.00105278157338,53.0041148421899
67,90.00125789297002,53.002355173420206
67,90.00083389480108,53.00598215868858
67,90.00177789313723,53.002866982160086
67,90.00339128701434,53.002040807489806
67,89.99658971342467,53.00756180634538
67,90.00300444758398,53.00249571647193
67,90.00218721221795,53.00265664995863
67,89.99650390272527,53.00824647991493
67,90.00073677841388,53.0037926039272
67,90.00068154830726,53.00470300495196
67,89.99939904726922,53.00393725879407
67,89.99922157218101,53.006495433441565
67,90.0028517587535,53.00313521903763
67,89.99767819638376,53.00687859235974
67,89.99720181445014,53.00614006113519
67,89.99857703773283,53.00877250345944
67,89.99658971342467,53.00756180634538
67,89.99709442075131,53.00930929527812
67,89.99825526863647,53.00910982323485
67,90.00009712877511,53.0052310685595
67,90.0005474969669,53.00289199093514
67,89.99914696241923,53.00553440448002
67,90.00251764327889,53.00385434170696
67,89.99720181445014,53.00614006113519
67,89.99917005154951,53.005608183296154
67,90.00310337993334,53.003270145028935
67,90.00268342514072,53.00368334930629
67,89.99637411160265,53.009887978024075
67,89.99687016365115,53.00745715042408
67,90.00115541365551,53.00397480063567
67,89.99718741550308,53.00725228398804
67,89.99986592697323,53.00648222256772
67,90.00010721791107,53.00392641055605
67,89.99781590889555,53.00879034802149
67,90.00317115085927,53.00290373524798
67,89.9983613812138,53.00679236858087
67,89.99653726973554,53.00793929696237
67,89.99972495755803,53.00811614595443
67,90.00078102838633,53.00732710092327
67,90.00172807807637,53.00556295304552
67,90.00115761557512,53.00167645643311
67,90.00045675016081,53.004590949550554
67,89.9993556451591,53.004802838738584
67,90.00225260751726,53.00402448848512
67,89.99914696241923,53.00553440448002
67,90.00078102838633,53.00732710092327
67,89.9981713349289,53.00929513338789
67,89.99599497064531,53.00939178874763
67,90.00073677841388,53.0037926039272
67,90.00090410288234,53.00584772962915
67,89.99875762815343,53.00362516590672
67,90.00121038965267,53.00571715027503
67,90.00241783054751,53.00403601515215
67,90.001202634575,53.00591976758058
67,90.00095689729417,53.00371685083536
67,89.9971335606797,53.00703987693097
67,90.00268342514072,53.00368334930629
67,89.99896748572723,53.003945006011726
67,90.00173621642543,53.00461484455235
67,89.998968975302,53.00394112761557
67,90.00052716976953,53.00561039236478
67,89.99719746129583,53.006453456233395
67,89.9974117397578,53.008765186484645
67,89.9971335606797,53.00703987693097
67,89.99642700149815,53.00756229613717
67,90.00185109171315,53.004733357170636
67,90.00123801319488,53.006951597651266
67,90.00297549238957,53.00184344779393
67,89.99787433796251,53.004669238344356
67,90.0005474969669,53.00289199093514
67,90.00185109171315,53.004733357170636
67,90.00168110260375,53.00243394793951
67,90.00058259860242,53.00654821276701
67,90.00317115085927,53.00290373524798
67,89.99875762815343,53.00362516590672
67,89.9995069474983,53.0064700001488
67,90.00300444758398,53.00249571647193
67,90.00004811019414,53.003556213558646
67,89.99901114252833,53.00518422916331
67,90.00268342514072,53.00368334930629
67,90.00297549238957,53.00184344779393
67,90.00268342514072,53.00368334930629
67,90.00116360905214,53.00647250766363
67,89.99913676181176,53.00340767037629
67,90.00245530292176,53.00474759719093
67,90.00325054012285,53.00295832211413
67,89.99876237629084,53.00600460168263
67,89.9971335606797,53.00703987693097
67,89.9981713349289,53.00929513338789
67,90.00109548185246,53.006061958286075
67,89.99897808081283,53.00805955750126
68,90.00145118935177,53.001093822931615
68,89.99928717813543,52.987167491167924
68,90.00121038965267,53.00571715027503
68,90.00056553438074,53.001547525431974
68,90.00147028334158,53.00124248129545
68,89.99885734295562,52.988443558366654
68,90.00064438571604,53.000271239798515
68,90.00011319266308,52.9958858384395
68,90.00016989548527,52.9861875154004
68,89.99963767369407,53.00159025540288
68,90.00038179491973,52.987076888084644
68,90.00045317329743,52.98674553624974
68,90.00058448533527,52.99847766171347
68,89.99939967525064,53.00285048116318
68,90.00068859621418,52.990777663176694
68,89.99928717813543,52.987167491167924
68,90.00042308233947,52.991261388185784
68,90.00136868998501,53.00327597485424
68,90.0005411444071,53.004596923065876
68,90.00071316515283,52.9882566396423
68,89.99885371192832,52.98997393026228
68,90.00044664463431,52.99222069643398
68,90.00010721791107,53.00392641055605
68,90.00052915601854,52.986905162547224
68,90.00064919458477,52.988398303549666
68,90.00001763914591,53.00413344241555
68,90.00142947498695,53.00382183484744
68,89.9994851413404,52.98724657474311
68,90.00040094221052,53.002128302990165
68,90.0004148599216,52.987559454032024
68,90.00090410288234,53.00584772962915
68,90.00038338299218,53.00404321457664
68,90.0008103509158,52.991728050439484
68,90.00136584932531,53.00127507062816
68,89.99980581202045,52.98652069456656
68,90.00056553438074,53.001547525431974
68,90.00038179491973,52.987076888084644
68,90.00051565609763,52.99570944797662
68,90.00040094221052,53.002128302990165
68,90.00040094221052,53.002128302990165
68,90.00122303466935,53.00428423407981
68,90.00121038965267,53.00571715027503
68,90.00071203576839,52.990099678145214
68,90.00148414522525,53.0023172258913
68,90.00056553438074,53.001547525431974
68,90.00051565609763,52.99570944797662
68,90.00086191141342,53.00158981451327
68,90.00115541365551,53.00397480063567
68,90.0005481974328,53.00345876620671
68,90.00121038965267,53.00571715027503
68,89.99931789577465,52.98746512356712
68,90.00068859621418,52.990777663176694
68,90.00027726886314,52.98705945696188
68,90.00066656562066,52.99790087508351
68,89.99992606708263,52.99517542618059
68,90.00085572406795,52.989984001181995
68,90.00028757486345,53.00132870986834
68,90.00080363565571,52.99186358625182
68,90.00095689729417,53.00371685083536
68,90.0005481974328,53.00345876620671
68,89.99939967525064,53.00285048116318
68,90.0011256805601,53.00305381859263
68,89.99995986701275,52.99918172860866
68,90.00038080377969,53.00594886183334
68,90.00066262064783,52.993505967249405
68,90.0008103509158,52.991728050439484
68,89.99938177285166,52.9918293629832
68,90.0009165977693,52.988842360126355
68,89.99878722428998,52.98800734720796
68,90.000898672005,52.99174003032062
68,90.00076624249246,52.99063728417729
68,90.00073056723357,52.999723276316786
68,90.0008103509158,52.991728050439484
68,90.00102843741459,53.000159075746424
68,90.0011256805601,53.00305381859263
68,90.00084364145307,53.000418152998144
68,90.00038338299218,53.00404321457664
68,90.00168110260375,53.00243394793951
68,90.00064919458477,52.988398303549666
68,90.00085572406795,52.989984001181995
68,90.00143909864542,53.00094944119751
68,90.0003743461921,52.99056119033014
68,90.00143909864542,53.00094944119751
68,90.00073846876752,52.99321463763882
68,90.00064919458477,52.988398303549666
68,90.00071316515283,52.9882566396423
68,90.00006672497595,52.99820689939241
68,90.0004337218661,53.000289993752155
68,90.00121038965267,53.00571715027503
68,89.9996727229902,52.986748380887725
69,89.99570068381199,52.99906964197814
69,89.99847042657419,53.001305880990195
69,89.99844677255231,53.001741089493144
69,89.99789744036703,52.997318306662294
69,89.99792799984648,52.999380936375346
69,89.99380924910169,52.99805712302468
69,89.99672122234642,52.99615488864032
69,89.99549723460218,52.998694374293045
69,89.99472777374683,53.001110150888685
69,89.99806925339946,53.00196849510522
69,89.99565346324448,52.99923403686737
69,89.99652879933296,53.00274086183953
69,89.99757279497692,52.99957614802619
69,89.99412596745002,52.99830283266291
69,89.99629241020263,52.99924550140848
69,89.99672122234642,52.99615488864032
69,89.99472777374683,53.001110150888685
70,89.99592093975802,52.99642338712994
70,89.99424362323225,52.997701438128935
70,89.99440954821561,52.996787262285004
70,89.99659612870373,53.00223603300427
70,89.99298913726906,52.99740034353471
70,89.99565919050418,52.996962261786926
70,89.9980796207046,53.003063215310306
70,89.9956678166367,52.99913378338756
70,89.99672122234642,52.99615488864032
70,89.99544069308253,53.00261422729468
70,89.99629241020263,52.99924550140848
70,89.99389488789856,53.00077699280444
70,89.99305658317084,52.99889302652334
70,89.99792799984648,52.999380936375346
70,89.99889268877457,53.00211838334006
70,89.99471869401168,53.00223687306592
70,89.99715190285801,52.997316087213655
70,89.99473867339233,52.99933431223858
70,89.99357744460475,52.99953735632731
70,89.998476678415,53.001094914367
70,89.99833747309734,53.001236997204735
70,89.99715190285801,52.997316087213655
70,89.99741125722065,53.001688830730174
70,89.99652799646809,52.99798786419053
70,89.9983203819621,53.0028173273347
70,89.99298913726906,52.99740034353471
70,89.99681941852461,53.00151488221798
70,89.99804971882051,53.00265781823215
70,89.99651558028826,53.001094644697666
70,89.99549174170677,52.99909486468974
70,89.99440954821561,52.996787262285004
70,89.99664877287364,52.997591305700794
70,89.99889268877457,53.00211838334006
70,89.99339272181216,53.00043164197969
70,89.99592093975802,52.99642338712994
70,89.99487286494521,52.99718851212711
70,89.9944328965979,52.99928866497905
70,89.9937639846663,53.00010256377118
70,89.99584483331591,52.99919933328322
70,89.99561790566831,53.000093690461505
70,89.99836728289034,53.00070501741
70,89.99889268877457,53.00211838334006
70,89.99539835125131,52.996976641100495
70,89.99484801719868,52.9960973194527
70,89.99629241020263,52.99924550140848
70,89.99813702234303,53.00104173574245
70,89.99284608429089,52.99919563478766
70,89.99881854133173,52.998443721510746
70,89.99916536265219,53.000677426024446
70,89.99670120776446,52.998628658020614
70,89.9964969673197,52.997797740636706
70,89.99576683798239,52.99946222626725
70,89.99298913726906,52.99740034353471
70,89.9963911602024,52.99835448702985
70,89.99570068381199,52.99906964197814
70,89.99757279497692,52.99957614802619
70,89.99895476547255,53.00152332483208
70,89.99440954821561,52.996787262285004
70,89.99511898251674,52.995773410033046
70,89.99765157674122,53.003016073895324
70,89.99963767369407,53.00159025540288
70,89.99424362323225,52.997701438128935
70,89.9977907853363,53.00289816423395
70,89.998476678415,53.001094914367
70,89.99806925339946,53.00196849510522
70,89.99762693400308,52.996737191378806
70,89.99863418759047,53.00098826507193
70,89.99652799646809,52.99798786419053
70,89.9954166547567,52.99745180371975
70,89.9949239348121,53.00116062545789
70,89.99792799984648,52.999380936375346
70,89.99576683798239,52.99946222626725
70,89.99570068381199,52.99906964197814
70,89.99767625468887,52.9985342301813
70,89.99741125722065,53.001688830730174
70,89.99571599702008,53.000502217849096
70,89.99487286494521,52.99718851212711
70,89.99592093975802,52.99642338712994
70,89.99511898251674,52.995773410033046
70,89.9953131903657,53.00015066890001
70,89.99663411796877,52.99899872498895
71,89.99693644866522,53.0025896045845
71,90.00191842964288,53.003055635916034
71,89.99969191265973,52.999540925452244
71,89.99876933886506,53.00367510917457
71,89.99917041322324,53.004729331826404
71,89.99985187093961,52.998719245125635
71,89.99982801162176,53.000386436907604
71,89.99963767369407,53.00159025540288
71,89.99681941852461,53.00151488221798
71,89.99969191265973,52.999540925452244
71,89.9988359617619,53.00381408898875
71,90.00117701118056,53.00067159128102
71,90.00217987912455,53.00267946702313
71,89.99826558969937,53.00224559923496
71,89.9974204780825,53.00444984429228
71,89.99944832880102,53.00228191698699
71,89.99741125722065,53.001688830730174
71,89.99906534541987,52.99915994646041
71,90.00078601294807,53.00477353257518
71,90.00095290388565,53.004454169571176
71,89.9992698599417,53.002093528951086
71,90.00149330006072,53.002561322709305
71,90.0005747695879,53.00477666204549
71,90.0011594251574,53.00429354658704
71,90.00135515703576,53.00091082572429
71,89.99691163997095,53.003344849393436
71,89.99755178747817,53.00210727897836
71,90.0005536220116,52.99930758427722
71,89.99801916611489,53.00499063009369
71,89.9988359617619,53.00381408898875
71,90.00177789313723,53.002866982160086
71,90.00139021980623,53.00140363796154
71,90.00073056723357,52.999723276316786
71,89.99985187093961,52.998719245125635
71,89.99765157674122,53.003016073895324
71,89.9983203819621,53.0028173273347
71,89.99901114252833,53.00518422916331
71,90.00168110260375,53.00243394793951
71,90.00001763914591,53.00413344241555
71,89.99952245976348,53.00547812483271
71,89.99765157674122,53.003016073895324
71,89.99914696241923,53.00553440448002
71,90.00053580549637,53.00118031401274
71,89.99901114252833,53.00518422916331
71,90.00083181503976,52.9991357103383
71,90.0004337218661,53.000289993752155
71,89.997150821921,53.00404334458315
71,89.99754536181698,53.00443153386703
71,89.99833747309734,53.001236997204735
71,90.00177789313723,53.002866982160086
71,89.99836728289034,53.00070501741
71,90.00125789297002,53.002355173420206
71,89.99895870296248,53.0013585939669
71,90.00010721791107,53.00392641055605
71,90.00149468796522,53.0006452886356
71,89.9992698599417,53.002093528951086
71,90.00149330006072,53.002561322709305
71,89.99889268877457,53.00211838334006
71,90.00179860804118,53.00047136425048
71,89.99871273449408,53.00049345077978
71,89.9994137508698,52.998964162113836
71,89.99697584590028,53.00337555039254
71,89.99806925339946,53.00196849510522
71,89.99995986701275,52.99918172860866
71,90.00136868998501,53.00327597485424
71,90.00177789313723,53.002866982160086
71,89.99771406196409,53.00545557835959
71,89.99917217745609,53.001925409249544
71,90.00179860804118,53.00047136425048
71,89.99681941852461,53.00151488221798
71,89.99804357208151,53.00154908398606
71,90.0005747695879,53.00477666204549
71,89.99995722106762,53.00169014547985
71,89.99813702234303,53.00104173574245
71,89.99693644866522,53.0025896045845
71,90.00073056723357,52.999723276316786
71,89.99914696241923,53.00553440448002
71,90.00139021980623,53.00140363796154
71,89.99855236575893,52.999737805607516
71,90.0009204519856,53.00279059822471
71,89.99891916041648,53.0027672965686
71,89.99939967525064,53.00285048116318
71,89.9995805834071,53.00267637535974
71,90.00024180839385,53.00341263622436
71,90.0002218610913,53.000634630334055
71,89.99917041322324,53.004729331826404
71,89.99734190942925,53.00207217173769
71,89.99876933886506,53.00367510917457
71,90.00177789313723,53.002866982160086
71,90.00161155731566,53.00413752974341
71,89.9980796207046,53.003063215310306
71,89.99792799984648,52.999380936375346
71,89.99697584590028,53.00337555039254
71,90.0005474969669,53.00289199093514
71,89.9977169130157,53.00365729683356
71,89.99995722106762,53.00169014547985
71,89.99995986701275,52.99918172860866
71,89.9993556451591,53.004802838738584
71,89.9974204780825,53.00444984429228
71,89.99734190942925,53.00207217173769
71,89.99754497335638,53.0049317379208
71,90.00024180839385,53.00341263622436
71,90.00090534955955,53.00029601128594
71,89.99771406196409,53.00545557835959
71,90.00145118935177,53.001093822931615
71,90.00069644247804,53.000288588800764
71,90.0005481974328,53.00345876620671
71,90.00185109171315,53.004733357170636
71,90.00105278157338,53.0041148421899
71,90.00064438571604,53.000271239798515
71,90.0005474969669,53.00289199093514
71,89.99681941852461,53.00151488221798
71,89.99917217745609,53.001925409249544
72,90.01454560837244,52.997107427813326
72,90.00078102838633,53.00732710092327
72,90.01606925046438,53.016630453355035
72,90.00515047356683,52.979450278033866
72,90.02243084565676,53.00885104397557
72,90.0090007613331,52.991871860111836
72,90.00211401970627,52.99603714572807
72,89.97606273562714,53.005228863788645
72,89.9825509022372,52.99962428005048
72,90.01575517734538,52.99129928843934
72,90.01361318815758,53.00548507524502
72,90.00407163783288,52.99044624222816
72,90.01826601431554,53.016379584354716
72,90.01248780130906,52.98891410786854
72,90.00043236767429,53.007420080617344
72,90.00807293545304,53.01329281352896
72,90.00606715810315,53.01595655022032
72,89.9977752176713,53.0159786341862
72,90.0120874644629,52.99611645765968
72,89.99889268877457,53.00211838334006
72,89.98109391921817,52.99659050203551
72,89.99376724143455,53.011862928257
72,89.99889268877457,53.00211838334006
72,90.01060051566448,53.008928615722674
72,89.99266706762732,52.985284049388866
72,90.01826601431554,53.016379584354716
72,89.9823170599516,52.993470469332394
72,89.98365411167798,53.00182935563758
72,89.99383394921401,52.99001060016061
72,89.99357944538835,53.02132163579651
72,89.99962377015949,53.01998210709747
72,90.00807293545304,53.01329281352896
72,90.00136144689378,52.97618527653328
72,89.98512220770652,52.99845856275607
72,90.00515047356683,52.979450278033866
72,90.01575517734538,52.99129928843934
72,89.98649973302767,53.01730559175678
72,89.99825781181987,52.97535112720455
72,89.99383394921401,52.99001060016061
72,90.0049031442995,52.9949299297034
72,90.00677238643364,52.99494771065224
72,89.99962377015949,53.01998210709747
72,90.02073981678153,53.012122648190946
72,89.99427581948343,52.98768388031757
72,89.99017154991218,53.0000006611203
72,90.01135639400653,52.98163968319257
72,89.98109391921817,52.99659050203551
72,90.01582152641514,53.00723062971956
72,89.99653670572697,52.98401970165361
72,89.99937118296947,52.98245860968609
72,90.0060018267103,52.98150203576106
72,89.99486977735025,52.994757228051775
72,90.00661342760466,53.00524688009254
72,90.00515047356683,52.979450278033866
72,90.00136144689378,52.97618527653328
72,90.00133611585228,53.0185388112812
72,89.98229078864112,52.98512218856946
72,90.0060018267103,52.98150203576106
72,90.01248780130906,52.98891410786854
72,90.0110959998039,52.983639661838716
72,89.99376724143455,53.011862928257
72,89.97835551517667,53.00112448911414
72,90.0134307664476,53.00708605232701
72,89.99077240350766,52.99000169186145
72,89.99092577595704,53.00178186900561
72,90.00407163783288,52.99044624222816
72,90.00477980240782,53.01812022016536
72,89.9823170599516,52.993470469332394
72,90.01050146767696,53.00213548877066
72,89.99383771292563,52.980952050760365
72,89.99653670572697,52.98401970165361
72,90.02267142937114,52.98997404760096
72,90.01826601431554,53.016379584354716
72,89.9953131903657,53.00015066890001
72,89.98149267192355,52.988158171444454
72,90.001202634575,53.00591976758058
72,89.98686948754508,52.993549009894984
72,90.02226254059038,53.00077264107524
72,90.01334416525327,52.98312028069042
72,90.01589083699066,52.981309833060074
72,89.99039309967236,53.006731399645666
72,89.99653670572697,52.98401970165361
72,90.00613837593473,53.004712046016394
72,89.99129724857148,53.013221868427756
72,90.01269047380043,53.01914553549672
72,89.98082576587497,53.005923241355404
72,90.01464164715274,52.99869836214817
72,90.01926877758538,53.014637052848755
72,90.01924035203749,52.99647335922166
72,89.97606273562714,53.005228863788645
72,90.0145617785895,53.00506062602861
72,90.0049031442995,52.9949299297034
72,89.99310441511335,52.984697304456205
72,90.00866931775973,52.979576374951726
72,90.00043236767429,53.007420080617344
72,90.01135639400653,52.98163968319257
72,89.98686948754508,52.993549009894984
72,89.98206093493513,52.983373096374876
72,89.99857764414878,53.001340922949275
72,89.99227798149857,52.98744389863026
72,90.00407163783288,52.99044624222816
72,89.9825509022372,52.99962428005048
72,89.98730790835926,53.004677293241336
72,89.99779666861741,53.006961481682914
72,89.97673388917934,52.99818922685706
72,90.00066549219144,53.017566601856615
73,89.99171623354351,52.997569828414605
73,89.99351896725653,53.00020722599184
73,89.99043328346073,52.99989957375257
73,89.99119162723795,53.00136489554729
73,89.99299298257013,53.002002363638624
73,89.98972688522599,52.996841725903
73,89.99375610699066,52.99572432517676
73,89.99299298257013,53.002002363638624
73,89.99280559250082,52.999660958880106
73,89.9916721066767,53.0012030344608
73,89.99496761491179,52.99672745383349
73,89.99024538271307,52.99727988675341
73,89.99172455555389,53.001320445289885
73,89.99332117771782,52.99702999249913
73,89.9944328965979,52.99928866497905
73,89.98929050325101,52.99744799708714
73,89.99169825027124,52.99729900752445
73,89.98931141402403,52.99702388328688
73,89.99270862450226,52.99848013046469
73,89.99440954821561,52.996787262285004
73,89.99589721394793,52.997802755870666
73,89.99496761491179,52.99672745383349
73,89.9899223230022,52.99618398785002
73,89.99332117771782,52.99702999249913
73,89.99479892865249,53.00129748620966
73,89.99279124273721,53.00070305036985
73,89.99365632300277,53.00021747112918
73,89.98929050325101,52.99744799708714
73,89.99506457103742,52.999434749919835
73,89.99129156501557,52.99547941609117
73,89.99104215066356,52.99812859915879
73,89.99112862589385,52.995495722441035
73,89.99139732030011,53.00066740388377
73,89.99257208079673,53.00034677032008
73,89.99506325892388,53.00067046822972
73,89.99456766457685,53.0002894174225
73,89.99473867339233,52.99933431223858
73,89.99201862333454,53.000097503837424
73,89.9895109612007,52.99705421737558
73,89.99145933082332,52.99857108971792
73,89.99016039749411,52.99998618580409
73,89.9954166547567,52.99745180371975
73,89.99187627577109,52.99615479626046
73,89.9916595891387,52.99729113006473
73,89.9900862021618,53.00007225610164
73,89.99364492577405,52.99941784786849
73,89.99227427267896,52.99545765952424
74,89.99844677255231,53.001741089493144
74,89.99964737499215,53.003675763636984
74,89.99826558969937,53.00224559923496
74,89.9993556451591,53.004802838738584
74,90.00241783054751,53.00403601515215
74,89.9995805834071,53.00267637535974
74,90.00269463600335,53.00495631653235
74,90.00040094221052,53.002128302990165
74,90.00149468796522,53.0006452886356
74,90.0005474969669,53.00289199093514
74,89.99995722106762,53.00169014547985
74,90.00001763914591,53.00413344241555
74,89.99847042657419,53.001305880990195
74,89.99826558969937,53.00224559923496
74,90.00136868998501,53.00327597485424
74,89.99939904726922,53.00393725879407
74,89.99833505885782,53.00354471049308
74,89.99875762815343,53.00362516590672
74,90.00245530292176,53.00474759719093
74,90.00090410288234,53.00584772962915
74,90.00038338299218,53.00404321457664
74,90.00217987912455,53.00267946702313
74,89.99895476547255,53.00152332483208
74,90.00291118995865,53.00470440508765
74,90.00010721791107,53.00392641055605
74,89.9983203819621,53.0028173273347
74,90.00055939954515,53.003762310752506
74,90.00004811019414,53.003556213558646
74,90.0005474969669,53.00289199093514
74,90.00215666984269,53.006665226579024
74,90.00359566935673,53.00524710128028
74,90.00171415808931,53.00659720219067
74,90.00055939954515,53.003762310752506
74,90.00197435756742,53.00123684924134
74,90.00125789297002,53.002355173420206
74,90.00064438571604,53.000271239798515
74,89.99963767369407,53.00159025540288
74,89.99941624956811,53.003055935847506
74,90.00053580549637,53.00118031401274
74,89.99848230640906,53.00271569239475
74,90.00307314899024,53.0055512122293
74,90.0005747695879,53.00477666204549
74,90.00121038965267,53.00571715027503
74,90.0021416834793,53.00611962154352
74,90.00266276871359,53.0062548392932
74,90.00289626319832,53.00450695865563
74,89.9992698599417,53.002093528951086
74,90.00209963482277,53.00332738805057
74,90.00056553438074,53.001547525431974
74,90.00090410288234,53.00584772962915
74,90.00115761557512,53.00167645643311
74,90.00001763914591,53.00413344241555
74,89.99846360357962,53.00416974601673
74,90.00177789313723,53.002866982160086
74,90.00135515703576,53.00091082572429
74,89.99929789834437,53.00087145827391
74,90.00340004829978,53.00268319592759
74,90.00186641727508,53.00053537457667
74,89.9988359617619,53.00381408898875
74,90.00142947498695,53.00382183484744
74,90.0001254797013,53.001173876190634
74,89.99862612938568,53.00138665891566
74,89.99965913195305,53.00077680764581
75,89.99392109892105,53.00674851733828
75,90.0120874644629,52.99611645765968
75,89.99546364527836,52.976076072221694
75,90.01660114152021,52.99030625957047
75,90.02285693801838,52.992777156097006
75,90.0120557717254,52.98101017020291
75,90.00141945069994,53.01913332694983
75,90.00641677833494,52.98301348331642
75,89.99077240350766,52.99000169186145
75,90.02127864080063,53.00460337196672
75,89.99779666861741,53.006961481682914
75,90.01254006109377,53.00392557273032
75,89.99372291116235,52.98606686979244
75,90.00136144689378,52.97618527653328
75,90.00602327486772,53.01673772886284
75,90.01050317964945,52.97779772769797
75,90.00689097345108,52.984762886469554
75,89.99129724857148,53.013221868427756
75,90.00917600764153,53.00182169487697
75,89.99039309967236,53.006731399645666
75,89.97757215677055,52.99076070101481
75,89.9786518133262,53.0078171264776
75,89.99248759080666,53.00684013663567
75,90.00477980240782,53.01812022016536
75,89.98230014508665,52.99665371155069
75,89.99767976292841,53.02394908444083
75,89.99392109892105,53.00674851733828
75,90.00689097345108,52.984762886469554
75,90.00807293545304,53.01329281352896
75,90.0120557717254,52.98101017020291
75,90.01924035203749,52.99647335922166
75,89.9969465026144,52.9886068969166
75,90.00703360378927,53.00497649684867
75,89.99092577595704,53.00178186900561
75,89.99962377015949,53.01998210709747
75,89.98376505640664,52.981561888662796
75,89.98206093493513,52.983373096374876
75,90.01574593413545,53.01303811481377
75,90.00205571483194,53.02239067484551
75,89.9823170599516,52.993470469332394
75,89.98901559872223,53.01503770973572
75,90.00689097345108,52.984762886469554
75,89.98649973302767,53.01730559175678
75,90.00269463600335,53.00495631653235
75,90.0118277372277,52.99249531963591
75,90.01135639400653,52.98163968319257
75,89.99546364527836,52.976076072221694
75,89.99653670572697,52.98401970165361
75,89.99351979542705,53.01550993599814
75,90.01454560837244,52.997107427813326
75,90.01454560837244,52.997107427813326
75,90.00205571483194,53.02239067484551
75,89.9861586197834,53.00338613474076
75,89.98649973302767,53.01730559175678
75,89.99346133650936,53.011155075646805
75,90.01868939758361,52.99538864185539
75,90.00641677833494,52.98301348331642
75,89.99774008150672,52.97889900226844
75,90.00689097345108,52.984762886469554
75,89.9825509022372,52.99962428005048
75,89.98977481307507,52.99010656699212
75,90.00211401970627,52.99603714572807
75,89.99779666861741,53.006961481682914
75,90.01464164715274,52.99869836214817
75,89.99357944538835,53.02132163579651
75,90.0134307664476,53.00708605232701
75,89.99962377015949,53.01998210709747
75,89.97965385824278,52.99536800242173
75,89.99911123676233,53.02341519696037
75,90.00211401970627,52.99603714572807
75,89.99077240350766,52.99000169186145
75,89.98556025365305,52.992419740129414
75,90.01924035203749,52.99647335922166
75,90.01050317964945,52.97779772769797
75,89.99774008150672,52.97889900226844
75,89.99227798149857,52.98744389863026
75,90.02127864080063,53.00460337196672
75,90.01269047380043,53.01914553549672
75,90.01826601431554,53.016379584354716
75,89.97796846174211,52.99800582653646
75,90.01635536960511,53.011462914400255
75,90.01611942860808,53.00113846300319
75,89.99629857659174,53.01790611221041
75,89.97762764336957,53.00809165471392
75,89.99559063030652,53.02221759138822
75,89.98772283103688,53.01317312599158
75,89.98660792785276,53.00166011381585
75,89.9953131903657,53.00015066890001
75,90.00407163783288,52.99044624222816
75,89.99261540207442,52.98510237465442
75,89.97835551517667,53.00112448911414
75,89.99844567425977,52.99613540042527
75,89.99522031570892,52.993146466596926
75,90.0001254797013,53.001173876190634
75,89.99522031570892,52.993146466596926
75,89.97606273562714,53.005228863788645
75,90.00066549219144,53.017566601856615
75,89.98230014508665,52.99665371155069
75,89.98167427082929,52.99692329722336
75,89.97952118828904,53.00508726385089
75,90.0122862977409,53.011766390934255
75,89.99372113353061,52.987446132331876
75,90.0110959998039,52.983639661838716
75,90.02073415439726,53.00008138067957
75,90.01454560837244,52.997107427813326
75,90.01185419263888,52.990743984005206
75,90.00606715810315,53.01595655022032
75,89.98109391921817,52.99659050203551
75,89.99346133650936,53.011155075646805
75,90.00641677833494,52.98301348331642
75,90.02032418537723,52.99012423645781
75,90.02243084565676,53.00885104397557
76,89.99653670572697,52.98401970165361
76,89.97861997228858,53.004564705719176
76,89.99261540207442,52.98510237465442
76,89.98772283103688,53.01317312599158
76,90.01248780130906,52.98891410786854
76,90.0110959998039,52.983639661838716
76,90.00301776712145,53.00939826156195
76,90.02285693801838,52.992777156097006
76,89.98365411167798,53.00182935563758
76,90.00515047356683,52.979450278033866
76,90.01334416525327,52.98312028069042
76,89.99346133650936,53.011155075646805
76,89.99129724857148,53.013221868427756
76,89.99344339032028,52.98696315734827
76,89.98365411167798,53.00182935563758
76,90.00790289083753,52.97778008770468
76,90.00921563766023,53.022749156275495
76,89.99383771292563,52.980952050760365
76,90.02267142937114,52.98997404760096
76,89.99310441511335,52.984697304456205
76,89.99344339032028,52.98696315734827
76,89.98391351575812,53.0045510686728
76,90.00613837593473,53.004712046016394
76,90.02041628993058,53.00634708951559
76,90.02073415439726,53.00008138067957
76,89.99786106992734,53.02109683237068
76,89.99383771292563,52.980952050760365
76,89.99248759080666,53.00684013663567
76,90.01185419263888,52.990743984005206
76,90.0120557717254,52.98101017020291
76,89.99911123676233,53.02341519696037
76,89.99372113353061,52.987446132331876
76,89.9977752176713,53.0159786341862
76,90.00921563766023,53.022749156275495
76,89.9953131903657,53.00015066890001
76,90.01575517734538,52.99129928843934
76,90.01948999474305,53.005792752735054
76,90.01131323071947,53.00661939164644
76,89.97871073510136,53.002829255528006
76,90.00078102838633,53.00732710092327
76,89.98660792785276,53.00166011381585
76,89.99129724857148,53.013221868427756
76,90.00703360378927,53.00497649684867
76,89.9930089505078,53.0110302611834
76,90.00790289083753,52.97778008770468
76,89.99653670572697,52.98401970165361
76,90.00641677833494,52.98301348331642
76,90.0110959998039,52.983639661838716
76,90.02041628993058,53.00634708951559
76,90.001202634575,53.00591976758058
76,90.020064535557,53.00671245544524
76,89.99351979542705,53.01550993599814
76,90.0120557717254,52.98101017020291
76,89.99341510781524,52.98400833536395
76,89.98265943667994,52.99202090899771
76,90.0060018267103,52.98150203576106
76,90.01606925046438,53.016630453355035
76,90.01334416525327,52.98312028069042
76,90.00466846145954,53.00827083350837
76,89.99291647097063,52.98462015560446
76,89.99129724857148,53.013221868427756
76,89.99372113353061,52.987446132331876
76,89.99261540207442,52.98510237465442
76,89.99629857659174,53.01790611221041
76,90.00141945069994,53.01913332694983
76,89.99376724143455,53.011862928257
76,90.0062490835669,53.00783844329592
76,89.97923770064385,52.99666565374713
76,89.9786518133262,53.0078171264776
76,90.00205571483194,53.02239067484551
76,90.00643754583743,52.97803265162554
76,89.99351979542705,53.01550993599814
76,89.99653670572697,52.98401970165361
76,89.99583507558896,52.99488755488108
76,90.01248780130906,52.98891410786854
76,89.9953131903657,53.00015066890001
76,89.99165721663134,53.00634664156741
76,90.0120557717254,52.98101017020291
76,89.98167427082929,52.99692329722336
76,90.00807293545304,53.01329281352896
76,90.00378308877671,52.97603364630898
76,89.9907749910263,53.01695691363471
76,89.98977481307507,52.99010656699212
76,90.01660114152021,52.99030625957047
76,90.00807293545304,53.01329281352896
76,90.00082946142892,52.97534636900077
76,89.98229078864112,52.98512218856946
76,90.02285693801838,52.992777156097006
76,89.99729546700443,53.00347952542074
76,90.0049031442995,52.9949299297034
76,90.020064535557,53.00671245544524
76,90.02041628993058,53.00634708951559
76,90.00418275875883,52.995833690376706
76,89.9823170599516,52.993470469332394
76,89.99129724857148,53.013221868427756
76,89.97861997228858,53.004564705719176
76,89.99825781181987,52.97535112720455
76,89.99889268877457,53.00211838334006
76,90.00211401970627,52.99603714572807
76,90.00661342760466,53.00524688009254
76,89.9943648911843,53.01465181577358
76,90.0000412390582,53.02012169455792
77,89.99933138506913,52.991809153128415
77,89.99982801162176,53.000386436907604
77,90.00017529823818,52.98836690459547
77,90.00080363565571,52.99186358625182
77,89.99912238295602,52.989172156825276
77,90.00001763914591,53.00413344241555
77,89.99970163362526,52.9932699262934
77,89.99945444270479,52.986677339607745
77,90.00077636287998,52.995807036160585
77,90.00083389480108,53.00598215868858
77,90.00071852273894,52.99451008093017
77,90.00139021980623,53.00140363796154
77,90.00078329471566,52.997419111090295
77,89.99939307314719,52.98627348089108
77,90.00052915601854,52.986905162547224
77,90.00049840174725,52.99524405452749
77,90.00072779796412,52.990430079501564
77,90.0005747695879,53.00477666204549
77,89.99980581202045,52.98652069456656
77,90.00015675897319,53.00222737278985
77,90.00143909864542,53.00094944119751
77,89.99988223329514,52.991390755998296
77,90.00080363565571,52.99186358625182
77,90.00053143439614,52.99028208429386
77,90.0008103509158,52.991728050439484
77,90.00090534955955,53.00029601128594
77,90.0003743461921,52.99056119033014
77,90.00052915601854,52.986905162547224
77,90.00089066578288,52.99284112106091
77,90.00076624249246,52.99063728417729
77,90.00125789297002,53.002355173420206
77,90.00056553438074,53.001547525431974
77,90.0001070683034,52.98900855960963
77,90.0000314001075,52.98677587263437
77,90.00076624249246,52.99063728417729
77,89.99970163362526,52.9932699262934
77,89.99969191265973,52.999540925452244
77,89.99995986701275,52.99918172860866
77,89.99964737499215,53.003675763636984
77,90.00136584932531,53.00127507062816
77,89.99957043458049,52.98782502864124
77,90.00073846876752,52.99321463763882
77,90.00139021980623,53.00140363796154
77,90.00052915601854,52.986905162547224
77,90.00071316515283,52.9882566396423
77,90.00097458426248,52.98989168503094
77,90.00038033993351,52.9868768041706
77,90.00116360905214,53.00647250766363
77,89.99931789577465,52.98746512356712
77,90.00115541365551,53.00397480063567
77,89.99992558415104,52.99360511626529
77,90.00083389480108,53.00598215868858
77,89.99908503550763,52.99022434006611
77,90.00148414522525,53.0023172258913
77,90.00106951304463,52.989590882594776
77,90.00038080377969,53.00594886183334
77,90.000898672005,52.99174003032062
77,89.99885734295562,52.988443558366654
77,90.00068859621418,52.990777663176694
77,90.00064467381105,53.00268172200324
77,90.00069852392951,52.99081961410883
77,90.00073846876752,52.99321463763882
77,90.00017529823818,52.98836690459547
77,90.00050372410914,53.000973209706196
77,90.00095290388565,53.004454169571176
77,90.00143909864542,53.00094944119751
77,90.0005536220116,52.99930758427722
77,90.00085824228739,53.00597313330499
77,90.00050372410914,53.000973209706196
77,90.00038338299218,53.00404321457664
77,90.00015296664218,52.987499473628084
77,89.99918769073771,52.99042577362921
77,90.00077711825955,52.994762394627166
77,90.0005474969669,53.00289199093514
77,90.00139021980623,53.00140363796154
77,90.00173621642543,53.00461484455235
77,89.99997866718135,52.99481822242869
77,90.0000314001075,52.98677587263437
77,90.0005474969669,53.00289199093514
77,90.00050372410914,53.000973209706196
77,90.0011256805601,53.00305381859263
77,90.00085824228739,53.00597313330499
77,89.99963628533693,52.99542137772088
77,90.00069644247804,53.000288588800764
77,90.00086191141342,53.00158981451327
77,90.00117701118056,53.00067159128102
77,89.99954619287365,52.98827587778421
77,90.00034844190358,52.99950914474784
77,90.00028757486345,53.00132870986834
77,90.0000314001075,52.98677587263437
77,89.9999775325953,52.98686061039864
77,89.99878722428998,52.98800734720796
77,89.99912238295602,52.989172156825276
77,90.00016989548527,52.9861875154004
77,90.0008694083006,52.99258396346004
77,90.00015675897319,53.00222737278985
77,90.0005287290946,52.99605660114278
77,90.00115761557512,53.00167645643311
77,90.00085572406795,52.989984001181995
77,89.9989550197804,52.988552383543414
77,90.00083197322991,52.991421757438744
77,90.00047082112545,52.987751807948555
77,90.00043558542207,52.98711011271116
77,90.00073677841388,53.0037926039272
77,90.00052716976953,53.00561039236478
77,90.00105278157338,53.0041148421899
77,90.00017529823818,52.98836690459547
77,90.00136584932531,53.00127507062816
77,90.0008036051732,52.997818585125245
77,90.00089066578288,52.99284112106091
77,89.99969191265973,52.999540925452244
77,90.0005956197042,53.001112694141725
77,90.00047082112545,52.987751807948555
77,90.00116360905214,53.00647250766363
77,89.99928717813543,52.987167491167924
77,90.00117701118056,53.00067159128102
77,90.00083389480108,53.00598215868858
77,89.99927968062563,52.98777393758209
78,90.00388091485814,53.00339954853962
78,90.00507074657921,53.00688491793502
78,90.00642245026496,53.00542055443343
78,90.00142947498695,53.00382183484744
78,90.00335656692229,53.004191436256484
78,90.00068154830726,53.00470300495196
78,90.00452682361625,53.00266219962365
78,90.00562314535838,53.004380447354855
78,90.00613837593473,53.004712046016394
78,90.00123801319488,53.006951597651266
78,90.00297549238957,53.00184344779393
78,90.00479628916774,53.00217765259674
78,90.00010721791107,53.00392641055605
78,90.00430798164446,53.00194367842115
78,90.00225260751726,53.00402448848512
78,90.00241783054751,53.00403601515215
78,90.00232874162829,53.00435761325602
78,90.00095689729417,53.00371685083536
78,90.00057219316987,53.00518324138064
78,90.00467911026944,53.00529021140331
78,90.00057219316987,53.00518324138064
78,90.0028517587535,53.00313521903763
78,90.00122303466935,53.00428423407981
78,90.00285112297854,53.00215881705191
78,90.00165943308299,53.00450309590979
78,90.00487731546858,53.00252701241276
78,90.0029253363001,53.00755984962625
78,90.0036229345597,53.00191405926285
78,90.00365446287974,53.005087084232684
78,90.00355913849648,53.00641170796281
78,90.00479797365466,53.00417553436756
78,90.00269463600335,53.00495631653235
78,90.00360902304215,53.00613514008939
78,90.00466402476964,53.005035956669765
78,90.00399843729816,53.00646470828659
78,90.0039882984239,53.00722850303671
78,90.00291118995865,53.00470440508765
78,90.00416206586654,53.00487811760628
78,90.00399843729816,53.00646470828659
78,90.00078601294807,53.00477353257518
78,90.0028517587535,53.00313521903763
78,90.00347572175397,53.00223127887959
78,90.00085824228739,53.00597313330499
78,90.00460594077836,53.002096166939644
78,90.00388091485814,53.00339954853962
78,90.00217987912455,53.00267946702313
78,90.00440886159708,53.007449970420716
78,90.00435858834186,53.00267695656493
78,90.00311639086371,53.0022223991833
78,90.00232874162829,53.00435761325602
78,90.00057219316987,53.00518324138064
78,90.00435858834186,53.00267695656493
78,90.00218721221795,53.00265664995863
78,90.00236897182425,53.00757265935063
78,90.00647252678858,53.00383532933796
78,90.00466402476964,53.005035956669765
78,90.00206053026689,53.00619125406553
78,90.00452682361625,53.00266219962365
78,90.00165150602733,53.00199946184131
78,90.00647252678858,53.00383532933796
78,90.00068154830726,53.00470300495196
78,90.00416206586654,53.00487811760628
78,90.00089094648365,53.0044751973153
78,90.00236897182425,53.00757265935063
78,90.0030546426884,53.006755500145
78,90.00466402476964,53.005035956669765
78,90.00359566935673,53.00524710128028
78,90.00165150602733,53.00199946184131
78,90.00369800375654,53.007757847158665
78,90.00241783054751,53.00403601515215
78,90.00289626319832,53.00450695865563
78,90.00085824228739,53.00597313330499
78,90.00457227846405,53.00311399866254
78,90.00385880243931,53.005328958186304
79,90.00262615496136,53.00792853542249
79,90.00570963575474,53.01148962662974
79,90.0019897198807,53.010619753610165
79,90.00268444387684,53.011602620234335
79,90.00426344545788,53.01133973926595
79,90.00586712399664,53.01157230874034
79,90.00591511944342,53.00985430949697
79,90.00509623816697,53.00846224748899
79,90.00507954221328,53.009072059744064
79,90.00496196109333,53.008411087304836
79,90.00340738309606,53.00977816810244
79,90.00579854787009,53.01296570752354
79,90.0032296148392,53.00786104637428
79,90.0057277752814,53.009256154310975
79,90.00390273008351,53.00798935388429
79,90.0047788450219,53.012120134049205
79,90.00651274521296,53.00900950403146
79,90.00417519513306,53.01149229876955
79,90.00272576644808,53.00973728481315
79,90.0027381738804,53.00903927142955
79,90.00459485410097,53.01199944792997
79,90.00703209282277,53.009245744960644
79,90.00455812251158,53.00891140664597
79,90.0039891777361,53.01018813671925
79,90.0019217334148,53.008073700253185
79,90.00552198822334,53.01149055371833
79,90.00616280350962,53.010577473656944
79,90.00341680297716,53.010797190261115
79,90.00745728228335,53.00910988897978
79,90.0065228977513,53.00767901084999
79,90.00591511944342,53.00985430949697
79,90.00613166996085,53.01276868429329
79,90.00662231733988,53.010601478732866
79,90.00401053074077,53.009590334052014
79,90.00734526429302,53.00996384411729
79,90.00467820044938,53.00652774709505
79,90.00340738309606,53.00977816810244
79,90.00584921023545,53.00785862822909
79,90.0028079082302,53.00877486008703
79,90.0030546426884,53.006755500145
79,90.00236897182425,53.00757265935063
79,90.00666321864603,53.01248632107668
79,90.00603776375269,53.011212772449305
79,90.00275587414994,53.00658426454495
79,90.0016125370726,53.010296680336104
79,90.0017504226595,53.009056706110435
79,90.00692706666406,53.01074721217571
79,90.00438089909434,53.01009101054671
79,90.0016125370726,53.010296680336104
79,90.00620601719329,53.007469810990486
79,90.00707380407185,53.00910968798788
79,90.00178163785728,53.00930190976088
79,90.00301776712145,53.00939826156195
79,90.00523567192286,53.01289428223264
79,90.00687826419937,53.00933981063791
79,90.00316533632036,53.00827722526247
79,90.0039882984239,53.00722850303671
80,90.00316533632036,53.00827722526247
80,90.00116360905214,53.00647250766363
80,90.00320861355335,53.0075281811412
80,90.00165943308299,53.00450309590979
80,90.00197557158155,53.009266771959446
80,90.00090410288234,53.00584772962915
80,90.00171415808931,53.00659720219067
80,90.00066742862485,53.008456345446916
80,90.00272009369228,53.00530969650398
80,90.00272009369228,53.00530969650398
80,90.00077131949358,53.009073294872806
80,90.00197557158155,53.009266771959446
80,90.00466402476964,53.005035956669765
80,90.0021018492082,53.00993079875873
80,90.00300224632493,53.00947968592712
80,90.00275587414994,53.00658426454495
80,89.99926147634595,53.00750012236015
80,89.9996185226797,53.008317756413526
80,89.99920218206799,53.009455491084566
80,90.0006695786956,53.00890047122878
80,90.00293748315208,53.00747534394793
80,90.00340738309606,53.00977816810244
80,90.00083389480108,53.00598215868858
80,90.00122303466935,53.00428423407981
80,90.00203687212381,53.006355381791295
80,90.00288513356985,53.00614713883234
80,89.99979303646563,53.00888537607652
80,90.00212478343109,53.00730803105566
80,90.00035539261721,53.00721866972162
80,90.00085824228739,53.00597313330499
80,90.00440886159708,53.007449970420716
80,90.00341731734645,53.007941682159704
80,90.00058259860242,53.00654821276701
80,90.00095290388565,53.004454169571176
80,89.99911241294838,53.0076630953721
80,90.00459879068599,53.005463413127686
80,90.0029253363001,53.00755984962625
80,90.0039882984239,53.00722850303671
80,89.99897808081283,53.00805955750126
80,90.0043841272277,53.00791529045172
80,90.00404205767369,53.004687831382725
80,89.99939301981787,53.008225426347295
80,90.00320861355335,53.0075281811412
80,90.00355913849648,53.00641170796281
80,90.0017504226595,53.009056706110435
80,90.00172807807637,53.00556295304552
80,90.00077131949358,53.009073294872806
80,90.0043841272277,53.00791529045172
80,90.00365446287974,53.005087084232684
80,90.00203687212381,53.006355381791295
80,90.00161155731566,53.00413752974341
80,90.00262615496136,53.00792853542249
80,89.9992593073983,53.00946269703803
80,89.9997999471023,53.00945958549134
80,90.0028079082302,53.00877486008703
80,89.99961374685627,53.0097248984978
80,90.00035444531075,53.00853942615673
80,90.00355913849648,53.00641170796281
80,90.00119920016238,53.00828483357487
80,90.0035223602595,53.0061606406672
80,90.00461910132333,53.008303968831605
80,90.0005411444071,53.004596923065876
80,90.00109548185246,53.006061958286075
80,90.00197557158155,53.009266771959446
80,90.0027381738804,53.00903927142955
80,89.99922157218101,53.006495433441565
80,90.00313050754121,53.009102568484074
80,90.00359566935673,53.00524710128028
80,90.00089094648365,53.0044751973153
80,89.99961374685627,53.0097248984978
80,90.0039882984239,53.00722850303671
80,90.00408532781226,53.008759740631824
80,90.00340738309606,53.00977816810244
80,90.00116360905214,53.00647250766363
80,90.00461910132333,53.008303968831605
80,90.00461910132333,53.008303968831605
80,89.99897808081283,53.00805955750126
80,90.00038080377969,53.00594886183334
80,90.00171415808931,53.00659720219067
80,90.001202634575,53.00591976758058
80,90.00172807807637,53.00556295304552
81,90.0076935032442,53.005746059777834
81,90.01031223174449,53.00815917210993
81,90.01046080761974,53.00906922522306
81,90.0077189426657,53.009230478886856
81,90.00812205293666,53.008467180091124
81,90.0075186441397,53.00995916504124
81,90.0106379536563,53.004404975393484
81,90.01115421642083,53.00790883624727
81,90.01026902522182,53.00830728505464
81,90.00834209681933,53.00668462174175
81,90.00799647166501,53.00775495930912
81,90.0064619645379,53.00848190972871
81,90.01046080761974,53.00906922522306
81,90.0098863501484,53.005678521289
81,90.01146403297693,53.00560916457459
81,90.0085751263342,53.005628547644136
81,90.0073215348558,53.005273676391994
81,90.00651588986796,53.00682121253684
81,90.00775631424122,53.00952965294339
81,90.0098863501484,53.005678521289
81,90.0071343404901,53.00616664106492
82,89.996545854719,53.003571004345055
82,89.99939904726922,53.00393725879407
82,89.99629241020263,52.99924550140848
82,89.9974204780825,53.00444984429228
82,89.99553656083954,53.00293561482317
82,89.99718235546499,52.999443218476316
82,89.99564282031994,53.0031340656707
82,89.99761686268916,52.998846620801544
82,89.9977169130157,53.00365729683356
82,89.99512324891641,53.00315306382825
82,89.99675533153902,52.9986099548376
82,89.99718235546499,52.999443218476316
82,89.99793602998047,53.00501393035907
82,89.99745020298124,53.00377116738192
82,89.99540840423712,53.003485529360134
82,89.9977237326018,52.998145335401816
82,89.99800380242867,53.00038708644982
82,89.99721674851041,53.003274249832316
82,89.99855061740388,53.00410411705026
82,89.99761686268916,52.998846620801544
82,89.9959187823569,53.00036575486723
82,89.99549723460218,52.998694374293045
82,89.99663682346385,53.004982280135565
82,89.99941624956811,53.003055935847506
82,89.99767625468887,52.9985342301813
82,89.99899695699881,53.004572859630045
82,89.99471869401168,53.00223687306592
82,89.99895870296248,53.0013585939669
82,89.99863418759047,53.00098826507193
82,89.99546193125532,53.00228551776993
82,89.9956678166367,52.99913378338756
82,89.99756541398463,52.9994556091613
82,89.99901114252833,53.00518422916331
82,89.99652879933296,53.00274086183953
82,89.99663682346385,53.004982280135565
82,89.99559925481644,53.000757043982865
82,89.99576683798239,52.99946222626725
82,89.99903480109057,53.003795941543146
82,89.99848025360562,53.00042924345234
82,89.99846360357962,53.00416974601673
82,89.99903480109057,53.003795941543146
82,89.99828761860826,52.9991849117722
82,89.99646006527728,53.00427707263118
82,89.99652879933296,53.00274086183953
82,89.99896748572723,53.003945006011726
82,89.99506457103742,52.999434749919835
82,89.99801916611489,53.00499063009369
82,89.99670120776446,52.998628658020614
82,89.9952003798039,53.00137469774869
82,89.99875762815343,53.00362516590672
82,89.99895476547255,53.00152332483208
82,89.9953131903657,53.00015066890001
82,89.99828761860826,52.9991849117722
82,89.99804971882051,53.00265781823215
82,89.99564282031994,53.0031340656707
82,89.99826558969937,53.00224559923496
82,89.99633866680745,52.999908073438355
82,89.99576683798239,52.99946222626725
82,89.99718733012404,53.004045811526254
82,89.99660299156699,53.003414686101415
82,89.99652879933296,53.00274086183953
82,89.9980796207046,53.003063215310306
82,89.99672738273169,53.004672546114726
82,89.99919310805005,53.002232422452344
82,89.99801916611489,53.00499063009369
82,89.99810444977877,52.99903434893045
82,89.99891916041648,53.0027672965686
82,89.99787433796251,53.004669238344356
82,89.99697584590028,53.00337555039254
82,90.00024180839385,53.00341263622436
82,89.99564282031994,53.0031340656707
82,89.99855236575893,52.999737805607516
82,90.00004811019414,53.003556213558646
82,89.99472777374683,53.001110150888685
82,89.99833747309734,53.001236997204735
82,89.99752574055312,52.999919984942444
82,89.9963911602024,52.99835448702985
82,89.99848025360562,53.00042924345234
82,89.99783901898847,53.00115827860977
82,89.99900571768903,53.00055934791303
82,89.99425131405444,53.00186813934086
82,89.99752574055312,52.999919984942444
82,89.9992698599417,53.002093528951086
82,89.9959187823569,53.00036575486723
82,89.99876933886506,53.00367510917457
82,89.99899695699881,53.004572859630045
82,89.99675533153902,52.9986099548376
82,89.99605797113963,52.99999037755702
82,89.99553656083954,53.00293561482317
82,89.99703619102941,53.00398393676473
82,89.99564282031994,53.0031340656707
82,89.99553656083954,53.00293561482317
82,89.99651558028826,53.001094644697666
82,89.99847042657419,53.001305880990195
82,89.99900571768903,53.00055934791303
82,89.99626229948468,52.99873160501405
82,89.99900571768903,53.00055934791303
82,89.99903480109057,53.003795941543146
82,89.99565346324448,52.99923403686737
83,90.00125789297002,53.002355173420206
83,90.00172807807637,53.00556295304552
83,90.00179860804118,53.00047136425048
83,89.99914696241923,53.00553440448002
83,90.00056553438074,53.001547525431974
83,90.00272009369228,53.00530969650398
83,89.99917217745609,53.001925409249544
83,90.00052716976953,53.00561039236478
83,90.00028757486345,53.00132870986834
83,90.00055939954515,53.003762310752506
83,90.0011256805601,53.00305381859263
83,89.99875858683565,53.003137911135696
83,90.00078102838633,53.00732710092327
83,89.9983613812138,53.00679236858087
83,90.00185109171315,53.004733357170636
83,90.00115761557512,53.00167645643311
83,89.99846360357962,53.00416974601673
83,89.99801916611489,53.00499063009369
83,90.00012237107498,53.007574789005176
83,90.00148414522525,53.0023172258913
83,89.99875858683565,53.003137911135696
83,89.99876933886506,53.00367510917457
83,89.99792879171274,53.006763613121755
83,90.0009204519856,53.00279059822471
83,90.00119920016238,53.00828483357487
83,90.0005474969669,53.00289199093514
83,90.00310337993334,53.003270145028935
83,90.00186641727508,53.00053537457667
83,90.00240375401789,53.00199994072983
83,89.9992698599417,53.002093528951086
83,90.00240375401789,53.00199994072983
83,89.99967659237268,53.008411955665046
83,90.00325054012285,53.00295832211413
83,89.99964737499215,53.003675763636984
83,89.99901114252833,53.00518422916331
83,90.00191842964288,53.003055635916034
83,89.9988281249713,53.00639367195317
83,89.99891916041648,53.0027672965686
83,89.99919310805005,53.002232422452344
83,89.99880529431333,53.00539142285626
83,89.99926673213999,53.006038919138334
83,90.00257303145192,53.00092621874869
83,89.99967659237268,53.008411955665046
83,90.0005956197042,53.001112694141725
83,89.99911241294838,53.0076630953721
83,90.00245530292176,53.00474759719093
83,90.00123801319488,53.006951597651266
83,89.99919768122575,53.008068884635016
83,90.00197435756742,53.00123684924134
83,90.00300444758398,53.00249571647193
83,90.00035539261721,53.00721866972162
83,89.99911241294838,53.0076630953721
83,90.00236978649447,53.00316282662438
83,90.00010215279286,53.004968876966444
83,90.00185109171315,53.004733357170636
83,90.00083389480108,53.00598215868858
83,90.00066609864434,53.00822883542696
83,90.00066609864434,53.00822883542696
83,89.99872312410781,53.00876839418216
83,89.99973058038368,53.00666689228453
83,90.0009204519856,53.00279059822471
83,90.00178277380827,53.00727941143838
83,90.00035539261721,53.00721866972162
83,90.00040094221052,53.002128302990165
83,90.00215666984269,53.006665226579024
83,89.99919768122575,53.008068884635016
83,90.00168110260375,53.00243394793951
83,89.99939301981787,53.008225426347295
83,89.99922157218101,53.006495433441565
83,90.00090534955955,53.00029601128594
83,90.00103278506066,53.00643605775894
83,89.99886557233037,53.00707495542262
83,90.00279375721746,53.00568664191161
83,90.00186384881569,53.00708764174781
83,89.99876933886506,53.00367510917457
83,90.0026593949206,53.002020279765844
83,89.99891901605505,53.008575573144775
83,90.00132597909632,53.00743472415643
83,89.99926147634595,53.00750012236015
83,90.00044471572133,53.008551555236636
83,90.00311639086371,53.0022223991833
83,90.00068154830726,53.00470300495196
83,90.00245530292176,53.00474759719093
83,90.00275664569625,53.002932507561056
83,89.99967659237268,53.008411955665046
83,90.00142947498695,53.00382183484744
83,89.99973058038368,53.00666689228453
83,90.0021416834793,53.00611962154352
83,90.00132597909632,53.00743472415643
83,90.00040094221052,53.002128302990165
83,89.99875858683565,53.003137911135696
83,90.00173621642543,53.00461484455235
83,90.00272009369228,53.00530969650398
83,89.99972495755803,53.00811614595443
83,90.00209963482277,53.00332738805057
83,90.0021416834793,53.00611962154352
83,89.99986592697323,53.00648222256772
83,89.99963767369407,53.00159025540288
83,90.00325054012285,53.00295832211413
83,90.00122303466935,53.00428423407981
83,90.00121038965267,53.00571715027503
83,90.00186641727508,53.00053537457667
84,90.00018665580224,52.991721067569244
84,89.99942852502669,52.99095107254184
84,90.0008103509158,52.991728050439484
84,90.00115541365551,53.00397480063567
84,89.99982801162176,53.000386436907604
84,90.00136584932531,53.00127507062816
84,89.99942852502669,52.99095107254184
84,90.00071852273894,52.99451008093017
84,90.0008694083006,52.99258396346004
84,89.99951340998611,52.98704823398363
84,90.00015296664218,52.987499473628084
84,89.99982801162176,53.000386436907604
84,89.99938177285166,52.9918293629832
84,90.00090534955955,53.00029601128594
84,90.00036828208661,52.996737072939254
84,89.99992606708263,52.99517542618059
84,90.00024180839385,53.00341263622436
84,89.99928717813543,52.987167491167924
84,90.0005411444071,53.004596923065876
84,90.0008036051732,52.997818585125245
84,90.00047082112545,52.987751807948555
84,90.0005474969669,53.00289199093514
84,90.0005026868037,52.99563751934289
84,89.99982801162176,53.000386436907604
84,90.00086191141342,53.00158981451327
84,90.00115541365551,53.00397480063567
84,90.00044664463431,52.99222069643398
84,90.00080363565571,52.99186358625182
84,89.99885371192832,52.98997393026228
84,90.00052915601854,52.986905162547224
84,89.99927968062563,52.98777393758209
84,90.00105278157338,53.0041148421899
84,90.00109548185246,53.006061958286075
84,90.00073677841388,53.0037926039272
84,90.00050540691998,52.98715344502807
84,89.99970048844277,52.99872412140804
84,90.00051565609763,52.99570944797662
84,90.0000314001075,52.98677587263437
84,89.99932676371283,52.99207533916912
84,90.00085572406795,52.989984001181995
84,90.00010721791107,53.00392641055605
84,90.0005956197042,53.001112694141725
84,89.99963045887472,52.99376013733633
84,89.99954619287365,52.98827587778421
84,90.00040094221052,53.002128302990165
84,90.001202634575,53.00591976758058
84,90.00052716976953,53.00561039236478
84,90.0003743461921,52.99056119033014
84,90.00004811019414,53.003556213558646
84,90.0005287290946,52.99605660114278
84,89.99992606708263,52.99517542618059
84,90.00015675897319,53.00222737278985
84,89.99878722428998,52.98800734720796
84,90.00036828208661,52.996737072939254
84,89.99997866718135,52.99481822242869
84,90.00072779796412,52.990430079501564
84,90.00011319266308,52.9958858384395
84,90.00018665580224,52.991721067569244
84,90.00017529823818,52.98836690459547
84,90.00039269907849,53.00589108259515
84,89.99941425877924,52.987362897291916
84,90.00139021980623,53.00140363796154
84,89.99965913195305,53.00077680764581
84,90.0005956197042,53.001112694141725
84,90.0001254797013,53.001173876190634
84,90.0009165977693,52.988842360126355
84,89.99963045887472,52.99376013733633
84,90.0005956197042,53.001112694141725
84,90.0005481974328,53.00345876620671
84,89.99941624956811,53.003055935847506
84,90.00074841024617,52.997524759945755
84,89.99918769073771,52.99042577362921
84,90.00052716976953,53.00561039236478
85,90.01314325937219,53.011769045343186
85,90.00995054680953,53.01131629472182
85,90.01481415485323,53.01027540823373
85,90.01190744044264,53.00768349095424
85,90.01209267287906,53.00907668398822
85,90.01339148376245,53.012386510074585
85,90.01131323071947,53.00661939164644
85,90.01203179841305,53.0119319470249
85,90.01519987008545,53.00932984171596
85,90.01047497513026,53.008875170307945
85,90.01097765656868,53.00709778014758
85,90.01259108931346,53.01017274063462
86,89.99811160516208,53.0030942207225
86,89.99610938285821,52.999522568091464
86,89.99813702234303,53.00104173574245
86,89.99610938285821,52.999522568091464
86,89.99672738273169,53.004672546114726
86,89.99307101948169,53.00290420450668
86,89.9974204780825,53.00444984429228
86,89.99367437919786,53.003459345338
86,89.99274002449351,53.000958555163734
86,89.99729546700443,53.00347952542074
86,89.99471869401168,53.00223687306592
86,89.9944328965979,52.99928866497905
87,90.00643754583743,52.97803265162554
87,90.02226254059038,53.00077264107524
87,90.01050146767696,53.00213548877066
87,90.00133611585228,53.0185388112812
87,90.01185419263888,52.990743984005206
87,90.02267142937114,52.98997404760096
87,90.00917600764153,53.00182169487697
87,89.97757215677055,52.99076070101481
87,89.9943648911843,53.01465181577358
87,89.97673388917934,52.99818922685706
87,90.01826601431554,53.016379584354716
87,89.99368425467779,53.02368028774761
87,89.98512220770652,52.99845856275607
87,89.98421507936568,52.9852523422671
87,90.01826601431554,53.016379584354716
87,89.98107162403252,52.999250959283984
87,89.99653726973554,53.00793929696237
87,90.00790289083753,52.97778008770468
87,89.9930089505078,53.0110302611834
87,89.98107162403252,52.999250959283984
87,90.0000412390582,53.02012169455792
87,89.99583507558896,52.99488755488108
87,89.98772283103688,53.01317312599158
87,89.99486977735025,52.994757228051775
87,89.99092577595704,53.00178186900561
87,90.00515047356683,52.979450278033866
87,90.0000412390582,53.02012169455792
87,89.97923770064385,52.99666565374713
87,89.97871073510136,53.002829255528006
87,89.97762764336957,53.00809165471392
87,90.00643754583743,52.97803265162554
87,89.99427581948343,52.98768388031757
87,89.9977752176713,53.0159786341862
87,90.01635536960511,53.011462914400255
87,89.98230014508665,52.99665371155069
87,89.99372113353061,52.987446132331876
87,90.00044664463431,52.99222069643398
87,90.01322168801592,53.014968069230044
87,90.01958933519307,52.989441050840384
87,90.00466846145954,53.00827083350837
87,89.98265943667994,52.99202090899771
87,89.98230014508665,52.99665371155069
87,89.99291647097063,52.98462015560446
87,90.00643754583743,52.97803265162554
87,90.02243084565676,53.00885104397557
87,90.00136144689378,52.97618527653328
87,90.02243084565676,53.00885104397557
87,90.01826601431554,53.016379584354716
87,90.00407163783288,52.99044624222816
87,89.97796846174211,52.99800582653646
87,89.99368425467779,53.02368028774761
87,89.99092577595704,53.00178186900561
87,90.01589083699066,52.981309833060074
87,90.001202634575,53.00591976758058
87,89.98167427082929,52.99692329722336
87,89.9825509022372,52.99962428005048
87,89.98977481307507,52.99010656699212
87,90.00917600764153,53.00182169487697
87,89.97871073510136,53.002829255528006
87,89.97871073510136,53.002829255528006
87,90.01582152641514,53.00723062971956
87,90.0022368859455,52.98779527707233
87,90.01361318815758,53.00548507524502
87,90.01606925046438,53.016630453355035
87,89.98167427082929,52.99692329722336
87,90.00133611585228,53.0185388112812
87,89.99774008150672,52.97889900226844
87,89.99077240350766,52.99000169186145
87,89.98977481307507,52.99010656699212
87,90.01185419263888,52.990743984005206
87,90.00205571483194,53.02239067484551
87,89.99077240350766,52.99000169186145
87,89.98230014508665,52.99665371155069
88,90.01031223174449,53.00815917210993
88,90.0111587410278,53.01171548241361
88,90.00878475194682,53.005976718344414
88,90.00875669458897,53.006844706649105
88,90.00914136097416,53.00904463903587
88,90.0077189426657,53.009230478886856
88,90.01012713930496,53.010420656898035
88,90.00743710396979,53.01152338396992
88,90.00710919711597,53.009912916211974
88,90.00799647166501,53.00775495930912
88,90.0065228977513,53.00767901084999
88,90.00804633915394,53.00770771772849
88,90.00584921023545,53.00785862822909
88,90.00724859004568,53.011088631957286
88,90.00632319626978,53.006680754480705
88,90.00641804509263,53.009846637984595
88,90.00804633915394,53.00770771772849
88,90.00671902711622,53.0098066628026
88,90.00666321864603,53.01248632107668
88,90.00851795858516,53.010776833098134
88,90.01168348738715,53.00806051573293
88,90.01089260857935,53.00840609358835
88,90.00978389101624,53.00876400599305
88,90.00775631424122,53.00952965294339
88,90.01168348738715,53.00806051573293
88,90.00590495558518,53.00747771965218
88,90.00668859835616,53.0108569710534
88,90.00817028299265,53.00970109769381
88,90.00720400295879,53.006773466438055
88,90.00970388948525,53.01153584536233
88,90.00641804509263,53.009846637984595
88,90.00837636742965,53.007138997769786
88,90.00961971894412,53.01082303168573
88,90.00989759122619,53.0119973411468
88,90.00974894941392,53.01248281851009
88,90.00846793534372,53.00959598924913
88,90.00847707400335,53.01136190327418
88,90.01105481070722,53.01109328152022
88,90.01175496639637,53.00961571002673
88,90.00651374736846,53.00949607234567
88,90.00519424158679,53.00959737343302
88,90.00641804509263,53.009846637984595
88,90.00658745976898,53.00853122696886
88,90.00947906085887,53.008902937848674
88,90.0058976840852,53.007716540023274
88,90.00907198956789,53.01225870746869
88,90.00914218576483,53.010183994614664
88,90.00533784101556,53.00915757777948
88,90.00625756019897,53.0100106847806
88,90.00807981894428,53.005649404779774
88,90.00651588986796,53.00682121253684
88,90.00882537350428,53.01211947001808
88,90.00947906085887,53.008902937848674
88,90.00691224231839,53.00812288288356
88,90.00724859004568,53.011088631957286
88,90.00710919711597,53.009912916211974
88,90.00973728369053,53.00626079651123
88,90.0097054765513,53.0113323387609
88,90.01121923809308,53.00875917967012
88,90.00724859004568,53.011088631957286
88,90.00941337073351,53.01033130468344
88,90.00582729894754,53.00775633638973
88,90.00727388195963,53.01233557773231
88,90.00978389101624,53.00876400599305
88,90.0071343404901,53.00616664106492
88,90.00868924996126,53.012648822979294
88,90.00882537350428,53.01211947001808
88,90.00671902711622,53.0098066628026
88,90.00857015577654,53.0120044737204
88,90.00917601244423,53.01134550421588
88,90.0073403642545,53.01149911083959
88,90.00927900096892,53.010563978433915
88,90.00591714709849,53.00793206972149
88,90.0064288515697,53.00702345233807
88,90.0071343404901,53.00616664106492
88,90.00703209282277,53.009245744960644
88,90.00625756019897,53.0100106847806
88,90.00629267125066,53.0101649361853
88,90.01045424192006,53.01127804055364
88,90.01034753762129,53.00888154260666
88,90.00989759122619,53.0119973411468
88,90.00882537350428,53.01211947001808
88,90.00926161333699,53.01080804278289
88,90.00868924996126,53.012648822979294
88,90.00702748582725,53.01063075618805
88,90.00842114929866,53.00762946887441
88,90.00651274521296,53.00900950403146
88,90.01168348738715,53.00806051573293
88,90.01126771559035,53.01131388756224
88,90.00551155358312,53.010712222778885
88,90.0065228977513,53.00767901084999
88,90.00804633915394,53.00770771772849
88,90.01082360728142,53.00679262950844
88,90.01147239475574,53.00862869126007
88,90.00914218576483,53.010183994614664
88,90.00727388195963,53.01233557773231
88,90.00715975563946,53.009026649589856
88,90.00632319626978,53.006680754480705
88,90.00785630043394,53.00825310579455
88,90.01060051566448,53.008928615722674
88,90.01200736733664,53.00983918701116
88,90.00950964669791,53.00905479890094
88,90.0076935032442,53.005746059777834
88,90.00551155358312,53.010712222778885
88,90.00892219472772,53.008640828552764
88,90.00629267125066,53.0101649361853
88,90.00727388195963,53.01233557773231
88,90.01161962076802,53.008518479113576
88,90.01026902522182,53.00830728505464
88,90.00507954221328,53.009072059744064
88,90.0118458442349,53.01051378982627
88,90.00582729894754,53.00775633638973
89,89.99963045887472,52.99376013733633
89,90.00084364145307,53.000418152998144
89,90.00015675897319,53.00222737278985
89,89.9994851413404,52.98724657474311
89,90.00083181503976,52.9991357103383
89,90.00147028334158,53.00124248129545
89,89.99970163362526,52.9932699262934
89,89.99912238295602,52.989172156825276
89,90.0009204519856,53.00279059822471
89,90.00017529823818,52.98836690459547
89,89.99885371192832,52.98997393026228
89,90.00096409183955,52.98992798091703
89,89.9994851413404,52.98724657474311
89,89.9989550197804,52.988552383543414
89,90.00020461917016,52.988331274111
89,90.00098258611395,52.998273124128076
89,90.00122303466935,53.00428423407981
89,90.00055939954515,53.003762310752506
89,90.00083197322991,52.991421757438744
89,89.99992606708263,52.99517542618059
89,90.00038179491973,52.987076888084644
89,90.00001763914591,53.00413344241555
89,90.00077711825955,52.994762394627166
89,90.0007967734773,52.987611602002794
89,89.99991523656553,52.99210599378995
89,90.00168110260375,53.00243394793951
89,90.00089066578288,52.99284112106091
89,90.00077636287998,52.995807036160585
89,90.00016989548527,52.9861875154004
89,89.99885734295562,52.988443558366654
89,90.00097458426248,52.98989168503094
89,90.00080363565571,52.99186358625182
89,89.99901276329715,52.9904853186348
89,90.00073677841388,53.0037926039272
89,90.00149330006072,53.002561322709305
89,89.9999775325953,52.98686061039864
89,89.99951340998611,52.98704823398363
89,89.99938177285166,52.9918293629832
89,90.00083181503976,52.9991357103383
89,90.00045675016081,53.004590949550554
89,90.0005287290946,52.99605660114278
89,90.00064467381105,53.00268172200324
89,90.00068154830726,53.00470300495196
89,89.99885734295562,52.988443558366654
89,90.00173621642543,53.00461484455235
89,90.00009712877511,53.0052310685595
89,90.00073677841388,53.0037926039272
89,90.0007967734773,52.987611602002794
89,90.00147028334158,53.00124248129545
89,90.00073677841388,53.0037926039272
89,90.00066262064783,52.993505967249405
89,90.00080363565571,52.99186358625182
89,90.00090410288234,53.00584772962915
89,90.00173621642543,53.00461484455235
89,89.99885734295562,52.988443558366654
89,90.00090410288234,53.00584772962915
89,90.00024180839385,53.00341263622436
89,90.00045317329743,52.98674553624974
89,90.00058259860242,53.00654821276701
89,90.00040094221052,53.002128302990165
89,90.0003743461921,52.99056119033014
89,90.0004337218661,53.000289993752155
89,90.00011319266308,52.9958858384395
89,90.00004811019414,53.003556213558646
89,89.99964711704189,52.993411370081546
89,89.9996225376978,52.99938676124005
89,90.00073846876752,52.99321463763882
89,90.00089094648365,53.0044751973153
89,90.00038338299218,53.00404321457664
89,90.0005026868037,52.99563751934289
89,90.0011256805601,53.00305381859263
89,89.99995722106762,53.00169014547985
89,90.0005026868037,52.99563751934289
89,90.00090410288234,53.00584772962915
89,90.00038559511229,52.990817591835594
89,89.99985187093961,52.998719245125635
89,89.99991523656553,52.99210599378995
89,90.00064467381105,53.00268172200324
89,90.00015675897319,53.00222737278985
90,89.99281341403362,53.00176640843958
90,89.99068265848149,53.00159508362272
90,89.99172455555389,53.001320445289885
90,89.99461129612949,52.99956128166854
90,89.9900862021618,53.00007225610164
90,89.98977581535316,52.99965407468492
90,89.99479892865249,53.00129748620966
90,89.99355210077935,52.999795034911976
90,89.99024538271307,52.99727988675341
90,89.991110318773,53.00053767141022
90,89.99022070782512,52.99664186387466
90,89.99205667605268,52.99733743068182
90,89.98895680414661,52.99793494688648
90,89.9949239348121,53.00116062545789
90,89.99169825027124,52.99729900752445
90,89.9897604326167,52.99901106195323
90,89.99101410452701,53.0003305484716
90,89.98968335922781,52.99944201570243
90,89.99201862333454,53.000097503837424
90,89.99602755347402,52.99853603229138
90,89.98993177570931,52.9987963993148
90,89.9916721066767,53.0012030344608
90,89.99506457103742,52.999434749919835
90,89.99360944254933,53.001502663347644
90,89.9941670394989,52.995609158174325
90,89.99125512525033,52.997679049395714
90,89.98979525306747,52.998179231514676
90,89.99496396102478,52.997006197529025
90,89.99104215066356,52.99812859915879
90,89.99274002449351,53.000958555163734
90,89.99270862450226,52.99848013046469
90,89.9893198955388,53.00019115852414
90,89.99227427267896,52.99545765952424
90,89.99472777374683,53.001110150888685
90,89.99549174170677,52.99909486468974
90,89.99539835125131,52.996976641100495
90,89.99365632300277,53.00021747112918
90,89.9900658879768,52.9977836752342
90,89.99351659493475,53.002010432457055
90,89.99101686641791,52.996221406529514
90,89.99202219710428,53.00221225625624
90,89.99365632300277,53.00021747112918
90,89.99485072307732,52.99924506339615
90,89.99091304472869,52.999007862699045
90,89.99007970854574,53.001045297339076
90,89.99412685542364,53.000284315962105
90,89.99274002449351,53.000958555163734
90,89.99365632300277,53.00021747112918
90,89.9900862021618,53.00007225610164
90,89.99506457103742,52.999434749919835
90,89.99091304472869,52.999007862699045
90,89.99201862333454,53.000097503837424
90,89.99104215066356,52.99812859915879
90,89.99456766457685,53.0002894174225
90,89.99506457103742,52.999434749919835
90,89.99142499973993,52.99866741815907
90,89.99120382756483,53.00011330000492
90,89.99187627577109,52.99615479626046
90,89.99551427908281,52.9989163133489
90,89.99551427908281,52.9989163133489
90,89.99506325892388,53.00067046822972
90,89.99440954821561,52.996787262285004
90,89.99119162723795,53.00136489554729
90,89.99529713694238,53.000584214975426
90,89.99424362323225,52.997701438128935
90,89.9916595891387,52.99729113006473
90,89.99355210077935,52.999795034911976
90,89.99172455555389,53.001320445289885
90,89.993235975429,52.99556947026002
90,89.99602755347402,52.99853603229138
90,89.98895680414661,52.99793494688648
90,89.99529713694238,53.000584214975426
90,89.991110318773,53.00053767141022
90,89.99167478432976,52.999153975088525
90,89.9897604326167,52.99901106195323
90,89.98895680414661,52.99793494688648
90,89.99352791498313,52.99984258123369
90,89.99557833525249,52.99780391444938
90,89.99557833525249,52.99780391444938
90,89.99484801719868,52.9960973194527
90,89.9928279561988,52.99904239372531
90,89.9912835361717,53.00201473400512
90,89.9944328965979,52.99928866497905
90,89.9912835361717,53.00201473400512
90,89.9916721066767,53.0012030344608
90,89.99021864255533,52.998155319076574
90,89.99267238039049,52.996700255503555
90,89.98968335922781,52.99944201570243
90,89.99194264503585,52.99932210007016
90,89.98895680414661,52.99793494688648
90,89.99007970854574,53.001045297339076
90,89.99468977400738,52.99688106023683
90,89.99267238039049,52.996700255503555
90,89.99424204839572,52.99606819812592
90,89.99007970854574,53.001045297339076
90,89.99091304472869,52.999007862699045
90,89.99043328346073,52.99989957375257
90,89.99145933082332,52.99857108971792
90,89.99049939001404,53.000713332873026
90,89.99461129612949,52.99956128166854
90,89.99202219710428,53.00221225625624
90,89.99267238039049,52.996700255503555
90,89.9916595891387,52.99729113006473
90,89.99238653850121,52.99513050790796
90,89.99551427908281,52.9989163133489
91,90.00620601719329,53.007469810990486
91,90.00215666984269,53.006665226579024
91,90.00246012170192,53.007229197881855
91,90.00457227846405,53.00311399866254
91,90.00632319626978,53.006680754480705
91,90.00172807807637,53.00556295304552
91,90.00461910132333,53.008303968831605
91,90.00171415808931,53.00659720219067
91,90.0024883276074,53.00696029420158
91,90.00529098017618,53.00381831414371
91,90.00279375721746,53.00568664191161
91,90.00325054012285,53.00295832211413
91,90.0028079082302,53.00877486008703
91,90.00404625720512,53.00498640264148
91,90.00236897182425,53.00757265935063
91,90.00245530292176,53.00474759719093
91,90.00408532781226,53.008759740631824
91,90.00509623816697,53.00846224748899
91,90.00288513356985,53.00614713883234
91,90.00177789313723,53.002866982160086
91,90.00523443714503,53.00692012148029
91,90.00529098017618,53.00381831414371
91,90.00244105599812,53.008224283887586
91,90.00232874162829,53.00435761325602
91,90.00083389480108,53.00598215868858
91,90.00269463600335,53.00495631653235
91,90.0030546426884,53.006755500145
91,90.00360902304215,53.00613514008939
91,90.00366369904835,53.00781207452631
91,90.00275664569625,53.002932507561056
91,90.0030546426884,53.006755500145
91,90.00185109171315,53.004733357170636
91,90.00132597909632,53.00743472415643
91,90.004919135938,53.004970244259006
91,90.00388091485814,53.00339954853962
91,90.00052716976953,53.00561039236478
91,90.0021416834793,53.00611962154352
91,90.00365446287974,53.005087084232684
91,90.0024883276074,53.00696029420158
91,90.00359566935673,53.00524710128028
91,90.00366369904835,53.00781207452631
91,90.00461910132333,53.008303968831605
91,90.00209963482277,53.00332738805057
91,90.00519293641054,53.007643759934524
91,90.00371745448915,53.00323980466158
91,90.00279375721746,53.00568664191161
91,90.00573233244785,53.00480130128614
91,90.00360902304215,53.00613514008939
91,90.00309838905478,53.00536153911062
91,90.00618025057096,53.00685289004629
91,90.00400202282337,53.002822380915006
91,90.00138697697308,53.00759782806385
91,90.00085824228739,53.00597313330499
91,90.00370661443618,53.00318809873809
91,90.00191842964288,53.003055635916034
91,90.00057219316987,53.00518324138064
91,90.00089094648365,53.0044751973153
91,90.00582729894754,53.00775633638973
91,90.00317115085927,53.00290373524798
91,90.00103278506066,53.00643605775894
91,90.00245530292176,53.00474759719093
91,90.00217987912455,53.00267946702313
91,90.00568710474579,53.00510273340425
91,90.0019217334148,53.008073700253185
91,90.00642245026496,53.00542055443343
91,90.00461017850556,53.00345209933816
91,90.0040631299269,53.00868394640012
91,90.00279375721746,53.00568664191161
91,90.00370661443618,53.00318809873809
91,90.00009712877511,53.0052310685595
91,90.0021416834793,53.00611962154352
91,90.0005411444071,53.004596923065876
91,90.0040631299269,53.00868394640012
91,90.00339075443544,53.00444183590314
91,90.0030546426884,53.006755500145
91,90.00272009369228,53.00530969650398
91,90.00568710474579,53.00510273340425
91,90.00121038965267,53.00571715027503
91,90.00279375721746,53.00568664191161
91,90.00089094648365,53.0044751973153
91,90.00598747962123,53.00556422406526
92,90.01007505552278,53.01337732740453
92,90.01199207123996,53.013133090582954
92,90.01221260636521,53.008318733636784
92,90.00812205293666,53.008467180091124
92,90.00724859004568,53.011088631957286
92,90.01294407454037,53.00848155223656
92,90.01031223174449,53.00815917210993
92,90.01089260857935,53.00840609358835
92,90.01078056135705,53.013228774763576
92,90.01309194269142,53.010427316324346
92,90.01117594295073,53.00947586398151
92,90.00837636742965,53.007138997769786
92,90.01146419308137,53.00790835529021
92,90.00734526429302,53.00996384411729
92,90.00958072339048,53.007439215148004
92,90.01315162789932,53.01124410761982
92,90.01161985401237,53.01117719536034
92,90.011310230645,53.012170838997854
92,90.00915667500401,53.007086407615304
92,90.01045424192006,53.01127804055364
92,90.00950964669791,53.00905479890094
92,90.00786123037037,53.008705267259984
92,90.00842114929866,53.00762946887441
92,90.01113353771481,53.01213778878517
92,90.00914136097416,53.00904463903587
92,90.01012713930496,53.010420656898035
92,90.01105481070722,53.01109328152022
92,90.01147239475574,53.00862869126007
92,90.00767276575687,53.00974329106278
92,90.00868924996126,53.012648822979294
92,90.01299829333547,53.01238681899558
92,90.01259968930202,53.01100624436908
92,90.00687826419937,53.00933981063791
92,90.00947906085887,53.008902937848674
92,90.00842991769484,53.011526911775405
92,90.01351034078681,53.01111850965159
92,90.00950964669791,53.00905479890094
92,90.01097765656868,53.00709778014758
92,90.01314325937219,53.011769045343186
92,90.00724859004568,53.011088631957286
92,90.00799647166501,53.00775495930912
92,90.01007505552278,53.01337732740453
92,90.01377587967139,53.010334473685255
92,90.01232854239065,53.01263425402983
92,90.01147239475574,53.00862869126007
92,90.00907198956789,53.01225870746869
92,90.00837636742965,53.007138997769786
92,90.0123741845033,53.01100477805333
92,90.01031715685765,53.01289575009221
92,90.01200736733664,53.00983918701116
92,90.00872478725137,53.00941388452528
92,90.00914136097416,53.00904463903587
92,90.00650887652017,53.009530564229166
92,90.0123162188024,53.00907990729499
92,90.01335853366555,53.00996892165791
92,90.01121923809308,53.00875917967012
92,90.00870737710896,53.01201758667774
92,90.0075186441397,53.00995916504124
92,90.01031715685765,53.01289575009221
92,90.00817028299265,53.00970109769381
92,90.01186800747388,53.01086882739613
92,90.01141069169658,53.01199475926226
92,90.00957040398066,53.01314671749388
92,90.00926270766408,53.0113513307386
92,90.01284965975829,53.00837328830532
92,90.01031223174449,53.00815917210993
92,90.00927900096892,53.010563978433915
92,90.01117594295073,53.00947586398151
92,90.01377587967139,53.010334473685255
92,90.00781494966893,53.007748693747565
92,90.00870295397718,53.010267455791464
92,90.0077189426657,53.009230478886856
92,90.00941337073351,53.01033130468344
92,90.01140751518663,53.01177887276438
92,90.00804633915394,53.00770771772849
92,90.00705736222189,53.010827525577376
92,90.00965864146765,53.01304165183263
92,90.01377587967139,53.010334473685255
92,90.00707380407185,53.00910968798788
92,90.00783786985446,53.00722806591945
92,90.01026902522182,53.00830728505464
92,90.00745728228335,53.00910988897978
92,90.01224095177903,53.01261863642415
92,90.01159197035368,53.006852028778084
92,90.00927900096892,53.010563978433915
92,90.01031223174449,53.00815917210993
92,90.0067255441932,53.00982571355255
92,90.01227577482568,53.00768584716136
92,90.00745728228335,53.00910988897978
92,90.01258492356958,53.01077845384237
92,90.01315162789932,53.01124410761982
92,90.00914136097416,53.00904463903587
92,90.00854355991832,53.01001171252185
92,90.00837636742965,53.007138997769786
92,90.00870737710896,53.01201758667774
92,90.00917601244423,53.01134550421588
92,90.01209267287906,53.00907668398822
92,90.01017783440976,53.01343136448065
92,90.01115421642083,53.00790883624727
92,90.01141069169658,53.01199475926226
92,90.01031223174449,53.00815917210993
92,90.01112921020827,53.00817366750792
92,90.00842114929866,53.00762946887441
92,90.00775631424122,53.00952965294339
92,90.00775631424122,53.00952965294339
92,90.01110983996848,53.00940112071909
92,90.01161985401237,53.01117719536034
92,90.0123162188024,53.00907990729499
92,90.01017783440976,53.01343136448065
92,90.01294407454037,53.00848155223656
92,90.0123741845033,53.01100477805333
92,90.00775631424122,53.00952965294339
92,90.01214795454645,53.00860132981698
92,90.00713972951205,53.01082256655464
93,90.0120612633023,53.005404945150524
93,90.01118513498936,53.00463451256139
93,90.00671902711622,53.0098066628026
93,90.01112921020827,53.00817366750792
93,90.01082360728142,53.00679262950844
93,90.00978389101624,53.00876400599305
93,90.00689052723672,53.00644288994636
93,90.01071585484145,53.00536573852877
93,90.01119025095676,53.005892415659275
93,90.0110951303839,53.00497250908811
93,90.01131323071947,53.00661939164644
93,90.01179293804086,53.005898695552936
93,90.00914136097416,53.00904463903587
93,90.01097765656868,53.00709778014758
93,90.00700392802429,53.008203098711036
93,90.00807654462864,53.00544254337426
93,90.0110951303839,53.00497250908811
93,90.00854324066194,53.00498042119145
93,90.0106599349632,53.0060134450394
93,90.00671902711622,53.0098066628026
93,90.00947906085887,53.008902937848674
93,90.0106599349632,53.0060134450394
93,90.00824125069128,53.00439847805396
93,90.00642245026496,53.00542055443343
93,90.00674786305842,53.005051006065
93,90.01164152097641,53.007459283723314
93,90.0103084575446,53.006430463172656
93,90.00745728228335,53.00910988897978
93,90.01146403297693,53.00560916457459
93,90.01119025095676,53.005892415659275
93,90.00950964669791,53.00905479890094
93,90.0085751263342,53.005628547644136
93,90.01161962076802,53.008518479113576
93,90.01146419308137,53.00790835529021
93,90.00950964669791,53.00905479890094
93,90.00643995002578,53.00658761308371
93,90.00973728369053,53.00626079651123
93,90.0077189426657,53.009230478886856
93,90.0120668210147,53.00554958781297
93,90.00785630043394,53.00825310579455
93,90.01015611637006,53.00478624987201
93,90.00661342760466,53.00524688009254
93,90.01071585484145,53.00536573852877
93,90.00582729894754,53.00775633638973
93,90.00632319626978,53.006680754480705
93,90.00648133325721,53.00700562881037
93,90.00914218576483,53.010183994614664
93,90.01013814355976,53.005434774149826
93,90.01024061203591,53.007609822118255
93,90.00687826419937,53.00933981063791
93,90.00616553158382,53.00667485431816
93,90.01002704342885,53.004848279706124
93,90.01031223174449,53.00815917210993
93,90.00799647166501,53.00775495930912
93,90.00768909116225,53.006796825360034
93,90.00973728369053,53.00626079651123
93,90.0106599349632,53.0060134450394
93,90.01047983607117,53.00977172615248
93,90.0076935032442,53.005746059777834
93,90.00626138274204,53.00834863446245
93,90.01190744044264,53.00768349095424
93,90.00584921023545,53.00785862822909
93,90.00835320125874,53.00667664204176
93,90.00916865639738,53.00784520542072
93,90.0065228977513,53.00767901084999
93,90.00812205293666,53.008467180091124
93,90.00834209681933,53.00668462174175
93,90.01161962076802,53.008518479113576
93,90.00687826419937,53.00933981063791
93,90.00818722146117,53.009908009449404
93,90.01158456499952,53.00451104190411
93,90.00941337073351,53.01033130468344
93,90.00815416295795,53.00512581057268
93,90.0077189426657,53.009230478886856
93,90.00689052723672,53.00644288994636
93,90.01098099134109,53.00442666671183
93,90.00643995002578,53.00658761308371
93,90.00781494966893,53.007748693747565
93,90.00854324066194,53.00498042119145
93,90.00729083226842,53.00570706798414
93,90.00786123037037,53.008705267259984
93,90.00768909116225,53.006796825360034
93,90.01047497513026,53.008875170307945
93,90.0067255441932,53.00982571355255
94,90.00260803198475,53.010248285019586
94,90.0030546426884,53.006755500145
94,90.00662231733988,53.010601478732866
94,90.00649956783306,53.01067256599637
94,90.0017504226595,53.009056706110435
94,90.00789946538531,53.01092944428904
94,90.00691224231839,53.00812288288356
94,90.00707380407185,53.00910968798788
94,90.00651274521296,53.00900950403146
94,90.00775631424122,53.00952965294339
94,90.00493983784058,53.01246449476323
94,90.00368867922765,53.010732115716436
94,90.0047788450219,53.012120134049205
94,90.00591714709849,53.00793206972149
94,90.00234879822439,53.009531641251876
94,90.00408532781226,53.008759740631824
94,90.00408243887355,53.012691579354325
94,90.00390273008351,53.00798935388429
94,90.0024883276074,53.00696029420158
94,90.00478271319193,53.007375885316854
94,90.0062490835669,53.00783844329592
94,90.00399843729816,53.00646470828659
94,90.00551155358312,53.010712222778885
94,90.00494720576172,53.00683193094233
94,90.0053770559336,53.00957875298336
94,90.00530115674901,53.012933700808645
94,90.00408532781226,53.008759740631824
94,90.00745728228335,53.00910988897978
94,90.00700392802429,53.008203098711036
94,90.00703209282277,53.009245744960644
94,90.00662231733988,53.010601478732866
94,90.00430181969101,53.01279629711561
94,90.00455812251158,53.00891140664597
94,90.00591511944342,53.00985430949697
94,90.00408532781226,53.008759740631824
94,90.00178163785728,53.00930190976088
94,90.00788362283217,53.01085015230343
94,90.00662231733988,53.010601478732866
94,90.00368446244296,53.01193727141702
94,90.00549329593098,53.01216796029967
94,90.00462061426938,53.008275773393784
94,90.0039891777361,53.01018813671925
94,90.0062490835669,53.00783844329592
94,90.00523443714503,53.00692012148029
94,90.00641804509263,53.009846637984595
94,90.00700392802429,53.008203098711036
94,90.0075186441397,53.00995916504124
94,90.0045664048226,53.01146043434679
94,90.0044741202334,53.01100594596896
94,90.00461910132333,53.008303968831605
94,90.00318207013339,53.00869176596601
94,90.00246012170192,53.007229197881855
94,90.0040631299269,53.00868394640012
94,90.0045664048226,53.01146043434679
94,90.00227415238123,53.011347543341856
94,90.00686673616455,53.01069884831917
94,90.00313050754121,53.009102568484074
94,90.00462061426938,53.008275773393784
94,90.00352270232166,53.0076788961445
94,90.0019897198807,53.010619753610165
94,90.00421277158613,53.00954876719143
94,90.00734526429302,53.00996384411729
94,90.0028079082302,53.00877486008703
94,90.00231616731065,53.00817081224418
94,90.0045664048226,53.01146043434679
94,90.0059354309053,53.01281966822944
94,90.00648029662732,53.01103805730218
94,90.00330060886236,53.009574963137524
94,90.00724859004568,53.011088631957286
94,90.00300224632493,53.00947968592712
94,90.00209620668774,53.008464773462485
94,90.00671902711622,53.0098066628026
94,90.00408532781226,53.008759740631824
94,90.00629267125066,53.0101649361853
94,90.00313050754121,53.009102568484074
94,90.00461910132333,53.008303968831605
94,90.00419903783343,53.0082971709145
94,90.00507074657921,53.00688491793502
94,90.0028079082302,53.00877486008703
94,90.00197557158155,53.009266771959446
94,90.00178163785728,53.00930190976088
94,90.0028079082302,53.00877486008703
94,90.00178277380827,53.00727941143838
94,90.00651374736846,53.00949607234567
94,90.00329705264998,53.01194462075688
94,90.00570963575474,53.01148962662974
94,90.0019217334148,53.008073700253185
94,90.00496196109333,53.008411087304836
94,90.0053770559336,53.00957875298336
94,90.00591511944342,53.00985430949697
94,90.0050727901227,53.010316183488385
94,90.00244611325006,53.00825055416317
94,90.00197557158155,53.009266771959446
94,90.0065228977513,53.00767901084999
94,90.00494720576172,53.00683193094233
94,90.00507074657921,53.00688491793502
94,90.0017504226595,53.009056706110435
94,90.00424458722975,53.00947349017692
94,90.0024883276074,53.00696029420158
94,90.00244105599812,53.008224283887586
94,90.00392586719389,53.012141361796665
94,90.00788362283217,53.01085015230343
94,90.00239064730238,53.01055188102509
94,90.00668859835616,53.0108569710534
94,90.00641804509263,53.009846637984595
94,90.00493983784058,53.01246449476323
94,90.00620601719329,53.007469810990486
94,90.00668859835616,53.0108569710534
94,90.00455812251158,53.00891140664597
94,90.0039891777361,53.01018813671925
94,90.00519293641054,53.007643759934524
94,90.00438089909434,53.01009101054671
94,90.00438089909434,53.01009101054671
94,90.00523443714503,53.00692012148029
94,90.00530052096408,53.00960382401067
95,89.99520530394082,52.995940109492345
95,89.99611379618241,52.998251097467474
95,89.99862612938568,53.00138665891566
95,89.99762693400308,52.996737191378806
95,89.99607984323573,53.00220896945912
95,89.99355210077935,52.999795034911976
95,89.99543970742222,52.99864677541959
95,89.99461129612949,52.99956128166854
95,89.9944328965979,52.99928866497905
95,89.99610938285821,52.999522568091464
95,89.99965913195305,53.00077680764581
95,89.99471869401168,53.00223687306592
95,89.99752574055312,52.999919984942444
95,89.99520530394082,52.995940109492345
95,89.99929789834437,53.00087145827391
95,89.99721674851041,53.003274249832316
95,89.99659612870373,53.00223603300427
95,89.99783901898847,53.00115827860977
95,89.99290978495002,52.99697840718743
95,89.99765157674122,53.003016073895324
95,89.99646163607056,52.99844438497888
95,89.99549723460218,52.998694374293045
95,89.99461129612949,52.99956128166854
95,89.99720591922903,52.997445660954625
95,89.99844677255231,53.001741089493144
95,89.99290978495002,52.99697840718743
95,89.99963767369407,53.00159025540288
95,89.99571599702008,53.000502217849096
95,89.99715120419745,53.00027371171244
95,89.99752574055312,52.999919984942444
95,89.99471869401168,53.00223687306592
95,89.99714379449482,52.99721408955471
95,89.9994137508698,52.998964162113836
95,89.99847042657419,53.001305880990195
95,89.99767625468887,52.9985342301813
95,89.99965913195305,53.00077680764581
95,89.99714379449482,52.99721408955471
95,89.9980796207046,53.003063215310306
95,89.99714379449482,52.99721408955471
95,89.99468977400738,52.99688106023683
95,89.99810444977877,52.99903434893045
95,89.9952003798039,53.00137469774869
95,89.99365632300277,53.00021747112918
95,89.99461129612949,52.99956128166854
95,89.99576495447872,53.00230355435011
95,89.99544069308253,53.00261422729468
95,89.99544069308253,53.00261422729468
95,89.99917217745609,53.001925409249544
95,89.99906534541987,52.99915994646041
95,89.99602755347402,52.99853603229138
95,89.99693644866522,53.0025896045845
95,89.99505440906037,52.997129842701305
95,89.99456766457685,53.0002894174225
95,89.99757279497692,52.99957614802619
95,89.99982801162176,53.000386436907604
95,89.9980523318768,53.00249386330065
95,89.99707004315954,52.99634552832492
95,89.99529713694238,53.000584214975426
95,89.99670120776446,52.998628658020614
95,89.99544069308253,53.00261422729468
95,89.99592093975802,52.99642338712994
95,89.99398516992937,52.99628963300287
95,89.99646163607056,52.99844438497888
95,89.99479892865249,53.00129748620966
95,89.99672122234642,52.99615488864032
95,89.99549174170677,52.99909486468974
95,89.99509675087508,53.00146567326411
95,89.99496396102478,52.997006197529025
95,89.99305658317084,52.99889302652334
95,89.99833593799339,53.001866302557566
95,89.99919310805005,53.002232422452344
95,89.99538450475896,52.99605039303809
95,89.9988614753589,52.9981707263538
95,89.99365632300277,53.00021747112918
95,89.99811160516208,53.0030942207225
95,89.99607984323573,53.00220896945912
95,89.99293607538178,52.9995072893289
95,89.99481468538664,52.99782860886406
95,89.99349056239383,52.99716418234905
95,89.99412596745002,52.99830283266291
96,90.00692706666406,53.01074721217571
96,90.00872478725137,53.00941388452528
96,90.00958072339048,53.007439215148004
96,90.01251560682297,53.01083224395811
96,90.01203437627902,53.011407647461525
96,90.01335853366555,53.00996892165791
96,90.01177311063589,53.010345907392896
96,90.01141069169658,53.01199475926226
96,90.0093044772682,53.00882102962839
96,90.00926161333699,53.01080804278289
96,90.01322764804975,53.009767271729636
96,90.01097765656868,53.00709778014758
96,90.01266238900001,53.01126138177857
97,89.99281341403362,53.00176640843958
97,89.99468977400738,52.99688106023683
97,89.99202219710428,53.00221225625624
97,89.99412596745002,52.99830283266291
97,89.9924368333021,53.00204936969999
97,89.99267238039049,52.996700255503555
97,89.99357744460475,52.99953735632731
97,89.9895109612007,52.99705421737558
97,89.98995825150566,53.000860591616735
97,89.99091304472869,52.999007862699045
97,89.99299298257013,53.002002363638624
97,89.99022070782512,52.99664186387466
97,89.99194264503585,52.99932210007016
97,89.993235975429,52.99556947026002
97,89.99160220876487,53.00039857524652
97,89.99167478432976,52.999153975088525
97,89.99398516992937,52.99628963300287
97,89.99017154991218,53.0000006611203
97,89.9917672046741,52.99824783828257
97,89.9902719695182,53.001493324077536
97,89.9916721066767,53.0012030344608
97,89.99570068381199,52.99906964197814
97,89.99171623354351,52.997569828414605
97,89.99293607538178,52.9995072893289
97,89.99008684642234,52.99949204553024
97,89.99322040443865,53.00218665585929
97,89.98995825150566,53.000860591616735
97,89.99205667605268,52.99733743068182
97,89.98979525306747,52.998179231514676
97,89.99280559250082,52.999660958880106
97,89.99107576140362,52.99605228195692
97,89.98972688522599,52.996841725903
97,89.99047071729757,52.99679310291051
97,89.99072499179277,52.99860924480453
97,89.99337759152337,52.99756409472855
97,89.99495319704525,52.99862474819029
97,89.99202219710428,53.00221225625624
97,89.99299298257013,53.002002363638624
97,89.99472777374683,53.001110150888685
97,89.9910946972151,53.0001328563896
97,89.99117616536654,52.99905228378605
97,89.99570068381199,52.99906964197814
97,89.99484801719868,52.9960973194527
97,89.99473867339233,52.99933431223858
97,89.99125512525033,52.997679049395714
97,89.98931141402403,52.99702388328688
97,89.98979525306747,52.998179231514676
97,89.99513362452157,52.99801442174684
97,89.9900658879768,52.9977836752342
97,89.99281341403362,53.00176640843958
97,89.99026353704592,52.99880695676413
97,89.99389488789856,53.00077699280444
97,89.98995825150566,53.000860591616735
97,89.99187627577109,52.99615479626046
97,89.99181568929971,52.99763226430685
97,89.9912835361717,53.00201473400512
97,89.9927889666636,52.99633824368317
97,89.99281341403362,53.00176640843958
97,89.99174262403511,52.999368752464115
97,89.9931559562142,52.99831081267604
97,89.99234920975313,52.998706115187
97,89.98924737710614,52.99905684561352
97,89.9912835361717,53.00201473400512
97,89.99406459202275,52.99747482024674
97,89.99081796581142,52.99672504411567
97,89.98977581535316,52.99965407468492
97,89.99584483331591,52.99919933328322
97,89.99148237242316,52.99687210748847
98,89.99765157674122,53.003016073895324
98,89.99471932311003,53.001826898940045
98,89.99672122234642,52.99615488864032
98,89.99546193125532,53.00228551776993
98,89.9937639846663,53.00010256377118
98,89.99707004315954,52.99634552832492
98,89.99440954821561,52.996787262285004
98,89.99833593799339,53.001866302557566
98,89.99929789834437,53.00087145827391
98,89.99447706414338,53.00147959416799
98,89.99863418759047,53.00098826507193
98,89.99828761860826,52.9991849117722
98,89.99889268877457,53.00211838334006
98,89.99674707151705,53.000147814243064
98,89.9980523318768,53.00249386330065
98,89.99456982061349,53.00132390089416
98,89.99322269661448,53.000485474443536
98,89.99322269661448,53.000485474443536
98,89.99352791498313,52.99984258123369
98,89.99715120419745,53.00027371171244
98,89.99848230640906,53.00271569239475
98,89.99670120776446,52.998628658020614
98,89.99734423531493,52.99692067757427
98,89.99756541398463,52.9994556091613
98,89.99651558028826,53.001094644697666
98,89.99539835125131,52.996976641100495
98,89.99509675087508,53.00146567326411
98,89.99693644866522,53.0025896045845
98,89.99412596745002,52.99830283266291
98,89.99520530394082,52.995940109492345
98,89.99576495447872,53.00230355435011
98,89.99349056239383,52.99716418234905
98,89.99767625468887,52.9985342301813
98,89.99734423531493,52.99692067757427
98,89.99447391446388,52.99801748579314
98,89.99877522829351,53.001859207336985
98,89.99592093975802,52.99642338712994
98,89.99692382022543,53.00267643128679
98,89.9980796207046,53.003063215310306
98,89.99485072307732,52.99924506339615
98,89.99576683798239,52.99946222626725
98,89.9977907853363,53.00289816423395
98,89.99352791498313,52.99984258123369
98,89.99570068381199,52.99906964197814
98,89.99557833525249,52.99780391444938
98,89.99756541398463,52.9994556091613
98,89.99837749951647,52.99871962919558
98,89.99559925481644,53.000757043982865
98,89.99681941852461,53.00151488221798
98,89.99471869401168,53.00223687306592
98,89.99479892865249,53.00129748620966
98,89.99447391446388,52.99801748579314
98,89.99718235546499,52.999443218476316
98,89.9944328965979,52.99928866497905
98,89.99765157674122,53.003016073895324
98,89.9953131903657,53.00015066890001
98,89.99916536265219,53.000677426024446
98,89.99412596745002,52.99830283266291
98,89.99674707151705,53.000147814243064
98,89.9949239348121,53.00116062545789
98,89.99642394618775,52.99837107971123
98,89.99472777374683,53.001110150888685
98,89.99337759152337,52.99756409472855
98,89.99602755347402,52.99853603229138
98,89.99833747309734,53.001236997204735
98,89.99659612870373,53.00223603300427
98,89.99653147477261,52.99612954494365
98,89.99652799646809,52.99798786419053
98,89.99664877287364,52.997591305700794
98,89.99929789834437,53.00087145827391
98,89.99982801162176,53.000386436907604
98,89.99505440906037,52.997129842701305
98,89.99804971882051,53.00265781823215
98,89.99670120776446,52.998628658020614
98,89.9944328965979,52.99928866497905
98,89.99484801719868,52.9960973194527
98,89.99623721593093,52.997782631937895
98,89.99897265718131,52.998156906201935
98,89.99565919050418,52.996962261786926
98,89.99626229948468,52.99873160501405
98,89.99664877287364,52.997591305700794
98,89.99576495447872,53.00230355435011
98,89.99468977400738,52.99688106023683
98,89.99804357208151,53.00154908398606
98,89.99919310805005,53.002232422452344
98,89.99543970742222,52.99864677541959
98,89.99720591922903,52.997445660954625
98,89.99848230640906,53.00271569239475
98,89.99714379449482,52.99721408955471
98,89.99588257323944,52.99652014968168
98,89.9964029557755,52.99952382762277
98,89.99805779045803,52.997533296288644
98,89.99456982061349,53.00132390089416
98,89.99659612870373,53.00223603300427
98,89.99833747309734,53.001236997204735
99,89.99944832880102,53.00228191698699
99,90.0005536220116,52.99930758427722
99,89.99957043458049,52.98782502864124
99,90.00165943308299,53.00450309590979
99,89.99931789577465,52.98746512356712
99,90.0005411444071,53.004596923065876
99,89.99995942162184,52.99562729512004
99,90.00147028334158,53.00124248129545
99,90.00058448533527,52.99847766171347
99,90.00056553438074,53.001547525431974
99,90.00095689729417,53.00371685083536
99,90.00139021980623,53.00140363796154
99,90.00072779796412,52.990430079501564
99,90.00038033993351,52.9868768041706
99,90.00136584932531,53.00127507062816
99,90.00047082112545,52.987751807948555
99,90.00011319266308,52.9958858384395
99,90.00116360905214,53.00647250766363
99,90.00068859621418,52.990777663176694
99,90.00173621642543,53.00461484455235
99,90.00173621642543,53.00461484455235
99,89.99939307314719,52.98627348089108
99,90.00149330006072,53.002561322709305
99,90.00145118935177,53.001093822931615
99,90.00055939954515,53.003762310752506
99,90.00083197322991,52.991421757438744
99,90.00102843741459,53.000159075746424
99,89.9995805834071,53.00267637535974
99,90.00050372410914,53.000973209706196
99,90.00139021980623,53.00140363796154
99,90.0001254797013,53.001173876190634
99,90.00009712877511,53.0052310685595
99,90.00053580549637,53.00118031401274
99,89.99992606708263,52.99517542618059
99,90.00085824228739,53.00597313330499
99,90.00135515703576,53.00091082572429
99,89.99997866718135,52.99481822242869
99,90.00076624249246,52.99063728417729
99,90.0007967734773,52.987611602002794
99,89.99939967525064,53.00285048116318
99,90.00045317329743,52.98674553624974
99,90.00136584932531,53.00127507062816
99,89.99885734295562,52.988443558366654
99,90.0011256805601,53.00305381859263
99,90.00056398569919,52.98821071442257
99,90.00051565609763,52.99570944797662
99,90.0005536220116,52.99930758427722
99,90.00173621642543,53.00461484455235
99,89.99927968062563,52.98777393758209
99,90.0004148599216,52.987559454032024
99,90.00078601294807,53.00477353257518
99,90.0005536220116,52.99930758427722
99,90.0001254797013,53.001173876190634
99,90.0005536220116,52.99930758427722
99,89.99995722106762,53.00169014547985
99,90.00086191141342,53.00158981451327
99,90.0002218610913,53.000634630334055
99,90.00039269907849,53.00589108259515
99,90.00055939954515,53.003762310752506
99,89.99941624956811,53.003055935847506
99,89.99884117239725,52.988533415769616
99,90.00073846876752,52.99321463763882
99,90.00098258611395,52.998273124128076
99,89.9996225376978,52.99938676124005
99,90.0001254797013,53.001173876190634
99,90.00173621642543,53.00461484455235
99,90.00045675016081,53.004590949550554
99,89.99985187093961,52.998719245125635
100,90.00652296775259,53.00839542144617
100,90.00455812251158,53.00891140664597
100,90.00625756019897,53.0100106847806
100,90.00686673616455,53.01069884831917
100,90.01031223174449,53.00815917210993
100,90.00781494966893,53.007748693747565
100,90.00692706666406,53.01074721217571
100,90.00978389101624,53.00876400599305
100,90.00767428355765,53.007407877525054
100,90.00951578504454,53.01260956686585
100,90.00686673616455,53.01069884831917
100,90.00651374736846,53.00949607234567
100,90.0047067230788,53.00847767747279
100,90.00961971894412,53.01082303168573
100,90.0058976840852,53.007716540023274
100,90.00813725387124,53.00995321600268
100,90.00519424158679,53.00959737343302
100,90.00629267125066,53.0101649361853
100,90.0065228977513,53.00767901084999
100,90.00799647166501,53.00775495930912
100,90.00882537350428,53.01211947001808
100,90.00842991769484,53.011526911775405
100,90.00651274521296,53.00900950403146
100,90.0068983396371,53.01170326302074
100,90.0093044772682,53.00882102962839
100,90.0047067230788,53.00847767747279
100,90.00664651296427,53.007786699045774
100,90.00907198956789,53.01225870746869
100,90.00882537350428,53.01211947001808
100,90.0062490835669,53.00783844329592
100,90.00530052096408,53.00960382401067
100,90.01036582708623,53.0096194171087
100,90.00720400295879,53.006773466438055
100,90.00590495558518,53.00747771965218
100,90.00631837119415,53.00672499311187
100,90.00510240482342,53.00814557448331
100,90.00707380407185,53.00910968798788
100,90.00703209282277,53.009245744960644
100,90.0077189426657,53.009230478886856
100,90.00745728228335,53.00910988897978
100,90.00582729894754,53.00775633638973
100,90.00868924996126,53.012648822979294
100,90.0044741202334,53.01100594596896
100,90.0053368668668,53.010930622721595
100,90.00591511944342,53.00985430949697
100,90.00507074657921,53.00688491793502
100,90.00650887652017,53.009530564229166
100,90.01012713930496,53.010420656898035
100,90.00827377507262,53.01318082437204
100,90.00786123037037,53.008705267259984
100,90.00875669458897,53.006844706649105
100,90.0057277752814,53.009256154310975
100,90.00851795858516,53.010776833098134
100,90.00648133325721,53.00700562881037
100,90.0064288515697,53.00702345233807
100,90.00618025057096,53.00685289004629
100,90.0075186441397,53.00995916504124
100,90.0062490835669,53.00783844329592
100,90.00715975563946,53.009026649589856
100,90.00926270766408,53.0113513307386
100,90.01045424192006,53.01127804055364
100,90.0107005650554,53.009541891169334
100,90.0044741202334,53.01100594596896
100,90.00835320125874,53.00667664204176
100,90.00862807897308,53.01007841315832
100,90.00926161333699,53.01080804278289
100,90.00862807897308,53.01007841315832
100,90.00945467138662,53.01225902856125
100,90.01024061203591,53.007609822118255
100,90.0062490835669,53.00783844329592
100,90.00552198822334,53.01149055371833
100,90.00882537350428,53.01211947001808
100,90.00629946997998,53.00890820898131
100,90.0076152989384,53.013152539052335
100,90.0043841272277,53.00791529045172
100,90.0078552047665,53.012708561166036
100,90.00842991769484,53.011526911775405
100,90.00705736222189,53.010827525577376
100,90.00703209282277,53.009245744960644
100,90.00926161333699,53.01080804278289
100,90.00882537350428,53.01211947001808
100,90.00926161333699,53.01080804278289
100,90.00743710396979,53.01152338396992
100,90.00978389101624,53.00876400599305
100,90.00812205293666,53.008467180091124
100,90.01008820936222,53.008267732309186
100,90.00702748582725,53.01063075618805
101,90.00211401970627,52.99603714572807
101,90.00082946142892,52.97534636900077
101,90.02032418537723,52.99012423645781
101,89.98660792785276,53.00166011381585
101,89.99911123676233,53.02341519696037
101,90.01629874670499,53.0090694801375
101,90.01702216837974,53.00937756127948
101,89.98391351575812,53.0045510686728
101,90.01575517734538,52.99129928843934
101,89.98686948754508,52.993549009894984
101,89.99376724143455,53.011862928257
101,89.99397890060222,53.02272428338829
101,89.97624352766287,52.998873572459686
101,90.01958933519307,52.989441050840384
101,89.99266706762732,52.985284049388866
101,90.0122862977409,53.011766390934255
101,89.98365411167798,53.00182935563758
101,90.01334416525327,52.98312028069042
101,90.01582152641514,53.00723062971956
101,90.01479152849623,53.015359769293696
101,90.02226254059038,53.00077264107524
101,89.97871073510136,53.002829255528006
101,90.02073981678153,53.012122648190946
101,89.99372113353061,52.987446132331876
101,89.98649973302767,53.01730559175678
101,90.02354664216774,52.9970459789683
101,89.99261540207442,52.98510237465442
101,90.02032418537723,52.99012423645781
101,90.0001254797013,53.001173876190634
101,90.02354664216774,52.9970459789683
101,89.99344339032028,52.98696315734827
101,90.00661342760466,53.00524688009254
101,90.00269463600335,53.00495631653235
101,90.0120874644629,52.99611645765968
101,89.99962377015949,53.01998210709747
101,90.01275174614665,53.01742249229851
101,89.99291647097063,52.98462015560446
101,90.01322168801592,53.014968069230044
101,89.97673388917934,52.99818922685706
101,89.97757215677055,52.99076070101481
101,90.00677238643364,52.99494771065224
101,89.99372113353061,52.987446132331876
101,90.01361318815758,53.00548507524502
101,89.99344339032028,52.98696315734827
101,90.00205571483194,53.02239067484551
101,89.99889268877457,53.00211838334006
101,89.99980022569265,52.98397835165835
101,90.01248780130906,52.98891410786854
101,90.0060018267103,52.98150203576106
101,89.98206093493513,52.983373096374876
101,89.99092577595704,53.00178186900561
101,89.99571917573704,53.00614975749453
101,90.001202634575,53.00591976758058
101,90.01479152849623,53.015359769293696
101,89.98556025365305,52.992419740129414
101,89.97923770064385,52.99666565374713
101,90.0022368859455,52.98779527707233
101,89.97861997228858,53.004564705719176
101,90.00407163783288,52.99044624222816
101,90.01924035203749,52.99647335922166
101,89.99729546700443,53.00347952542074
101,90.00641677833494,52.98301348331642
101,89.99825781181987,52.97535112720455
101,90.00515047356683,52.979450278033866
101,89.99383394921401,52.99001060016061
101,90.00643754583743,52.97803265162554
101,90.00661342760466,53.00524688009254
101,89.97796846174211,52.99800582653646
101,89.99779666861741,53.006961481682914
101,90.01702216837974,53.00937756127948
101,89.99346133650936,53.011155075646805
101,89.98107162403252,52.999250959283984
101,89.98556025365305,52.992419740129414
101,89.99165721663134,53.00634664156741
101,90.00790289083753,52.97778008770468
101,90.01868939758361,52.99538864185539
101,90.02073981678153,53.012122648190946
101,89.99310441511335,52.984697304456205
101,89.99357944538835,53.02132163579651
101,89.98660792785276,53.00166011381585
101,89.9969465026144,52.9886068969166
101,89.99291647097063,52.98462015560446
101,89.98206093493513,52.983373096374876
101,89.9977752176713,53.0159786341862
101,89.99980022569265,52.98397835165835
101,89.9825509022372,52.99962428005048
101,89.9969465026144,52.9886068969166
101,89.99165721663134,53.00634664156741
101,89.99980022569265,52.98397835165835
101,89.9907749910263,53.01695691363471
101,90.01131323071947,53.00661939164644
101,89.97624352766287,52.998873572459686
101,90.01958933519307,52.989441050840384
101,90.00043236767429,53.007420080617344
101,90.00301776712145,53.00939826156195
101,90.00866931775973,52.979576374951726
101,89.99559063030652,53.02221759138822
101,90.0118277372277,52.99249531963591
101,90.01606925046438,53.016630453355035
101,90.01826601431554,53.016379584354716
101,90.0122862977409,53.011766390934255
101,89.9786518133262,53.0078171264776
101,89.97880285085125,52.988045485207174
101,89.99368425467779,53.02368028774761
101,90.01334416525327,52.98312028069042
101,89.97796846174211,52.99800582653646
101,90.01868939758361,52.99538864185539
101,90.01660114152021,52.99030625957047
101,89.99372291116235,52.98606686979244
101,89.98265943667994,52.99202090899771
101,89.99260569563631,53.00823905091866
101,90.0110959998039,52.983639661838716
101,89.9861586197834,53.00338613474076
101,90.0120874644629,52.99611645765968
101,89.98199278508189,53.01728857121523
101,89.99997746863987,52.97890930895613
101,89.99997746863987,52.97890930895613
101,89.99266706762732,52.985284049388866
101,90.0110959998039,52.983639661838716
102,89.99260569563631,53.00823905091866
102,90.02032418537723,52.99012423645781
102,89.99260569563631,53.00823905091866
102,89.98082576587497,53.005923241355404
102,89.98556025365305,52.992419740129414
102,89.98901559872223,53.01503770973572
102,90.0145617785895,53.00506062602861
102,90.02127864080063,53.00460337196672
102,90.00466846145954,53.00827083350837
102,90.00066549219144,53.017566601856615
102,89.99372113353061,52.987446132331876
102,90.00790289083753,52.97778008770468
102,89.99767976292841,53.02394908444083
102,89.99261540207442,52.98510237465442
102,89.99546364527836,52.976076072221694
102,90.0022368859455,52.98779527707233
102,90.00044664463431,52.99222069643398
102,90.01269047380043,53.01914553549672
102,89.99486977735025,52.994757228051775
102,90.01060051566448,53.008928615722674
102,90.01135639400653,52.98163968319257
102,89.98686948754508,52.993549009894984
102,90.0090007613331,52.991871860111836
102,90.02073981678153,53.012122648190946
102,89.98660792785276,53.00166011381585
102,89.99392109892105,53.00674851733828
102,90.02127864080063,53.00460337196672
102,90.00643754583743,52.97803265162554
102,90.01926877758538,53.014637052848755
102,89.99372113353061,52.987446132331876
102,90.00418275875883,52.995833690376706
102,90.0090007613331,52.991871860111836
102,89.9977752176713,53.0159786341862
102,89.99346133650936,53.011155075646805
102,89.99997746863987,52.97890930895613
102,90.020064535557,53.00671245544524
102,90.01582152641514,53.00723062971956
102,90.00078102838633,53.00732710092327
102,89.98229078864112,52.98512218856946
102,90.00613837593473,53.004712046016394
102,89.98512220770652,52.99845856275607
102,89.99092577595704,53.00178186900561
102,90.02032418537723,52.99012423645781
102,90.0060018267103,52.98150203576106
102,89.99344339032028,52.98696315734827
102,90.0119221959272,52.986280387649444
102,89.99077240350766,52.99000169186145
102,89.98977481307507,52.99010656699212
102,89.99911123676233,53.02341519696037
103,89.98149267192355,52.988158171444454
103,89.97835551517667,53.00112448911414
103,90.01575517734538,52.99129928843934
103,90.00205571483194,53.02239067484551
103,89.99427581948343,52.98768388031757
103,90.02267142937114,52.98997404760096
103,89.98230014508665,52.99665371155069
103,89.99372291116235,52.98606686979244
103,90.01269047380043,53.01914553549672
103,89.99937118296947,52.98245860968609
103,90.01050317964945,52.97779772769797
103,90.00082946142892,52.97534636900077
103,89.98109391921817,52.99659050203551
103,89.98376505640664,52.981561888662796
103,90.00301776712145,53.00939826156195
103,89.99266706762732,52.985284049388866
103,89.99260569563631,53.00823905091866
103,90.00043236767429,53.007420080617344
103,90.0145617785895,53.00506062602861
103,89.98107162403252,52.999250959283984
103,90.01248780130906,52.98891410786854
103,90.00043236767429,53.007420080617344
103,89.97757215677055,52.99076070101481
103,90.0122862977409,53.011766390934255
103,89.98199278508189,53.01728857121523
103,90.01454560837244,52.997107427813326
103,89.98660792785276,53.00166011381585
103,90.00466846145954,53.00827083350837
103,89.99368425467779,53.02368028774761
103,90.01868939758361,52.99538864185539
103,90.00407163783288,52.99044624222816
103,89.97624352766287,52.998873572459686
103,90.0145617785895,53.00506062602861
103,90.01269047380043,53.01914553549672
103,90.00418275875883,52.995833690376706
103,89.98230014508665,52.99665371155069
103,90.02354664216774,52.9970459789683
103,89.97880285085125,52.988045485207174
103,89.99937118296947,52.98245860968609
103,89.9930089505078,53.0110302611834
103,89.98556025365305,52.992419740129414
103,90.0119221959272,52.986280387649444
103,90.01660114152021,52.99030625957047
103,90.00917600764153,53.00182169487697
103,89.9861586197834,53.00338613474076
103,89.98722675704514,53.016436833042825
103,89.99341510781524,52.98400833536395
103,90.00917600764153,53.00182169487697
104,89.98901559872223,53.01503770973572
104,90.00642820550212,52.97821381827725
104,90.00677238643364,52.99494771065224
104,90.0090007613331,52.991871860111836
104,89.99397890060222,53.02272428338829
104,89.99767976292841,53.02394908444083
104,89.9786518133262,53.0078171264776
104,89.98556025365305,52.992419740129414
104,90.01464164715274,52.99869836214817
104,89.98901559872223,53.01503770973572
104,89.98649973302767,53.01730559175678
104,90.0001254797013,53.001173876190634
104,90.01481567180868,53.008688291943216
104,90.02354021702192,53.0079070431277
104,89.99372113353061,52.987446132331876
104,89.99559063030652,53.02221759138822
104,90.00378308877671,52.97603364630898
104,90.00677238643364,52.99494771065224
104,89.9953131903657,53.00015066890001
104,89.9943648911843,53.01465181577358
104,90.02032418537723,52.99012423645781
104,90.01135639400653,52.98163968319257
104,89.97624352766287,52.998873572459686
104,90.01574593413545,53.01303811481377
104,89.98376505640664,52.981561888662796
104,89.99583507558896,52.99488755488108
104,90.02354021702192,53.0079070431277
104,89.99357944538835,53.02132163579651
104,90.02243084565676,53.00885104397557
104,90.00301776712145,53.00939826156195
104,90.01481567180868,53.008688291943216
104,90.01575517734538,52.99129928843934
104,90.02267142937114,52.98997404760096
104,90.02226254059038,53.00077264107524
104,89.99341510781524,52.98400833536395
104,90.01924035203749,52.99647335922166
104,89.99372113353061,52.987446132331876
104,90.01269047380043,53.01914553549672
104,89.9825509022372,52.99962428005048
104,90.01826601431554,53.016379584354716
104,89.9823170599516,52.993470469332394
104,90.00602327486772,53.01673772886284
104,90.00066549219144,53.017566601856615
104,90.01275174614665,53.01742249229851
104,90.00643754583743,52.97803265162554
104,89.9930089505078,53.0110302611834
104,90.0022368859455,52.98779527707233
104,89.98762697815663,53.00269309799845
104,89.98159263207525,52.99052907344803
104,90.00921563766023,53.022749156275495
104,89.99129724857148,53.013221868427756
104,90.00677238643364,52.99494771065224
104,90.00661342760466,53.00524688009254
104,89.99629857659174,53.01790611221041
104,89.97606273562714,53.005228863788645
104,90.001202634575,53.00591976758058
104,89.97952118828904,53.00508726385089
104,90.01589083699066,52.981309833060074
104,89.99911123676233,53.02341519696037
104,89.98722675704514,53.016436833042825
104,89.97673388917934,52.99818922685706
104,90.00211401970627,52.99603714572807
104,90.00043236767429,53.007420080617344
104,90.00696840298107,52.99273520277289
104,89.99341510781524,52.98400833536395
104,90.02127864080063,53.00460337196672
104,90.02285693801838,52.992777156097006
105,90.02243084565676,53.00885104397557
105,89.97796846174211,52.99800582653646
105,89.99346133650936,53.011155075646805
105,90.00689097345108,52.984762886469554
105,90.0001254797013,53.001173876190634
105,89.98230014508665,52.99665371155069
105,90.00790289083753,52.97778008770468
105,89.98149267192355,52.988158171444454
105,89.97796846174211,52.99800582653646
105,90.00133611585228,53.0185388112812
105,89.98421507936568,52.9852523422671
105,89.97807659936326,52.98964766938535
105,90.01135639400653,52.98163968319257
105,90.01248780130906,52.98891410786854
105,89.98730790835926,53.004677293241336
105,89.99997746863987,52.97890930895613
105,89.97861997228858,53.004564705719176
105,90.00043236767429,53.007420080617344
105,90.0062490835669,53.00783844329592
105,90.00141945069994,53.01913332694983
105,90.01254006109377,53.00392557273032
105,90.01131323071947,53.00661939164644
105,89.98365411167798,53.00182935563758
105,90.02073981678153,53.012122648190946
105,89.9861586197834,53.00338613474076
105,90.01574593413545,53.01303811481377
105,90.00613837593473,53.004712046016394
105,90.01479152849623,53.015359769293696
105,90.01826601431554,53.016379584354716
105,90.02243084565676,53.00885104397557
105,89.99383394921401,52.99001060016061
105,89.98391351575812,53.0045510686728
105,89.99571917573704,53.00614975749453
105,90.02041628993058,53.00634708951559
105,89.99077240350766,52.99000169186145
105,89.99774008150672,52.97889900226844
105,90.01060051566448,53.008928615722674
105,89.98206093493513,52.983373096374876
105,90.00211401970627,52.99603714572807
105,89.9823170599516,52.993470469332394
105,89.99357944538835,53.02132163579651
105,90.0145617785895,53.00506062602861
105,89.99857764414878,53.001340922949275
105,89.98421507936568,52.9852523422671
105,90.01479152849623,53.015359769293696
105,89.99376724143455,53.011862928257
105,89.9823170599516,52.993470469332394
105,90.01574593413545,53.01303811481377
105,89.99266706762732,52.985284049388866
105,90.01479152849623,53.015359769293696
105,89.99397890060222,53.02272428338829
105,90.00477980240782,53.01812022016536
105,90.01185419263888,52.990743984005206
105,90.0145617785895,53.00506062602861
105,90.0062490835669,53.00783844329592
105,89.9861586197834,53.00338613474076
105,89.98660792785276,53.00166011381585
105,90.02243084565676,53.00885104397557
105,89.99227798149857,52.98744389863026
105,90.02041628993058,53.00634708951559
105,89.98149267192355,52.988158171444454
105,90.00082946142892,52.97534636900077
105,89.99911123676233,53.02341519696037
106,89.9927889666636,52.99633824368317
106,90.00807293545304,53.01329281352896
106,89.99039309967236,53.006731399645666
106,89.99341510781524,52.98400833536395
106,90.0001254797013,53.001173876190634
106,89.99629857659174,53.01790611221041
106,90.01050146767696,53.00213548877066
106,90.02354664216774,52.9970459789683
106,89.98730790835926,53.004677293241336
106,90.00477980240782,53.01812022016536
106,89.99227798149857,52.98744389863026
106,89.97965385824278,52.99536800242173
106,89.98686948754508,52.993549009894984
106,89.99092577595704,53.00178186900561
106,90.00269463600335,53.00495631653235
106,89.98254550609514,53.01175414235819
106,90.00661342760466,53.00524688009254
106,90.0062490835669,53.00783844329592
106,89.99653726973554,53.00793929696237
106,89.99227798149857,52.98744389863026
106,89.98107162403252,52.999250959283984
106,90.0119221959272,52.986280387649444
106,89.99397890060222,53.02272428338829
106,90.0120557717254,52.98101017020291
106,89.99522031570892,52.993146466596926
106,90.00689097345108,52.984762886469554
106,89.99767976292841,53.02394908444083
106,89.98159263207525,52.99052907344803
106,90.00301776712145,53.00939826156195
106,90.00466846145954,53.00827083350837
106,90.02354664216774,52.9970459789683
106,90.0118277372277,52.99249531963591
106,89.99017154991218,53.0000006611203
106,89.99376724143455,53.011862928257
106,89.99397890060222,53.02272428338829
106,89.98254550609514,53.01175414235819
106,90.00606715810315,53.01595655022032
106,89.97952118828904,53.00508726385089
106,89.99786106992734,53.02109683237068
106,90.0119221959272,52.986280387649444
106,90.02073415439726,53.00008138067957
106,90.01635536960511,53.011462914400255
106,90.01635536960511,53.011462914400255
106,90.01464164715274,52.99869836214817
106,90.01275174614665,53.01742249229851
106,90.00661342760466,53.00524688009254
106,89.98159263207525,52.99052907344803
106,89.98921223311206,52.9953509160576
106,90.01254006109377,53.00392557273032
106,90.00866931775973,52.979576374951726
106,90.00696840298107,52.99273520277289
106,89.98082576587497,53.005923241355404
106,89.9977752176713,53.0159786341862
106,90.01611942860808,53.00113846300319
106,90.0049031442995,52.9949299297034
106,90.00418275875883,52.995833690376706
106,90.00677238643364,52.99494771065224
106,90.00477980240782,53.01812022016536
106,89.9943648911843,53.01465181577358
106,90.02243084565676,53.00885104397557
106,90.00807293545304,53.01329281352896
106,90.01575517734538,52.99129928843934
106,89.9953131903657,53.00015066890001
106,89.99559063030652,53.02221759138822
106,89.99997746863987,52.97890930895613
106,89.99392109892105,53.00674851733828
106,89.9823170599516,52.993470469332394
106,89.97861997228858,53.004564705719176
106,89.99372291116235,52.98606686979244
106,90.01361318815758,53.00548507524502
106,90.0022368859455,52.98779527707233
106,89.98254550609514,53.01175414235819
106,90.01361318815758,53.00548507524502
106,89.97871073510136,53.002829255528006
106,90.01958933519307,52.989441050840384
106,89.99344339032028,52.98696315734827
106,90.01334416525327,52.98312028069042
106,89.9969465026144,52.9886068969166
106,89.99291647097063,52.98462015560446
106,89.99291647097063,52.98462015560446
106,89.98109391921817,52.99659050203551
106,90.01050146767696,53.00213548877066
106,90.01589083699066,52.981309833060074
106,90.00407163783288,52.99044624222816
106,89.98730790835926,53.004677293241336
106,90.01269047380043,53.01914553549672
106,89.97606273562714,53.005228863788645
106,90.0110959998039,52.983639661838716
106,89.99261540207442,52.98510237465442
106,89.99786106992734,53.02109683237068
106,89.99997746863987,52.97890930895613
106,90.01826601431554,53.016379584354716
106,89.98109391921817,52.99659050203551
106,90.00078102838633,53.00732710092327
106,89.98206093493513,52.983373096374876
106,89.98686948754508,52.993549009894984
106,90.00677238643364,52.99494771065224
106,89.99774008150672,52.97889900226844
106,90.00689097345108,52.984762886469554
106,89.99039309967236,53.006731399645666
106,89.99825781181987,52.97535112720455
106,89.99351979542705,53.01550993599814
106,89.99729546700443,53.00347952542074
106,90.00133611585228,53.0185388112812
106,90.00466846145954,53.00827083350837
106,90.00677238643364,52.99494771065224
106,89.9969465026144,52.9886068969166
106,90.00677238643364,52.99494771065224
106,89.99077240350766,52.99000169186145
106,89.99346133650936,53.011155075646805
106,90.0060018267103,52.98150203576106
106,90.01702216837974,53.00937756127948
106,90.01611942860808,53.00113846300319
106,90.01254006109377,53.00392557273032
106,90.00066549219144,53.017566601856615
106,90.01322168801592,53.014968069230044
106,89.98901559872223,53.01503770973572
107,89.99653726973554,53.00793929696237
107,89.99383771292563,52.980952050760365
107,89.9977752176713,53.0159786341862
107,90.01924035203749,52.99647335922166
107,89.9969465026144,52.9886068969166
107,90.01574593413545,53.01303811481377
107,90.00602327486772,53.01673772886284
107,90.02285693801838,52.992777156097006
107,89.98206093493513,52.983373096374876
107,89.99844567425977,52.99613540042527
107,89.99911123676233,53.02341519696037
107,89.98921223311206,52.9953509160576
107,90.020064535557,53.00671245544524
107,89.99571917573704,53.00614975749453
107,89.97861997228858,53.004564705719176
107,89.99310441511335,52.984697304456205
107,89.98649973302767,53.01730559175678
107,90.00921563766023,53.022749156275495
107,89.98365411167798,53.00182935563758
107,89.98762697815663,53.00269309799845
107,90.00643754583743,52.97803265162554
107,90.00477980240782,53.01812022016536
107,89.9943648911843,53.01465181577358
107,89.99427581948343,52.98768388031757
107,90.00301776712145,53.00939826156195
107,89.98229078864112,52.98512218856946
107,89.98230014508665,52.99665371155069
107,89.98901559872223,53.01503770973572
107,90.00689097345108,52.984762886469554
107,90.00677238643364,52.99494771065224
107,90.0060018267103,52.98150203576106
107,89.99372113353061,52.987446132331876
107,89.99227798149857,52.98744389863026
107,89.99937118296947,52.98245860968609
107,90.00661342760466,53.00524688009254
107,89.99372291116235,52.98606686979244
107,90.00642820550212,52.97821381827725
107,90.020064535557,53.00671245544524
107,89.97952118828904,53.00508726385089
108,89.98686948754508,52.993549009894984
108,90.01275174614665,53.01742249229851
108,90.00082946142892,52.97534636900077
108,90.01924035203749,52.99647335922166
108,89.99962377015949,53.01998210709747
108,90.01050146767696,53.00213548877066
108,89.99291647097063,52.98462015560446
108,89.99522031570892,52.993146466596926
108,90.00043236767429,53.007420080617344
108,89.98730790835926,53.004677293241336
108,90.01248780130906,52.98891410786854
108,89.99346133650936,53.011155075646805
108,90.02073981678153,53.012122648190946
108,90.0060018267103,52.98150203576106
108,90.00466846145954,53.00827083350837
108,90.00211401970627,52.99603714572807
108,89.99376724143455,53.011862928257
108,89.99653726973554,53.00793929696237
108,89.97861997228858,53.004564705719176
108,89.98512220770652,52.99845856275607
108,90.01479152849623,53.015359769293696
108,89.9907749910263,53.01695691363471
108,90.02041628993058,53.00634708951559
108,90.00133611585228,53.0185388112812
108,90.00602327486772,53.01673772886284
108,90.0000412390582,53.02012169455792
108,89.99825781181987,52.97535112720455
108,90.01361318815758,53.00548507524502
108,90.01361318815758,53.00548507524502
108,90.02267142937114,52.98997404760096
108,90.01275174614665,53.01742249229851
108,89.98167427082929,52.99692329722336
108,90.01135639400653,52.98163968319257
108,89.98649973302767,53.01730559175678
108,89.99372113353061,52.987446132331876
108,90.0090007613331,52.991871860111836
108,90.01868939758361,52.99538864185539
108,89.99767976292841,53.02394908444083
108,90.01361318815758,53.00548507524502
108,89.97861997228858,53.004564705719176
108,89.97880285085125,52.988045485207174
108,89.97835551517667,53.00112448911414
108,89.99583507558896,52.99488755488108
108,90.01050317964945,52.97779772769797
108,89.99653670572697,52.98401970165361
108,89.97952118828904,53.00508726385089
108,90.01050317964945,52.97779772769797
108,90.02354664216774,52.9970459789683
108,89.97880285085125,52.988045485207174
108,89.99248759080666,53.00684013663567
108,89.98149267192355,52.988158171444454
108,89.99351979542705,53.01550993599814
108,89.99857764414878,53.001340922949275
108,89.9927889666636,52.99633824368317
108,90.01948999474305,53.005792752735054
108,89.97861997228858,53.004564705719176
108,89.98254550609514,53.01175414235819
108,90.01589083699066,52.981309833060074
108,90.02041628993058,53.00634708951559
108,90.02354664216774,52.9970459789683
108,89.98722675704514,53.016436833042825
108,89.9907749910263,53.01695691363471
108,90.01464164715274,52.99869836214817
108,89.97606273562714,53.005228863788645
108,90.00407163783288,52.99044624222816
108,89.99383394921401,52.99001060016061
108,89.99653726973554,53.00793929696237
108,90.01479152849623,53.015359769293696
108,89.99261540207442,52.98510237465442
108,89.99248759080666,53.00684013663567
108,90.00466846145954,53.00827083350837
108,90.00301776712145,53.00939826156195
108,89.99980022569265,52.98397835165835
108,89.9907749910263,53.01695691363471
108,89.99310441511335,52.984697304456205
108,89.98921223311206,52.9953509160576
108,90.00082946142892,52.97534636900077
108,90.00807293545304,53.01329281352896
108,89.97807659936326,52.98964766938535
108,90.02073415439726,53.00008138067957
108,90.0118277372277,52.99249531963591
108,89.98512220770652,52.99845856275607
108,89.99911123676233,53.02341519696037
109,90.01060051566448,53.008928615722674
109,89.99857764414878,53.001340922949275
109,89.98901559872223,53.01503770973572
109,90.0000412390582,53.02012169455792
109,89.9786518133262,53.0078171264776
109,89.99559063030652,53.02221759138822
109,90.00043236767429,53.007420080617344
109,90.01574593413545,53.01303811481377
109,90.00642820550212,52.97821381827725
109,90.00269463600335,53.00495631653235
109,89.98167427082929,52.99692329722336
109,89.98722675704514,53.016436833042825
109,89.99911123676233,53.02341519696037
109,90.00407163783288,52.99044624222816
109,90.01060051566448,53.008928615722674
109,89.99310441511335,52.984697304456205
109,89.9943648911843,53.01465181577358
109,89.99844567425977,52.99613540042527
109,89.98901559872223,53.01503770973572
109,89.99310441511335,52.984697304456205
109,89.99260569563631,53.00823905091866
109,89.99427581948343,52.98768388031757
109,89.98230014508665,52.99665371155069
109,89.99937118296947,52.98245860968609
109,89.99857764414878,53.001340922949275
109,90.00301776712145,53.00939826156195
109,90.0049031442995,52.9949299297034
109,89.99546364527836,52.976076072221694
109,90.0119221959272,52.986280387649444
109,90.00606715810315,53.01595655022032
109,90.0118277372277,52.99249531963591
109,89.99291647097063,52.98462015560446
109,89.98254550609514,53.01175414235819
109,89.99825781181987,52.97535112720455
109,89.9907749910263,53.01695691363471
109,89.98391351575812,53.0045510686728
109,89.98206093493513,52.983373096374876
109,90.01481567180868,53.008688291943216
109,90.00043236767429,53.007420080617344
109,90.0022368859455,52.98779527707233
109,90.0120557717254,52.98101017020291
109,90.00703360378927,53.00497649684867
109,89.99346133650936,53.011155075646805
109,89.99997746863987,52.97890930895613
109,90.01135639400653,52.98163968319257
109,90.01135639400653,52.98163968319257
109,89.9943648911843,53.01465181577358
109,89.97880285085125,52.988045485207174
109,90.00133611585228,53.0185388112812
109,90.0110959998039,52.983639661838716
109,89.99291647097063,52.98462015560446
109,90.00066549219144,53.017566601856615
109,89.97796846174211,52.99800582653646
110,89.99844567425977,52.99613540042527
110,90.01582152641514,53.00723062971956
110,89.98149267192355,52.988158171444454
110,89.98206093493513,52.983373096374876
110,90.01589083699066,52.981309833060074
110,90.0145617785895,53.00506062602861
110,90.0118277372277,52.99249531963591
110,89.9823170599516,52.993470469332394
110,89.99980022569265,52.98397835165835
110,89.98649973302767,53.01730559175678
110,89.99672738273169,53.004672546114726
110,90.00515047356683,52.979450278033866
110,89.99825781181987,52.97535112720455
110,89.99629857659174,53.01790611221041
110,90.0120557717254,52.98101017020291
110,90.01479152849623,53.015359769293696
110,89.9825509022372,52.99962428005048
110,89.98921223311206,52.9953509160576
110,90.00136144689378,52.97618527653328
110,89.98977481307507,52.99010656699212
110,90.02243084565676,53.00885104397557
110,89.98230014508665,52.99665371155069
110,90.01454560837244,52.997107427813326
110,89.98199278508189,53.01728857121523
110,89.97923770064385,52.99666565374713
110,90.00602327486772,53.01673772886284
110,89.98254550609514,53.01175414235819
110,90.01361318815758,53.00548507524502
110,89.9930089505078,53.0110302611834
110,90.01275174614665,53.01742249229851
110,90.01185419263888,52.990743984005206
110,90.0022368859455,52.98779527707233
110,89.9969465026144,52.9886068969166
110,89.98254550609514,53.01175414235819
110,90.01574593413545,53.01303811481377
110,90.0120874644629,52.99611645765968
110,89.99980022569265,52.98397835165835
110,90.00921563766023,53.022749156275495
110,90.01275174614665,53.01742249229851
110,89.97606273562714,53.005228863788645
110,89.99351979542705,53.01550993599814
110,90.00078102838633,53.00732710092327
110,90.01606925046438,53.016630453355035
110,89.97923770064385,52.99666565374713
110,89.98421507936568,52.9852523422671
110,89.99346133650936,53.011155075646805
110,89.98229078864112,52.98512218856946
110,89.9861586197834,53.00338613474076
110,90.00866931775973,52.979576374951726
110,89.97871073510136,53.002829255528006
110,89.9825509022372,52.99962428005048
110,90.00643754583743,52.97803265162554
110,89.98365411167798,53.00182935563758
110,89.99376724143455,53.011862928257
110,90.02243084565676,53.00885104397557
110,89.99427581948343,52.98768388031757
110,89.98149267192355,52.988158171444454
110,89.97606273562714,53.005228863788645
110,89.99341510781524,52.98400833536395
110,90.00677238643364,52.99494771065224
110,89.99937118296947,52.98245860968609
110,89.99559063030652,53.02221759138822
110,90.01660114152021,52.99030625957047
110,89.98229078864112,52.98512218856946
110,90.00515047356683,52.979450278033866
110,90.0118277372277,52.99249531963591
110,90.02285693801838,52.992777156097006
