gene,x,y
1,66.99092152845357,69.01371494907386
1,67.00381077827797,68.99023493281891
1,67.01073733181231,68.979371835599
1,67.0053273347039,68.99327909523434
1,66.9961107535512,69.01619586254492
1,66.99811720143235,68.98254399857308
1,67.02239725864791,68.99158321743877
1,66.97923295748306,68.99243391730442
1,67.01897624214646,69.00451459730253
1,66.98908166892745,68.99979093239014
1,66.99775445817289,68.99838344142735
1,67.00817110078795,68.9915303791956
1,67.01293406937519,68.98444080059805
1,66.99715854109483,69.00906194626884
1,66.98326566557596,69.00703060628956
1,67.01619533557596,69.01818412570076
1,67.02272714111663,68.99426978735215
1,66.98727747564749,68.99340721793929
1,67.00605242767998,69.01058935885786
1,67.02238496244155,68.99547867657688
1,66.97526629603277,68.99821147764389
1,67.01449407606184,68.98151735166417
1,67.00074932415787,68.98441065271739
1,67.00404298272183,69.00293883562966
1,67.02238496244155,68.99547867657688
1,66.99428336493895,69.01050110276871
1,66.99938065169938,68.99722325226881
1,66.98489996909552,69.01018054673142
1,66.97723944707423,69.01024966283107
1,66.99715854109483,69.00906194626884
1,67.0241824318232,68.99939805940437
1,66.97565604398883,68.99753693071239
1,66.99955255679588,69.01351833289647
1,67.01088349704025,68.98288452441744
1,66.98560365799601,69.01776402850476
1,67.01319429461424,69.0059742731041
1,67.02123565055132,69.00780370073923
1,67.00859377833937,68.99809867940911
1,67.01293406937519,68.98444080059805
1,67.00859377833937,68.99809867940911
1,67.01668607039305,68.99105245031194
1,67.00014304470014,69.0149067486144
2,67.00954479886734,68.99879444315697
2,67.00508388955713,69.00131617148773
2,67.00720136770867,69.00304089363716
2,67.00618585856677,68.99726977027605
2,67.00909686757397,68.99988934277484
2,67.00322328803081,69.00068144631562
2,67.0046651969525,68.99989989841976
2,67.00839853443433,68.9993925641915
2,67.00943439916534,68.99839643347204
2,67.00254103842083,69.00079023839615
2,67.00954479886734,68.99879444315697
2,67.00261101966301,69.00313433409727
2,67.0060214892925,68.99761163119734
2,67.00856891192669,68.99776321768795
2,67.00569941759014,68.9991800981761
2,67.00711229564165,69.0014281352851
2,67.00574434121752,68.9988832081763
2,67.00240863022083,69.00178033030261
2,67.00395056229846,69.00106705526045
2,67.0033692922686,68.99988780151331
2,67.00806497577668,68.99922403202484
2,67.00522396016056,68.99988815423687
2,67.00390307083609,69.0035685698065
2,67.00693996432256,68.99645842243955
2,67.00592514392783,69.00363884176801
2,67.00718451384877,68.99656652180582
2,67.00398980813978,68.99825064199818
2,67.00732664302217,68.99957389107136
2,67.00196603282657,69.0022875518362
2,67.00287085664965,68.99961410130734
2,67.00759606375465,68.99686016510796
2,67.00321124186081,69.00000612508526
2,67.00891770382867,68.99782291166346
2,67.00825977882293,68.99940533806226
2,67.00760960685187,68.9973478002772
2,67.00401006760984,69.00422397741549
2,67.00547119289764,69.00261884359723
2,67.00677946496461,69.00153782654102
2,67.00610070599217,68.99771980575112
2,67.00470008790262,68.99812908401245
2,67.00359183656165,68.9995722168504
2,67.00711229564165,69.0014281352851
2,67.00302325564674,69.00401626806152
2,67.00353661597218,69.00139707463825
2,67.00522549512878,69.00226744378983
2,67.00952632727565,68.99804912939592
2,67.00433016271681,69.00421165717381
2,67.004948373933,69.00031408431347
2,67.00538114580058,69.00032318730568
2,67.00690218380412,68.99924830065822
2,67.0033692922686,68.99988780151331
2,67.00470008790262,68.99812908401245
2,67.00693996432256,68.99645842243955
2,67.00605113881537,68.99818413573334
2,67.00261101966301,69.00313433409727
2,67.00710767689382,69.00201853083472
2,67.00711531349972,69.00082082855683
2,67.00771674199112,68.99701363783672
2,67.00617426745826,68.99702940052168
2,67.00933455872642,68.99751656978356
2,67.0052097774445,69.000019193211
2,67.00380963592961,69.00260627591611
2,67.0050133599189,68.99985357627754
2,67.00701938837977,69.00012799790422
2,67.00759606375465,68.99686016510796
2,67.00303984178801,69.0009148201032
2,67.00597376248598,68.99723693730279
2,67.00398980813978,68.99825064199818
2,67.00709015921515,68.99915829359765
2,67.00617426745826,68.99702940052168
2,67.00655192646887,69.00244164616275
2,67.002850742826,69.00345478973286
2,67.00408512461158,68.99838232507778
2,67.00721989027628,68.99854337473867
2,67.00891770382867,68.99782291166346
2,67.00893315926596,69.00023572289582
2,67.00720136770867,69.00304089363716
2,67.00829301918844,69.00206789848805
2,67.00710767689382,69.00201853083472
2,67.00818738196111,69.00034444823262
2,67.00909686757397,68.99988934277484
2,67.00353661597218,69.00139707463825
2,67.00439349743311,69.00352602308975
2,67.002850742826,69.00345478973286
2,67.00592514392783,69.00363884176801
2,67.00610719957248,68.99693298654898
2,67.00478173384275,69.00182956107642
2,67.00261101966301,69.00313433409727
2,67.00211123912814,69.0030579949918
2,67.009145507405,69.0006322460148
2,67.00911216987944,68.99992550287202
2,67.00569941759014,68.9991800981761
2,67.00599530214082,69.00393041860937
3,67.01298863326124,68.98858700018928
3,66.97951156361565,69.00601292759079
3,67.01315719345135,68.98969587910308
3,66.98340121360484,69.00795622227601
3,67.01165223999669,68.98884578095837
3,66.98015750635997,69.00565405466547
3,67.01593347556326,68.9893560036699
3,66.98256335476928,69.00563616834948
3,67.01145953905274,68.98992383967799
3,66.98072060630595,69.00564319643517
3,67.01535521929765,68.98718860308105
3,66.98212586030078,69.00467280885321
3,67.01253636755273,68.99048503650329
3,66.98043152147233,69.00782271289133
3,66.98069520169588,69.00478554318269
3,67.01151347793677,68.98982854897194
3,66.98056804855817,69.00878999860777
3,66.98310368419021,69.00561129117571
3,66.9812366640413,69.00745165086495
3,67.01372716205687,68.99041792037767
3,67.01254297959748,68.99052072830882
3,66.9814427158239,69.00791610549871
3,67.01701042025978,68.98846320305331
3,67.01562886910548,68.9883209178566
3,67.01312991857823,68.9903249625683
3,66.9831774902824,69.00580253270967
3,66.98240355361793,69.00608730854998
3,67.01319174742767,68.99129070520667
3,66.98258660474784,69.00581751451435
3,66.98069520169588,69.00478554318269
3,66.98380584612158,69.00741085583577
3,66.98264886318093,69.00818691787093
3,67.01562886910548,68.9883209178566
3,67.01362608266739,68.98725203015115
3,66.98398082983259,69.00573092458716
3,67.01420279530846,68.98856960230168
3,66.98205465724007,69.0058711941874
3,67.01298863326124,68.98858700018928
3,67.01235754818353,68.99012382764954
3,66.9821650924398,69.00699795605865
3,66.98215007963198,69.00794749007575
3,66.98220685348765,69.00511729729232
3,66.97924023879568,69.00720355768205
3,66.98100269306856,69.00573900998967
3,66.98219469084573,69.0042825100497
3,67.0148720067673,68.98924967656218
3,66.98127189827487,69.00639387414178
3,67.01467945804875,68.988023340734
3,67.01333621272525,68.98925499318426
3,67.01185066405473,68.99076375653361
3,67.01314527358907,68.98975314783685
3,66.980402025295,69.00799957773413
3,67.01377957027118,68.98797452489131
3,66.9804279427643,69.00640862306686
3,67.01474826573065,68.98667085632914
3,66.98016808522397,69.00607435143824
3,66.98097986031486,69.00821216892894
3,66.97951156361565,69.00601292759079
3,66.9807011648857,69.00679507964011
3,67.01372716205687,68.99041792037767
3,67.01603574708462,68.98806671874755
3,66.98087850460443,69.00811341884746
3,66.98237065046683,69.00436342172281
3,67.01664238101515,68.98777632576363
3,66.98467330544219,69.00549367223032
3,66.98015750635997,69.00565405466547
3,66.98187773953835,69.00535672429717
3,66.9805284646255,69.00798477851986
3,66.98101829194624,69.0050871327554
3,67.01420279530846,68.98856960230168
3,67.01438512899743,68.98700080737109
3,66.98154775593667,69.00717262416283
3,66.98147724255482,69.00878783269404
3,66.98326566557596,69.00703060628956
3,67.01354128671328,68.98730785903776
3,67.01405569584298,68.99092797141351
3,67.01377957027118,68.98797452489131
3,66.98289437458982,69.00528459099603
3,66.98292460437722,69.0050711745169
3,66.98036096244475,69.00783333597424
3,67.01398220362815,68.99023917194228
3,66.98404551705667,69.0056689267185
3,66.98317333631478,69.0081259486318
3,66.98006528638302,69.00694873421705
3,67.01321105442715,68.98775604410397
3,66.9821650924398,69.00699795605865
3,66.98418970748439,69.00626825677598
3,67.01230506774337,68.99071810942101
3,66.9814427158239,69.00791610549871
3,66.98446031109067,69.00566252766392
3,66.98147724255482,69.00878783269404
3,67.01570626711695,68.98666836454142
3,67.01398220362815,68.99023917194228
3,67.01318504225269,68.98697113814144
3,67.01398220362815,68.99023917194228
3,67.01701628495516,68.98834057634822
3,66.98405527934356,69.00537458380148
3,67.01464849143483,68.99052208020187
3,66.98102161435521,69.00645935537524
3,66.98021889561029,69.00636561514388
3,66.98258660474784,69.00581751451435
3,67.01321105442715,68.98775604410397
4,66.9949131621843,68.984491534867
4,66.99611625315175,68.98700490023856
4,66.99281608316473,68.98798173303743
4,66.99386918105408,68.98989767033535
4,66.99342589518548,68.98926868332452
4,66.99372553867825,68.98938229626684
4,66.99136269508419,68.98455846235734
4,66.99424078891875,68.98986845149929
4,66.9917847803346,68.98492605329409
4,66.99492542197093,68.98829064958149
4,66.99366660242852,68.98851323213269
4,66.99584163684546,68.98774913984887
4,66.99299839398425,68.98888159400126
4,66.99371317908914,68.98576938159353
4,66.9947850275309,68.9894947989181
4,66.99590468760539,68.98688727627159
4,66.99473835992056,68.98458473834415
4,66.9917847803346,68.98492605329409
4,66.9941335518543,68.98759622620197
4,66.99284130645354,68.98578378637586
4,66.9945808493545,68.98472722824387
4,66.99100186478677,68.9850441789618
4,66.99636139468778,68.9882955583301
4,66.99193170142979,68.98555764457846
4,66.992120474658,68.98527354011216
4,66.99317661309308,68.98951332413687
4,66.9940079506908,68.9864531485454
4,66.99352158075875,68.98388654305796
4,66.99514304214703,68.98601695443988
4,66.99318563579685,68.98438601147512
4,66.99416590904967,68.98414454049764
4,66.99291760881549,68.98868785654948
4,66.9933395523413,68.98452924903748
4,66.99342589518548,68.98926868332452
4,66.99370430794755,68.9871238630357
4,66.9911927632961,68.98509847819928
4,66.99136269508419,68.98455846235734
4,66.9933395523413,68.98452924903748
4,66.9920561414635,68.98507139603002
4,66.9961350588817,68.98942940580233
4,66.99416977294285,68.98460936071324
4,66.99082866090231,68.98814212445727
4,66.99418768337935,68.98517141235017
4,66.99256766988398,68.99000423117005
4,66.99256766988398,68.99000423117005
4,66.9930482668175,68.98590937779453
4,66.99681915190502,68.98689734771786
4,66.99076937132443,68.98592712303817
4,66.99284479065955,68.98773409129629
4,66.99124019750116,68.98546436083834
4,66.99371936161386,68.98581206151455
4,66.99212578731242,68.98385331895132
4,66.99166505511245,68.98625063254539
4,66.99100186478677,68.9850441789618
4,66.99495168523842,68.98942706447188
4,66.99186475037422,68.98699210653898
4,66.99559867270939,68.98468322575111
4,66.99256766988398,68.99000423117005
4,66.9928236161899,68.98792574439811
4,66.9920561414635,68.98507139603002
4,66.9949131621843,68.984491534867
4,66.99163103146826,68.98559288481306
4,66.9917596982735,68.98542683678993
4,66.99686941726839,68.98723360025288
4,66.9941320975276,68.98577205152984
4,66.99591834744602,68.98540677538597
4,66.99614726005184,68.98426422363877
4,66.99519335761005,68.98917134087887
4,66.99611625315175,68.98700490023856
4,66.99102913927787,68.98797191680603
4,66.9961350588817,68.98942940580233
4,66.99561877126125,68.98911893961007
4,66.9941335518543,68.98759622620197
4,66.99460731458909,68.98571303558707
4,66.99312664413873,68.9892027824519
4,66.99732910975058,68.98669896660692
4,66.99215899716356,68.98737712337098
4,66.99629926390767,68.98759334845074
4,66.99181052831887,68.98413835554341
4,66.99401847381388,68.99025942440252
4,66.99529291580582,68.98611369540595
4,66.99653939915284,68.98634819506795
4,66.9912292643222,68.98932533043246
4,66.99618938287838,68.98871654990955
4,66.99263651489284,68.98869608111436
4,66.99468075485288,68.98807173736176
4,66.99256766988398,68.99000423117005
4,66.99651459791761,68.98692572868461
5,67.01971885807887,69.00462673959456
5,67.01544209091352,69.00715437405734
5,67.00287842791035,68.98076379538774
5,66.9961142615932,68.98114895862005
5,66.9921181726891,69.00992643187796
5,67.02239725864791,68.99158321743877
5,67.00328717590759,68.99196535717886
5,66.99811720143235,68.98254399857308
5,67.00404298272183,69.00293883562966
5,66.99643614783035,68.99356106734903
5,66.97891213203805,69.00363221266757
5,67.00098277028125,68.99227810764243
5,66.99656315378148,69.00511934397508
5,66.97982111908077,69.00116306857022
5,66.98719504885673,68.99984810694662
5,66.9961142615932,68.98114895862005
5,66.99790410301368,68.98370140216791
5,66.97808636298717,69.00647580870593
5,66.99044401289096,68.99771492704048
5,67.00675096490237,69.02129383502071
5,66.98507201751059,68.9824895654354
5,67.00322452390958,69.02344420277909
5,67.01036227661767,69.01219148000501
5,66.9793273751079,69.00789914307423
5,66.9793273751079,69.00789914307423
5,66.99820737113218,68.9752592960597
5,66.98951289638332,68.98706534955275
5,67.00532298772191,68.99016443508411
5,66.98951289638332,68.98706534955275
5,67.00287842791035,68.98076379538774
5,66.99775445817289,68.99838344142735
5,66.97565604398883,68.99753693071239
5,66.98308656560867,69.00849801556488
5,66.99428336493895,69.01050110276871
5,66.97884521377905,69.00106220628346
5,66.99955158291166,68.99739752126766
5,66.97982111908077,69.00116306857022
5,66.99428336493895,69.01050110276871
5,66.97578840056079,69.0022037371596
5,67.0120087656086,68.99433846123588
5,66.98971880364503,69.01846488847725
5,66.97808636298717,69.00647580870593
5,66.9961107535512,69.01619586254492
5,67.00674664404099,69.01642825031863
5,67.01823743137494,68.99681849877224
5,66.99820737113218,68.9752592960597
5,66.97797009599441,68.99704355189546
5,67.01008529316469,68.99789488888021
5,67.00979818012583,69.00487139198373
5,66.99820737113218,68.9752592960597
5,66.98092671395075,68.98722378279287
5,67.01306607520141,69.01292850802221
5,66.99955255679588,69.01351833289647
5,67.02123565055132,69.00780370073923
5,66.99468488634449,69.0052492351693
5,67.017808355789,68.99270058087755
5,66.99782840330187,68.98017581527125
5,66.9920216673802,69.00255280639146
5,67.017808355789,68.99270058087755
5,67.02048267432308,69.01277553202644
5,67.00125463542132,69.01526953907005
5,66.99945804388167,69.01708169247688
5,66.98811020890514,68.99188990552629
5,66.98092671395075,68.98722378279287
5,66.98908166892745,68.99979093239014
5,67.02123565055132,69.00780370073923
5,67.017808355789,68.99270058087755
5,66.97923295748306,68.99243391730442
5,67.00858214022729,68.98339325555223
5,67.00125463542132,69.01526953907005
5,67.00579813776196,69.01980383027599
5,66.99492849916268,68.9942783302899
5,67.01668607039305,68.99105245031194
5,67.01036227661767,69.01219148000501
5,66.97723944707423,69.01024966283107
5,66.99016180077184,69.0175627748135
5,67.01088349704025,68.98288452441744
5,67.01823743137494,68.99681849877224
5,67.01823743137494,68.99681849877224
5,67.00675096490237,69.02129383502071
5,66.99782840330187,68.98017581527125
5,66.99093633031976,68.99737524368483
5,66.9951661557206,69.01838167514471
5,66.99248343098913,68.99573817164516
5,66.98995247967689,69.01409428179703
5,67.00454527526323,68.98216625845282
5,66.99037026056627,68.99659607225013
5,67.01746094745096,69.01373653844378
5,67.01461138052339,69.0147188451676
5,66.99955158291166,68.99739752126766
5,67.00826210431934,68.98206047817634
5,67.02238496244155,68.99547867657688
5,66.99093633031976,68.99737524368483
5,67.02239725864791,68.99158321743877
5,66.99955158291166,68.99739752126766
5,66.98980603894192,69.00970732941025
5,67.02302387927261,68.9946180051608
5,67.0120087656086,68.99433846123588
5,67.00376285684149,68.99183612494191
5,67.00817110078795,68.9915303791956
5,66.99555265460393,69.01115824558038
5,66.99775445817289,68.99838344142735
5,67.01458796681379,68.9868670698534
5,67.00316707814835,69.02070735523033
5,66.98743056078466,69.01542089610665
5,67.01138259878111,69.01006728690649
5,67.00907825662074,68.993138184192
5,67.01573230844379,68.98315724368207
5,67.02239725864791,68.99158321743877
6,67.004194394425,69.00836427072551
6,67.00234792501246,69.00489473251655
6,67.00219407148525,69.00489081738593
6,67.00392453162033,69.00858046348355
6,66.99930221978576,69.00687066283997
6,67.0057698949341,69.00823808082512
6,67.00412781387905,69.0059669298047
6,67.00320055015439,69.00924981194075
6,66.99970254228484,69.00850730051083
6,67.00146874723166,69.01014111657257
6,67.00249901850246,69.00516190907398
6,67.00548998876071,69.00529108230747
6,67.00498271210593,69.00586412222168
6,67.00217980365595,69.00945896193502
6,67.00181146121733,69.00464742547614
6,67.0043745111261,69.0064916883169
6,67.0041494618125,69.00799011595828
6,67.00564205661989,69.00612091553518
6,67.00306046921645,69.00472006944692
6,67.0038624255492,69.00769549674904
6,67.00212665745562,69.00549453627526
6,67.00104824902022,69.00980888689868
6,67.00063462927315,69.00585854979215
6,67.00412825016836,69.00780258959375
6,67.00104824902022,69.00980888689868
6,66.99881317293945,69.00890195501233
6,67.00498271210593,69.00586412222168
6,67.00487975320559,69.00796342648405
6,67.00219407148525,69.00489081738593
6,67.00366326694864,69.00667282809313
6,67.00271162805853,69.00981308037991
6,67.00104824902022,69.00980888689868
6,66.99985597827022,69.00715745310482
6,67.00127480329296,69.01038755238052
6,67.0041494618125,69.00799011595828
6,67.0043745111261,69.0064916883169
6,67.00377630533528,69.00492302140773
6,67.00435350707625,69.0044911953874
6,66.99944387316312,69.00650016736306
6,67.00421370764707,69.00912054686142
6,67.0017401786642,69.00684804371761
6,67.00118132479942,69.00455207760423
6,67.00342193720405,69.00654590693145
6,67.00488837554745,69.00518681630145
6,67.00430139263132,69.00914722286788
6,67.00234800100816,69.01060034083636
6,67.00570420870746,69.00525943719079
6,67.00384887799059,69.00746122730384
6,67.00538367504767,69.00597423523793
6,67.00553538213981,69.00554276324432
6,67.004194394425,69.00836427072551
6,67.00212665745562,69.00549453627526
6,67.00229226223861,69.01034279020297
6,66.9995353889635,69.00674305017176
6,67.00460202891666,69.00547872414518
6,67.0058909551061,69.00560671860659
6,67.00466289368897,69.00639006875183
6,67.00219407148525,69.00489081738593
7,66.98394408994172,69.00749983736516
7,66.98489996909552,69.01018054673142
7,66.98600207090259,69.0117663821031
7,66.98698133597242,69.00575872863244
7,66.9854679712002,69.00745889095805
7,66.98489996909552,69.01018054673142
7,66.98585039082438,69.00995314587729
7,66.9863968335744,69.00743577445103
7,66.98418970748439,69.00626825677598
7,66.98446031109067,69.00566252766392
7,66.98710354552114,69.00829545739492
7,66.98558899713598,69.00741994807797
7,66.9854136697179,69.01174572641845
7,66.98489996909552,69.01018054673142
7,66.98566210446027,69.00769724879473
7,66.98854798861353,69.0109459977701
7,66.98918787667522,69.0079125146094
8,67.00754604599591,68.99504135423386
8,67.002793221112,68.99164693997339
8,67.00530043416137,68.99057593215764
8,67.00417248789552,68.9964328114332
8,67.00387208361451,68.9926482046094
8,67.00206305573947,68.99527509443271
8,67.00336603509142,68.99091665426491
8,67.00573386446877,68.99283306256302
8,67.00672543016937,68.99267189270816
8,67.00774046994835,68.99296544108029
8,67.00732248637384,68.9912585048139
8,67.00298152596531,68.99321082818318
8,67.00417248789552,68.9964328114332
8,67.00282599252105,68.99473401523848
8,67.00608324642606,68.99218848529219
8,67.00474403091953,68.99102780928038
8,67.00381077827797,68.99023493281891
8,67.00204992504395,68.99184825029903
8,67.00399872549734,68.99071177857265
8,67.00444487499426,68.99090099301176
8,67.00679619942042,68.99315517810604
8,67.00460183701455,68.99400158430672
8,67.00246179958222,68.99578121449325
8,67.00476080504372,68.99532866259487
8,67.00805009806611,68.99393268061887
8,67.00421582601291,68.9933340407551
8,67.00357726074968,68.99228850615467
8,67.0060212058427,68.99058792234594
8,67.00339084314889,68.99642428778549
8,67.00805009806611,68.99393268061887
8,67.00493584159625,68.99362697762493
8,67.00387208361451,68.9926482046094
8,67.00732248637384,68.9912585048139
8,67.00357726074968,68.99228850615467
8,67.00323276316045,68.99285762288594
8,67.0018605671005,68.9924098206121
8,67.00605713639295,68.99458137864059
8,67.0043299134501,68.99152668534434
8,67.00432493751408,68.99666252496931
8,67.00774046994835,68.99296544108029
8,67.00203150637007,68.9916808266473
8,67.00323276316045,68.99285762288594
8,67.00476080504372,68.99532866259487
8,67.00511052402695,68.9909429105119
8,67.00387208361451,68.9926482046094
8,67.002793221112,68.99164693997339
8,67.00512429610012,68.99274586811073
8,67.00721021660637,68.99313785917622
8,67.0058200071006,68.99535037184184
8,67.00672543016937,68.99267189270816
8,67.00323276316045,68.99285762288594
8,67.00387208361451,68.9926482046094
8,67.00555314016849,68.99435573961115
8,67.00664298940232,68.99309489286276
8,67.00271459111757,68.9931332795782
8,67.00737922434593,68.99470759536825
8,67.00363303568378,68.99318450730695
8,67.00549860698345,68.9934871847792
8,67.00433400245912,68.991255118009
8,67.00573386446877,68.99283306256302
8,67.00323276316045,68.99285762288594
8,67.00624434337263,68.99081311271696
8,67.00530043416137,68.99057593215764
8,67.00135864596935,68.9926363575931
8,67.00433400245912,68.991255118009
8,67.00297359403822,68.99512842692147
8,67.00422407416474,68.99555312350267
8,67.00564160502316,68.99473135487865
8,67.00438464165813,68.99203031555705
8,67.00478160501352,68.99192665268548
8,67.00437201357691,68.9905386047884
8,67.00617082143933,68.99226079201473
8,67.00533706608877,68.99029796287755
8,67.00429366824604,68.99112372716168
8,67.00573386446877,68.99283306256302
8,67.00327100816195,68.99305818767576
8,67.00590958693961,68.99487158005167
8,67.0051999628832,68.9909469529856
8,67.00363303568378,68.99318450730695
8,67.00683408907685,68.99087792151934
8,67.00355788901636,68.99160301384306
8,67.00150646401431,68.99375300292799
8,67.00573386446877,68.99283306256302
8,67.00387208361451,68.9926482046094
8,67.0076648152857,68.99190268019346
8,67.00687061032929,68.99556328819736
8,67.00466388549894,68.9916620373519
9,67.01985017522824,68.98573848670704
9,66.99820737113218,68.9752592960597
9,67.00322452390958,69.02344420277909
9,67.00271442256185,69.01991111916253
9,66.98639384890721,68.98022379771781
9,66.99973711569446,68.97939594768549
9,66.98560365799601,69.01776402850476
9,66.99588679009129,68.97577380941502
9,66.98199230058846,68.98538794618511
9,66.98507201751059,68.9824895654354
9,67.00287842791035,68.98076379538774
9,66.97763071192759,69.00990888389214
9,67.00826210431934,68.98206047817634
9,66.98553114123409,68.98267787704549
9,67.01021060524752,69.00400769437937
9,67.01420279530846,68.98856960230168
9,66.99284694512741,69.01744017244174
9,67.00890412619597,68.99794941198554
9,66.97982111908077,69.00116306857022
9,67.00674664404099,69.01642825031863
9,66.99016180077184,69.0175627748135
9,66.98308656560867,69.00849801556488
9,67.00571504571673,69.00340976658923
9,66.99152386624719,68.98251852812905
9,67.00532298772191,68.99016443508411
9,66.99138452324105,68.9924698494798
9,66.99248343098913,68.99573817164516
9,66.99978891558112,69.00329489433648
10,67.00158057626165,69.00158212703668
10,67.00191348969264,68.99888126384332
10,67.00535370736183,69.00253874395419
10,67.00168363812094,69.00321270228429
10,67.00045131365627,69.00235034274236
10,67.00207832435734,68.99996291321834
10,67.00408832563429,69.00289899283727
10,67.00045131365627,69.00235034274236
10,67.00380963592961,69.00260627591611
10,67.0015185781494,68.99940296005477
10,67.00313496653648,69.00514846145305
10,67.00044747605553,69.00103430337282
10,67.00522549512878,69.00226744378983
10,67.00157888368489,69.00240252488993
10,67.00108513214835,69.00300139800962
10,67.00220449179962,69.00320113653449
10,67.00569941759014,68.9991800981761
10,67.00395489199634,69.00387948331766
10,67.0015185781494,68.99940296005477
10,67.00535370736183,69.00253874395419
10,67.0010687841027,69.00087207208209
10,67.00522396016056,68.99988815423687
10,67.00543810206396,68.99909375878465
10,67.00636940045231,69.00276300157314
10,67.00459113618453,69.00257900685111
10,67.00599530214082,69.00393041860937
10,67.00377630533528,69.00492302140773
10,67.00023886250437,69.00134272269928
10,67.00561815287448,69.00344085705694
10,67.00720136770867,69.00304089363716
10,67.00522549512878,69.00226744378983
10,67.00168363812094,69.00321270228429
10,67.00387884323838,68.99952066427937
10,67.00230521146183,69.00454971130826
10,67.00157888368489,69.00240252488993
10,67.00459967904256,69.00068357646266
10,67.00146570844893,68.99900934265037
10,67.00387884323838,68.99952066427937
10,67.00408512461158,68.99838232507778
10,67.00452285779865,69.00400580797405
10,67.00561815287448,69.00344085705694
10,67.00314743095423,68.99823970489797
10,67.00098380446906,69.00055009471791
10,67.00181146121733,69.00464742547614
10,67.00176096743208,69.00453748231088
10,67.00115844275037,69.00184721444188
10,67.00569464936753,69.00470317597305
10,67.00101744490746,69.00198455777222
10,67.00051016179549,69.00348225414594
10,67.0006824486388,69.00048309722723
10,67.00387884323838,68.99952066427937
10,67.00377630533528,69.00492302140773
10,67.0015185781494,68.99940296005477
10,67.00044747605553,69.00103430337282
10,67.00347421632628,68.99890380245324
10,67.00650905006309,69.00177403625372
10,67.0059691638813,68.99889659235258
10,67.00157888368489,69.00240252488993
10,67.00123392131448,68.99995047076948
10,67.00622802819335,69.0005127057412
10,67.0055178177145,69.00213665993252
10,67.00334363726324,69.00183689553934
10,67.0010687841027,69.00087207208209
10,67.00655679277087,69.00020254828036
10,67.00720136770867,69.00304089363716
10,67.00101744490746,69.00198455777222
10,67.0033692922686,68.99988780151331
10,67.00287085664965,68.99961410130734
10,67.00433016271681,69.00421165717381
10,67.00616311398618,68.9989077754418
10,67.00123392131448,68.99995047076948
10,67.00744438038465,69.00079724634494
10,67.00581091167643,69.00213491596566
10,67.00513553058677,69.00101464925015
10,67.00302325564674,69.00401626806152
10,67.00643397066455,69.00300007114892
10,67.00254103842083,69.00079023839615
10,67.00571504571673,69.00340976658923
10,67.00257442417363,68.9982726639617
10,67.00390106699632,69.00048987632088
10,67.00097059731691,69.00209023290563
10,67.00699299536868,69.00014597491712
10,67.00150134486877,69.00247526802579
10,67.0033692922686,68.99988780151331
10,67.00243878854778,68.99825766526351
10,67.0038400014557,69.00523719577734
10,67.00765051275592,69.00121242601134
10,67.0059691638813,68.99889659235258
10,67.0056443984067,69.00257389318406
10,67.00408832563429,69.00289899283727
10,67.00655192646887,69.00244164616275
10,67.00145188187453,69.00047029918272
10,67.00086453816469,69.00320120385848
10,67.00433016271681,69.00421165717381
10,67.00044747605553,69.00103430337282
10,67.00641242269599,69.00142175239257
10,67.00334363726324,69.00183689553934
10,67.00508388955713,69.00131617148773
10,67.0059460942892,68.99885498094044
10,67.0006824486388,69.00048309722723
10,67.0052097774445,69.000019193211
10,67.00649945884471,69.00271634246312
10,67.00513553058677,69.00101464925015
10,67.00150134486877,69.00247526802579
10,67.00313496653648,69.00514846145305
10,67.00225550486513,69.00032023010927
10,67.0050133599189,68.99985357627754
10,67.00765051275592,69.00121242601134
10,67.00156236446985,69.0004095546097
10,67.00673548751107,69.0039006594314
10,67.00677946496461,69.00153782654102
10,67.00373862265452,68.99981805620497
10,67.00388116485986,69.0002074051457
10,67.00538114580058,69.00032318730568
10,67.00390106699632,69.00048987632088
11,67.00476080504372,68.99532866259487
11,67.00561660731712,68.99441428823587
11,67.00330718487807,68.99625520172343
11,67.00617082143933,68.99226079201473
11,67.00347115691383,68.99608642468246
11,67.00478160501352,68.99192665268548
11,67.00422407416474,68.99555312350267
11,67.00646044436628,68.99474481434463
11,67.00653561410672,68.99842272305287
11,67.00712802788424,68.99322852928489
11,67.00330679459128,68.99655246613482
11,67.00318520301401,68.99321531840044
11,67.00548512243827,68.99583427895854
11,67.00320255646594,68.99760931384766
11,67.00290618179007,68.99748835796443
11,67.00636893235121,68.99295426940414
11,67.00893894681475,68.9953826569687
11,67.00590958693961,68.99487158005167
11,67.00627185942773,68.9959275640959
11,67.00759606375465,68.99686016510796
11,67.00811047551994,68.9963713596115
11,67.00418289262548,68.99569554463001
11,67.00486440631144,68.9963564102355
11,67.00616401098745,68.99701454801153
11,67.00528123450928,68.99746104099799
11,67.00590852296153,68.99184406590669
11,67.00805009806611,68.99393268061887
11,67.00590852296153,68.99184406590669
11,67.00718019605401,68.99225715327046
11,67.00522247654281,68.99794428493861
11,67.00329305778996,68.99794192173609
11,67.00528123450928,68.99746104099799
11,67.00362994147707,68.99561432211804
11,67.00608324642606,68.99218848529219
11,67.00246212549911,68.99578759810593
11,67.00805009806611,68.99393268061887
11,67.00678428734771,68.99630142470244
11,67.00811435684732,68.99418603939321
11,67.00409048188666,68.99811681032003
11,67.00363597528843,68.99394153295692
11,67.00677751245745,68.99260667215933
11,67.00326968866256,68.9949622001042
11,67.00408512461158,68.99838232507778
11,67.00640690777179,68.99170437363681
11,67.00530631569454,68.99321894324912
11,67.00712802788424,68.99322852928489
11,67.00718019605401,68.99225715327046
11,67.0077554537316,68.99341380580607
11,67.00290632022147,68.99379785832889
11,67.0048650480283,68.99688653164337
11,67.00393580929601,68.99344576197407
11,67.00365307555137,68.9947571832529
11,67.0043470111403,68.99278390235648
11,67.00285615160531,68.99727381647648
11,67.00718901947846,68.99273872718369
11,67.00820284768454,68.99263611996196
11,67.0065150249342,68.99604540649985
11,67.00478160501352,68.99192665268548
11,67.00832541821089,68.99711684090882
11,67.00347115691383,68.99608642468246
11,67.00363303568378,68.99318450730695
11,67.00641085136216,68.99696860627168
11,67.0032051489316,68.997855617561
11,67.00421582601291,68.9933340407551
11,67.00326968866256,68.9949622001042
11,67.00512429610012,68.99274586811073
11,67.00529478924285,68.99186180278404
11,67.0024773970947,68.99449236439735
11,67.00387208361451,68.9926482046094
11,67.00781870162695,68.99687726117953
11,67.00807444059578,68.99576924224246
11,67.00538431492585,68.9925776778698
11,67.00522247654281,68.99794428493861
11,67.00678428734771,68.99630142470244
11,67.00677751245745,68.99260667215933
11,67.00422407416474,68.99555312350267
11,67.00376430937446,68.99711812507861
11,67.00664298940232,68.99309489286276
11,67.00585594149116,68.99177978027237
11,67.00807444059578,68.99576924224246
11,67.00701454796467,68.99748524128184
11,67.0043889896385,68.99754753239327
11,67.00265743387945,68.99607752303928
11,67.00617426745826,68.99702940052168
11,67.00246212549911,68.99578759810593
11,67.00478004008754,68.99562898242826
11,67.00484110021672,68.9977021978444
11,67.00341049855285,68.99515478322853
11,67.00781870162695,68.99687726117953
11,67.00400847528559,68.99657596447331
11,67.00297359403822,68.99512842692147
11,67.00408512461158,68.99838232507778
11,67.00249329268208,68.99665849055116
11,67.00285615160531,68.99727381647648
11,67.00329305778996,68.99794192173609
12,67.00532298772191,68.99016443508411
12,67.0084509043285,68.9915193977568
12,67.00674080808936,68.99511918145518
12,67.00393580929601,68.99344576197407
12,67.00554805565241,68.99012551176173
12,67.00410339137966,68.99271050913153
12,67.00380449649573,68.99340681714851
12,67.0085369213863,68.99186978482223
12,67.0024773970947,68.99449236439735
12,67.0058200071006,68.99535037184184
12,67.00779404888605,68.992169779606
12,67.00297359403822,68.99512842692147
12,67.00816504406497,68.99246467224492
12,67.0084509043285,68.9915193977568
12,67.0040756165868,68.9908318221739
12,67.00524100506011,68.99169172643522
12,67.00816504406497,68.99246467224492
12,67.0079817323749,68.9921512264732
12,67.00605713639295,68.99458137864059
12,67.00816486795706,68.9924427658013
12,67.00437201357691,68.9905386047884
12,67.00561660731712,68.99441428823587
12,67.00365307555137,68.9947571832529
12,67.00737922434593,68.99470759536825
12,67.00486440631144,68.9963564102355
12,67.00363303568378,68.99318450730695
12,67.00539427844542,68.99181553030816
12,67.00636893235121,68.99295426940414
12,67.00244650033662,68.99244750919888
12,67.00464298782519,68.99525458813645
12,67.00732248637384,68.9912585048139
12,67.00617082143933,68.99226079201473
12,67.00805009806611,68.99393268061887
12,67.00805009806611,68.99393268061887
12,67.0043470111403,68.99278390235648
12,67.00290632022147,68.99379785832889
12,67.00553544957064,68.99035458458309
12,67.00511052402695,68.9909429105119
12,67.00554805565241,68.99012551176173
12,67.00335798241863,68.99224588178917
12,67.00623637513812,68.99591471079218
12,67.00714658763405,68.99080321032537
12,67.00817110078795,68.9915303791956
12,67.00608324642606,68.99218848529219
12,67.00327100816195,68.99305818767576
12,67.00868578957464,68.9935230339227
12,67.00774046994835,68.99296544108029
12,67.00608324642606,68.99218848529219
12,67.00489174333174,68.99161651677768
12,67.00308138838801,68.99275422495084
12,67.00626983232962,68.99512886277145
12,67.00816486795706,68.9924427658013
12,67.00329893363714,68.99579462096295
12,67.007228496467,68.992133318083
12,67.00363303568378,68.99318450730695
12,67.00476080504372,68.99532866259487
12,67.00399872549734,68.99071177857265
12,67.00534156420115,68.99396302805167
12,67.00527823040585,68.99388133094997
12,67.00679619942042,68.99315517810604
12,67.00524100506011,68.99169172643522
12,67.0051394516498,68.99080875704104
12,67.00627494291354,68.99387264408092
12,67.00336603509142,68.99091665426491
12,67.0065150249342,68.99604540649985
12,67.00298152596531,68.99321082818318
12,67.00617082143933,68.99226079201473
12,67.0073407811641,68.99047013942099
12,67.00363597528843,68.99394153295692
12,67.00650891009246,68.99447185756512
12,67.00401619601037,68.9953849251451
12,67.00552431278969,68.99554745451512
12,67.00380449649573,68.99340681714851
12,67.00355788901636,68.99160301384306
12,67.00362994147707,68.99561432211804
12,67.00486440631144,68.9963564102355
12,67.00380037433582,68.99491703055327
12,67.00480597403613,68.99444559057042
12,67.00401619601037,68.9953849251451
12,67.00464298782519,68.99525458813645
12,67.00585594149116,68.99177978027237
12,67.00440633102879,68.99611776385497
12,67.00464298782519,68.99525458813645
12,67.00712802788424,68.99322852928489
12,67.0060212058427,68.99058792234594
12,67.00422407416474,68.99555312350267
12,67.00683408907685,68.99087792151934
12,67.00262427561226,68.99182946350498
12,67.00433400245912,68.991255118009
12,67.00445329960237,68.99030945085872
12,67.00232049170963,68.99337952231298
12,67.00489174333174,68.99161651677768
12,67.00460342410243,68.99392735136303
12,67.0051999628832,68.9909469529856
12,67.00191861116305,68.99336036746587
13,66.9932161812802,68.98497464197743
13,66.99462379788307,68.98799101919067
13,66.99608826834779,68.98800994117248
13,66.9920271889738,68.98475573448464
13,66.99532411286025,68.98709991007918
13,66.99574738611389,68.98714501497629
13,66.99366660242852,68.98851323213269
13,66.9961350588817,68.98942940580233
13,66.9917596982735,68.98542683678993
13,66.99263651489284,68.98869608111436
13,66.99314702985264,68.98676867405906
13,66.99366441436617,68.98988916029579
13,66.99222024395563,68.98520182942008
13,66.9926502028421,68.98628746216988
13,66.99569444081772,68.98633705246141
13,66.99471405753889,68.98379901582392
13,66.99629926390767,68.98759334845074
13,66.99462379788307,68.98799101919067
13,66.99257906070088,68.98378353566912
13,66.99651459791761,68.98692572868461
13,66.99187038832805,68.98784871659969
13,66.99265397600838,68.99002335310514
13,66.99666192496116,68.98666374859549
13,66.99392259287978,68.99017602953346
13,66.99136269508419,68.98455846235734
13,66.99353163141775,68.98729754835836
13,66.99142840666336,68.98713350098241
13,66.99100186478677,68.9850441789618
13,66.99651459791761,68.98692572868461
13,66.99594453253596,68.98483423862308
13,66.99248028748056,68.98595437594035
13,66.99424078891875,68.98986845149929
13,66.99565335858118,68.98911326307255
13,66.99579268118012,68.98644288253463
13,66.99215899716356,68.98737712337098
13,66.992120474658,68.98527354011216
13,66.9920561414635,68.98507139603002
13,66.99498668010949,68.98579596979845
13,66.99456458538316,68.98661694248065
13,66.99366441436617,68.98988916029579
13,66.99611625315175,68.98700490023856
13,66.99423788977724,68.98654422371798
13,66.99124019750116,68.98546436083834
13,66.9920214431649,68.98708976661716
13,66.99462379788307,68.98799101919067
13,66.99270662164551,68.9898338841654
13,66.9911927632961,68.98509847819928
13,66.99222024395563,68.98520182942008
13,66.9916543750391,68.98574093603825
13,66.9941379351448,68.9888895887283
13,66.99187038832805,68.98784871659969
13,66.99317661309308,68.98951332413687
13,66.99352158075875,68.98388654305796
13,66.99416590904967,68.98414454049764
13,66.99401847381388,68.99025942440252
13,66.99645790959971,68.98487206423262
13,66.99362798060682,68.98985112797344
13,66.99215899716356,68.98737712337098
13,66.99651459791761,68.98692572868461
13,66.9911823029729,68.98567214563816
13,66.99531634081951,68.9871377537041
13,66.99574738611389,68.98714501497629
13,66.99529291580582,68.98611369540595
13,66.99073001894385,68.98842923402897
13,66.99512567048153,68.98556412856173
13,66.99241973383218,68.98534239528585
13,66.99342589518548,68.98926868332452
13,66.9933713543709,68.98770538460404
13,66.99270662164551,68.9898338841654
13,66.99519335761005,68.98917134087887
13,66.9916543750391,68.98574093603825
13,66.99569444081772,68.98633705246141
13,66.99197665800212,68.98622619354454
13,66.99424078891875,68.98986845149929
13,66.99366578414535,68.98571030700963
13,66.99656874435394,68.9879701438597
13,66.99324158030181,68.98914253464606
13,66.99579649647588,68.98869075046169
13,66.99153342428991,68.98844610538771
13,66.9926502028421,68.98628746216988
13,66.9947163640501,68.98629130800214
13,66.99594453253596,68.98483423862308
13,66.99584163684546,68.98774913984887
13,66.9947850275309,68.9894947989181
13,66.99424078891875,68.98986845149929
13,66.99629926390767,68.98759334845074
13,66.99324158030181,68.98914253464606
13,66.9933395523413,68.98452924903748
13,66.99219906563457,68.98599176947523
13,66.99257906070088,68.98378353566912
13,66.99218295494124,68.98557867155911
13,66.9949131621843,68.984491534867
13,66.99693241627345,68.98534211003924
13,66.9926502028421,68.98628746216988
13,66.99244182101951,68.98414050277529
13,66.99312664413873,68.9892027824519
13,66.99193267592997,68.98645806646891
13,66.99134937509099,68.98765812471865
13,66.9940079506908,68.9864531485454
13,66.9930482668175,68.98590937779453
13,66.99362798060682,68.98985112797344
13,66.99479611893028,68.98468394928764
13,66.99614726005184,68.98426422363877
13,66.99219769114472,68.9861736087732
13,66.9933713543709,68.98770538460404
13,66.99318563579685,68.98438601147512
13,66.99124019750116,68.98546436083834
13,66.99479611893028,68.98468394928764
13,66.99681915190502,68.98689734771786
13,66.9945097535531,68.98966451822993
13,66.9917847803346,68.98492605329409
13,66.99100186478677,68.9850441789618
13,66.9920271889738,68.98475573448464
13,66.99514304214703,68.98601695443988
14,66.99138452324105,68.9924698494798
14,66.97591435938907,68.99731943550223
14,67.0010702400575,69.01598337061773
14,66.99945804388167,69.01708169247688
14,66.98908166892745,68.99979093239014
14,67.01145953905274,68.98992383967799
14,66.98639384890721,68.98022379771781
14,66.98971880364503,69.01846488847725
14,66.99173855619831,69.01833962472529
14,67.00821909813483,69.02228605962905
14,67.01475084373352,68.99493472526873
14,66.98406710095989,69.01379162377872
14,67.00731172786732,68.97816785642907
14,67.01750172159157,68.99237245241027
14,66.97728072845496,69.00419947799594
14,67.01772501316134,68.99039367662262
14,66.99782840330187,68.98017581527125
14,67.02048267432308,69.01277553202644
14,66.98727747564749,68.99340721793929
14,66.98958302113171,68.9892287890727
14,66.9951661557206,69.01838167514471
14,66.97728072845496,69.00419947799594
14,66.99715854109483,69.00906194626884
14,66.99893915470915,68.99314172390814
14,66.99643614783035,68.99356106734903
14,66.98951289638332,68.98706534955275
14,67.02226664987553,68.9959357841385
14,67.01461138052339,69.0147188451676
14,66.9921181726891,69.00992643187796
14,67.01750172159157,68.99237245241027
14,67.01971580079646,68.99569014021321
14,66.99588679009129,68.97577380941502
14,66.97565604398883,68.99753693071239
14,67.01038000705364,69.01924214023492
14,66.98491650090283,68.98593970519521
14,67.02302387927261,68.9946180051608
14,67.02226664987553,68.9959357841385
14,66.9921181726891,69.00992643187796
14,66.99955255679588,69.01351833289647
14,67.01306607520141,69.01292850802221
14,66.98958302113171,68.9892287890727
14,67.00617557630238,69.00875457933954
14,67.01319429461424,69.0059742731041
14,66.98743056078466,69.01542089610665
14,67.02123565055132,69.00780370073923
14,66.98958302113171,68.9892287890727
14,66.98507201751059,68.9824895654354
14,66.99122350027085,69.00481973239556
14,66.98199230058846,68.98538794618511
14,66.99044401289096,68.99771492704048
14,66.9961107535512,69.01619586254492
14,67.00907825662074,68.993138184192
14,66.99290546441863,69.01400058864584
14,66.99138452324105,68.9924698494798
14,66.9961142615932,68.98114895862005
14,67.00271162805853,69.00981308037991
14,67.01073538180377,69.00045448480815
14,67.01823743137494,68.99681849877224
14,67.01544209091352,69.00715437405734
14,66.99248343098913,68.99573817164516
14,66.9920216673802,69.00255280639146
14,67.00979818012583,69.00487139198373
14,67.0024773970947,68.99449236439735
14,67.01885609914731,68.99439048296324
14,67.01070795343612,69.00008364976344
14,66.97808636298717,69.00647580870593
14,66.98550281871266,68.9947552281236
14,67.01897624214646,69.00451459730253
14,67.00074932415787,68.98441065271739
14,66.99790410301368,68.98370140216791
14,67.00783401901825,69.00545515439923
14,66.99044401289096,68.99771492704048
14,67.01138259878111,69.01006728690649
14,66.97565604398883,68.99753693071239
14,66.98951289638332,68.98706534955275
14,67.01885609914731,68.99439048296324
14,66.98326566557596,69.00703060628956
14,66.99555265460393,69.01115824558038
15,67.00287242397414,68.98970863534852
15,66.99977582155229,68.99396236956608
15,67.00352648598636,68.99373163717597
15,67.00297359403822,68.99512842692147
15,67.00232049170963,68.99337952231298
15,67.00039094844139,68.99296814680149
15,67.00527823040585,68.99388133094997
15,66.99978296753206,68.99506598599295
15,67.00099363613177,68.99176454972783
15,67.002793221112,68.99164693997339
15,67.00585594149116,68.99177978027237
15,67.00466388549894,68.9916620373519
15,66.9993083850659,68.99350562901346
15,67.00191507760852,68.99119938070204
15,67.00079415857428,68.99508785673264
15,67.00171150616745,68.99304093706424
15,66.99957651312661,68.9942932718411
15,67.00534156420115,68.99396302805167
15,66.9996588296025,68.993975102216
15,67.00031682730037,68.99217707958923
15,67.00089054204294,68.99545103031777
15,67.00381077827797,68.99023493281891
15,67.0043299134501,68.99152668534434
15,67.00460183701455,68.99400158430672
15,67.00297359403822,68.99512842692147
15,67.00232049170963,68.99337952231298
15,67.001129833144,68.99569888000808
15,67.00336603509142,68.99091665426491
15,67.00098277028125,68.99227810764243
15,67.00076222498747,68.99152533602604
15,67.00511052402695,68.9909429105119
15,67.00457148200114,68.99011704337028
15,67.0019370239378,68.99125656187782
15,67.00318454371141,68.99029654475162
15,67.00058530955077,68.99059346025085
15,67.00546543721538,68.99357561693186
15,66.99941228887717,68.99302762075283
15,67.00271154608845,68.98982192167719
15,67.00358491760147,68.99053965025767
15,67.0040756165868,68.9908318221739
15,67.00227873347056,68.99614222353934
15,67.00099363613177,68.99176454972783
15,67.00378151550838,68.9955705878027
15,67.00021189676768,68.99299838054004
15,67.00109691021454,68.9897523866907
15,66.9998038023789,68.99313222490964
15,67.0024773970947,68.99449236439735
15,67.00482405872302,68.99113442771008
15,67.00549860698345,68.9934871847792
15,67.00363303568378,68.99318450730695
15,67.00271459111757,68.9931332795782
15,67.00132967388004,68.99462862546557
15,67.00512429610012,68.99274586811073
15,67.00091904337428,68.99177355150584
15,67.00111402548615,68.99258180154223
15,67.00482405872302,68.99113442771008
15,67.00282599252105,68.99473401523848
15,67.00327100816195,68.99305818767576
15,67.00258844373843,68.98989380591634
15,67.00111402548615,68.99258180154223
15,67.00262643058302,68.99456172462224
15,67.00048424883626,68.99561399271101
15,67.00335798241863,68.99224588178917
15,67.001129833144,68.99569888000808
15,66.99975082430305,68.99229649065845
15,67.00527823040585,68.99388133094997
16,67.00330718487807,68.99625520172343
16,67.00712802788424,68.99322852928489
16,67.00590958693961,68.99487158005167
16,67.00539427844542,68.99181553030816
16,67.0048650480283,68.99688653164337
16,67.00626983232962,68.99512886277145
16,67.00387208361451,68.9926482046094
16,67.00405608142877,68.99763183445515
16,67.00484110021672,68.9977021978444
16,67.00617426745826,68.99702940052168
16,67.0078958824777,68.99601528152249
16,67.00432493751408,68.99666252496931
16,67.00605713639295,68.99458137864059
16,67.00249329268208,68.99665849055116
16,67.00330679459128,68.99655246613482
16,67.00286120481,68.99483650723742
16,67.0078958824777,68.99601528152249
16,67.00401005594584,68.99364454334484
16,67.0032051489316,68.997855617561
16,67.00721021660637,68.99313785917622
16,67.00327100816195,68.99305818767576
16,67.006752848296,68.99199589626798
16,67.008479117898,68.99307030018028
16,67.00807444059578,68.99576924224246
16,67.0068484373888,68.99271592658215
16,67.00282599252105,68.99473401523848
16,67.00478160501352,68.99192665268548
16,67.00616401098745,68.99701454801153
16,67.0048650480283,68.99688653164337
16,67.00417248789552,68.9964328114332
16,67.00641085136216,68.99696860627168
16,67.00493584159625,68.99362697762493
16,67.00452370031674,68.99715982106063
16,67.00590958693961,68.99487158005167
16,67.00522247654281,68.99794428493861
16,67.00605713639295,68.99458137864059
16,67.00679619942042,68.99315517810604
16,67.00691787441829,68.99742041834278
16,67.00290632022147,68.99379785832889
16,67.00610719957248,68.99693298654898
16,67.00866688996467,68.99570242090402
16,67.00428600464635,68.99801360854198
16,67.00729453088012,68.99581584540645
16,67.00808007859764,68.99570469981767
16,67.00522247654281,68.99794428493861
16,67.00464298782519,68.99525458813645
16,67.00476080504372,68.99532866259487
16,67.00773192443465,68.99299966352618
16,67.00564160502316,68.99473135487865
16,67.00476080504372,68.99532866259487
16,67.00757440671171,68.99572845306116
16,67.00326968866256,68.9949622001042
16,67.0024773970947,68.99449236439735
16,67.00672543016937,68.99267189270816
16,67.00618585856677,68.99726977027605
16,67.00395497781736,68.99775176159686
16,67.00653830062579,68.9932889072017
16,67.00493928122562,68.99641539200812
16,67.00393580929601,68.99344576197407
16,67.00641085136216,68.99696860627168
16,67.00653561410672,68.99842272305287
16,67.00265743387945,68.99607752303928
16,67.00409048188666,68.99811681032003
16,67.0043889896385,68.99754753239327
16,67.00418289262548,68.99569554463001
16,67.00774046994835,68.99296544108029
16,67.00398980813978,68.99825064199818
16,67.00401619601037,68.9953849251451
16,67.00596908436239,68.99822861048749
16,67.00754604599591,68.99504135423386
16,67.00832541821089,68.99711684090882
16,67.00428600464635,68.99801360854198
16,67.00712802788424,68.99322852928489
16,67.00737922434593,68.99470759536825
16,67.00775361255235,68.99239145201437
16,67.00811435684732,68.99418603939321
16,67.00464298782519,68.99525458813645
16,67.00362994147707,68.99561432211804
16,67.00739698054164,68.99459249414276
16,67.0060214892925,68.99761163119734
16,67.00679619942042,68.99315517810604
17,66.9945097535531,68.98966451822993
17,66.99416590904967,68.98414454049764
17,66.99559867270939,68.98468322575111
17,66.99247267155229,68.98813031973268
17,66.99392259287978,68.99017602953346
17,66.99371317908914,68.98576938159353
17,66.99032236648173,68.98641306055369
17,66.99401847381388,68.99025942440252
17,66.99653939915284,68.98634819506795
17,66.9967784664922,68.98688952883302
17,66.99732910975058,68.98669896660692
17,66.99653939915284,68.98634819506795
17,66.99579649647588,68.98869075046169
17,66.99186475037422,68.98699210653898
17,66.99621664263958,68.98925446240439
17,66.99212578731242,68.98385331895132
17,66.99516539938796,68.98772620192958
17,66.99611625315175,68.98700490023856
17,66.9920271889738,68.98475573448464
17,66.99392259287978,68.99017602953346
17,66.99084597336578,68.98589457482373
17,66.99460731458909,68.98571303558707
17,66.9941320975276,68.98577205152984
17,66.99587302520604,68.98585982397789
17,66.99653939915284,68.98634819506795
17,66.99193170142979,68.98555764457846
17,66.99176925447212,68.98415737337301
17,66.99479611893028,68.98468394928764
17,66.9909180467078,68.98882809218834
17,66.99181052831887,68.98413835554341
17,66.99193170142979,68.98555764457846
17,66.99512567048153,68.98556412856173
17,66.99520620638907,68.98894732265076
17,66.99102913927787,68.98797191680603
17,66.99230367218675,68.9875480254489
17,66.99362798060682,68.98985112797344
17,66.99100186478677,68.9850441789618
17,66.99693241627345,68.98534211003924
17,66.99455296751293,68.98688197683225
17,66.99568308128572,68.9847826711095
17,66.990612293598,68.9872204714895
18,67.00907825662074,68.993138184192
18,66.99955255679588,69.01351833289647
18,66.99555265460393,69.01115824558038
18,66.99370094840344,68.9793404871005
18,66.98380609063673,69.01607270389127
18,66.98380609063673,69.01607270389127
18,67.00979818012583,69.00487139198373
18,67.02226664987553,68.9959357841385
18,67.00617557630238,69.00875457933954
18,66.99092152845357,69.01371494907386
18,66.99248343098913,68.99573817164516
18,66.98560365799601,69.01776402850476
18,67.00732535617404,69.0047388764906
18,66.99820737113218,68.9752592960597
18,66.97728072845496,69.00419947799594
18,67.00859377833937,68.99809867940911
18,66.9951661557206,69.01838167514471
18,67.00104112590341,69.02444508575454
18,66.9917847803346,68.98492605329409
18,67.01823743137494,68.99681849877224
18,67.00979818012583,69.00487139198373
18,66.97891213203805,69.00363221266757
18,67.01746094745096,69.01373653844378
18,66.98151733196958,69.01568836770838
18,67.00826210431934,68.98206047817634
18,67.02239725864791,68.99158321743877
18,66.9920216673802,69.00255280639146
18,66.98560365799601,69.01776402850476
18,66.99290546441863,69.01400058864584
18,66.98977675589748,68.99585665322708
18,66.99715854109483,69.00906194626884
18,66.99036076580427,69.0168280984295
18,67.00979818012583,69.00487139198373
18,67.00271162805853,69.00981308037991
18,67.00826210431934,68.98206047817634
18,67.00615721720611,68.99795771646754
18,66.97917107715207,68.9965487607952
18,67.00907825662074,68.993138184192
18,67.01475084373352,68.99493472526873
18,67.00579813776196,69.01980383027599
18,67.01746094745096,69.01373653844378
18,67.01772501316134,68.99039367662262
18,67.00316707814835,69.02070735523033
18,67.01971580079646,68.99569014021321
18,66.97591435938907,68.99731943550223
18,66.99978891558112,69.00329489433648
18,67.01008529316469,68.99789488888021
18,66.99555265460393,69.01115824558038
18,67.00890412619597,68.99794941198554
18,67.00957040013326,68.9886238897416
18,66.98951289638332,68.98706534955275
18,66.9921181726891,69.00992643187796
18,67.01449407606184,68.98151735166417
18,66.98639384890721,68.98022379771781
18,67.01293406937519,68.98444080059805
18,67.0010702400575,69.01598337061773
18,66.99606517093193,69.01767399457061
18,67.01138259878111,69.01006728690649
18,66.99492849916268,68.9942783302899
18,66.9961142615932,68.98114895862005
18,67.00907825662074,68.993138184192
18,67.00404298272183,69.00293883562966
18,66.99248343098913,68.99573817164516
18,66.97980718414192,69.01077794448351
18,67.01897624214646,69.00451459730253
18,66.99016180077184,69.0175627748135
18,66.98719504885673,68.99984810694662
18,66.97526629603277,68.99821147764389
18,67.01449407606184,68.98151735166417
18,66.99656315378148,69.00511934397508
18,67.0116876319563,68.9934500288582
18,66.99171016077287,68.98017561266693
18,66.98450693425983,69.01932881740595
18,66.97923295748306,68.99243391730442
18,67.00381077827797,68.99023493281891
18,66.97891213203805,69.00363221266757
18,66.98553114123409,68.98267787704549
18,66.98472550968806,69.0172760402079
18,67.00808956947716,68.98274882578298
18,67.00826210431934,68.98206047817634
18,66.99448129482141,69.01056694809645
18,67.01449407606184,68.98151735166417
18,67.01449407606184,68.98151735166417
18,67.02302387927261,68.9946180051608
18,66.97591435938907,68.99731943550223
18,67.00271442256185,69.01991111916253
18,67.00287842791035,68.98076379538774
18,66.99092152845357,69.01371494907386
18,67.02048267432308,69.01277553202644
18,67.00858214022729,68.98339325555223
18,66.99152386624719,68.98251852812905
18,67.02166545524199,68.98820896751013
18,67.00381077827797,68.99023493281891
18,67.01544209091352,69.00715437405734
18,67.00104112590341,69.02444508575454
18,67.00675096490237,69.02129383502071
18,66.99456458538316,68.98661694248065
18,66.99248343098913,68.99573817164516
18,67.00890412619597,68.99794941198554
18,66.98560365799601,69.01776402850476
18,67.01319429461424,69.0059742731041
18,67.00297294683433,69.00088140550284
18,67.01971580079646,68.99569014021321
19,66.98643624219451,69.01123257062739
19,66.98585039082438,69.00995314587729
19,66.98785902287851,69.00630147480713
19,66.98448473498456,69.00923029241193
19,66.98380584612158,69.00741085583577
19,66.98363670517276,69.0087753883917
19,66.98806169059108,69.010280444372
19,66.98776472404104,69.0125488510858
19,66.98901395836882,69.01101286687827
19,66.98806169059108,69.010280444372
19,66.98918787667522,69.0079125146094
19,66.9854136697179,69.01174572641845
19,66.98545197441396,69.00788293893575
19,66.98980603894192,69.00970732941025
19,66.98785955209314,69.00825217260316
19,66.98531240906543,69.0083008200735
19,66.98920816242789,69.0119122358048
19,66.98643624219451,69.01123257062739
19,66.98785976987762,69.00717513996331
19,66.98811075925639,69.00747988544039
19,66.9863968335744,69.00743577445103
19,66.98389538892116,69.00939296058208
19,66.9870220046465,69.01029994043347
19,66.98801781375003,69.00718235213522
19,66.98507678685863,69.01108010166533
19,66.98511999551687,69.00645110111964
19,66.98630785359515,69.01086589996483
19,66.983681628949,69.00783324225306
19,66.98394408994172,69.00749983736516
19,66.98802197236076,69.00851624691951
19,66.9884349380236,69.0123638755732
19,66.98665370966529,69.01268198854787
19,66.98807163431134,69.0087063386307
19,66.98920570748386,69.012275114848
19,66.98705783831323,69.01251104257858
19,66.98865491744112,69.01101151368967
19,66.98730823963304,69.0091300575529
19,66.989753855137,69.00972898302282
19,66.98594275335152,69.00591824329774
19,66.98660973096185,69.01012656156504
19,66.98784795291631,69.0087122943563
19,66.98701630967115,69.00923316015277
19,66.98900374257612,69.01170106631211
19,66.98617038521536,69.01207983315746
19,66.9892464388994,69.00953009396383
19,66.98674818510683,69.00765521452531
19,66.98363670517276,69.0087753883917
19,66.98794350878855,69.01156653566564
19,66.9890882216748,69.01156966006027
19,66.98517210398546,69.01111970110372
19,66.98816706709455,69.00659515967209
19,66.9834057643752,69.0086965830771
19,66.98929956945057,69.0087749449168
19,66.98638224382692,69.01178343955527
19,66.98818425424551,69.01164897251692
19,66.98630785359515,69.01086589996483
19,66.9884349380236,69.0123638755732
19,66.98649724606385,69.01236907191515
19,66.98553516694868,69.008119901354
19,66.98649852284511,69.01017253246457
19,66.98826586442998,69.00941063202
19,66.9892464388994,69.00953009396383
19,66.98463164164549,69.00991045808497
19,66.9889314291278,69.00748309045724
19,66.98617038521536,69.01207983315746
19,66.98699331324607,69.01101382214551
19,66.98612127588488,69.00577619097714
19,66.98612127588488,69.00577619097714
19,66.98784795291631,69.0087122943563
19,66.98856527865041,69.0112854863111
19,66.98871177967513,69.0086557838479
19,66.98386521976637,69.00926664475774
19,66.9849028271776,69.00814579942741
19,66.98414896658923,69.00762114278594
19,66.98877231709163,69.01042078520514
19,66.98929956945057,69.0087749449168
19,66.9890074430377,69.01057338142517
19,66.98517817507604,69.01038614300762
19,66.98479177553399,69.00936829338607
19,66.98838770494955,69.01076175471837
19,66.98784502511151,69.01277759427263
19,66.98356389714813,69.0088836957875
19,66.98875211827301,69.01058494963226
19,66.98612127588488,69.00577619097714
19,66.98455795236407,69.00694097849657
19,66.98507843097597,69.01156693685716
19,66.98752217814457,69.01009903752228
20,67.0100413062985,68.99469233217654
20,67.01035912449355,68.99397493311105
20,67.01043521704611,68.99558607572622
20,67.0078958824777,68.99601528152249
20,67.00933455872642,68.99751656978356
20,67.00484110021672,68.9977021978444
20,67.00805009806611,68.99393268061887
20,67.00626983232962,68.99512886277145
20,67.00409048188666,68.99811681032003
20,67.00463549474155,68.99827335456688
20,67.00610070599217,68.99771980575112
20,67.00376641873825,68.99838519628098
20,67.0060214892925,68.99761163119734
20,67.00890412619597,68.99794941198554
20,67.00754604599591,68.99504135423386
20,67.00376641873825,68.99838519628098
20,67.0077554537316,68.99341380580607
20,67.00650891009246,68.99447185756512
20,67.0058200071006,68.99535037184184
20,67.00569941759014,68.9991800981761
21,67.00907825662074,68.993138184192
21,66.97891213203805,69.00363221266757
21,67.00105460404252,68.97668152952248
21,67.00858214022729,68.98339325555223
21,67.00907825662074,68.993138184192
21,66.98639384890721,68.98022379771781
21,66.97565604398883,68.99753693071239
21,66.99492849916268,68.9942783302899
21,67.0218809634481,68.9971004889604
21,66.98958302113171,68.9892287890727
21,66.98535249470436,68.99844902394413
21,66.99893777692782,69.02030123120187
21,66.99555265460393,69.01115824558038
21,66.99171016077287,68.98017561266693
21,67.01894085396755,68.9912849703136
21,66.98535249470436,68.99844902394413
21,66.99820737113218,68.9752592960597
21,67.00381077827797,68.99023493281891
21,67.01312991857823,68.9903249625683
21,66.9982602259979,68.9809108390513
21,67.00287842791035,68.98076379538774
21,66.99036076580427,69.0168280984295
21,66.97591435938907,68.99731943550223
21,67.00890412619597,68.99794941198554
21,66.99370094840344,68.9793404871005
21,66.98406710095989,69.01379162377872
21,66.99955158291166,68.99739752126766
21,67.0065150249342,68.99604540649985
21,67.01038000705364,69.01924214023492
21,66.99016180077184,69.0175627748135
21,67.00574151207476,68.98793726130546
21,66.99122350027085,69.00481973239556
21,66.97565604398883,68.99753693071239
21,67.00105460404252,68.97668152952248
21,66.98062578494844,69.01125665994584
21,66.98743056078466,69.01542089610665
21,67.00674664404099,69.01642825031863
21,67.00571504571673,69.00340976658923
21,67.0010702400575,69.01598337061773
21,67.01021060524752,69.00400769437937
21,66.9921181726891,69.00992643187796
21,67.01573230844379,68.98315724368207
21,67.01458796681379,68.9868670698534
21,66.9961107535512,69.01619586254492
21,67.00859377833937,68.99809867940911
21,66.97723944707423,69.01024966283107
21,66.99820737113218,68.9752592960597
21,66.98450693425983,69.01932881740595
21,67.01897624214646,69.00451459730253
21,66.97884521377905,69.00106220628346
21,66.98550281871266,68.9947552281236
21,67.02226664987553,68.9959357841385
21,67.01073538180377,69.00045448480815
21,67.0063359944813,68.98205632636461
21,66.98199230058846,68.98538794618511
21,67.00287842791035,68.98076379538774
22,66.99764775583614,68.99633424839229
22,67.0006418028862,68.99554083625999
22,67.00048424883626,68.99561399271101
22,66.99718440368406,68.99694797918542
22,67.00115572518584,68.9969329462332
22,67.00150646401431,68.99375300292799
22,66.99780225898033,68.99668448524993
22,67.00206305573947,68.99527509443271
22,66.99996257644963,68.99863787559433
22,67.00227873347056,68.99614222353934
22,67.00072610737533,68.99644946515532
22,66.99685454251214,68.99369629355648
22,67.00110673160763,68.99816598412738
22,66.99826284504941,68.99784581648876
22,67.00052040822669,68.99809254819625
22,66.99697178522126,68.99664555884843
22,66.99799246547283,68.99501758951544
22,67.00150646401431,68.99375300292799
22,66.99645745608028,68.99790172321192
22,66.9974854961427,68.99804651402854
22,67.00073518613992,68.99670433650762
22,66.99694663254408,68.994946592497
22,66.99986712948609,68.9959959171536
22,67.00092855967458,68.99775298751665
22,67.00046282789499,68.99648811932599
22,66.99826284504941,68.99784581648876
22,66.99955158291166,68.99739752126766
22,67.00051823275342,68.99275079072333
22,67.00227873347056,68.99614222353934
22,66.99764775583614,68.99633424839229
22,66.9983502636834,68.99828410186139
22,66.99772856564316,68.99687587226644
22,66.99975082430305,68.99229649065845
22,67.00246212549911,68.99578759810593
22,67.00191861116305,68.99336036746587
22,66.99739081629077,68.99745597811213
22,66.99985505746021,68.99553127460236
22,66.99624318073808,68.99679685849705
22,67.00202539337695,68.99554447736017
22,66.99797134224947,68.99661658884472
22,66.99572048816896,68.9966046119358
22,67.00196523399593,68.994173148353
22,66.99787871720025,68.99552122030362
22,66.99867155195459,68.99261482282093
22,66.99635426358111,68.9945354756036
22,67.00080666026378,68.992733071872
22,67.00120335237925,68.99403040146774
22,67.00013471220802,68.99300114022418
22,67.00246179958222,68.99578121449325
22,66.99697418361121,68.99683881564513
22,67.00092855967458,68.99775298751665
22,66.99841607125748,68.99497350421738
22,66.9983367237847,68.99301769920602
22,66.99892982017458,68.99438300069973
22,67.00008371243527,68.99322314212101
22,66.99949904869315,68.99402526507392
22,66.99631136626142,68.99526443138994
22,66.99861508491836,68.99827056964598
22,66.99670701194088,68.99766745074825
22,66.99886450421027,68.99444428029875
22,67.00052040822669,68.99809254819625
22,67.00092855967458,68.99775298751665
22,67.00021189676768,68.99299838054004
22,66.99795812423865,68.99576369822049
22,67.00066376059692,68.9952041510709
22,66.9978673606403,68.99512626893089
22,66.99974704094392,68.9980641636792
22,66.99736860674763,68.9965521683206
22,66.99775445817289,68.99838344142735
22,67.00032351009652,68.99260558073976
22,67.00073518613992,68.99670433650762
22,66.99796587151587,68.99758633777957
22,66.99957651312661,68.9942932718411
22,66.99826284504941,68.99784581648876
22,66.99922193891054,68.99252271301384
22,66.99839077864512,68.9969180152855
22,66.99651073560564,68.99466041897566
22,67.00206305573947,68.99527509443271
22,66.99818267062962,68.9933432148429
22,66.99955158291166,68.99739752126766
22,66.99664816296304,68.99440524058927
22,67.00066376059692,68.9952041510709
22,66.99899059623088,68.99671287395584
22,66.9974903216903,68.99568900881752
22,66.99626724993998,68.9949622479774
22,66.9998038023789,68.99313222490964
22,66.9995989749152,68.99609810073777
22,66.9964763482656,68.995652129652
22,67.00089054204294,68.99545103031777
22,66.99694899447837,68.99792081356948
22,67.0006034698792,68.99847532359462
23,66.98604945967362,68.9985275068845
23,66.98847516665383,68.99776295172687
23,66.98729027351976,68.99641546583882
23,66.99072786431006,69.00015839363599
23,66.9867245699001,68.99797243107243
23,66.98648029023252,68.99723611077006
23,66.99033151956694,68.99831792009174
23,66.98554101499333,68.9960753350218
23,66.9907216892928,68.99797089559834
23,66.98854243830313,68.99347415309649
23,66.99206518365625,68.99475620225454
23,66.98827579155821,68.99654343667835
23,66.98998883438438,68.99889485564856
23,66.99073987903563,68.99886545757687
23,66.98998006045821,68.99697861767959
23,66.98929698933611,68.99878604763357
23,66.98697482884432,68.99582358339157
23,66.99073987903563,68.99886545757687
23,66.98854674847881,68.99383107867833
23,66.99051036300166,68.99965247160627
23,66.98766864023388,68.99617494598806
23,66.98904038553182,68.99473619519424
23,66.98651399959326,68.99468948159597
23,66.9866752963462,68.99938063880116
23,66.98788537642523,68.99772624813922
23,66.9869183958957,68.99863644199293
23,66.98735648853751,68.9963901473901
23,66.9921224285559,68.99825669681107
23,66.9867245699001,68.99797243107243
23,66.99170874680843,68.9961237588172
23,66.98735648853751,68.9963901473901
23,66.99238078779403,68.99672578669919
23,66.99035301684009,68.99762573834737
23,66.98932905358224,68.99529596237073
23,66.98866342984255,68.99865909051285
23,66.99100322423382,68.99519197523894
23,66.98940080147685,68.99365458715619
23,66.98646228000588,68.9996075570246
23,66.99209719177557,68.99801582723848
23,66.99063697962521,68.99551862658966
23,66.98753320516478,68.99393591997698
23,66.99128709338126,68.99681053454621
23,66.99062716167262,68.9996122247275
23,66.9875605242853,68.99795011984308
23,66.99019439794692,68.99906856695146
23,66.98725871265493,68.99482711972288
23,66.98652366943642,68.99589140288481
23,66.98977675589748,68.99585665322708
23,66.98779584493002,68.99874288777687
23,66.98923781947262,68.99601464080959
23,66.98940080147685,68.99365458715619
23,66.98903289215072,68.99742049405832
23,66.99207756753817,68.9959552858756
23,66.98735648853751,68.9963901473901
23,66.99073987903563,68.99886545757687
23,66.98784373750203,68.99921639110657
23,66.99033557971939,68.99657646063633
23,66.98714652062051,68.99747572172022
23,66.98697165387006,68.9989566374373
23,66.99003807993198,68.99806307687905
23,66.98854243830313,68.99347415309649
23,66.99096844252115,68.99677141234174
23,66.99044401289096,68.99771492704048
23,66.98649813560773,68.99680330211025
23,66.99110867712342,68.99636497957083
23,66.9875605242853,68.99795011984308
23,66.98697165387006,68.9989566374373
23,66.99196089428634,68.9976407054805
23,66.99073987903563,68.99886545757687
23,66.98756349623568,69.0000076911884
23,66.98844953423657,68.99511676030227
23,66.99016604533236,68.99363156079013
23,66.98908166892745,68.99979093239014
23,66.98756349623568,69.0000076911884
23,66.98665990680863,68.99647788567226
23,66.98863417726281,68.99530324146471
23,66.98540005626333,68.99907031525116
23,66.9906784325173,68.99446838803745
23,66.99054696458542,68.99939830275716
23,66.99248343098913,68.99573817164516
23,66.9867245699001,68.99797243107243
23,66.98844953423657,68.99511676030227
23,66.98820050992695,68.99717936876011
23,66.9878683114232,68.99427595032428
23,66.98566304748609,68.99626616870623
23,66.98903512574294,68.9958487302314
23,66.98726845520864,69.00041974281562
23,66.99092057174347,68.99896259036845
23,66.98671053496797,68.99597505996071
23,66.9870943952451,68.99899619874742
23,66.98877292486519,68.9976283897046
23,66.98728215698125,68.99971031997191
23,66.99134991723622,68.99770132002642
23,66.99113536750058,68.99390551481841
23,66.99036655025702,68.99509634522305
23,66.99062478767334,68.99994074244034
23,66.98719504885673,68.99984810694662
23,66.98654616979807,68.99698605541442
24,66.99694631020759,68.99092347825588
24,66.99869870235023,68.9911410564352
24,66.99901974598417,68.98795477500357
24,66.99590468760539,68.98688727627159
24,66.9933713543709,68.98770538460404
24,66.99362798060682,68.98985112797344
24,66.99633073825422,68.98987643866978
24,66.99787270589242,68.98791476114557
24,66.99520620638907,68.98894732265076
24,66.99257187062085,68.98885696897742
24,66.99270662164551,68.9898338841654
24,66.99788700780881,68.99136592667696
24,66.99288757025084,68.99043057643908
24,66.99584163684546,68.98774913984887
24,66.99768324509539,68.99029403059053
24,66.99295696171575,68.99048763477246
24,66.99419771384342,68.98967822458121
24,66.99440744440865,68.98949486020821
24,66.99324158030181,68.98914253464606
24,66.9941379351448,68.9888895887283
24,66.99495168523842,68.98942706447188
24,66.99579268118012,68.98644288253463
24,66.99402212480975,68.99166873060503
24,66.9967265493703,68.99106111216621
24,66.99788700780881,68.99136592667696
24,66.99828533248578,68.99138315371151
24,66.9969995212332,68.99141049846693
24,66.99273012269332,68.99031197479205
24,66.99342489660751,68.99230618270875
24,66.99516539938796,68.98772620192958
24,66.99386918105408,68.98989767033535
24,66.99755510330941,68.99062303390428
24,66.9941379351448,68.9888895887283
24,66.99386346754459,68.98897735435243
24,66.99863476528184,68.99085146136768
24,66.9941335518543,68.98759622620197
24,66.9941260786806,68.98955315935979
24,66.99590468760539,68.98688727627159
24,66.99863476528184,68.99085146136768
24,66.99516539938796,68.98772620192958
24,66.99257187062085,68.98885696897742
24,66.99387922184002,68.98746034177874
24,66.9967265493703,68.99106111216621
24,66.99960232765585,68.98937667177869
24,66.99888701305225,68.98739067053334
24,66.9941160805981,68.99126760870087
24,66.99888701305225,68.98739067053334
24,66.99281132545661,68.99187149702884
24,66.99291760881549,68.98868785654948
24,66.99516539938796,68.98772620192958
24,66.99532411286025,68.98709991007918
24,66.99299364805837,68.99089338687958
24,66.99392259287978,68.99017602953346
24,66.9967784664922,68.98688952883302
24,66.99863476528184,68.99085146136768
25,66.98585039082438,69.00995314587729
25,66.98730823963304,69.0091300575529
25,66.9849028271776,69.00814579942741
25,66.98591385386193,69.01046711309948
25,66.98597937081799,69.01123613823817
25,66.9872860624841,69.00675827170774
25,66.98484608403955,69.00830924160596
25,66.98436260034818,69.00963896385211
25,66.98606486060322,69.00608776926293
25,66.98705783831323,69.01251104257858
25,66.986158049671,69.00697251069354
25,66.98784795291631,69.0087122943563
25,66.98876557006177,69.01020954592624
25,66.98785955209314,69.00825217260316
25,66.9869626809771,69.01010932055053
25,66.98666225313376,69.00826691081679
25,66.9854679712002,69.00745889095805
25,66.98876557006177,69.01020954592624
25,66.98811075925639,69.00747988544039
25,66.98903839230601,69.00940479566377
25,66.98772507789207,69.00614161334363
25,66.98380584612158,69.00741085583577
25,66.98920570748386,69.012275114848
25,66.98571036477182,69.00937396986595
25,66.98822191249003,69.00948903730652
25,66.98882169659257,69.01065773723062
25,66.9849176526596,69.01084641130964
25,66.98649852284511,69.01017253246457
25,66.98901395836882,69.01101286687827
25,66.9848196173374,69.00647802644336
25,66.98736036713161,69.00777124032535
25,66.98854798861353,69.0109459977701
25,66.98664023206919,69.01049524561216
25,66.98794350878855,69.01156653566564
25,66.98446031109067,69.00566252766392
25,66.98484608403955,69.00830924160596
25,66.98448473498456,69.00923029241193
25,66.9863968335744,69.00743577445103
25,66.9854679712002,69.00745889095805
25,66.98582921775737,69.011340980706
25,66.98597937081799,69.01123613823817
25,66.98414896658923,69.00762114278594
25,66.98877231709163,69.01042078520514
25,66.98659763367472,69.00864479115741
25,66.98858800819187,69.01128901741038
25,66.9874861503648,69.01078956687704
25,66.98479177553399,69.00936829338607
25,66.98584090287066,69.00791666309519
25,66.98923422098676,69.01155965486555
25,66.98463164164549,69.00991045808497
25,66.9884956359429,69.01074472362605
25,66.98638224382692,69.01178343955527
25,66.98784502511151,69.01277759427263
25,66.98613636386138,69.01215751779392
25,66.98910826930305,69.01113913164235
25,66.98395717639296,69.0081286655793
25,66.98854798861353,69.0109459977701
25,66.98785902287851,69.00630147480713
25,66.98395717639296,69.0081286655793
25,66.98577845383628,69.00657983196938
25,66.98816122975381,69.00714404831392
25,66.98877231709163,69.01042078520514
25,66.985186745222,69.00902731592056
25,66.9870220046465,69.01029994043347
25,66.9862778892349,69.01080108896137
25,66.98617038521536,69.01207983315746
25,66.98463164164549,69.00991045808497
25,66.98507678685863,69.01108010166533
25,66.98479177553399,69.00936829338607
25,66.98517210398546,69.01111970110372
25,66.98918787667522,69.0079125146094
25,66.9885975415713,69.00935721045475
25,66.98394408994172,69.00749983736516
25,66.98545197441396,69.00788293893575
25,66.98705783831323,69.01251104257858
26,67.00808956947716,68.98274882578298
26,67.00605242767998,69.01058935885786
26,67.01306607520141,69.01292850802221
26,67.01897624214646,69.00451459730253
26,67.0120087656086,68.99433846123588
26,66.99173855619831,69.01833962472529
26,67.02048267432308,69.01277553202644
26,66.99284694512741,69.01744017244174
26,66.99428336493895,69.01050110276871
26,66.99441926994763,68.99767481975148
26,66.9951661557206,69.01838167514471
26,67.0053273347039,68.99327909523434
26,67.02402796209844,68.99645280260117
26,66.99492849916268,68.9942783302899
26,66.99370094840344,68.9793404871005
26,67.01073538180377,69.00045448480815
26,66.97884521377905,69.00106220628346
26,67.00579813776196,69.01980383027599
26,66.99978891558112,69.00329489433648
26,66.99555265460393,69.01115824558038
26,66.99215899716356,68.98737712337098
26,67.02226664987553,68.9959357841385
26,66.99938065169938,68.99722325226881
26,67.01420279530846,68.98856960230168
26,66.98951289638332,68.98706534955275
26,66.99715854109483,69.00906194626884
26,67.01971580079646,68.99569014021321
26,66.9961107535512,69.01619586254492
26,66.97763071192759,69.00990888389214
26,66.98560365799601,69.01776402850476
26,66.9982602259979,68.9809108390513
26,67.01461138052339,69.0147188451676
26,67.01138259878111,69.01006728690649
26,67.01573230844379,68.98315724368207
26,67.0063359944813,68.98205632636461
26,67.00579813776196,69.01980383027599
26,67.02123565055132,69.00780370073923
26,66.97891213203805,69.00363221266757
26,66.99037026056627,68.99659607225013
26,66.98450693425983,69.01932881740595
26,66.99456458538316,68.98661694248065
26,67.02302387927261,68.9946180051608
26,66.98256572927033,69.00043653392873
26,66.98980603894192,69.00970732941025
26,67.00574151207476,68.98793726130546
26,67.0053273347039,68.99327909523434
26,66.98980603894192,69.00970732941025
26,66.99955255679588,69.01351833289647
26,67.00381077827797,68.99023493281891
26,66.99945804388167,69.01708169247688
26,66.99257658281222,69.01417628499877
26,67.00675096490237,69.02129383502071
26,67.00784422332212,69.01076966446138
26,66.97982111908077,69.00116306857022
26,67.02118822804029,68.9943878697869
26,66.99893777692782,69.02030123120187
26,67.00271442256185,69.01991111916253
26,66.97569980843275,68.99711507684981
26,67.01971580079646,68.99569014021321
26,67.0116876319563,68.9934500288582
26,67.02226664987553,68.9959357841385
26,67.00297294683433,69.00088140550284
26,67.01897624214646,69.00451459730253
26,67.02302387927261,68.9946180051608
26,66.98491650090283,68.98593970519521
26,66.98951289638332,68.98706534955275
26,66.98995247967689,69.01409428179703
26,67.00125463542132,69.01526953907005
26,67.02123565055132,69.00780370073923
26,67.01038000705364,69.01924214023492
26,67.00532298772191,68.99016443508411
26,66.98980603894192,69.00970732941025
26,66.99248343098913,68.99573817164516
26,66.99016180077184,69.0175627748135
26,66.99448129482141,69.01056694809645
26,66.9917847803346,68.98492605329409
26,67.00404298272183,69.00293883562966
27,67.01449843983576,69.01259520587084
27,67.01202718504248,69.0090000856467
27,67.01416117711821,69.00720324412246
27,67.016108048739,69.01098605361025
27,67.01138259878111,69.01006728690649
27,67.01439878078808,69.01320183543142
27,67.01203691329248,69.00988861136157
27,67.01791086286157,69.01149678323628
27,67.01228447152367,69.00729337917888
27,67.01254167390671,69.01265578221073
27,67.01242001198574,69.01090532616827
27,67.01202718504248,69.0090000856467
27,67.01540669053192,69.01103181421588
27,67.01544209091352,69.00715437405734
27,67.01310877312265,69.00940446752081
27,67.01573299026843,69.01026374664745
27,67.01590265488414,69.00974982630879
27,67.01511494465113,69.01333520677132
27,67.01540669053192,69.01103181421588
27,67.01529733092148,69.01006854807162
27,67.01161742510111,69.00793980488203
27,67.01171874789975,69.01235507944374
27,67.01128046451116,69.01047175567997
27,67.01275419511617,69.00697109531102
27,67.0159575951916,69.00764569335807
27,67.01444234770595,69.00697556957375
27,67.01529733092148,69.01006854807162
27,67.01340099592731,69.00966785728313
27,67.01426573158338,69.0090157752377
27,67.01144330871965,69.00863781203624
27,67.01306181566473,69.01137092443865
27,67.01551395912793,69.00885884003877
27,67.01254167390671,69.01265578221073
27,67.01307023986136,69.0102890870491
27,67.01142956074419,69.0084239383034
27,67.0155160521586,69.00903772358252
27,67.0115555341909,69.00834740484144
27,67.01525252515161,69.01122168156179
27,67.0182331259158,69.01052211791529
27,67.01627555817993,69.01229438198318
27,67.01438391401183,69.00930259315344
27,67.01702380005389,69.00845708872812
27,67.0168603789984,69.01229639922158
27,67.01748584018459,69.0121345897802
27,67.01590265488414,69.00974982630879
27,67.0181231213243,69.01003720587285
27,67.01658133619395,69.01053582336806
27,67.0155160521586,69.00903772358252
27,67.01778070744,69.0082192856318
27,67.01258409748857,69.00921071974
27,67.01590265488414,69.00974982630879
27,67.0138577288091,69.00906661388514
27,67.01643683885055,69.01021179662764
27,67.01449843983576,69.01259520587084
27,67.01383843340946,69.0092687247862
27,67.0125430315755,69.00790997255639
27,67.01322411465694,69.01147310077462
27,67.01431185908258,69.00859231129257
27,67.01340931640412,69.01083835248542
27,67.01576067846503,69.01225923590273
27,67.0170677123042,69.01066366048812
27,67.0115555341909,69.00834740484144
27,67.01778070744,69.0082192856318
27,67.01268278831792,69.01300335435438
27,67.01391147003093,69.01278377085555
27,67.01548528909741,69.01179823026749
27,67.01140088406483,69.01082671973548
27,67.01105330117058,69.00957027530966
27,67.01313123488657,69.01295465818878
27,67.0168603789984,69.01229639922158
27,67.0170677123042,69.01066366048812
27,67.01640179302481,69.01026741763027
27,67.01621027007668,69.0107996571395
27,67.0159575951916,69.00764569335807
27,67.01810112038686,69.0091719977822
27,67.010732395887,69.00928518300812
27,67.01556182553504,69.00770443319388
27,67.01251977426418,69.01000949349212
27,67.01354664561342,69.00688739715063
27,67.01078691000009,69.01099603003448
27,67.0125430315755,69.00790997255639
27,67.0115555341909,69.00834740484144
27,67.01787563250893,69.00879836605998
27,67.01280487265407,69.00893552438497
27,67.01655368074805,69.00960881158012
27,67.01449843983576,69.01259520587084
27,67.01748584018459,69.0121345897802
27,67.01335078019548,69.01022199233454
27,67.01140953210279,69.00861899651434
27,67.01153274107368,69.01129151205063
27,67.01527047362063,69.01202040321957
27,67.01576067846503,69.01225923590273
27,67.01346419301498,69.00855403794725
27,67.01292902615528,69.0078475489031
27,67.0114398941211,69.01010230074358
27,67.01251264571549,69.00692801606449
27,67.01307023986136,69.0102890870491
27,67.01094370185223,69.00890234410039
27,67.01590265488414,69.00974982630879
27,67.01590265488414,69.00974982630879
27,67.01566920936219,69.01257045771807
27,67.01655368074805,69.00960881158012
27,67.01238384254229,69.01055468409093
27,67.01142956074419,69.0084239383034
27,67.01424549215378,69.01353506030289
27,67.01810112038686,69.0091719977822
27,67.01590791523626,69.00728849054373
27,67.0143776634422,69.00914868878041
27,67.01742847729177,69.01066958384133
27,67.01644006127897,69.00743965423821
27,67.01391147003093,69.01278377085555
28,66.99165369828563,69.00794252048635
28,66.99018535931314,69.00872308244516
28,66.9944893287205,69.00611842058446
28,66.99187055731608,69.01222289850466
28,66.9944893287205,69.00611842058446
28,66.99324234364785,69.00683887841258
28,66.99264994299995,69.00977875000123
28,66.99319801095956,69.0059906798586
28,66.99555265460393,69.01115824558038
28,66.99322242683077,69.00729099921419
28,66.99686258601368,69.00900474603345
28,66.99516407124419,69.00594121173877
28,66.99175980034865,69.00688624289913
28,66.99302178833412,69.01093530487877
28,66.99089925241563,69.00681867331079
28,66.99086980635666,69.01006392181415
28,66.99441539681186,69.01149250058018
28,66.99686258601368,69.00900474603345
28,66.9948793795768,69.01225606455944
28,66.99422282620927,69.0073460752529
28,66.99035688702709,69.0102075365041
28,66.99398421515987,69.00889449468568
28,66.9921649970317,69.00629197335785
28,66.99414886206083,69.00795253693393
28,66.99351367423174,69.01235407126498
28,66.99529053864379,69.00730143671868
28,66.99506991776248,69.0093796077642
28,66.99031018085809,69.00998030967023
28,66.99343023344404,69.00998358574354
28,66.99269023778434,69.01248506441489
28,66.99299282569363,69.00556762210843
28,66.99430668655918,69.00960657806527
28,66.99266249440933,69.00575310365012
28,66.99432830447529,69.00544913346779
28,66.99175980034865,69.00688624289913
28,66.99334545410528,69.01243593554426
28,66.99600712231768,69.01152991728142
28,66.99400909882117,69.01170393764474
28,66.99066638721403,69.01096043375077
28,66.99567517984609,69.0103425943338
28,66.99483649942931,69.01095847716185
28,66.99233614823832,69.00760172043572
28,66.99490501765577,69.00890596595158
28,66.9927480383646,69.0056928970244
28,66.9910293033938,69.0090047036541
28,66.99310072134749,69.00765257592514
28,66.9929191795966,69.01162830133912
28,66.9927367343846,69.01074427552999
28,66.99063009956741,69.01038173401318
28,66.99258571156795,69.00997913221654
28,66.99578680963103,69.0111807076481
28,66.99629868966665,69.01109366953317
28,66.99505651846131,69.00711959734728
28,66.99665467577178,69.00760006196963
28,66.99269023778434,69.01248506441489
28,66.99509399161809,69.00946895308326
28,66.99600723982996,69.01148977379634
28,66.99324234364785,69.00683887841258
28,66.9909366851151,69.00727055345368
28,66.99068811070228,69.00971393212012
28,66.99334332652947,69.01022678548182
28,66.99356076014756,69.01064354259793
28,66.993367479725,69.00803119226595
28,66.99316816284481,69.00823431999254
28,66.99195991251115,69.00573957054249
28,66.99659118869023,69.01052946476855
28,66.99601277492843,69.01063541774693
28,66.99421708496395,69.01074066621378
28,66.99002101196508,69.00968920650918
28,66.99444123796259,69.01063536726369
28,66.99086980635666,69.01006392181415
28,66.9954024242477,69.0103840344634
28,66.9929381686325,69.01065918585351
28,66.99207916674698,69.01131285363765
28,66.99271447023587,69.00930691658718
28,66.99397137678875,69.00966653252874
28,66.99299282569363,69.00556762210843
28,66.99660033663739,69.0080076143463
28,66.9921649970317,69.00629197335785
28,66.99320118444012,69.01010491996048
29,66.98310368419021,69.00561129117571
29,66.98403039141733,69.00548780858459
29,67.01278701115008,68.98851293079083
29,66.98280616703626,69.00757227489278
29,66.97902515351817,69.00672326941917
29,66.9800310503794,69.00616598986035
29,66.98176304807173,69.00635199839026
29,66.98036189854503,69.00595785218977
29,67.01298863326124,68.98858700018928
29,66.981587750744,69.00471818997227
29,67.01151551989848,68.98898010453254
29,67.01185066405473,68.99076375653361
29,67.01664238101515,68.98777632576363
29,66.98056804855817,69.00878999860777
29,66.98398082983259,69.00573092458716
29,66.98198275143687,69.00473325336051
29,67.01227016435895,68.98833490041207
29,66.9811914227784,69.00797356960642
29,67.01701042025978,68.98846320305331
29,66.98412103901441,69.00704532571694
29,66.980402025295,69.00799957773413
29,66.98240355361793,69.00608730854998
29,67.016442152619,68.98906854903909
29,67.01460931203671,68.98680126332442
29,66.98160568041037,69.00463759679059
29,66.98045501734897,69.00867385329441
29,66.98127189827487,69.00639387414178
29,66.98100269306856,69.00573900998967
29,67.01570626711695,68.98666836454142
29,67.01235916583107,68.98803920563601
29,66.9804279427643,69.00640862306686
29,67.01696412099042,68.98875617227073
29,66.98176304807173,69.00635199839026
29,66.98223318912773,69.0067082730261
29,66.9794202304373,69.00734127791655
29,66.98310368419021,69.00561129117571
29,66.98147724255482,69.00878783269404
29,67.01269342691852,68.98753989451315
29,66.98154775593667,69.00717262416283
29,66.98087850460443,69.00811341884746
29,66.98045501734897,69.00867385329441
29,67.01671021421801,68.98833905262008
29,66.98332709683342,69.00663801197744
29,66.98292460437722,69.0050711745169
29,66.98288326116592,69.00817899043108
29,67.01474826573065,68.98667085632914
29,67.01248900978241,68.98937889242228
29,66.98422588480433,69.00501503864034
29,67.01151551989848,68.98898010453254
29,67.01200165741261,68.98952869183131
29,66.9813817908432,69.00572039801624
29,67.01227016435895,68.98833490041207
29,66.98198275143687,69.00473325336051
29,66.98242371833322,69.00720119229682
29,67.01535521929765,68.98718860308105
29,66.98021647487171,69.00577637555179
29,66.98293235503071,69.00433189888815
29,66.98412103901441,69.00704532571694
29,66.98137096063567,69.00626852362193
29,66.98205465724007,69.0058711941874
29,67.01686532872806,68.98774486045575
29,66.97928675020161,69.00808391075465
29,67.01248900978241,68.98937889242228
29,67.0136843494245,68.98987509232585
29,67.01260436494626,68.98910239032773
29,66.98030843168654,69.00617997115175
29,67.01333621272525,68.98925499318426
29,66.98097986031486,69.00821216892894
29,67.01453506772175,68.98683044492458
29,66.98302645622806,69.00806843816524
29,66.98091963845764,69.00747902844708
29,66.98008409653883,69.00748836475961
29,66.98041933844159,69.00788964665226
29,66.9813725122783,69.00437208419663
29,66.98446031109067,69.00566252766392
29,66.98310368419021,69.00561129117571
29,67.01603574708462,68.98806671874755
29,66.97944262511557,69.00801409254268
29,66.98030843168654,69.00617997115175
29,67.01151347793677,68.98982854897194
29,67.01211266454347,68.99083662599064
29,67.01372716205687,68.99041792037767
29,66.98404551705667,69.0056689267185
29,67.01319174742767,68.99129070520667
29,67.01682705068387,68.98877510106581
29,66.98220685348765,69.00511729729232
29,66.98176304807173,69.00635199839026
29,66.98160568041037,69.00463759679059
29,67.01599947317173,68.9880031968204
29,66.9805284646255,69.00798477851986
29,67.016442152619,68.98906854903909
29,67.01623584281475,68.98807993868448
29,66.98237529572455,69.00538024115295
29,66.97928675020161,69.00808391075465
29,66.98189363208824,69.00849527398682
29,67.01590222560996,68.9871575825904
29,67.01227016435895,68.98833490041207
29,67.01235754818353,68.99012382764954
29,66.9814427158239,69.00791610549871
29,66.98091963845764,69.00747902844708
29,66.98237065046683,69.00436342172281
30,67.0116876319563,68.9934500288582
30,66.99811720143235,68.98254399857308
30,67.00454527526323,68.98216625845282
30,66.99139853067858,68.98173987792954
30,67.01885609914731,68.99439048296324
30,67.01823743137494,68.99681849877224
30,67.00316707814835,69.02070735523033
30,66.9982602259979,68.9809108390513
30,66.99139853067858,68.98173987792954
30,67.00890412619597,68.99794941198554
30,66.98151733196958,69.01568836770838
30,67.00454527526323,68.98216625845282
30,67.01668607039305,68.99105245031194
30,66.99370094840344,68.9793404871005
30,67.00316707814835,69.02070735523033
30,67.01544209091352,69.00715437405734
30,67.00271162805853,69.00981308037991
30,67.02239725864791,68.99158321743877
30,66.97591435938907,68.99731943550223
30,67.00579813776196,69.01980383027599
30,67.02402796209844,68.99645280260117
30,66.99588679009129,68.97577380941502
30,66.99978891558112,69.00329489433648
30,67.02402796209844,68.99645280260117
30,67.01461138052339,69.0147188451676
30,67.00579813776196,69.01980383027599
30,67.0218809634481,68.9971004889604
30,67.01036227661767,69.01219148000501
30,66.9961107535512,69.01619586254492
30,66.99092152845357,69.01371494907386
30,67.01772501316134,68.99039367662262
30,66.99152386624719,68.98251852812905
30,66.99215899716356,68.98737712337098
30,66.99092152845357,69.01371494907386
30,66.99284694512741,69.01744017244174
30,66.98092671395075,68.98722378279287
30,66.9961142615932,68.98114895862005
30,66.97982111908077,69.00116306857022
30,67.00890412619597,68.99794941198554
30,67.0241824318232,68.99939805940437
30,66.98491650090283,68.98593970519521
30,66.9961142615932,68.98114895862005
30,66.98727747564749,68.99340721793929
30,67.00376285684149,68.99183612494191
30,67.01145953905274,68.98992383967799
30,66.9982602259979,68.9809108390513
30,66.98199230058846,68.98538794618511
30,67.00784422332212,69.01076966446138
30,66.99448129482141,69.01056694809645
30,66.9961142615932,68.98114895862005
30,67.00817110078795,68.9915303791956
30,66.98380609063673,69.01607270389127
30,66.97723944707423,69.01024966283107
30,67.02048267432308,69.01277553202644
30,66.98450693425983,69.01932881740595
30,67.00783401901825,69.00545515439923
30,67.00579813776196,69.01980383027599
30,66.9793273751079,69.00789914307423
30,66.99248343098913,68.99573817164516
30,66.99588679009129,68.97577380941502
30,66.99290546441863,69.01400058864584
30,67.00074932415787,68.98441065271739
30,67.01021060524752,69.00400769437937
30,66.98326566557596,69.00703060628956
30,67.00890412619597,68.99794941198554
30,67.01073538180377,69.00045448480815
30,67.01772501316134,68.99039367662262
30,67.01668607039305,68.99105245031194
30,66.97578840056079,69.0022037371596
30,66.99945804388167,69.01708169247688
30,66.9793273751079,69.00789914307423
30,66.9961142615932,68.98114895862005
30,66.98326566557596,69.00703060628956
30,67.01449407606184,68.98151735166417
30,66.97891213203805,69.00363221266757
30,67.02239725864791,68.99158321743877
30,67.01319429461424,69.0059742731041
30,67.0053273347039,68.99327909523434
30,67.00381077827797,68.99023493281891
30,66.98719504885673,68.99984810694662
30,66.97723944707423,69.01024966283107
30,67.00907825662074,68.993138184192
30,67.00074932415787,68.98441065271739
30,66.99044401289096,68.99771492704048
30,67.00890412619597,68.99794941198554
30,66.99036076580427,69.0168280984295
30,67.01746094745096,69.01373653844378
31,67.0058179754638,69.00323337724232
31,67.00843088305793,68.99962627900238
31,67.00592514392783,69.00363884176801
31,67.00940842898527,69.00130295433937
31,67.00373862265452,68.99981805620497
31,67.00599530214082,69.00393041860937
31,67.0059460942892,68.99885498094044
31,67.00890808776015,69.00405295095342
31,67.00835635650893,69.00073533965623
31,67.0046651969525,68.99989989841976
31,67.009473188148,69.00300610406664
31,67.00944221299896,69.00220843723534
31,67.00376641873825,68.99838519628098
31,67.0043889896385,68.99754753239327
31,67.00569941759014,68.9991800981761
31,67.0043889896385,68.99754753239327
31,67.0068503735212,69.00474866759502
31,67.0065981750358,69.00172035520158
31,67.00823724132731,69.0034201397318
31,67.0077519034642,69.00395954526061
31,67.00673548751107,69.0039006594314
31,67.0074379132086,69.00087948227107
31,67.00422913345626,69.0013584604279
31,67.00615721720611,68.99795771646754
31,67.00408512461158,68.99838232507778
31,67.00679063096523,69.00480703489171
31,67.00940842898527,69.00130295433937
31,67.0088474000905,69.00184923773197
31,67.00818738196111,69.00034444823262
31,67.00475169517014,69.00035582294387
31,67.009741109303,69.00397265005635
31,67.00650905006309,69.00177403625372
31,67.00513553058677,69.00101464925015
31,67.00528123450928,68.99746104099799
31,67.00561815287448,69.00344085705694
31,67.00809605975536,69.00271888871102
31,67.0060412699412,69.00051711634916
31,67.00487475931395,68.99747637649946
31,67.00301670816229,69.00125867208757
31,67.00730121417787,68.99933178373658
31,67.00413281001988,68.99822905876938
31,67.00535370736183,69.00253874395419
31,67.00765051275592,69.00121242601134
31,67.0082358011237,69.00227613354309
31,67.00501028700997,69.00155020823797
31,67.00786785176791,69.0031908296133
31,67.0060412699412,69.00051711634916
31,67.00862862108862,69.00355973079424
31,67.00413281001988,68.99822905876938
31,67.00878318091854,69.0008427553404
31,67.00679063096523,69.00480703489171
31,67.00978702609827,69.00135786224322
31,67.00843088305793,68.99962627900238
31,67.00347421632628,68.99890380245324
31,67.00321124186081,69.00000612508526
31,67.00978702609827,69.00135786224322
31,67.00543810206396,68.99909375878465
31,67.00886483361619,69.00427746744644
31,67.00939631749752,69.00059226370931
31,67.00593777765424,69.00122400413159
31,67.00679063096523,69.00480703489171
31,67.00823724132731,69.0034201397318
31,67.00359183656165,68.9995722168504
31,67.0050133599189,68.99985357627754
31,67.00871018456485,69.00348859974987
31,67.00327582088987,68.99924329087472
31,67.00322328803081,69.00068144631562
31,67.00368144245377,69.00007682349447
31,67.00709015921515,68.99915829359765
31,67.00428600464635,68.99801360854198
31,67.00603335370273,68.99815868628964
31,67.00593777765424,69.00122400413159
31,67.00636940045231,69.00276300157314
31,67.00566119341302,69.00024072107816
31,67.0049493192479,69.0023819635951
31,67.0046651969525,68.99989989841976
32,67.0077554537316,68.99341380580607
32,67.0079817323749,68.9921512264732
32,67.00421582601291,68.9933340407551
32,67.00573386446877,68.99283306256302
32,67.0077554537316,68.99341380580607
32,67.00739698054164,68.99459249414276
32,67.00527823040585,68.99388133094997
32,67.0055456833182,68.99109634386306
32,67.00440633102879,68.99611776385497
32,67.00595918061859,68.9922569017736
32,67.00721517575322,68.99414438827299
32,67.00328717590759,68.99196535717886
32,67.00328717590759,68.99196535717886
32,67.00286120481,68.99483650723742
32,67.00467613395817,68.99376104671967
32,67.00595918061859,68.9922569017736
32,67.00480597403613,68.99444559057042
32,67.00521743753872,68.98999177531059
32,67.00739698054164,68.99459249414276
32,67.0051394516498,68.99080875704104
32,67.00489174333174,68.99161651677768
32,67.00337638865966,68.99419126888215
32,67.00478160501352,68.99192665268548
32,67.0076648152857,68.99190268019346
32,67.00202959591775,68.9925778266878
32,67.00546543721538,68.99357561693186
32,67.00671764926997,68.99495562637469
32,67.00378151550838,68.9955705878027
32,67.00290632022147,68.99379785832889
32,67.00677751245745,68.99260667215933
33,67.00404298272183,69.00293883562966
33,66.99138452324105,68.9924698494798
33,66.98326566557596,69.00703060628956
33,67.0241824318232,68.99939805940437
33,66.98151733196958,69.01568836770838
33,66.98743056078466,69.01542089610665
33,67.01420279530846,68.98856960230168
33,67.0024773970947,68.99449236439735
33,66.99492849916268,68.9942783302899
33,67.01619533557596,69.01818412570076
33,67.00579813776196,69.01980383027599
33,67.01475084373352,68.99493472526873
33,66.97723944707423,69.01024966283107
33,66.99893915470915,68.99314172390814
33,67.0081430024349,68.97686778542139
33,67.00731172786732,68.97816785642907
33,67.00579813776196,69.01980383027599
33,66.99656315378148,69.00511934397508
33,66.98199230058846,68.98538794618511
33,66.98199230058846,68.98538794618511
33,66.99643614783035,68.99356106734903
33,66.99656315378148,69.00511934397508
33,66.98553114123409,68.98267787704549
33,66.98958302113171,68.9892287890727
33,67.01036227661767,69.01219148000501
33,67.01420279530846,68.98856960230168
33,67.00104112590341,69.02444508575454
33,66.99016604533236,68.99363156079013
33,66.9982602259979,68.9809108390513
33,67.02048267432308,69.01277553202644
33,67.01038000705364,69.01924214023492
33,66.9921181726891,69.00992643187796
33,67.00907825662074,68.993138184192
33,66.98472550968806,69.0172760402079
33,66.98450693425983,69.01932881740595
33,66.97591435938907,68.99731943550223
33,66.98491650090283,68.98593970519521
33,67.00532298772191,68.99016443508411
33,67.00731172786732,68.97816785642907
33,67.00104112590341,69.02444508575454
33,66.98908166892745,68.99979093239014
33,67.00532298772191,68.99016443508411
33,67.00404298272183,69.00293883562966
33,66.98256572927033,69.00043653392873
33,66.97884521377905,69.00106220628346
33,66.98326566557596,69.00703060628956
33,66.9917847803346,68.98492605329409
33,67.01073538180377,69.00045448480815
33,66.98092671395075,68.98722378279287
33,67.01885609914731,68.99439048296324
33,67.02302387927261,68.9946180051608
33,66.98535249470436,68.99844902394413
33,66.99888884645067,68.98262841314248
33,66.98727747564749,68.99340721793929
33,67.01008529316469,68.99789488888021
33,67.0053273347039,68.99327909523434
33,67.01885609914731,68.99439048296324
33,67.0116876319563,68.9934500288582
33,66.99893915470915,68.99314172390814
33,66.99945804388167,69.01708169247688
33,67.02402796209844,68.99645280260117
33,67.01823743137494,68.99681849877224
33,67.00890412619597,68.99794941198554
33,67.00271442256185,69.01991111916253
33,66.98977675589748,68.99585665322708
33,67.01021060524752,69.00400769437937
33,67.0120087656086,68.99433846123588
33,66.99370094840344,68.9793404871005
33,66.99555265460393,69.01115824558038
33,67.00826210431934,68.98206047817634
33,67.00322452390958,69.02344420277909
33,67.02402796209844,68.99645280260117
33,67.00890412619597,68.99794941198554
33,67.01668607039305,68.99105245031194
33,67.00808956947716,68.98274882578298
33,67.01885609914731,68.99439048296324
33,67.00859377833937,68.99809867940911
33,66.99139853067858,68.98173987792954
33,66.98450693425983,69.01932881740595
33,67.00821909813483,69.02228605962905
33,66.98199230058846,68.98538794618511
33,66.99044401289096,68.99771492704048
33,66.98980603894192,69.00970732941025
33,67.00817110078795,68.9915303791956
33,67.00835291678766,69.0098534051212
33,67.02226664987553,68.9959357841385
33,67.00979818012583,69.00487139198373
33,66.98433155751206,68.98708278768459
33,67.01894085396755,68.9912849703136
33,66.99973711569446,68.97939594768549
33,66.99016180077184,69.0175627748135
33,66.98472550968806,69.0172760402079
33,66.97723944707423,69.01024966283107
33,66.99448129482141,69.01056694809645
33,66.99138452324105,68.9924698494798
33,67.0241824318232,68.99939805940437
33,67.02226664987553,68.9959357841385
33,67.01036227661767,69.01219148000501
33,67.0116876319563,68.9934500288582
34,67.00271162805853,69.00981308037991
34,66.99138452324105,68.9924698494798
34,66.99811720143235,68.98254399857308
34,66.99820737113218,68.9752592960597
34,66.98958302113171,68.9892287890727
34,66.99016604533236,68.99363156079013
34,66.99093633031976,68.99737524368483
34,66.97565604398883,68.99753693071239
34,67.0053273347039,68.99327909523434
34,66.98535249470436,68.99844902394413
34,66.97808636298717,69.00647580870593
34,66.99775445817289,68.99838344142735
34,67.00376285684149,68.99183612494191
34,67.01420279530846,68.98856960230168
34,67.0218809634481,68.9971004889604
34,66.97923295748306,68.99243391730442
34,66.9961142615932,68.98114895862005
34,67.00979818012583,69.00487139198373
34,66.97723944707423,69.01024966283107
34,67.02272714111663,68.99426978735215
34,67.01971580079646,68.99569014021321
34,66.99138452324105,68.9924698494798
34,66.98199230058846,68.98538794618511
34,66.99588679009129,68.97577380941502
34,67.02272714111663,68.99426978735215
34,67.0120087656086,68.99433846123588
34,67.01088349704025,68.98288452441744
34,66.98550281871266,68.9947552281236
34,66.9982602259979,68.9809108390513
34,67.01461138052339,69.0147188451676
34,66.97917107715207,68.9965487607952
34,67.0241824318232,68.99939805940437
34,66.99456458538316,68.98661694248065
34,66.99152386624719,68.98251852812905
34,66.98535249470436,68.99844902394413
34,67.00271442256185,69.01991111916253
34,66.99790410301368,68.98370140216791
34,67.01021060524752,69.00400769437937
34,67.02238496244155,68.99547867657688
34,66.97591435938907,68.99731943550223
34,66.97917107715207,68.9965487607952
34,66.97808636298717,69.00647580870593
34,67.00732535617404,69.0047388764906
34,67.00817110078795,68.9915303791956
34,66.9961142615932,68.98114895862005
34,67.01036227661767,69.01219148000501
34,66.99139853067858,68.98173987792954
34,66.97728072845496,69.00419947799594
34,67.00454527526323,68.98216625845282
34,67.00322452390958,69.02344420277909
34,66.9961107535512,69.01619586254492
34,66.99215899716356,68.98737712337098
34,67.00674664404099,69.01642825031863
34,67.02123565055132,69.00780370073923
34,67.00817110078795,68.9915303791956
34,67.01420279530846,68.98856960230168
34,66.97923295748306,68.99243391730442
34,66.9793273751079,69.00789914307423
34,67.00125463542132,69.01526953907005
34,66.99945804388167,69.01708169247688
34,67.01073538180377,69.00045448480815
34,67.02123565055132,69.00780370073923
34,67.00821909813483,69.02228605962905
34,66.99955255679588,69.01351833289647
34,66.99257658281222,69.01417628499877
34,66.99456458538316,68.98661694248065
34,66.97591435938907,68.99731943550223
34,67.00316707814835,69.02070735523033
34,67.00532298772191,68.99016443508411
34,67.00731172786732,68.97816785642907
34,67.01668607039305,68.99105245031194
34,67.017808355789,68.99270058087755
34,66.99606517093193,69.01767399457061
34,67.01894085396755,68.9912849703136
34,67.00125463542132,69.01526953907005
34,66.98995247967689,69.01409428179703
34,66.99036076580427,69.0168280984295
35,66.97723944707423,69.01024966283107
35,67.00125463542132,69.01526953907005
35,66.98151733196958,69.01568836770838
35,67.01036227661767,69.01219148000501
35,66.98062578494844,69.01125665994584
35,67.00105460404252,68.97668152952248
35,66.99893777692782,69.02030123120187
35,67.01823743137494,68.99681849877224
35,67.01894085396755,68.9912849703136
35,67.02402796209844,68.99645280260117
35,67.0241824318232,68.99939805940437
35,67.02118822804029,68.9943878697869
35,67.00271162805853,69.00981308037991
35,67.00376285684149,68.99183612494191
35,67.01449407606184,68.98151735166417
35,66.98092671395075,68.98722378279287
35,66.98719504885673,68.99984810694662
35,67.02118822804029,68.9943878697869
35,66.99093633031976,68.99737524368483
35,66.99893777692782,69.02030123120187
35,66.9961107535512,69.01619586254492
35,66.9917847803346,68.98492605329409
35,66.97808636298717,69.00647580870593
35,66.99325531717659,68.97725867551564
35,67.00784422332212,69.01076966446138
35,67.01823743137494,68.99681849877224
35,67.00784422332212,69.01076966446138
35,66.98380609063673,69.01607270389127
35,66.97569980843275,68.99711507684981
35,66.97982111908077,69.00116306857022
35,67.00104112590341,69.02444508575454
35,67.00328717590759,68.99196535717886
35,66.98406710095989,69.01379162377872
35,67.00390073830857,68.98624084898864
35,67.0120087656086,68.99433846123588
35,66.99093633031976,68.99737524368483
35,67.0241824318232,68.99939805940437
35,67.00571504571673,69.00340976658923
35,66.99139853067858,68.98173987792954
35,66.99284694512741,69.01744017244174
35,66.9920216673802,69.00255280639146
35,67.00783401901825,69.00545515439923
35,66.98535249470436,68.99844902394413
35,67.02048267432308,69.01277553202644
35,67.00322452390958,69.02344420277909
35,67.00957040013326,68.9886238897416
35,66.97763071192759,69.00990888389214
35,66.98971880364503,69.01846488847725
35,66.97728072845496,69.00419947799594
35,66.99044401289096,68.99771492704048
35,66.99428336493895,69.01050110276871
35,67.01145953905274,68.98992383967799
35,66.99492849916268,68.9942783302899
35,67.00271162805853,69.00981308037991
35,66.99248343098913,68.99573817164516
35,66.98472550968806,69.0172760402079
35,67.00859377833937,68.99809867940911
35,66.98406710095989,69.01379162377872
36,66.98736036713161,69.00777124032535
36,66.98507678685863,69.01108010166533
36,66.98918787667522,69.0079125146094
36,66.98467330544219,69.00549367223032
36,66.98925685584207,69.0111592133303
36,66.9870220046465,69.01029994043347
36,66.98822191249003,69.00948903730652
36,66.98345540747593,69.00845413964063
36,66.98606486060322,69.00608776926293
36,66.98816122975381,69.00714404831392
36,66.986158049671,69.00697251069354
36,66.98436260034818,69.00963896385211
36,66.98818425424551,69.01164897251692
36,66.98871177967513,69.0086557838479
36,66.98901395836882,69.01101286687827
36,66.98784502511151,69.01277759427263
36,66.9884956359429,69.01074472362605
36,66.9892464388994,69.00953009396383
36,66.9870220046465,69.01029994043347
36,66.98901395836882,69.01101286687827
36,66.98772507789207,69.00614161334363
36,66.98672619994953,69.00847975214319
36,66.98971571726511,69.01007749176533
36,66.98610669355071,69.00587010071499
36,66.98838770494955,69.01076175471837
36,66.98482638561161,69.00869570193093
36,66.985186745222,69.00902731592056
36,66.98691933382298,69.00874773025843
36,66.98360083483664,69.00890063211807
36,66.98606486060322,69.00608776926293
36,66.98558899713598,69.00741994807797
36,66.98768597686124,69.00903264948526
36,66.9869626809771,69.01010932055053
36,66.98731779444657,69.00782470953564
36,66.9862778892349,69.01080108896137
36,66.98877231709163,69.01042078520514
36,66.9874861503648,69.01078956687704
36,66.9874861503648,69.01078956687704
36,66.98591050786513,69.00806359715094
36,66.985186745222,69.00902731592056
36,66.98814465746895,69.01034014276729
36,66.98576869333263,69.00530800225701
36,66.98701630967115,69.00923316015277
36,66.9863968335744,69.00743577445103
36,66.98837961448312,69.01156850173318
36,66.98865491744112,69.01101151368967
36,66.98672619994953,69.00847975214319
36,66.98785976987762,69.00717513996331
36,66.98674818510683,69.00765521452531
36,66.98788253578604,69.00778406591479
36,66.98854798861353,69.0109459977701
36,66.98882169659257,69.01065773723062
36,66.98732777199936,69.01223842076253
36,66.98806169059108,69.010280444372
36,66.98785976987762,69.00717513996331
36,66.98773100411438,69.00941593655044
36,66.98734737286179,69.01100702900347
36,66.98933728224924,69.01207563845145
36,66.9872860624841,69.00675827170774
36,66.98600207090259,69.0117663821031
36,66.98371998184615,69.0082304732357
36,66.98875211827301,69.01058494963226
36,66.98571036477182,69.00937396986595
36,66.98611910856307,69.00637815431215
36,66.98563613182468,69.01097361128372
36,66.98813188213639,69.00886206609793
36,66.98371998184615,69.0082304732357
36,66.98908322243541,69.01016801324485
36,66.98933728224924,69.01207563845145
36,66.98493196876437,69.00920405581802
36,66.9834057643752,69.0086965830771
36,66.98901395836882,69.01101286687827
36,66.98584090287066,69.00791666309519
36,66.98630785359515,69.01086589996483
36,66.9862778892349,69.01080108896137
36,66.98923422098676,69.01155965486555
36,66.98785955209314,69.00825217260316
36,66.98463164164549,69.00991045808497
36,66.98582921775737,69.011340980706
36,66.98910826930305,69.01113913164235
37,66.99820737113218,68.9752592960597
37,66.98980603894192,69.00970732941025
37,67.01885609914731,68.99439048296324
37,66.99811720143235,68.98254399857308
37,66.97982111908077,69.00116306857022
37,66.99284694512741,69.01744017244174
37,67.02272714111663,68.99426978735215
37,67.00287842791035,68.98076379538774
37,66.98908166892745,68.99979093239014
37,66.98743056078466,69.01542089610665
37,66.99036076580427,69.0168280984295
37,66.9951661557206,69.01838167514471
37,67.00571504571673,69.00340976658923
37,66.99893915470915,68.99314172390814
37,67.0120087656086,68.99433846123588
37,67.00732535617404,69.0047388764906
37,67.02048267432308,69.01277553202644
37,67.01971885807887,69.00462673959456
37,67.01885609914731,68.99439048296324
37,67.01021060524752,69.00400769437937
37,66.98743056078466,69.01542089610665
37,67.017808355789,68.99270058087755
37,67.00098277028125,68.99227810764243
37,66.97884521377905,69.00106220628346
37,66.99173855619831,69.01833962472529
37,67.00074932415787,68.98441065271739
37,66.99138452324105,68.9924698494798
37,66.9921181726891,69.00992643187796
37,66.99152386624719,68.98251852812905
37,66.98958302113171,68.9892287890727
37,66.99215899716356,68.98737712337098
37,66.9951661557206,69.01838167514471
37,67.00074932415787,68.98441065271739
37,66.98308656560867,69.00849801556488
37,67.00571504571673,69.00340976658923
37,67.01145953905274,68.98992383967799
37,67.00907825662074,68.993138184192
37,66.99973711569446,68.97939594768549
37,67.01619533557596,69.01818412570076
37,66.9951661557206,69.01838167514471
37,67.01985017522824,68.98573848670704
37,66.9982602259979,68.9809108390513
37,67.02166545524199,68.98820896751013
37,66.98450693425983,69.01932881740595
37,66.97923295748306,68.99243391730442
37,66.99257658281222,69.01417628499877
37,67.01449407606184,68.98151735166417
37,66.98995247967689,69.01409428179703
37,67.00907825662074,68.993138184192
37,66.99811720143235,68.98254399857308
37,66.9917847803346,68.98492605329409
37,67.01475084373352,68.99493472526873
38,67.00405450526004,69.00030336849308
38,67.00433016271681,69.00421165717381
38,67.00825977882293,68.99940533806226
38,67.00839853443433,68.9993925641915
38,67.00571504571673,69.00340976658923
38,67.00933455872642,68.99751656978356
38,67.00781870162695,68.99687726117953
38,67.00535370736183,69.00253874395419
38,67.00478173384275,69.00182956107642
38,67.00395056229846,69.00106705526045
38,67.00538114580058,69.00032318730568
38,67.00528123450928,68.99746104099799
38,67.00596908436239,68.99822861048749
38,67.00393288576169,68.99925918028849
38,67.00711531349972,69.00082082855683
38,67.0058179754638,69.00323337724232
38,67.00870668805258,68.99847426675385
38,67.00405450526004,69.00030336849308
38,67.0065981750358,69.00172035520158
38,67.00605113881537,68.99818413573334
38,67.00373862265452,68.99981805620497
38,67.00811047551994,68.9963713596115
38,67.00301670816229,69.00125867208757
38,67.0055178177145,69.00213665993252
38,67.00433016271681,69.00421165717381
38,67.00878318091854,69.0008427553404
38,67.00347421632628,68.99890380245324
38,67.00401006760984,69.00422397741549
38,67.00730121417787,68.99933178373658
38,67.00636940045231,69.00276300157314
38,67.00603335370273,68.99815868628964
38,67.00467423898687,69.00396832945734
38,67.00467423898687,69.00396832945734
38,67.00590144302124,68.99751419931357
38,67.00890412619597,68.99794941198554
38,67.00278978821045,69.00113294854745
38,67.00513553058677,69.00101464925015
38,67.00588555877165,69.00304361739335
38,67.00254103842083,69.00079023839615
38,67.00433016271681,69.00421165717381
38,67.00475169517014,69.00035582294387
38,67.00729927084234,68.99849151168772
38,67.00655241425929,69.00092258172701
38,67.00393288576169,68.99925918028849
38,67.00771674199112,68.99701363783672
38,67.00703967741636,68.99782360565295
38,67.0049493192479,69.0023819635951
38,67.00401006760984,69.00422397741549
38,67.00701938837977,69.00012799790422
38,67.00616401098745,68.99701454801153
38,67.00535370736183,69.00253874395419
38,67.00297294683433,69.00088140550284
38,67.0094259228504,68.99834537069631
38,67.00859377833937,68.99809867940911
38,67.00390106699632,69.00048987632088
38,67.00653561410672,68.99842272305287
38,67.00439349743311,69.00352602308975
38,67.00388116485986,69.0002074051457
38,67.00522396016056,68.99988815423687
38,67.00275645940046,69.00269496505076
38,67.00672453914748,68.99867608943394
38,67.00953647887727,68.99776473026573
38,67.0065981750358,69.00172035520158
38,67.0060412699412,69.00051711634916
38,67.00711531349972,69.00082082855683
38,67.00302325564674,69.00401626806152
38,67.00368144245377,69.00007682349447
38,67.00943439916534,68.99839643347204
38,67.00254103842083,69.00079023839615
38,67.00455222449143,68.99815311846052
38,67.00832541821089,68.99711684090882
38,67.00327582088987,68.99924329087472
38,67.00952632727565,68.99804912939592
38,67.00729927084234,68.99849151168772
38,67.00825977882293,68.99940533806226
38,67.00373862265452,68.99981805620497
38,67.0058179754638,69.00323337724232
38,67.00622802819335,69.0005127057412
38,67.00376641873825,68.99838519628098
38,67.00569941759014,68.9991800981761
38,67.0047108613231,69.00249776837
38,67.00394060310965,69.00281986498626
38,67.0071123663542,69.00125716785658
38,67.00275645940046,69.00269496505076
38,67.00645125851575,69.00328845065
38,67.00455222449143,68.99815311846052
38,67.00211123912814,69.0030579949918
38,67.00765051275592,69.00121242601134
38,67.00547119289764,69.00261884359723
38,67.0032993668832,69.00160057639663
38,67.00463549474155,68.99827335456688
38,67.00334363726324,69.00183689553934
38,67.00393288576169,68.99925918028849
38,67.00543810206396,68.99909375878465
38,67.00409048188666,68.99811681032003
38,67.00592514392783,69.00363884176801
38,67.00198228459739,69.00253320662503
38,67.00618585856677,68.99726977027605
38,67.00617426745826,68.99702940052168
38,67.00529317828648,69.00360842926945
38,67.00455222449143,68.99815311846052
38,67.00655241425929,69.00092258172701
38,67.00690108505623,68.99718664542797
38,67.0058179754638,69.00323337724232
38,67.00825977882293,68.99940533806226
38,67.00593777765424,69.00122400413159
38,67.00198228459739,69.00253320662503
38,67.00721989027628,68.99854337473867
38,67.00452285779865,69.00400580797405
38,67.00911216987944,68.99992550287202
38,67.00878318091854,69.0008427553404
38,67.00710767689382,69.00201853083472
38,67.00701938837977,69.00012799790422
38,67.00929731289666,68.9977986543589
38,67.00297294683433,69.00088140550284
38,67.00297294683433,69.00088140550284
38,67.0059460942892,68.99885498094044
38,67.00641242269599,69.00142175239257
39,67.00703967741636,68.99782360565295
39,67.00380037433582,68.99491703055327
39,67.00528123450928,68.99746104099799
39,67.00597376248598,68.99723693730279
39,67.00605713639295,68.99458137864059
39,67.00428600464635,68.99801360854198
39,67.00530631569454,68.99321894324912
39,67.00487475931395,68.99747637649946
39,67.00615721720611,68.99795771646754
39,67.00636893235121,68.99295426940414
39,67.00401619601037,68.9953849251451
39,67.007228496467,68.992133318083
39,67.00337638865966,68.99419126888215
39,67.007228496467,68.992133318083
40,66.99441926994763,68.99767481975148
40,66.98743056078466,69.01542089610665
40,66.98971880364503,69.01846488847725
40,67.017808355789,68.99270058087755
40,66.98719504885673,68.99984810694662
40,67.00316707814835,69.02070735523033
40,66.99973711569446,68.97939594768549
40,67.01088349704025,68.98288452441744
40,66.97884521377905,69.00106220628346
40,66.99248343098913,68.99573817164516
40,67.01544209091352,69.00715437405734
40,67.01312991857823,68.9903249625683
40,66.98308656560867,69.00849801556488
40,66.99643614783035,68.99356106734903
40,67.01070795343612,69.00008364976344
40,66.99468488634449,69.0052492351693
40,67.00957040013326,68.9886238897416
40,67.01885609914731,68.99439048296324
40,67.02402796209844,68.99645280260117
40,67.01475084373352,68.99493472526873
40,66.99016180077184,69.0175627748135
40,66.99257658281222,69.01417628499877
40,67.0120087656086,68.99433846123588
40,67.01312991857823,68.9903249625683
40,66.99428336493895,69.01050110276871
40,67.02118822804029,68.9943878697869
40,67.0063359944813,68.98205632636461
40,66.99643614783035,68.99356106734903
40,66.99468488634449,69.0052492351693
40,67.01319429461424,69.0059742731041
40,66.99955255679588,69.01351833289647
40,67.00017198479186,68.98406358427016
40,66.99945804388167,69.01708169247688
40,66.98151733196958,69.01568836770838
40,66.98151733196958,69.01568836770838
40,67.02302387927261,68.9946180051608
40,66.99955158291166,68.99739752126766
40,66.99092152845357,69.01371494907386
40,67.01971885807887,69.00462673959456
40,67.01038000705364,69.01924214023492
40,67.01894085396755,68.9912849703136
40,67.00316707814835,69.02070735523033
40,66.99016180077184,69.0175627748135
40,67.00579813776196,69.01980383027599
40,67.00098277028125,68.99227810764243
40,67.01008529316469,68.99789488888021
40,66.98977675589748,68.99585665322708
40,66.99790410301368,68.98370140216791
40,67.00287842791035,68.98076379538774
40,67.00574151207476,68.98793726130546
40,67.00571504571673,69.00340976658923
40,67.00574151207476,68.98793726130546
40,66.99171016077287,68.98017561266693
40,66.99122350027085,69.00481973239556
40,66.99441926994763,68.99767481975148
40,66.99811720143235,68.98254399857308
40,66.98951289638332,68.98706534955275
40,66.98550281871266,68.9947552281236
40,67.02123565055132,69.00780370073923
40,66.98971880364503,69.01846488847725
40,66.98639384890721,68.98022379771781
40,66.9920216673802,69.00255280639146
40,67.00532298772191,68.99016443508411
40,67.00574151207476,68.98793726130546
40,67.01461138052339,69.0147188451676
40,66.99775445817289,68.99838344142735
40,66.99893915470915,68.99314172390814
40,66.99945804388167,69.01708169247688
40,66.98980603894192,69.00970732941025
40,67.00390073830857,68.98624084898864
40,66.97591435938907,68.99731943550223
40,66.98450693425983,69.01932881740595
41,67.00997287476882,69.00336897986439
41,67.00522549512878,69.00226744378983
41,67.0032993668832,69.00160057639663
41,67.00535370736183,69.00253874395419
41,67.00944221299896,69.00220843723534
41,67.0088474000905,69.00184923773197
41,67.00501028700997,69.00155020823797
41,67.00334363726324,69.00183689553934
41,67.00977462050074,69.00151311071221
41,67.00702155633572,69.00445735903862
41,67.00643397066455,69.00300007114892
41,67.00833505168265,69.00205822673357
41,67.00730121417787,68.99933178373658
41,67.00513553058677,69.00101464925015
41,67.00387884323838,68.99952066427937
41,67.00588555877165,69.00304361739335
41,67.00615721720611,68.99795771646754
41,67.00547119289764,69.00261884359723
41,67.00833505168265,69.00205822673357
41,67.00405450526004,69.00030336849308
41,67.00883136247438,69.00187007038957
41,67.00917957187548,69.00223982885163
41,67.00883136247438,69.00187007038957
41,67.00711531349972,69.00082082855683
41,67.00322328803081,69.00068144631562
41,67.00839853443433,68.9993925641915
41,67.00677946496461,69.00153782654102
41,67.00636940045231,69.00276300157314
41,67.00405450526004,69.00030336849308
41,67.00701938837977,69.00012799790422
41,67.00522396016056,68.99988815423687
41,67.00522549512878,69.00226744378983
41,67.00917957187548,69.00223982885163
41,67.00765051275592,69.00121242601134
41,67.0060412699412,69.00051711634916
41,67.00911216987944,68.99992550287202
41,67.00997287476882,69.00336897986439
41,67.00592514392783,69.00363884176801
41,67.00592514392783,69.00363884176801
41,67.00838507555093,69.00332238689074
41,67.00655241425929,69.00092258172701
41,67.00730121417787,68.99933178373658
41,67.00833505168265,69.00205822673357
41,67.00845948897566,69.00055722039527
41,67.00807153793752,69.0025890049219
41,67.00592514392783,69.00363884176801
41,67.00327582088987,68.99924329087472
41,67.00592514392783,69.00363884176801
41,67.00848010525631,69.00049950240137
41,67.00359183656165,68.9995722168504
41,67.00478173384275,69.00182956107642
41,67.00838507555093,69.00332238689074
41,67.0082358011237,69.00227613354309
41,67.00321124186081,69.00000612508526
41,67.00513553058677,69.00101464925015
41,67.00818393379109,69.00322754624091
41,67.00939631749752,69.00059226370931
41,67.00898335684747,69.00465486857597
41,67.00838507555093,69.00332238689074
42,67.00376285684149,68.99183612494191
42,67.00675096490237,69.02129383502071
42,67.02272714111663,68.99426978735215
42,66.98553114123409,68.98267787704549
42,66.98995247967689,69.01409428179703
42,67.02118822804029,68.9943878697869
42,67.01746094745096,69.01373653844378
42,67.02118822804029,68.9943878697869
42,67.01073538180377,69.00045448480815
42,66.97923295748306,68.99243391730442
42,66.99138452324105,68.9924698494798
42,67.00821909813483,69.02228605962905
42,67.01088349704025,68.98288452441744
42,66.99016180077184,69.0175627748135
42,66.98380609063673,69.01607270389127
42,67.00316707814835,69.02070735523033
42,66.98092671395075,68.98722378279287
42,67.01306607520141,69.01292850802221
42,67.01038000705364,69.01924214023492
42,67.02238496244155,68.99547867657688
42,66.99257658281222,69.01417628499877
42,66.99044401289096,68.99771492704048
42,67.00674664404099,69.01642825031863
42,66.99588679009129,68.97577380941502
42,66.98092671395075,68.98722378279287
42,67.00957040013326,68.9886238897416
42,66.97728072845496,69.00419947799594
42,66.99037026056627,68.99659607225013
42,66.99456458538316,68.98661694248065
42,67.02118822804029,68.9943878697869
42,67.00322452390958,69.02344420277909
42,66.98199230058846,68.98538794618511
42,66.98719504885673,68.99984810694662
42,67.0081430024349,68.97686778542139
42,67.01475084373352,68.99493472526873
42,67.02123565055132,69.00780370073923
42,66.98491650090283,68.98593970519521
42,66.98719504885673,68.99984810694662
42,66.99171016077287,68.98017561266693
42,67.00532298772191,68.99016443508411
42,67.02272714111663,68.99426978735215
42,67.00674664404099,69.01642825031863
42,66.97763071192759,69.00990888389214
42,66.99139853067858,68.98173987792954
42,66.99016180077184,69.0175627748135
42,66.99978891558112,69.00329489433648
42,67.00297294683433,69.00088140550284
42,66.97569980843275,68.99711507684981
42,67.02166545524199,68.98820896751013
42,66.99811720143235,68.98254399857308
42,66.99290546441863,69.01400058864584
42,67.02302387927261,68.9946180051608
42,67.00125463542132,69.01526953907005
42,67.00074932415787,68.98441065271739
42,67.00297294683433,69.00088140550284
42,67.00104112590341,69.02444508575454
42,67.00105460404252,68.97668152952248
42,66.98062578494844,69.01125665994584
42,66.97723944707423,69.01024966283107
42,66.99588679009129,68.97577380941502
42,67.00890412619597,68.99794941198554
42,67.00098277028125,68.99227810764243
42,67.01750172159157,68.99237245241027
42,67.01449407606184,68.98151735166417
42,66.99031058297687,68.9813707351785
42,66.9961107535512,69.01619586254492
42,66.98151733196958,69.01568836770838
42,67.00104112590341,69.02444508575454
42,67.00859377833937,68.99809867940911
42,67.00817110078795,68.9915303791956
43,67.00579235560826,69.00824517672682
43,67.00292687907702,69.00996333136328
43,67.00083795671496,69.01075079306122
43,66.99935763831019,69.01046658265084
43,67.00320055015439,69.00924981194075
43,67.00261913991454,69.01011264853076
43,67.00550707957606,69.00808874194679
43,67.00377566350207,69.007194656671
43,67.00336700240221,69.00691248624797
43,67.0001429910573,69.01008472883004
43,67.00389781825709,69.01144904003813
43,67.00012498558631,69.0102975646824
43,67.00550707957606,69.00808874194679
43,66.99960383514579,69.01033518160624
43,67.00277945511226,69.00815463410545
43,67.00203736154913,69.00855948293
43,67.00367642697216,69.00951353298136
43,67.00352144801074,69.00731199124724
43,67.00336700240221,69.00691248624797
43,67.00081300366253,69.00715594051614
43,67.00377566350207,69.007194656671
43,67.00075763310959,69.00802082891418
43,67.00242371444979,69.00746998779046
43,67.00593076406152,69.00904997614161
43,66.99930221978576,69.00687066283997
43,66.9995353889635,69.00674305017176
43,67.0038624255492,69.00769549674904
43,67.00024374838625,69.00797396662887
43,67.00246011147141,69.0098265716148
43,67.00142934339841,69.01141956704058
43,67.00342954843073,69.00681828720882
43,67.003706365377,69.00964470979518
43,67.0049891492752,69.00779083104248
43,67.00091083320059,69.01126909942612
43,67.00091083320059,69.01126909942612
43,67.00559592902445,69.01039057285219
43,66.99921633779643,69.00887676073735
43,66.99804837527202,69.00965514545855
43,67.00364868086825,69.00750758145566
43,67.0017401786642,69.00684804371761
43,67.00013202807942,69.01093177328472
43,67.00277324926584,69.00910433900548
43,66.99987518436053,69.00896419004697
43,67.00428089853094,69.00842229165676
43,67.00161446221529,69.00655062540156
43,67.0010606060926,69.0097943519566
43,67.00540137098788,69.0086128976235
43,67.00392421590765,69.0112061542992
43,67.00399273626293,69.01105920919218
43,67.00356341746469,69.00868835436445
43,67.00412825016836,69.00780258959375
43,67.00132257773265,69.00784434493704
43,67.00392421590765,69.0112061542992
43,66.99833398883693,69.01005081790551
43,67.00524674917459,69.01027143852178
43,67.00292687907702,69.00996333136328
43,67.00420533617125,69.0074451548221
43,67.00593076406152,69.00904997614161
43,67.00081300366253,69.00715594051614
43,67.00085510284222,69.01158387610998
43,67.00232873485317,69.01155489537383
43,67.00193322245052,69.00941265849121
43,67.00249127761424,69.0108152070959
43,66.99999124533598,69.0104383137857
43,67.00280023929909,69.00914985773575
43,67.00295789846072,69.00697830461786
43,67.00479828442639,69.00944693013203
43,67.00329981577312,69.01165621013182
43,67.00011343894694,69.01082092214425
43,66.9995353889635,69.00674305017176
43,67.0049891492752,69.00779083104248
43,67.00418078994501,69.01017187841353
43,67.00559592902445,69.01039057285219
43,67.00292687907702,69.00996333136328
43,67.00283652995174,69.00684250631042
43,67.00582361114581,69.00891493371611
44,66.9793273751079,69.00789914307423
44,67.01668607039305,68.99105245031194
44,66.9961107535512,69.01619586254492
44,66.97728072845496,69.00419947799594
44,66.98971880364503,69.01846488847725
44,67.01746094745096,69.01373653844378
44,67.00808956947716,68.98274882578298
44,66.99811720143235,68.98254399857308
44,66.98980603894192,69.00970732941025
44,66.97763071192759,69.00990888389214
44,67.00316707814835,69.02070735523033
44,66.9961107535512,69.01619586254492
44,66.98958302113171,68.9892287890727
44,67.00017198479186,68.98406358427016
44,66.97526629603277,68.99821147764389
44,66.99955158291166,68.99739752126766
44,66.98727747564749,68.99340721793929
44,67.00271162805853,69.00981308037991
44,67.00783401901825,69.00545515439923
44,66.97923295748306,68.99243391730442
44,67.01971580079646,68.99569014021321
44,66.98472550968806,69.0172760402079
44,67.02048267432308,69.01277553202644
44,66.99016180077184,69.0175627748135
44,67.01746094745096,69.01373653844378
44,66.98719504885673,68.99984810694662
44,67.02123565055132,69.00780370073923
44,67.00617557630238,69.00875457933954
44,66.97723944707423,69.01024966283107
45,67.00627494291354,68.99387264408092
45,67.00555314016849,68.99435573961115
45,67.00429366824604,68.99112372716168
45,67.00524100506011,68.99169172643522
45,67.00627185942773,68.9959275640959
45,67.00244650033662,68.99244750919888
45,67.00524100506011,68.99169172643522
45,67.00564160502316,68.99473135487865
45,67.00417248789552,68.9964328114332
45,67.00623637513812,68.99591471079218
45,67.00732248637384,68.9912585048139
45,67.00341049855285,68.99515478322853
45,67.00173043124335,68.99266071129315
45,67.00530043416137,68.99057593215764
45,67.00323276316045,68.99285762288594
45,67.00212404474014,68.99353703389878
45,67.0043470111403,68.99278390235648
45,67.00327100816195,68.99305818767576
45,67.00401005594584,68.99364454334484
45,67.00232049170963,68.99337952231298
45,67.00552431278969,68.99554745451512
45,67.00410339137966,68.99271050913153
45,67.00553544957064,68.99035458458309
45,67.0024773970947,68.99449236439735
45,67.00546543721538,68.99357561693186
45,67.00362994147707,68.99561432211804
45,67.00636893235121,68.99295426940414
45,67.00362994147707,68.99561432211804
45,67.00671764926997,68.99495562637469
45,67.00548512243827,68.99583427895854
45,67.00534156420115,68.99396302805167
45,67.00411693235496,68.99091554604453
45,67.00206305573947,68.99527509443271
45,67.00737922434593,68.99470759536825
45,67.00664298940232,68.99309489286276
45,67.00191861116305,68.99336036746587
45,67.00478160501352,68.99192665268548
45,67.0076648152857,68.99190268019346
45,67.00478004008754,68.99562898242826
45,67.0027794597202,68.9923778161214
45,67.0051394516498,68.99080875704104
45,67.00358491760147,68.99053965025767
45,67.0076648152857,68.99190268019346
45,67.00171150616745,68.99304093706424
45,67.00546543721538,68.99357561693186
45,67.00478160501352,68.99192665268548
45,67.00552431278969,68.99554745451512
45,67.0071819032411,68.99382600490796
45,67.00271459111757,68.9931332795782
45,67.00482405872302,68.99113442771008
45,67.00286120481,68.99483650723742
45,67.00327100816195,68.99305818767576
45,67.00298152596531,68.99321082818318
45,67.00775361255235,68.99239145201437
45,67.00422407416474,68.99555312350267
45,67.00653830062579,68.9932889072017
45,67.00206305573947,68.99527509443271
45,67.00445329960237,68.99030945085872
45,67.00336603509142,68.99091665426491
45,67.00380449649573,68.99340681714851
45,67.0051999628832,68.9909469529856
45,67.00512429610012,68.99274586811073
45,67.00433400245912,68.991255118009
45,67.00171150616745,68.99304093706424
45,67.00627494291354,68.99387264408092
45,67.00564160502316,68.99473135487865
45,67.00585594149116,68.99177978027237
45,67.00335798241863,68.99224588178917
45,67.00410339137966,68.99271050913153
45,67.00750575362238,68.99291543833084
45,67.0051394516498,68.99080875704104
45,67.00363303568378,68.99318450730695
45,67.00191861116305,68.99336036746587
45,67.0040756165868,68.9908318221739
45,67.00378151550838,68.9955705878027
45,67.00204992504395,68.99184825029903
45,67.00539427844542,68.99181553030816
45,67.00387208361451,68.9926482046094
45,67.00187560219376,68.99302010916034
45,67.00196523399593,68.994173148353
45,67.00384773343299,68.9901404872311
46,67.01340931640412,69.01083835248542
46,67.01616733606116,69.00918076671806
46,67.01138259878111,69.01006728690649
46,67.01426573158338,69.0090157752377
46,67.01765485714006,69.01118975967731
46,67.01748584018459,69.0121345897802
46,67.0133773885947,69.00870781956193
46,67.0159575951916,69.00764569335807
46,67.01742847729177,69.01066958384133
46,67.01439993441265,69.01223180920896
46,67.01590265488414,69.00974982630879
46,67.0115555341909,69.00834740484144
46,67.01193769883851,69.0122685109363
46,67.01310877312265,69.00940446752081
46,67.01748584018459,69.0121345897802
46,67.01742847729177,69.01066958384133
46,67.0177750061662,69.01073493033603
46,67.0132392371996,69.01337181864957
46,67.01650398003375,69.00841908658799
46,67.01140953210279,69.00861899651434
46,67.01810112038686,69.0091719977822
46,67.01173056690595,69.00872142776018
46,67.0176600397804,69.01167917756474
46,67.0146959638733,69.00743979006498
46,67.01336008738271,69.00703518903467
46,67.01645277784162,69.00886878823856
46,67.01105330117058,69.00957027530966
46,67.01265561710032,69.00852140095056
46,67.01336008738271,69.00703518903467
46,67.01810112038686,69.0091719977822
46,67.01251977426418,69.01000949349212
46,67.01581163408501,69.0131076890465
46,67.01340099592731,69.00966785728313
46,67.01691392856281,69.00903447162567
46,67.01671523791526,69.00785206574862
46,67.01380932301619,69.01077562124223
46,67.01778070744,69.0082192856318
46,67.01738199265995,69.00873488607091
46,67.01340099592731,69.00966785728313
46,67.01551395912793,69.00885884003877
46,67.016108048739,69.01098605361025
46,67.01551395912793,69.00885884003877
46,67.01544209091352,69.00715437405734
46,67.01530470343718,69.01060404844516
46,67.01128046451116,69.01047175567997
46,67.01378410310953,69.01252483798119
46,67.01173056690595,69.00872142776018
46,67.01161742510111,69.00793980488203
46,67.01582840511955,69.01039902495049
46,67.01134521118597,69.00874776086417
46,67.01144330871965,69.00863781203624
47,66.99585792587062,68.99232979264588
47,66.99625278786249,68.99202957743414
47,66.99366441436617,68.98988916029579
47,66.99808053325123,68.98690103656037
47,66.99299839398425,68.98888159400126
47,66.99843741104951,68.98774205743078
47,66.99803380520476,68.98801383867605
47,66.99683360413643,68.98953656523359
47,66.99578180467647,68.99250845695671
47,66.99295696171575,68.99048763477246
47,66.99281132545661,68.99187149702884
47,66.99620342028233,68.99057904596714
47,66.9972707874743,68.98867878780378
47,66.99868277687418,68.99062369912255
47,66.99288757025084,68.99043057643908
47,66.99621664263958,68.98925446240439
47,66.99574738611389,68.98714501497629
47,66.99520707795253,68.99058607976147
47,66.99257187062085,68.98885696897742
47,66.99431344920643,68.99064984118067
47,66.99440744440865,68.98949486020821
47,66.99592102458148,68.98933837884573
47,66.9928285375256,68.99216961633621
47,66.99787270589242,68.98791476114557
47,66.9924850664907,68.99101798091185
47,66.99518155709478,68.99017632381175
47,66.99372553867825,68.98938229626684
47,66.99720900584796,68.99172869424503
47,66.99424078891875,68.98986845149929
47,66.99468075485288,68.98807173736176
47,66.99635636492006,68.9904944292655
47,66.99901974598417,68.98795477500357
47,66.99568228614405,68.98853147704011
47,66.99579268118012,68.98644288253463
47,66.99766734651693,68.99106633257367
47,66.99490310307345,68.99151811713143
47,66.99905926703336,68.99043611824402
47,66.99775180524117,68.98920602021666
47,66.99324158030181,68.98914253464606
47,66.99366441436617,68.98988916029579
47,66.9969995212332,68.99141049846693
47,66.99281608316473,68.98798173303743
47,66.99554596569907,68.99038401159272
47,66.99492542197093,68.98829064958149
47,66.99312664413873,68.9892027824519
47,66.99531634081951,68.9871377537041
47,66.9941260786806,68.98955315935979
47,66.9972707874743,68.98867878780378
47,66.99263651489284,68.98869608111436
47,66.99291760881549,68.98868785654948
47,66.99532411286025,68.98709991007918
47,66.99686941726839,68.98723360025288
47,66.99584163684546,68.98774913984887
47,66.99561519660533,68.98812486636339
47,66.99353163141775,68.98729754835836
47,66.99299823327802,68.99007106027581
47,66.99533398964928,68.99133955003666
47,66.99554596569907,68.99038401159272
47,66.99624758006371,68.99081743160349
47,66.99362798060682,68.98985112797344
47,66.99431344920643,68.99064984118067
47,66.99768324509539,68.99029403059053
47,66.99788700780881,68.99136592667696
47,66.99888701305225,68.98739067053334
47,66.99801321965904,68.98987436589921
47,66.99362787767754,68.9916273645584
47,66.9995272246396,68.98964431778465
47,66.99325575055848,68.98844785213808
47,66.99605362027772,68.99071251690897
47,66.99863476528184,68.99085146136768
47,66.99325575055848,68.98844785213808
47,66.9961350588817,68.98942940580233
47,66.99788700780881,68.99136592667696
47,66.99720900584796,68.99172869424503
47,66.99727568340583,68.9892733804522
47,66.99533398964928,68.99133955003666
47,66.99935956785275,68.98787976942091
47,66.99424078891875,68.98986845149929
47,66.99270662164551,68.9898338841654
47,66.99392259287978,68.99017602953346
47,66.99440078179377,68.98778634360511
47,66.99683360413643,68.98953656523359
47,66.99366660242852,68.98851323213269
47,66.99578180467647,68.99250845695671
47,66.99621664263958,68.98925446240439
47,66.9945097535531,68.98966451822993
47,66.99431796873988,68.9891816726637
47,66.99573219704418,68.99116100899847
47,66.99291760881549,68.98868785654948
47,66.99295696171575,68.99048763477246
47,66.99893122448121,68.99026354965561
47,66.99633073825422,68.98987643866978
47,66.99611625315175,68.98700490023856
47,66.99774348579429,68.9902637342273
47,66.99611625315175,68.98700490023856
47,66.9945097535531,68.98966451822993
47,66.99887165217501,68.98809186639994
47,66.99440078179377,68.98778634360511
47,66.99827490375482,68.98849388155433
47,66.99757815555486,68.99152761329387
47,66.99299839398425,68.98888159400126
47,66.99689126976855,68.9899934686449
47,66.99592102458148,68.98933837884573
47,66.99543758111389,68.99141575844064
47,66.99653939915284,68.98634819506795
47,66.99281608316473,68.98798173303743
47,66.99361824642477,68.98839888053098
47,66.99720900584796,68.99172869424503
47,66.99608826834779,68.98800994117248
47,66.99774348579429,68.9902637342273
47,66.99660093900044,68.99043801129476
47,66.99755510330941,68.99062303390428
48,66.98472550968806,69.0172760402079
48,67.00957040013326,68.9886238897416
48,67.01008529316469,68.99789488888021
48,66.9961107535512,69.01619586254492
48,66.98062578494844,69.01125665994584
48,67.0053273347039,68.99327909523434
48,66.99171016077287,68.98017561266693
48,66.98326566557596,69.00703060628956
48,66.98151733196958,69.01568836770838
48,66.99138452324105,68.9924698494798
48,67.00979818012583,69.00487139198373
48,66.99248343098913,68.99573817164516
48,67.0065150249342,68.99604540649985
48,67.01971580079646,68.99569014021321
48,67.01008529316469,68.99789488888021
48,66.99782840330187,68.98017581527125
48,66.98092671395075,68.98722378279287
48,66.98092671395075,68.98722378279287
48,66.97982111908077,69.00116306857022
48,67.01544209091352,69.00715437405734
48,67.00674664404099,69.01642825031863
48,66.97982111908077,69.00116306857022
48,67.01475084373352,68.99493472526873
48,66.99016604533236,68.99363156079013
48,66.99893777692782,69.02030123120187
48,67.01088349704025,68.98288452441744
48,66.99820737113218,68.9752592960597
48,67.01312991857823,68.9903249625683
48,67.00105460404252,68.97668152952248
48,66.97980718414192,69.01077794448351
48,66.99978891558112,69.00329489433648
48,66.97808636298717,69.00647580870593
48,67.02048267432308,69.01277553202644
48,67.00532298772191,68.99016443508411
48,67.00074932415787,68.98441065271739
48,66.99468488634449,69.0052492351693
48,67.00014304470014,69.0149067486144
48,67.00858214022729,68.98339325555223
48,67.01449407606184,68.98151735166417
48,66.99938065169938,68.99722325226881
48,67.01036227661767,69.01219148000501
48,67.00297294683433,69.00088140550284
48,67.00074932415787,68.98441065271739
48,66.98971880364503,69.01846488847725
48,67.01073538180377,69.00045448480815
48,67.01008529316469,68.99789488888021
48,67.00579813776196,69.01980383027599
48,67.00808956947716,68.98274882578298
48,66.97980718414192,69.01077794448351
48,67.01138259878111,69.01006728690649
48,67.00957040013326,68.9886238897416
48,67.01746094745096,69.01373653844378
48,66.99325531717659,68.97725867551564
48,67.02238496244155,68.99547867657688
48,67.01971885807887,69.00462673959456
48,66.99031058297687,68.9813707351785
48,66.99325531717659,68.97725867551564
48,67.00615721720611,68.99795771646754
48,66.97884521377905,69.00106220628346
48,67.0241824318232,68.99939805940437
48,66.9917847803346,68.98492605329409
48,66.99656315378148,69.00511934397508
48,66.98406710095989,69.01379162377872
48,67.00890412619597,68.99794941198554
48,66.99016180077184,69.0175627748135
48,66.99122350027085,69.00481973239556
48,67.01894085396755,68.9912849703136
48,66.9793273751079,69.00789914307423
48,67.01021060524752,69.00400769437937
48,66.98727747564749,68.99340721793929
48,66.9920216673802,69.00255280639146
48,67.00328717590759,68.99196535717886
48,67.00532298772191,68.99016443508411
48,67.01475084373352,68.99493472526873
48,67.00817110078795,68.9915303791956
48,66.99715854109483,69.00906194626884
48,67.00732535617404,69.0047388764906
48,66.97923295748306,68.99243391730442
49,66.9831774902824,69.00580253270967
49,67.01369568018995,68.98824231398567
49,66.98332709683342,69.00663801197744
49,66.98030843168654,69.00617997115175
49,66.98398082983259,69.00573092458716
49,66.98100081831295,69.00516485640898
49,67.01438512899743,68.98700080737109
49,66.98069520169588,69.00478554318269
49,66.9805284646255,69.00798477851986
49,67.01661295743253,68.98889220580587
49,66.97913942545321,69.00628606607623
49,67.01696412099042,68.98875617227073
49,66.98380584612158,69.00741085583577
49,66.97977860867472,69.00715322173376
49,67.01235916583107,68.98803920563601
49,66.98016808522397,69.00607435143824
49,66.9813817908432,69.00572039801624
49,66.98253304494716,69.0048857349494
49,66.98087850460443,69.00811341884746
49,66.9807011648857,69.00679507964011
49,67.01314527358907,68.98975314783685
49,67.01372716205687,68.99041792037767
49,67.01696412099042,68.98875617227073
49,67.01132050040171,68.98973142350432
49,67.0148720067673,68.98924967656218
49,66.98111577386632,69.00829939622344
49,66.98069520169588,69.00478554318269
49,67.01278701115008,68.98851293079083
49,67.0156430811891,68.98864746199682
49,66.98277028980145,69.00531109506873
49,67.0136843494245,68.98987509232585
49,67.01282347680632,68.99100349855752
49,66.9824639469416,69.00453200134633
49,66.98240355361793,69.00608730854998
49,66.9800310503794,69.00616598986035
49,67.01372716205687,68.99041792037767
49,67.01318504225269,68.98697113814144
49,66.98293235503071,69.00433189888815
49,66.98021647487171,69.00577637555179
49,66.98182908387741,69.00804141738573
49,66.98215007963198,69.00794749007575
49,67.01132050040171,68.98973142350432
49,67.01686532872806,68.98774486045575
49,67.01230506774337,68.99071810942101
49,66.98134963287099,69.00841952068895
49,67.01315719345135,68.98969587910308
49,66.98176304807173,69.00635199839026
49,67.01661295743253,68.98889220580587
49,66.98091963845764,69.00747902844708
49,66.98258660474784,69.00581751451435
49,67.01593347556326,68.9893560036699
49,66.97977860867472,69.00715322173376
49,66.98058908473564,69.00532212304618
49,66.98310368419021,69.00561129117571
49,66.98219469084573,69.0042825100497
49,66.98182908387741,69.00804141738573
49,67.01611629480976,68.9890482661844
49,67.01661295743253,68.98889220580587
49,67.01535521929765,68.98718860308105
49,67.01467945804875,68.988023340734
49,67.0121581910108,68.99026413280271
49,67.01151551989848,68.98898010453254
49,66.97944262511557,69.00801409254268
49,66.98237529572455,69.00538024115295
49,67.01554590914152,68.9903839802891
49,67.01650990036799,68.98771594300304
49,67.01145953905274,68.98992383967799
49,66.9811914227784,69.00797356960642
49,67.01599947317173,68.9880031968204
49,66.98404551705667,69.0056689267185
49,67.0163359164094,68.98702910665142
49,67.01554590914152,68.9903839802891
49,66.9800310503794,69.00616598986035
49,67.01260436494626,68.98910239032773
49,67.01196871780344,68.99071006971579
49,66.98043152147233,69.00782271289133
49,67.01512147722343,68.98695120069162
49,66.9814427158239,69.00791610549871
49,66.980402025295,69.00799957773413
49,66.98155424023047,69.00813398728603
49,66.97913942545321,69.00628606607623
50,66.9849028271776,69.00814579942741
50,66.98644650824762,69.00871432800778
50,66.98522797646409,69.0077808038711
50,66.9834057643752,69.0086965830771
50,66.98606486060322,69.00608776926293
50,66.98394408994172,69.00749983736516
50,66.98980603894192,69.00970732941025
50,66.98522797646409,69.0077808038711
50,66.98973096033362,69.01028461329675
50,66.98630785359515,69.01086589996483
50,66.98545197441396,69.00788293893575
50,66.98643624219451,69.01123257062739
50,66.98520556102065,69.01184797770178
50,66.98859538960575,69.01226084841483
50,66.9848196173374,69.00647802644336
50,66.98784502511151,69.01277759427263
50,66.98489996909552,69.01018054673142
50,66.98576064171215,69.00966292252954
50,66.9884956359429,69.01074472362605
50,66.98838770494955,69.01076175471837
50,66.98793714311961,69.0124060914421
50,66.98768597686124,69.00903264948526
50,66.98562054158718,69.01063567321206
50,66.98582921775737,69.011340980706
50,66.98785902287851,69.00630147480713
50,66.98360083483664,69.00890063211807
50,66.98386521976637,69.00926664475774
50,66.98594275335152,69.00591824329774
50,66.9889547690539,69.00992383067452
50,66.98553516694868,69.008119901354
50,66.98975055362313,69.01019280219155
50,66.9891887979918,69.01117275581488
50,66.98484608403955,69.00830924160596
50,66.98903839230601,69.00940479566377
50,66.9890882216748,69.01156966006027
50,66.98360083483664,69.00890063211807
50,66.98728902382521,69.00828617699955
50,66.98807335439771,69.00929172067693
50,66.98606486060322,69.00608776926293
50,66.98563613182468,69.01097361128372
50,66.9862778892349,69.01080108896137
50,66.98699331324607,69.01101382214551
50,66.98854798861353,69.0109459977701
50,66.98455795236407,69.00694097849657
50,66.98732777199936,69.01223842076253
50,66.9890882216748,69.01156966006027
50,66.9854679712002,69.00745889095805
50,66.9875125363098,69.007342193208
50,66.98858800819187,69.01128901741038
50,66.9872860624841,69.00675827170774
50,66.98785955209314,69.00825217260316
50,66.98340121360484,69.00795622227601
50,66.98587029595629,69.01045187414051
50,66.9861840882628,69.00803779321244
50,66.9853016010201,69.00712359485493
50,66.98651438375306,69.00599043896726
50,66.9858764228014,69.01049836416423
50,66.98649724606385,69.01236907191515
50,66.98920570748386,69.012275114848
50,66.98736036713161,69.00777124032535
50,66.98597937081799,69.01123613823817
50,66.98776472404104,69.0125488510858
50,66.98520556102065,69.01184797770178
50,66.98577845383628,69.00657983196938
50,66.98558899713598,69.00741994807797
50,66.98691933382298,69.00874773025843
50,66.98386521976637,69.00926664475774
50,66.98613636386138,69.01215751779392
50,66.98811075925639,69.00747988544039
50,66.98436260034818,69.00963896385211
50,66.9863968335744,69.00743577445103
50,66.98691933382298,69.00874773025843
50,66.98703359101594,69.00622208200105
50,66.98651438375306,69.00599043896726
50,66.98793714311961,69.0124060914421
50,66.98980603894192,69.00970732941025
50,66.98576869333263,69.00530800225701
50,66.98545197441396,69.00788293893575
50,66.98691933382298,69.00874773025843
50,66.98877370092907,69.00883570140105
50,66.98674818510683,69.00765521452531
50,66.98882169659257,69.01065773723062
50,66.98800840329316,69.01156715093984
50,66.98467330544219,69.00549367223032
50,66.98467330544219,69.00549367223032
50,66.98331366431425,69.00833083861704
50,66.98918787667522,69.0079125146094
50,66.98752217814457,69.01009903752228
51,66.99990605757036,69.00144282119902
51,67.00320255646594,68.99760931384766
51,66.99952447626747,69.0012353476368
51,67.00114508935566,68.99783668390471
51,66.99752069537786,69.0012176312842
51,67.00128242791439,68.99630603044139
51,66.99896446531817,69.00065323252804
51,66.99796587151587,68.99758633777957
51,66.99835999201454,69.00135430584763
51,66.99800508115891,69.0007901168083
51,67.00116628465192,68.99657662231714
51,67.00100892986852,69.00039491660414
51,67.00214291767816,68.99895682832414
51,67.0002723723622,69.0007762745361
51,66.99949796410405,69.00183826164368
51,66.99772841892464,69.00045792378752
51,67.00359183656165,68.9995722168504
51,67.0019952272931,68.99630063187647
51,67.00290618179007,68.99748835796443
51,66.99955031408383,69.00135042427607
51,66.99952447626747,69.0012353476368
51,66.99937447304451,69.0000679561709
51,66.99796587151587,68.99758633777957
51,66.99766938165286,69.00001000141694
51,67.00329305778996,68.99794192173609
51,66.99759550757496,69.00135142162206
51,67.00297294683433,69.00088140550284
51,67.00226288825199,68.99810500514856
51,66.99823189875038,68.99823524774828
51,67.00097062174743,68.99882044092661
51,67.00128242791439,68.99630603044139
51,67.00271254869382,68.99923580972869
51,67.00257442417363,68.9982726639617
51,66.99972544101635,69.0010860110509
51,66.99895604570183,69.00046266402535
51,66.99759550757496,69.00135142162206
51,67.00072610737533,68.99644946515532
51,67.00285615160531,68.99727381647648
51,66.99839077864512,68.9969180152855
51,67.00145188187453,69.00047029918272
51,66.99959230812452,69.00232235297263
51,66.99826284504941,68.99784581648876
51,67.00280534429315,68.99769508620375
51,66.99989661223887,68.99673660386699
51,67.00110673160763,68.99816598412738
52,67.0177750061662,69.01073493033603
52,67.01449843983576,69.01259520587084
52,67.01078691000009,69.01099603003448
52,67.01202753820473,69.00921596645904
52,67.0116687398582,69.01130399027586
52,67.01229537689348,69.01249620939458
52,67.0181231213243,69.01003720587285
52,67.0139141814322,69.01080760919561
52,67.01305644224396,69.01048077040183
52,67.0139234979816,69.01099749278028
52,67.01205100900876,69.00892323086566
52,67.01811733608709,69.00954510036244
52,67.0182331259158,69.01052211791529
52,67.01525318569672,69.01200576061534
52,67.01183093621286,69.01107296840156
52,67.01704797468352,69.01002529106027
52,67.01138259878111,69.01006728690649
52,67.01791086286157,69.01149678323628
52,67.01554644084254,69.00814421816253
52,67.01171874789975,69.01235507944374
52,67.01530470343718,69.01060404844516
52,67.016108048739,69.01098605361025
52,67.01742847729177,69.01066958384133
52,67.01251264571549,69.00692801606449
52,67.010732395887,69.00928518300812
52,67.0139141814322,69.01080760919561
52,67.0116687398582,69.01130399027586
52,67.01196545636014,69.01240542405823
52,67.01444234770595,69.00697556957375
52,67.01511494465113,69.01333520677132
52,67.010732395887,69.00928518300812
52,67.01380932301619,69.01077562124223
52,67.01173056690595,69.00872142776018
52,67.01702380005389,69.00845708872812
52,67.01183093621286,69.01107296840156
52,67.01383843340946,69.0092687247862
52,67.01811733608709,69.00954510036244
52,67.01702380005389,69.00845708872812
52,67.01431185908258,69.00859231129257
52,67.01171874789975,69.01235507944374
52,67.01347736520535,69.01093378448067
52,67.01254167390671,69.01265578221073
52,67.01199102686861,69.00877662769665
52,67.01134521118597,69.00874776086417
52,67.01105960120674,69.00880346160099
52,67.01078691000009,69.01099603003448
52,67.0125430315755,69.00790997255639
52,67.01742847729177,69.01066958384133
52,67.01378410310953,69.01252483798119
52,67.01134521118597,69.00874776086417
52,67.01382150008259,69.01209653876872
52,67.01345803639181,69.00892820226213
52,67.01347461754504,69.0124478229417
52,67.01810112038686,69.0091719977822
52,67.01590265488414,69.00974982630879
52,67.01238384254229,69.01055468409093
52,67.0181231213243,69.01003720587285
52,67.01734718992542,69.01231615812077
52,67.01627555817993,69.01229438198318
52,67.01322411465694,69.01147310077462
52,67.01527047362063,69.01202040321957
52,67.01587814225392,69.01255645147427
52,67.01161742510111,69.00793980488203
52,67.01438391401183,69.00930259315344
52,67.01582840511955,69.01039902495049
52,67.01534508815315,69.0070247836549
52,67.01094370185223,69.00890234410039
52,67.01254167390671,69.01265578221073
52,67.01621027007668,69.0107996571395
52,67.01431185908258,69.00859231129257
52,67.01581163408501,69.0131076890465
52,67.01683816463344,69.00815131252088
52,67.01658246248336,69.00783131226136
52,67.01590265488414,69.00974982630879
52,67.0155160521586,69.00903772358252
52,67.01424549215378,69.01353506030289
52,67.01426573158338,69.0090157752377
52,67.01420518936705,69.00667554077755
52,67.01556182553504,69.00770443319388
52,67.01142956074419,69.0084239383034
52,67.01400724453109,69.00648495858162
52,67.01251977426418,69.01000949349212
52,67.01702380005389,69.00845708872812
52,67.01507778835831,69.01139983828021
52,67.01551395912793,69.00885884003877
52,67.01530470343718,69.01060404844516
52,67.01340892072643,69.00655417137304
52,67.0153941622396,69.00952294506382
52,67.01551395912793,69.00885884003877
52,67.0114398941211,69.01010230074358
52,67.01507778835831,69.01139983828021
52,67.01140953210279,69.00861899651434
52,67.01094370185223,69.00890234410039
52,67.01526797274514,69.00700192833456
52,67.01138259878111,69.01006728690649
52,67.01378410310953,69.01252483798119
52,67.0181231213243,69.01003720587285
52,67.01617261607106,69.00707020226166
52,67.01686124892193,69.01187574199227
53,67.01617261607106,69.00707020226166
53,67.01346419301498,69.00855403794725
53,67.01345803639181,69.00892820226213
53,67.01280487265407,69.00893552438497
53,67.01205926362337,69.00590959925785
53,67.01241699872452,69.00641002131674
53,67.01322465770045,69.00308528745359
53,67.0108636839247,69.00493206083466
53,67.01105020903746,69.0063392573192
53,67.01291218764294,69.0063042231617
53,67.0142775013448,69.00476495848807
53,67.01160909443396,69.00422183719459
53,67.01526578743453,69.00512814049625
53,67.01431185908258,69.00859231129257
53,67.01202753820473,69.00921596645904
53,67.01228447152367,69.00729337917888
53,67.01073541913304,69.00396822655979
53,67.01354664561342,69.00688739715063
53,67.0138577288091,69.00906661388514
53,67.01035914476117,69.00550440393428
53,67.01431185908258,69.00859231129257
53,67.01145829235391,69.00602112566048
53,67.01275419511617,69.00697109531102
53,67.01310877312265,69.00940446752081
53,67.0120356843836,69.00349909859811
53,67.01062690117627,69.00428780699532
53,67.01518914814433,69.00388956955676
53,67.01070016537348,69.00578535176231
53,67.01052628476236,69.00847386752469
53,67.01216203245338,69.00940249478819
53,67.01232431359497,69.00585286321638
53,67.0146220393601,69.00407336435363
53,67.0155336324321,69.00575994784657
53,67.01420518936705,69.00667554077755
53,67.01053977841528,69.00588381603072
53,67.01495085451272,69.00683737990254
53,67.0118710659649,69.00678505376298
53,67.01070016537348,69.00578535176231
53,67.0144518209192,69.00580315894187
53,67.01394953669528,69.00302483405663
53,67.01557261577368,69.00775400830229
53,67.01337745415802,69.00442485918612
53,67.01590791523626,69.00728849054373
53,67.01416256599973,69.00407831937234
53,67.0146959638733,69.00743979006498
53,67.01396195189176,69.00425881761693
53,67.01184077006327,69.00716588788448
53,67.0125430315755,69.00790997255639
53,67.01216299279238,69.0065414310077
53,67.01216203245338,69.00940249478819
53,67.01333414269018,69.00555187550954
53,67.0117139663533,69.00347999339121
53,67.01187593028945,69.00547503645699
53,67.01202718504248,69.0090000856467
53,67.01384732746511,69.00441166529475
53,67.01431960761474,69.00888537766251
53,67.01426573158338,69.0090157752377
53,67.01145829235391,69.00602112566048
53,67.01495085451272,69.00683737990254
53,67.01292108167812,69.00613376275746
53,67.010053232749,69.00787496818101
53,67.01199088982051,69.00562600422323
53,67.0108636839247,69.00493206083466
53,67.01148062857028,69.0044295700789
53,67.01445922376075,69.00891688890654
53,67.00979818012583,69.00487139198373
53,67.01063294444084,69.00817136748482
53,67.00953783478624,69.0052693827056
53,67.01015129703379,69.0044392571856
53,67.01079171926048,69.00662204054686
53,67.01009332871945,69.00638725422678
53,67.0102164116709,69.0067803808212
53,67.01456008240649,69.00519346218506
53,67.01292108167812,69.00613376275746
53,67.01526797274514,69.00700192833456
53,67.01617261607106,69.00707020226166
53,67.01235839274383,69.00535914534358
53,67.01529859775198,69.00472929180907
53,67.01617261607106,69.00707020226166
53,67.01265561710032,69.00852140095056
53,67.01055190194894,69.00548074773131
53,67.01145829235391,69.00602112566048
53,67.0146959638733,69.00743979006498
53,67.01617261607106,69.00707020226166
53,67.01609292246866,69.00614265787091
53,67.01448571782596,69.00343550445304
53,67.01396195189176,69.00425881761693
53,67.01098569464178,69.00681727986081
54,67.00064496214658,69.00738173658027
54,67.00271162805853,69.00981308037991
54,67.00392421590765,69.0112061542992
54,67.00285103855332,69.00683533492887
54,67.00083795671496,69.01075079306122
54,67.00283652995174,69.00684250631042
54,67.00132529681792,69.00894177334446
54,67.00430139263132,69.00914722286788
54,67.00552891912538,69.00930711953265
54,67.0033109046084,69.00887024340403
54,67.00146874723166,69.01014111657257
54,67.00559592902445,69.01039057285219
54,67.00193322245052,69.00941265849121
54,67.00064496214658,69.00738173658027
54,67.00511752776482,69.00630402806594
54,67.00508279363999,69.0081573370113
54,67.00540137098788,69.0086128976235
54,67.00285103855332,69.00683533492887
54,67.0030522191433,69.00709236575725
54,67.00554644453499,69.00779178203909
54,67.00377566350207,69.007194656671
54,67.00617557630238,69.00875457933954
54,67.00142934339841,69.01141956704058
54,67.004448180431,69.00976281549481
54,67.00520874324081,69.00657309164605
54,67.00524674917459,69.01027143852178
54,67.00389781825709,69.01144904003813
54,67.00384304232736,69.00761582971589
54,67.00554487205515,69.01125677055467
54,67.00274183859362,69.00687760488597
54,67.00412781387905,69.0059669298047
54,67.00491359563038,69.00807525099708
54,67.00399273626293,69.01105920919218
54,67.00331392401462,69.01208365020413
54,67.00673131218079,69.00761078174754
54,67.00282121521072,69.01097719532564
54,67.00261913991454,69.01011264853076
54,67.00552891912538,69.00930711953265
54,67.00246516923936,69.0079339226567
54,67.00544772800953,69.01151231599265
54,67.00412825016836,69.00780258959375
54,67.00372596305125,69.01031883996812
54,67.00384531787415,69.00853650823899
54,67.0030921752924,69.01097091483437
54,67.00246516923936,69.0079339226567
54,67.0049891492752,69.00779083104248
54,67.0001429910573,69.01008472883004
54,67.00329981577312,69.01165621013182
54,67.00274183859362,69.00687760488597
54,67.00479828442639,69.00944693013203
54,67.00605242767998,69.01058935885786
54,67.00590891491032,69.008298628191
54,67.00352144801074,69.00731199124724
54,67.00564773570838,69.00888445363087
54,67.0054795913829,69.01096315323912
54,67.00389781825709,69.01144904003813
54,67.00118733877515,69.00847384780398
54,67.0063670216576,69.00710951547298
54,67.0030522191433,69.00709236575725
54,67.00392421590765,69.0112061542992
54,67.00508279363999,69.0081573370113
54,67.00372596305125,69.01031883996812
54,67.00673131218079,69.00761078174754
54,67.0041494618125,69.00799011595828
54,67.00307732308934,69.01104220770269
54,67.0043745111261,69.0064916883169
54,67.00186668117077,69.01190949560764
54,67.00520874324081,69.00657309164605
54,67.00292687907702,69.00996333136328
54,67.0029085363224,69.01212018787237
54,67.00362234361558,69.01199995841458
54,67.00460971980978,69.01124306504123
54,67.00642513970529,69.00967214218588
54,67.00564773570838,69.00888445363087
54,67.00462689991436,69.00734441969809
54,67.00554487205515,69.01125677055467
54,67.0033052640523,69.00589256472499
54,67.0057698949341,69.00823808082512
54,67.00298327040241,69.01132521487855
54,67.00618248417356,69.00909340962704
54,67.00215085635853,69.00917987669675
54,67.00508279363999,69.0081573370113
54,67.0025417013123,69.01057935851138
54,67.0016560424012,69.00905476895056
54,67.00285103855332,69.00683533492887
54,67.00298327040241,69.01132521487855
54,67.00229226223861,69.01034279020297
54,67.00537959712477,69.00648036672176
54,67.0051833692907,69.00990633354827
54,67.00083795671496,69.01075079306122
54,67.00673131218079,69.00761078174754
54,67.0049891492752,69.00779083104248
54,67.00257546457628,69.00813949470904
54,67.0057698949341,69.00823808082512
54,67.00170961880629,69.01009159788445
54,67.00064496214658,69.00738173658027
54,67.00034616934965,69.00849088181293
54,67.00291023612557,69.0079377487634
54,67.00186668117077,69.01190949560764
54,67.00319392640426,69.0092256211174
54,67.00459783457904,69.01130497376188
54,67.00460971980978,69.01124306504123
54,67.00291023612557,69.0079377487634
54,67.00367642697216,69.00951353298136
54,67.00412781387905,69.0059669298047
54,67.00292687907702,69.00996333136328
54,67.00249127761424,69.0108152070959
54,67.00693418349071,69.00889280443378
54,67.00384304232736,69.00761582971589
54,67.00582361114581,69.00891493371611
54,67.00170961880629,69.01009159788445
54,67.00274183859362,69.00687760488597
54,67.0021398675223,69.0100495827121
54,67.00170961880629,69.01009159788445
54,67.00449275624239,69.00674546521978
54,67.0038718588793,69.00644094812134
54,67.00142934339841,69.01141956704058
54,67.0038624255492,69.00769549674904
54,67.0041494618125,69.00799011595828
55,67.00784422332212,69.01076966446138
55,67.017808355789,68.99270058087755
55,67.00979818012583,69.00487139198373
55,66.98560365799601,69.01776402850476
55,66.99973711569446,68.97939594768549
55,67.01449407606184,68.98151735166417
55,66.98995247967689,69.01409428179703
55,66.97569980843275,68.99711507684981
55,67.00390073830857,68.98624084898864
55,67.00404298272183,69.00293883562966
55,66.99290546441863,69.01400058864584
55,67.02302387927261,68.9946180051608
55,66.99643614783035,68.99356106734903
55,66.98951289638332,68.98706534955275
55,66.98719504885673,68.99984810694662
55,66.97763071192759,69.00990888389214
55,67.01544209091352,69.00715437405734
55,67.00571504571673,69.00340976658923
55,67.00808956947716,68.98274882578298
55,67.02238496244155,68.99547867657688
55,67.02048267432308,69.01277553202644
55,66.9921181726891,69.00992643187796
55,67.00017198479186,68.98406358427016
55,67.01475084373352,68.99493472526873
55,66.99820737113218,68.9752592960597
55,67.00808956947716,68.98274882578298
55,66.99016604533236,68.99363156079013
55,67.00316707814835,69.02070735523033
55,67.00858214022729,68.98339325555223
55,66.99492849916268,68.9942783302899
55,67.01306607520141,69.01292850802221
55,67.00979818012583,69.00487139198373
55,67.01021060524752,69.00400769437937
55,66.9917847803346,68.98492605329409
55,66.98811020890514,68.99188990552629
55,67.00858214022729,68.98339325555223
55,67.00890412619597,68.99794941198554
55,66.99092152845357,69.01371494907386
55,66.99588679009129,68.97577380941502
55,66.99715854109483,69.00906194626884
55,66.98639384890721,68.98022379771781
55,66.98433155751206,68.98708278768459
55,67.00605242767998,69.01058935885786
55,66.99468488634449,69.0052492351693
55,66.99290546441863,69.01400058864584
55,66.99093633031976,68.99737524368483
55,66.97565604398883,68.99753693071239
55,67.00322452390958,69.02344420277909
55,67.00376285684149,68.99183612494191
55,67.0010702400575,69.01598337061773
55,66.99016180077184,69.0175627748135
55,66.99248343098913,68.99573817164516
55,66.98560365799601,69.01776402850476
55,67.017808355789,68.99270058087755
55,67.02123565055132,69.00780370073923
55,67.00835291678766,69.0098534051212
55,67.01772501316134,68.99039367662262
55,66.9921181726891,69.00992643187796
55,67.00808956947716,68.98274882578298
55,66.98550281871266,68.9947552281236
55,67.02123565055132,69.00780370073923
55,66.97980718414192,69.01077794448351
55,66.99888884645067,68.98262841314248
55,66.98151733196958,69.01568836770838
55,66.98560365799601,69.01776402850476
55,67.01138259878111,69.01006728690649
55,67.0116876319563,68.9934500288582
55,66.99973711569446,68.97939594768549
55,66.99955158291166,68.99739752126766
55,67.00808956947716,68.98274882578298
55,66.98433155751206,68.98708278768459
55,67.0218809634481,68.9971004889604
55,66.97728072845496,69.00419947799594
55,66.97917107715207,68.9965487607952
55,67.02239725864791,68.99158321743877
55,66.99044401289096,68.99771492704048
55,67.01306607520141,69.01292850802221
55,66.98380609063673,69.01607270389127
55,67.01138259878111,69.01006728690649
55,67.01544209091352,69.00715437405734
55,66.99492849916268,68.9942783302899
55,67.00532298772191,68.99016443508411
55,67.01449407606184,68.98151735166417
55,67.00271162805853,69.00981308037991
55,67.00104112590341,69.02444508575454
55,66.99896708215923,69.01175435142437
55,67.01306607520141,69.01292850802221
55,67.00014304470014,69.0149067486144
55,67.01312991857823,68.9903249625683
55,67.00404298272183,69.00293883562966
56,67.00672543016937,68.99267189270816
56,67.00204992504395,68.99184825029903
56,67.00760046812191,68.9928577392053
56,67.00196523399593,68.994173148353
56,67.00546543721538,68.99357561693186
56,67.00421987805332,68.99216699781839
56,67.00568712551181,68.99110097343974
56,67.00282599252105,68.99473401523848
56,67.00355788901636,68.99160301384306
56,67.00553544957064,68.99035458458309
56,67.00422407416474,68.99555312350267
56,67.00438464165813,68.99203031555705
56,67.00336603509142,68.99091665426491
56,67.0033520916704,68.99639155483253
56,67.00773192443465,68.99299966352618
56,67.00779404888605,68.992169779606
56,67.00552431278969,68.99554745451512
56,67.0043299134501,68.99152668534434
56,67.00384773343299,68.9901404872311
56,67.00381077827797,68.99023493281891
56,67.00336603509142,68.99091665426491
56,67.0018605671005,68.9924098206121
56,67.0040756165868,68.9908318221739
56,67.00718901947846,68.99273872718369
56,67.00401005594584,68.99364454334484
56,67.00567823917338,68.99079807362872
56,67.00460183701455,68.99400158430672
56,67.00418289262548,68.99569554463001
56,67.00387208361451,68.9926482046094
56,67.00533706608877,68.99029796287755
56,67.00627185942773,68.9959275640959
56,67.00187560219376,68.99302010916034
56,67.00624434337263,68.99081311271696
56,67.00362994147707,68.99561432211804
56,67.00433400245912,68.991255118009
56,67.00493584159625,68.99362697762493
56,67.0054845430881,68.99093208225032
56,67.00640690777179,68.99170437363681
56,67.00271612998907,68.99131506055792
56,67.00316860165113,68.99570999611527
56,67.00627494291354,68.99387264408092
56,67.0040291900474,68.9940893160491
56,67.00380449649573,68.99340681714851
56,67.00664298940232,68.99309489286276
56,67.00683408907685,68.99087792151934
56,67.00378151550838,68.9955705878027
56,67.00636893235121,68.99295426940414
56,67.00530043416137,68.99057593215764
56,67.00737922434593,68.99470759536825
56,67.00327100816195,68.99305818767576
56,67.0017168137505,68.9927469727672
56,67.00271612998907,68.99131506055792
56,67.00779404888605,68.992169779606
56,67.0017168137505,68.9927469727672
56,67.00512429610012,68.99274586811073
56,67.00362994147707,68.99561432211804
56,67.00339084314889,68.99642428778549
56,67.00381077827797,68.99023493281891
56,67.00286120481,68.99483650723742
56,67.00773192443465,68.99299966352618
56,67.00486440631144,68.9963564102355
56,67.00466388549894,68.9916620373519
56,67.00538431492585,68.9925776778698
56,67.0054845430881,68.99093208225032
56,67.00627494291354,68.99387264408092
56,67.00480597403613,68.99444559057042
56,67.00721517575322,68.99414438827299
56,67.00486440631144,68.9963564102355
56,67.00585594149116,68.99177978027237
56,67.00532298772191,68.99016443508411
56,67.00401619601037,68.9953849251451
57,66.98743056078466,69.01542089610665
57,67.00674664404099,69.01642825031863
57,66.98380609063673,69.01607270389127
57,67.0218809634481,68.9971004889604
57,66.98450693425983,69.01932881740595
57,67.01449407606184,68.98151735166417
57,67.00297294683433,69.00088140550284
57,66.97591435938907,68.99731943550223
57,67.01073733181231,68.979371835599
57,66.97728072845496,69.00419947799594
57,66.99152386624719,68.98251852812905
57,66.99643614783035,68.99356106734903
57,66.99122350027085,69.00481973239556
57,66.9920216673802,69.00255280639146
57,67.02238496244155,68.99547867657688
57,67.00732535617404,69.0047388764906
57,66.97923295748306,68.99243391730442
57,67.00579813776196,69.01980383027599
57,66.99888884645067,68.98262841314248
57,66.98491650090283,68.98593970519521
57,67.01668607039305,68.99105245031194
57,67.0218809634481,68.9971004889604
57,66.9961142615932,68.98114895862005
57,67.02118822804029,68.9943878697869
57,67.01971580079646,68.99569014021321
57,66.9982602259979,68.9809108390513
57,67.00404298272183,69.00293883562966
57,67.01668607039305,68.99105245031194
57,66.99152386624719,68.98251852812905
57,67.02238496244155,68.99547867657688
57,67.01008529316469,68.99789488888021
57,66.99284694512741,69.01744017244174
57,66.98199230058846,68.98538794618511
57,66.97569980843275,68.99711507684981
57,67.02118822804029,68.9943878697869
57,67.01319429461424,69.0059742731041
57,67.0116876319563,68.9934500288582
57,66.97982111908077,69.00116306857022
57,66.98256572927033,69.00043653392873
57,67.02238496244155,68.99547867657688
57,66.99820737113218,68.9752592960597
57,67.00454527526323,68.98216625845282
57,67.00859377833937,68.99809867940911
57,67.01897624214646,69.00451459730253
57,67.00322452390958,69.02344420277909
57,66.9961142615932,68.98114895862005
57,66.98560365799601,69.01776402850476
57,66.98553114123409,68.98267787704549
57,67.01306607520141,69.01292850802221
57,67.01420279530846,68.98856960230168
57,66.97728072845496,69.00419947799594
57,67.00098277028125,68.99227810764243
57,67.02226664987553,68.9959357841385
57,66.99248343098913,68.99573817164516
57,66.99441926994763,68.99767481975148
57,66.98507201751059,68.9824895654354
57,67.01449407606184,68.98151735166417
57,67.00271162805853,69.00981308037991
57,67.00826210431934,68.98206047817634
57,66.99428336493895,69.01050110276871
57,66.98491650090283,68.98593970519521
57,66.98977675589748,68.99585665322708
57,67.01458796681379,68.9868670698534
57,66.98727747564749,68.99340721793929
57,67.01894085396755,68.9912849703136
57,67.01021060524752,69.00400769437937
57,67.00907825662074,68.993138184192
57,67.02239725864791,68.99158321743877
57,66.98489996909552,69.01018054673142
57,67.01772501316134,68.99039367662262
57,66.99955158291166,68.99739752126766
57,66.97797009599441,68.99704355189546
57,67.00858214022729,68.98339325555223
57,66.97565604398883,68.99753693071239
57,66.98980603894192,69.00970732941025
57,67.0063359944813,68.98205632636461
57,67.00532298772191,68.99016443508411
58,67.0081430024349,68.97686778542139
58,66.98472550968806,69.0172760402079
58,66.98719504885673,68.99984810694662
58,66.98977675589748,68.99585665322708
58,66.98977675589748,68.99585665322708
58,66.98450693425983,69.01932881740595
58,67.01573230844379,68.98315724368207
58,66.99790410301368,68.98370140216791
58,67.01750172159157,68.99237245241027
58,66.99643614783035,68.99356106734903
58,66.98995247967689,69.01409428179703
58,66.98472550968806,69.0172760402079
58,67.00316707814835,69.02070735523033
58,67.00104112590341,69.02444508575454
58,67.00617557630238,69.00875457933954
58,67.00617557630238,69.00875457933954
58,66.99715854109483,69.00906194626884
58,66.97797009599441,68.99704355189546
58,66.9951661557206,69.01838167514471
58,67.01038000705364,69.01924214023492
58,66.99456458538316,68.98661694248065
58,66.98308656560867,69.00849801556488
58,67.02123565055132,69.00780370073923
58,66.98550281871266,68.9947552281236
58,67.0063359944813,68.98205632636461
58,66.99093633031976,68.99737524368483
58,67.01971885807887,69.00462673959456
58,66.99325531717659,68.97725867551564
58,67.00404298272183,69.00293883562966
58,66.99036076580427,69.0168280984295
58,66.98951289638332,68.98706534955275
58,67.00104112590341,69.02444508575454
58,66.99290546441863,69.01400058864584
58,67.00404298272183,69.00293883562966
58,66.99938065169938,68.99722325226881
58,66.99152386624719,68.98251852812905
58,66.99938065169938,68.99722325226881
58,66.98450693425983,69.01932881740595
58,66.98450693425983,69.01932881740595
58,67.01750172159157,68.99237245241027
58,67.00381077827797,68.99023493281891
58,67.01021060524752,69.00400769437937
58,66.99428336493895,69.01050110276871
58,67.00074932415787,68.98441065271739
58,67.0218809634481,68.9971004889604
58,66.99152386624719,68.98251852812905
58,67.01772501316134,68.99039367662262
58,67.00979818012583,69.00487139198373
58,66.99122350027085,69.00481973239556
58,66.9982602259979,68.9809108390513
58,67.02239725864791,68.99158321743877
58,66.99016604533236,68.99363156079013
58,66.97917107715207,68.9965487607952
58,67.01145953905274,68.98992383967799
58,67.02048267432308,69.01277553202644
58,66.99448129482141,69.01056694809645
58,66.99643614783035,68.99356106734903
58,67.01073538180377,69.00045448480815
58,66.99122350027085,69.00481973239556
58,66.98980603894192,69.00970732941025
58,66.98560365799601,69.01776402850476
58,66.98489996909552,69.01018054673142
58,66.99284694512741,69.01744017244174
58,67.00731172786732,68.97816785642907
58,67.00017198479186,68.98406358427016
58,67.02302387927261,68.9946180051608
58,67.01668607039305,68.99105245031194
58,66.99257658281222,69.01417628499877
58,67.01420279530846,68.98856960230168
58,66.9920216673802,69.00255280639146
58,67.0063359944813,68.98205632636461
58,67.01449407606184,68.98151735166417
58,66.98995247967689,69.01409428179703
58,67.00617557630238,69.00875457933954
58,66.99896708215923,69.01175435142437
58,67.01420279530846,68.98856960230168
58,67.00732535617404,69.0047388764906
58,67.00098277028125,68.99227810764243
58,67.01823743137494,68.99681849877224
58,66.98406710095989,69.01379162377872
58,66.98326566557596,69.00703060628956
58,67.00381077827797,68.99023493281891
59,67.00149317401835,68.99705058981836
59,66.99501051642179,68.99903680581295
59,66.99501051642179,68.99903680581295
59,66.99727979047461,69.00056313048785
59,66.99727979047461,69.00056313048785
59,66.9979097368543,68.9956400843299
59,66.99989661223887,68.99673660386699
59,66.99572048816896,68.9966046119358
59,66.99645405999972,68.9996511870644
59,67.00115572518584,68.9969329462332
59,66.99769997654867,69.0008173035068
59,66.9970589186447,68.99775263828846
59,66.99962514037182,68.99538293880744
59,66.99645745608028,68.99790172321192
59,66.9952381616005,68.99889139306788
59,67.00046282789499,68.99648811932599
59,66.9952381616005,68.99889139306788
59,67.00139609466854,68.9971936542053
59,66.99559638700305,68.99741868256223
59,66.99962514037182,68.99538293880744
59,66.99961622024105,68.99756752103357
59,67.00045795946765,69.00006844261596
59,66.9964763482656,68.995652129652
59,66.99766938165286,69.00001000141694
59,66.99938065169938,68.99722325226881
59,66.99799246547283,68.99501758951544
59,66.99812252564882,68.99831230091982
59,66.99800508115891,69.0007901168083
59,66.99668277725694,68.9984888823045
59,66.99727979047461,69.00056313048785
59,66.99587710247388,68.99967338293806
59,66.99587894369346,69.00021482192908
59,67.0016157813029,68.99655492008435
59,66.9985340325711,69.00020651317001
59,66.9970589186447,68.99775263828846
59,66.99938065169938,68.99722325226881
59,66.99937447304451,69.0000679561709
59,66.99633476419768,68.99690829371946
59,66.99706066012077,68.99563063870299
59,66.99841607125748,68.99497350421738
59,66.99989702153889,68.99901143457215
59,66.9970589186447,68.99775263828846
59,66.99496625515292,68.99864387643807
59,66.99955158291166,68.99739752126766
59,66.99895604570183,69.00046266402535
59,66.99668277725694,68.9984888823045
59,66.9968395197359,68.99981263169455
59,67.00045795946765,69.00006844261596
59,66.99823189875038,68.99823524774828
59,67.00151984196064,68.99850932052469
59,67.00114508935566,68.99783668390471
59,66.99826284504941,68.99784581648876
59,66.99709463250014,68.99819653073334
59,66.99733034904243,68.99804833927872
59,66.99697178522126,68.99664555884843
59,67.00073518613992,68.99670433650762
59,66.9985340325711,69.00020651317001
59,66.9971464194725,68.99907332397038
59,66.99706066012077,68.99563063870299
59,67.00050078693569,69.00043719596925
59,66.99861508491836,68.99827056964598
59,67.0006034698792,68.99847532359462
59,67.001129833144,68.99569888000808
59,67.0006418028862,68.99554083625999
59,66.99911492699263,68.9997613295749
59,67.00142658596161,68.99827860780329
59,66.99974704094392,68.9980641636792
59,66.99895604570183,69.00046266402535
59,66.99520592737083,68.99870601180842
59,66.99759550757496,69.00135142162206
59,66.99689635141203,68.99528100496048
59,66.99989702153889,68.99901143457215
59,66.99739081629077,68.99745597811213
59,66.99895604570183,69.00046266402535
59,67.0006418028862,68.99554083625999
59,67.00063884814205,68.99591070466721
59,66.99645143790515,68.99587731474494
59,67.00155450584737,68.99626150383587
59,66.99956231992799,68.9947779903534
59,66.99706066012077,68.99563063870299
59,67.00080644606636,68.99713458065207
59,66.99772856564316,68.99687587226644
59,66.99825952580312,68.9970064613917
59,67.00046282789499,68.99648811932599
59,67.001129833144,68.99569888000808
59,66.9971464194725,68.99907332397038
59,66.9955976295178,68.99840186959737
59,66.99775445817289,68.99838344142735
59,67.00117886796369,68.99644675094163
59,66.9964763482656,68.995652129652
59,66.99937447304451,69.0000679561709
59,66.99989661223887,68.99673660386699
59,66.99645405999972,68.9996511870644
59,67.00050883678591,69.00038642245036
59,66.99520592737083,68.99870601180842
59,66.99665333727084,69.00084428094864
59,66.99894103779027,68.99863089670585
59,66.99894103779027,68.99863089670585
59,66.9983502636834,68.99828410186139
59,66.99800508115891,69.0007901168083
59,66.99759550757496,69.00135142162206
59,66.996562477009,68.99870282930073
59,67.00133673608318,68.99656878616683
59,66.99603233155375,68.99581699991356
60,66.98489996909552,69.01018054673142
60,66.97891213203805,69.00363221266757
60,66.9921181726891,69.00992643187796
60,66.98489996909552,69.01018054673142
60,67.01449407606184,68.98151735166417
60,67.01088349704025,68.98288452441744
60,66.98433155751206,68.98708278768459
60,67.01449407606184,68.98151735166417
60,67.00574151207476,68.98793726130546
60,66.98151733196958,69.01568836770838
60,66.99037026056627,68.99659607225013
60,66.99978891558112,69.00329489433648
60,67.01038000705364,69.01924214023492
60,67.00571504571673,69.00340976658923
60,67.02226664987553,68.9959357841385
60,67.01750172159157,68.99237245241027
60,67.02402796209844,68.99645280260117
60,67.01036227661767,69.01219148000501
60,67.01021060524752,69.00400769437937
60,66.98256572927033,69.00043653392873
60,66.99016604533236,68.99363156079013
60,66.98489996909552,69.01018054673142
60,66.9961142615932,68.98114895862005
60,67.00105460404252,68.97668152952248
60,67.01573230844379,68.98315724368207
60,67.01038000705364,69.01924214023492
60,67.01823743137494,68.99681849877224
60,67.01971885807887,69.00462673959456
60,66.97591435938907,68.99731943550223
60,67.00376285684149,68.99183612494191
60,66.99284694512741,69.01744017244174
60,66.99448129482141,69.01056694809645
60,67.01420279530846,68.98856960230168
60,66.99031058297687,68.9813707351785
60,66.98507201751059,68.9824895654354
60,67.01971580079646,68.99569014021321
60,67.01145953905274,68.98992383967799
60,66.99656315378148,69.00511934397508
60,66.99775445817289,68.99838344142735
60,66.97728072845496,69.00419947799594
60,66.99325531717659,68.97725867551564
60,66.99945804388167,69.01708169247688
60,66.99978891558112,69.00329489433648
60,66.99441926994763,68.99767481975148
60,66.99811720143235,68.98254399857308
60,66.98199230058846,68.98538794618511
60,67.00074932415787,68.98441065271739
60,67.0010702400575,69.01598337061773
60,67.01449407606184,68.98151735166417
60,67.02166545524199,68.98820896751013
60,67.01619533557596,69.01818412570076
60,66.99138452324105,68.9924698494798
60,67.00376285684149,68.99183612494191
60,66.99588679009129,68.97577380941502
60,67.02402796209844,68.99645280260117
60,67.01306607520141,69.01292850802221
60,67.0024773970947,68.99449236439735
60,66.97565604398883,68.99753693071239
61,66.98127189827487,69.00639387414178
61,66.9805284646255,69.00798477851986
61,67.01593347556326,68.9893560036699
61,67.01151551989848,68.98898010453254
61,66.97924023879568,69.00720355768205
61,67.01392935038541,68.98721433099988
61,67.01254990229084,68.98794053856456
61,67.01535521929765,68.98718860308105
61,67.01315719345135,68.98969587910308
61,66.98412103901441,69.00704532571694
61,66.98237529572455,69.00538024115295
61,66.98289437458982,69.00528459099603
61,67.01405569584298,68.99092797141351
61,67.01235754818353,68.99012382764954
61,66.98405527934356,69.00537458380148
61,66.98225170861208,69.00511500738334
61,66.98100269306856,69.00573900998967
61,66.9805284646255,69.00798477851986
61,66.98332709683342,69.00663801197744
61,67.01227016435895,68.98833490041207
61,66.98225170861208,69.00511500738334
61,67.01438512899743,68.98700080737109
61,67.01420279530846,68.98856960230168
61,67.01285357218083,68.98896521124783
61,67.01333621272525,68.98925499318426
61,66.9805284646255,69.00798477851986
61,66.98242371833322,69.00720119229682
61,67.01145953905274,68.98992383967799
61,66.98225170861208,69.00511500738334
61,66.97924023879568,69.00720355768205
61,67.01345230691855,68.98948354175056
61,67.01377957027118,68.98797452489131
61,67.0156430811891,68.98864746199682
61,67.01285357218083,68.98896521124783
61,67.01314527358907,68.98975314783685
61,66.9805284646255,69.00798477851986
61,66.98277028980145,69.00531109506873
61,66.98102161435521,69.00645935537524
61,67.01185066405473,68.99076375653361
61,66.97928675020161,69.00808391075465
61,67.01512147722343,68.98695120069162
61,66.98467330544219,69.00549367223032
61,67.01372716205687,68.99041792037767
61,66.97944262511557,69.00801409254268
61,66.98422588480433,69.00501503864034
61,66.98058908473564,69.00532212304618
61,66.98253304494716,69.0048857349494
61,66.97924023879568,69.00720355768205
61,67.01405569584298,68.99092797141351
61,66.98292460437722,69.0050711745169
61,66.9821650924398,69.00699795605865
61,67.01664238101515,68.98777632576363
61,66.98156024756281,69.00631969062329
61,67.01253636755273,68.99048503650329
61,67.01132050040171,68.98973142350432
61,66.98013542963979,69.00560427527877
61,67.01650990036799,68.98771594300304
61,66.98072060630595,69.00564319643517
61,66.98467330544219,69.00549367223032
61,66.98293235503071,69.00433189888815
61,66.98223318912773,69.0067082730261
61,66.98289437458982,69.00528459099603
61,67.01460931203671,68.98680126332442
61,66.98240355361793,69.00608730854998
61,66.98176304807173,69.00635199839026
61,66.98253304494716,69.0048857349494
61,66.9805284646255,69.00798477851986
61,67.01362608266739,68.98725203015115
61,66.98262793512768,69.00711127573739
61,67.01235916583107,68.98803920563601
61,66.98412103901441,69.00704532571694
61,67.01278701115008,68.98851293079083
61,66.98446031109067,69.00566252766392
61,66.98016808522397,69.00607435143824
61,67.01535521929765,68.98718860308105
61,67.0156430811891,68.98864746199682
61,66.98097986031486,69.00821216892894
61,67.01686532872806,68.98774486045575
61,66.98237065046683,69.00436342172281
61,66.98223318912773,69.0067082730261
61,66.98147724255482,69.00878783269404
61,67.01458796681379,68.9868670698534
61,66.98041933844159,69.00788964665226
61,66.98215007963198,69.00794749007575
61,66.98467330544219,69.00549367223032
61,66.98292460437722,69.0050711745169
61,67.01200165741261,68.98952869183131
61,67.01253636755273,68.99048503650329
61,66.98340121360484,69.00795622227601
61,66.98215007963198,69.00794749007575
61,67.01570626711695,68.98666836454142
62,66.99134991723622,68.99770132002642
62,66.9966090088762,68.99622788759493
62,66.99645405999972,68.9996511870644
62,66.99327699230608,69.00166531825877
62,66.99518222902627,69.00146612302532
62,66.99325852536857,68.99524228998659
62,66.9971464194725,68.99907332397038
62,66.99145115891399,68.99904986008211
62,66.99638645163878,69.00082852064597
62,66.99177409109076,69.00145547835756
62,66.99572048816896,68.9966046119358
62,66.99441926994763,68.99767481975148
62,66.99266552914507,69.00209345455706
62,66.99716755466268,68.99758029972332
62,66.99529654973588,68.9985871733577
62,66.99261742374308,68.99934773669825
62,66.99645873228943,68.99826877088951
62,66.9951705766654,68.9984285459748
62,66.99716755466268,68.99758029972332
62,66.99435889523984,68.9984950852229
62,66.99073987903563,68.99886545757687
62,66.9948652244416,68.99756760782175
62,66.99254339099771,68.9980304304916
62,66.99238078779403,68.99672578669919
62,66.99302360520174,68.99933358233034
62,66.99595389311045,69.00115543855237
62,66.99210829715255,68.9985397411058
62,66.99611637283991,69.00143965128795
62,66.99429971939982,68.99952950374153
62,66.99436393256575,68.99532897319465
62,66.9940764609248,69.00189895310511
62,66.99392024434073,68.99734354873918
62,66.99093633031976,68.99737524368483
62,66.99188367418006,68.99717743293918
62,66.99369941803221,69.00162735910843
62,66.9930505712821,68.99920625105334
62,66.99484896430673,68.99883575761727
62,66.99518548985984,68.99757691058947
62,66.99349457563953,69.00217193855768
62,66.99286334128352,68.9969749779043
62,66.99207756753817,68.9959552858756
62,66.9921224285559,68.99825669681107
62,66.99188367418006,68.99717743293918
62,66.99147310964416,68.99971482008438
62,66.99429971939982,68.99952950374153
62,66.99431372036649,68.99543709269605
62,66.99327185887157,68.99512164505919
62,66.99706871433703,68.99701847693733
62,66.99096844252115,68.99677141234174
62,66.99466707660984,68.99842460164682
62,66.99463696215888,68.99804832477075
62,66.99282799682895,69.00161815412123
62,66.99062716167262,68.9996122247275
62,66.99346222987249,69.00035896532752
62,66.99522423679936,68.99813236057369
62,66.99645815461444,68.99975573900669
62,66.9970589186447,68.99775263828846
62,66.99401435985781,69.00196198176468
62,66.99369941803221,69.00162735910843
62,66.99572048816896,68.9966046119358
62,66.99443978934993,68.9966519759235
62,66.99267309922891,69.00059774058592
62,66.99254157118975,68.99889720637087
62,66.99670701194088,68.99766745074825
62,66.99494240648997,68.99621720338402
62,66.99468327923408,69.00028875880865
62,66.99645873228943,68.99826877088951
62,66.99456087950911,69.00076341819039
62,66.99248343098913,68.99573817164516
62,66.99166888779263,68.99696135598657
62,66.99293947492394,68.9966205997835
62,66.99293947492394,68.9966205997835
62,66.99302360520174,68.99933358233034
62,66.9921224285559,68.99825669681107
62,66.99172884696578,68.99792935127253
62,66.99337499488779,69.00216087123717
62,66.99422814061485,68.99871819454027
62,66.99266552914507,69.00209345455706
62,66.99619960283093,69.00035644620074
62,66.99054696458542,68.99939830275716
62,66.99225345121629,68.99874313119733
62,66.99431372036649,68.99543709269605
62,66.99484896430673,68.99883575761727
62,66.99302793254134,68.99598975504176
62,66.99282799682895,69.00161815412123
62,66.9952381616005,68.99889139306788
62,66.99443978934993,68.9966519759235
62,66.99248343098913,68.99573817164516
62,66.99604537254088,68.99817141614722
62,66.99518222902627,69.00146612302532
62,66.99485067006935,68.99920690631635
62,66.99582794993036,69.0015834840125
62,66.99567039007123,68.99843687193913
62,66.99587710247388,68.99967338293806
62,66.995459721697,69.00118008390127
62,66.99333609356579,68.99495874264237
62,66.99640891195976,68.99912122441444
62,66.99175832096478,69.0006508508744
62,66.99472263587201,68.99839010397925
62,66.99407625931443,69.00006392331683
62,66.99361548769664,68.99728142135152
62,66.99196973066208,68.99957511069626
62,66.99654172072741,69.00002577875159
62,66.99073987903563,68.99886545757687
62,66.99463696215888,68.99804832477075
62,66.99485067006935,68.99920690631635
62,66.99290744287812,68.99981019752896
62,66.99520592737083,68.99870601180842
62,66.99139765443103,68.99893077106348
62,66.996562477009,68.99870282930073
62,66.99645143790515,68.99587731474494
62,66.99501051642179,68.99903680581295
62,66.99228093923556,69.00003147503031
62,66.99302360520174,68.99933358233034
62,66.99529654973588,68.9985871733577
62,66.99346222987249,69.00035896532752
62,66.995459721697,69.00118008390127
62,66.99312908970712,68.99627608623172
62,66.99145115891399,68.99904986008211
62,66.9951705766654,68.9984285459748
62,66.99513557646917,68.99644181747388
62,66.99392024434073,68.99734354873918
62,66.99062478767334,68.99994074244034
62,66.99472079922576,68.99910308717465
62,66.99645405999972,68.9996511870644
62,66.99302360520174,68.99933358233034
62,66.99352760341296,68.99858082362267
62,66.99174707190411,69.00031411509032
62,66.99211597090755,68.99914625186813
62,66.99302793254134,68.99598975504176
62,66.99435889523984,68.9984950852229
62,66.99554107747336,68.99616405875962
62,66.99580109217702,68.9993225710528
63,67.002793221112,68.99164693997339
63,66.9983293852702,68.99298759218209
63,66.99868277687418,68.99062369912255
63,66.99988625365721,68.98805228259174
63,67.00202959591775,68.9925778266878
63,66.99866760129466,68.9928474090202
63,67.00039094844139,68.99296814680149
63,67.00181534035984,68.98767812824511
63,67.00321549120736,68.98903127916391
63,66.99867155195459,68.99261482282093
63,67.00029643043611,68.98881321584295
63,67.00039269757583,68.99130550440987
63,66.99975082430305,68.99229649065845
63,66.99989226307439,68.99274546650477
63,67.00013932769906,68.98977093362258
63,66.99975082430305,68.99229649065845
63,67.001839400332,68.98934335407885
63,67.00047820436536,68.98935545867147
63,67.00309890791269,68.98921406200495
63,67.00129985297562,68.99057852872184
63,67.00300328470142,68.98848830339345
63,67.00036776400196,68.99082412182919
63,67.00209300442893,68.9896664453389
63,67.0018605671005,68.9924098206121
63,66.99924470312446,68.99198129537577
63,66.99784339257353,68.98911042733305
63,67.00335798241863,68.99224588178917
63,67.001839400332,68.98934335407885
63,67.00232049170963,68.99337952231298
63,66.99868277687418,68.99062369912255
63,67.00376285684149,68.99183612494191
63,66.99887165217501,68.98809186639994
63,66.99849153659922,68.98908620710569
63,67.00070843955478,68.99083725152369
63,66.99941228887717,68.99302762075283
63,67.00036776400196,68.99082412182919
63,66.99912428929245,68.9918890439918
63,66.99960232765585,68.98937667177869
63,67.00309890791269,68.98921406200495
63,67.00173043124335,68.99266071129315
63,67.00150646401431,68.99375300292799
63,67.00051823275342,68.99275079072333
63,66.99863476528184,68.99085146136768
63,66.99991091537494,68.98926368376529
63,66.99977582155229,68.99396236956608
63,66.99903757569092,68.99128775390622
63,67.00191114464049,68.99114050109416
63,66.99893122448121,68.99026354965561
63,67.00376285684149,68.99183612494191
63,66.99863041143072,68.99194499038876
63,66.9993083850659,68.99350562901346
63,67.00022646621349,68.98959424571596
63,67.00191507760852,68.99119938070204
63,67.00262427561226,68.99182946350498
63,67.00029643043611,68.98881321584295
63,67.0003207240462,68.98921808948444
63,67.00050888622316,68.98965324756094
63,66.99952419231228,68.99288881056019
63,66.99783422721605,68.99147401852615
63,67.00308138838801,68.99275422495084
63,66.99916548114355,68.98961167376783
63,67.00290114627391,68.98890834293584
63,67.00011044480077,68.99156274176839
63,67.00027680942571,68.98794961979449
63,67.0017168137505,68.9927469727672
63,66.99854659665674,68.99178667820132
63,66.99860166821189,68.98954067878701
63,66.99997452861433,68.9927126250079
63,67.00118229784017,68.98987891123596
63,67.00134003957928,68.99188695395084
63,67.00008371243527,68.99322314212101
63,66.9983293852702,68.99298759218209
63,66.99906593356815,68.98884493687704
63,66.99906593356815,68.98884493687704
63,67.00173043124335,68.99266071129315
63,67.00202205623184,68.98897934798953
63,67.0019370239378,68.99125656187782
63,67.00357726074968,68.99228850615467
63,67.00376285684149,68.99183612494191
63,67.00381077827797,68.99023493281891
63,67.00202959591775,68.9925778266878
63,67.0003207240462,68.98921808948444
63,67.00204992504395,68.99184825029903
63,67.0027123953736,68.9901157253709
63,67.0027794597202,68.9923778161214
63,67.00118229784017,68.98987891123596
63,67.00318454371141,68.99029654475162
63,67.00129985297562,68.99057852872184
63,66.99827490375482,68.98849388155433
63,67.00335798241863,68.99224588178917
63,67.00321549120736,68.98903127916391
63,66.99784339257353,68.98911042733305
63,66.99720900584796,68.99172869424503
63,67.00308138838801,68.99275422495084
63,66.99866760129466,68.9928474090202
63,66.99792648475423,68.99252042976605
63,66.99989226307439,68.99274546650477
63,67.00135864596935,68.9926363575931
63,66.99868277687418,68.99062369912255
64,66.98671053496797,68.99597505996071
64,66.98844953423657,68.99511676030227
64,66.9913343513809,68.99751596383695
64,66.99058675377346,68.99682629701793
64,66.99019439794692,68.99906856695146
64,66.99096844252115,68.99677141234174
64,66.98825495255964,69.00103288962393
64,66.98540005626333,68.99907031525116
64,66.99238078779403,68.99672578669919
64,66.98820050992695,68.99717936876011
64,66.99041715253853,68.99362884605847
64,66.9916941249569,68.99484262814917
64,66.98653369951059,68.99724466601774
64,66.99170874680843,68.9961237588172
64,66.99228370170002,68.9954029490788
64,66.99092057174347,68.99896259036845
64,66.98866342984255,68.99865909051285
64,66.9875605242853,68.99795011984308
64,66.99016604533236,68.99363156079013
64,66.98610629804625,68.9998192086554
64,66.98740759014258,68.99461086695125
64,66.99035301684009,68.99762573834737
64,66.99037026056627,68.99659607225013
64,66.98564156565975,68.99937047728174
64,66.98807734633712,69.00062136691575
64,66.9921224285559,68.99825669681107
64,66.99003807993198,68.99806307687905
64,66.99063697962521,68.99551862658966
64,66.98940080147685,68.99365458715619
64,66.98653369951059,68.99724466601774
64,66.98554101499333,68.9960753350218
64,66.98564156565975,68.99937047728174
64,66.98719504885673,68.99984810694662
64,66.98660175133344,68.99475832868214
64,66.98968917791763,69.00081241406477
64,66.99177134264681,68.99530759576655
64,66.98842203770415,68.99864633939256
65,67.00409048188666,68.99811681032003
65,67.00433016271681,69.00421165717381
65,67.00645125851575,69.00328845065
65,67.00376641873825,68.99838519628098
65,67.00617426745826,68.99702940052168
65,67.00439349743311,69.00352602308975
65,67.00452285779865,69.00400580797405
65,67.00641242269599,69.00142175239257
65,67.0059691638813,68.99889659235258
65,67.00829301918844,69.00206789848805
65,67.00677946496461,69.00153782654102
65,67.00459967904256,69.00068357646266
65,67.00353661597218,69.00139707463825
65,67.00470008790262,68.99812908401245
65,67.00610719957248,68.99693298654898
65,67.00610070599217,68.99771980575112
65,67.00334363726324,69.00183689553934
65,67.00891770382867,68.99782291166346
65,67.00334891811096,69.00075079384015
65,67.00467423898687,69.00396832945734
65,67.00835635650893,69.00073533965623
65,67.00701938837977,69.00012799790422
65,67.00933455872642,68.99751656978356
65,67.0060214892925,68.99761163119734
65,67.00597376248598,68.99723693730279
65,67.00805263698312,68.9979387692773
65,67.00859638766732,69.00132136591637
65,67.0084974534387,68.99691171086884
65,67.00616311398618,68.9989077754418
65,67.00891770382867,68.99782291166346
65,67.00475169517014,69.00035582294387
65,67.00413281001988,68.99822905876938
65,67.00720136770867,69.00304089363716
65,67.00261101966301,69.00313433409727
65,67.0059460942892,68.99885498094044
65,67.00618585856677,68.99726977027605
65,67.00954479886734,68.99879444315697
65,67.00843088305793,68.99962627900238
65,67.00672453914748,68.99867608943394
65,67.00373862265452,68.99981805620497
65,67.00408832563429,69.00289899283727
65,67.00760960685187,68.9973478002772
65,67.00703967741636,68.99782360565295
65,67.00513553058677,69.00101464925015
65,67.00401006760984,69.00422397741549
65,67.0046651969525,68.99989989841976
65,67.00891645528606,69.00039537676344
65,67.00618585856677,68.99726977027605
65,67.00287085664965,68.99961410130734
65,67.00943439916534,68.99839643347204
65,67.00641242269599,69.00142175239257
65,67.00322328803081,69.00068144631562
65,67.00522549512878,69.00226744378983
65,67.00470008790262,68.99812908401245
65,67.0059460942892,68.99885498094044
65,67.00933455872642,68.99751656978356
65,67.00610719957248,68.99693298654898
65,67.00487475931395,68.99747637649946
65,67.00645125851575,69.00328845065
65,67.00198228459739,69.00253320662503
65,67.00760960685187,68.9973478002772
65,67.0084974534387,68.99691171086884
65,67.00387884323838,68.99952066427937
65,67.00278978821045,69.00113294854745
65,67.00943439916534,68.99839643347204
65,67.00401006760984,69.00422397741549
65,67.00616311398618,68.9989077754418
65,67.00596908436239,68.99822861048749
65,67.00618585856677,68.99726977027605
65,67.00522247654281,68.99794428493861
65,67.00579504357721,69.00215291868189
65,67.00475169517014,69.00035582294387
65,67.00513553058677,69.00101464925015
65,67.00811047551994,68.9963713596115
65,67.00522549512878,69.00226744378983
65,67.00848010525631,69.00049950240137
65,67.00825977882293,68.99940533806226
65,67.00732664302217,68.99957389107136
65,67.00327582088987,68.99924329087472
65,67.00909686757397,68.99988934277484
65,67.00593777765424,69.00122400413159
65,67.0052097774445,69.000019193211
65,67.00522549512878,69.00226744378983
65,67.0046651969525,68.99989989841976
65,67.00427718234097,69.004171427846
65,67.00610070599217,68.99771980575112
65,67.00405450526004,69.00030336849308
65,67.0058179754638,69.00323337724232
65,67.00882180864036,68.99690994719693
65,67.00603335370273,68.99815868628964
65,67.00452912746563,69.00207881614804
65,67.00818738196111,69.00034444823262
65,67.00597376248598,68.99723693730279
65,67.0094259228504,68.99834537069631
65,67.00933455872642,68.99751656978356
65,67.00196603282657,69.0022875518362
65,67.00547119289764,69.00261884359723
65,67.00592514392783,69.00363884176801
65,67.00566119341302,69.00024072107816
65,67.00459113618453,69.00257900685111
65,67.00829301918844,69.00206789848805
65,67.00380963592961,69.00260627591611
65,67.0060412699412,69.00051711634916
65,67.00321124186081,69.00000612508526
65,67.0056443984067,69.00257389318406
65,67.00409048188666,68.99811681032003
65,67.00394060310965,69.00281986498626
65,67.00836031113175,68.99800987657088
65,67.0046651969525,68.99989989841976
65,67.00891645528606,69.00039537676344
65,67.00711229564165,69.0014281352851
65,67.00699299536868,69.00014597491712
65,67.00610070599217,68.99771980575112
65,67.00616401098745,68.99701454801153
66,66.99916317284257,69.00390020096255
66,66.9959216595939,69.00199421165598
66,67.00044747605553,69.00103430337282
66,67.00196061247958,69.00149367659537
66,66.99769733998767,69.00139322132095
66,66.99807911441943,69.00053586217612
66,66.99759550757496,69.00135142162206
66,67.00212665745562,69.00549453627526
66,67.00188139892254,69.00184805078047
66,67.00026723866245,69.0062387570764
66,67.00196603282657,69.0022875518362
66,67.00108513214835,69.00300139800962
66,66.99916317284257,69.00390020096255
66,66.99812754910096,69.0043524846071
66,67.00068359610144,69.00402692968015
66,67.00026723866245,69.0062387570764
66,66.99702571809432,69.0015330592964
66,67.00159036442996,69.00582448754534
66,67.00052582021517,69.00222695715787
66,66.99577969699915,69.00241968811588
66,67.00063462927315,69.00585854979215
66,67.00157888368489,69.00240252488993
66,66.99823888984382,69.0032334230994
66,66.9968395197359,68.99981263169455
66,67.00212665745562,69.00549453627526
66,66.99622382269813,69.00259815281657
66,66.99982746445838,68.99979298494515
66,67.00083083182774,69.00575987632908
66,66.99694727713202,69.00167407453425
66,66.9971039719015,69.00512378551167
66,67.00047260011115,69.0054012721047
66,66.99626197456438,69.00269511003604
66,66.9966094903858,69.0023703817129
66,66.99759946633398,69.00114098753883
66,66.99974481969699,69.00205917112278
66,66.99852723127272,69.00436133266724
66,66.99918896662619,69.00312079465823
66,67.00196061247958,69.00149367659537
66,66.99577969699915,69.00241968811588
66,66.99964763296892,69.00030343564708
66,67.00050885792302,69.00484735598712
66,67.00045049273241,69.00566798203799
66,66.99984312983099,69.00109448245276
66,67.00196061247958,69.00149367659537
66,67.00196061247958,69.00149367659537
66,66.99784792889989,69.00493646971238
66,67.00124998885138,69.00192889125206
66,66.99590707196596,69.00187268021301
66,66.99976507136641,69.00477484129641
66,66.99995831269328,69.00631156613552
66,66.99702571809432,69.0015330592964
66,67.00098380446906,69.00055009471791
66,66.99909806193901,69.00204021377303
66,66.99833489904853,69.00005074455746
67,67.01556182553504,69.00770443319388
67,67.01241699872452,69.00641002131674
67,67.0115555341909,69.00834740484144
67,67.01617261607106,69.00707020226166
67,67.0133773885947,69.00870781956193
67,67.00968886821718,69.00673897916249
67,67.01173056690595,69.00872142776018
67,67.010566587316,69.00562316020259
67,67.01526578743453,69.00512814049625
67,67.01199175826945,69.0042747132861
67,67.01080802377558,69.00473282261729
67,67.01199102686861,69.00877662769665
67,67.01380640200976,69.00609387266029
67,67.0144518209192,69.00580315894187
67,67.01061207827914,69.00748097328254
67,67.01145829235391,69.00602112566048
67,67.01197652775961,69.0039521187184
67,67.01097105856428,69.00601385574339
67,67.01098569464178,69.00681727986081
67,67.01163558815756,69.00695419789044
67,67.0157034551038,69.00472795381734
67,67.01235839274383,69.00535914534358
67,67.0100960201402,69.00629743614142
67,67.01094370185223,69.00890234410039
67,67.01057187431084,69.006746236751
67,67.01592918174073,69.00524309263727
67,67.01308929025508,69.00501342720503
67,67.01046110589364,69.00698723268451
67,67.01046110589364,69.00698723268451
67,67.01394953669528,69.00302483405663
67,67.01148062857028,69.0044295700789
67,67.01400724453109,69.00648495858162
67,67.01383843340946,69.0092687247862
67,67.00983649461531,69.00677529680328
67,67.01241699872452,69.00641002131674
67,67.01083453833516,69.00392203345143
67,67.01199175826945,69.0042747132861
67,67.01083453833516,69.00392203345143
67,67.01292902615528,69.0078475489031
67,67.01046110589364,69.00698723268451
67,67.0117139663533,69.00347999339121
67,67.01384732746511,69.00441166529475
67,67.01015129703379,69.0044392571856
67,67.01305085549633,69.00488446431467
67,67.01292902615528,69.0078475489031
67,67.00997315738611,69.00592041568964
67,67.0145687671165,69.00404564705245
67,67.01420518936705,69.00667554077755
67,67.01639493902861,69.00654391312749
67,67.01105020903746,69.0063392573192
67,67.0125955356781,69.00370567068484
67,67.00989628196928,69.00490310399712
67,67.01199088982051,69.00562600422323
67,67.0162763330065,69.00544273527636
67,67.01160909443396,69.00422183719459
67,67.01189738645054,69.00458757070022
67,67.01431185908258,69.00859231129257
67,67.01291218764294,69.0063042231617
67,67.01444234770595,69.00697556957375
67,67.01202753820473,69.00921596645904
67,67.0107362590799,69.00885457219687
67,67.0162763330065,69.00544273527636
67,67.01265561710032,69.00852140095056
67,67.01202718504248,69.0090000856467
67,67.01374425230172,69.00464629900641
67,67.01517264969976,69.00594281040327
67,67.01336008738271,69.00703518903467
67,67.01340892072643,69.00655417137304
67,67.0112535447556,69.0073800580852
67,67.01332122575165,69.00388706475829
67,67.01416117711821,69.00720324412246
67,67.01189738645054,69.00458757070022
67,67.0159575951916,69.00764569335807
67,67.01374425230172,69.00464629900641
67,67.0100960201402,69.00629743614142
67,67.00968886821718,69.00673897916249
67,67.0102293944285,69.00526781145126
67,67.01139027249963,69.00674722504282
67,67.01280487265407,69.00893552438497
67,67.00987278877955,69.00658263841652
67,67.01275657204317,69.00408455682626
67,67.01526797274514,69.00700192833456
67,67.01336008738271,69.00703518903467
67,67.01206391198136,69.00329921753473
67,67.01304809082717,69.00933329283293
67,67.0144518209192,69.00580315894187
67,67.01053294435054,69.00576464171002
68,66.98968612321617,69.01092602818615
68,66.98395717639296,69.0081286655793
68,66.9874930040703,69.00799183622013
68,66.98792705232266,69.00750786001618
68,66.98933728224924,69.01207563845145
68,66.98877231709163,69.01042078520514
68,66.98816706709455,69.00659515967209
68,66.98776472404104,69.0125488510858
68,66.98925685584207,69.0111592133303
68,66.98380584612158,69.00741085583577
68,66.9884349380236,69.0123638755732
68,66.98461294052295,69.00945722927932
68,66.985186745222,69.00902731592056
68,66.98672619994953,69.00847975214319
68,66.9874861503648,69.01078956687704
68,66.98672619994953,69.00847975214319
68,66.98571036477182,69.00937396986595
68,66.9875125363098,69.007342193208
68,66.9891887979918,69.01117275581488
68,66.98691933382298,69.00874773025843
68,66.98875211827301,69.01058494963226
68,66.98784502511151,69.01277759427263
68,66.98925685584207,69.0111592133303
68,66.98566210446027,69.00769724879473
68,66.98728902382521,69.00828617699955
68,66.98807335439771,69.00929172067693
68,66.98699331324607,69.01101382214551
68,66.98482638561161,69.00869570193093
68,66.98461294052295,69.00945722927932
68,66.98837961448312,69.01156850173318
68,66.98340121360484,69.00795622227601
68,66.98585039082438,69.00995314587729
68,66.9875125363098,69.007342193208
68,66.9849028271776,69.00814579942741
68,66.98643624219451,69.01123257062739
68,66.98865491744112,69.01101151368967
68,66.98822191249003,69.00948903730652
68,66.98784795291631,69.0087122943563
68,66.9874930040703,69.00799183622013
68,66.9834057643752,69.0086965830771
68,66.98660973096185,69.01012656156504
68,66.98666225313376,69.00826691081679
68,66.98630785359515,69.01086589996483
68,66.98566210446027,69.00769724879473
68,66.98838770494955,69.01076175471837
68,66.98345540747593,69.00845413964063
68,66.98558899713598,69.00741994807797
68,66.98680285209544,69.00917336961605
68,66.98331366431425,69.00833083861704
68,66.98582921775737,69.011340980706
68,66.9854136697179,69.01174572641845
68,66.98507678685863,69.01108010166533
68,66.98576869333263,69.00530800225701
68,66.9889547690539,69.00992383067452
68,66.98371998184615,69.0082304732357
68,66.98768597686124,69.00903264948526
68,66.98859538960575,69.01226084841483
68,66.98389538892116,69.00939296058208
68,66.98467330544219,69.00549367223032
68,66.98816706709455,69.00659515967209
68,66.98856527865041,69.0112854863111
68,66.98649852284511,69.01017253246457
68,66.98576869333263,69.00530800225701
68,66.98702967437234,69.01063473479202
68,66.9834057643752,69.0086965830771
68,66.9862778892349,69.01080108896137
68,66.98613636386138,69.01215751779392
68,66.98545197441396,69.00788293893575
68,66.98389538892116,69.00939296058208
68,66.9854679712002,69.00745889095805
68,66.98705783831323,69.01251104257858
68,66.98761120831118,69.01106478186229
68,66.98971571726511,69.01007749176533
68,66.98563613182468,69.01097361128372
68,66.98587383430794,69.0096163411392
68,66.98801781375003,69.00718235213522
68,66.98973096033362,69.01028461329675
68,66.98672619994953,69.00847975214319
68,66.98520556102065,69.01184797770178
68,66.985217515665,69.01074131975814
68,66.98664023206919,69.01049524561216
68,66.98649724606385,69.01236907191515
68,66.986158049671,69.00697251069354
68,66.98933728224924,69.01207563845145
68,66.984833855137,69.00690709096952
68,66.98666225313376,69.00826691081679
68,66.98584090287066,69.00791666309519
68,66.9854679712002,69.00745889095805
69,67.00655679277087,69.00020254828036
69,67.00297294683433,69.00088140550284
69,67.00467423898687,69.00396832945734
69,67.00605113881537,68.99818413573334
69,67.00408078531235,69.00052401918805
69,67.0039564550959,69.00461196999659
69,67.0056443984067,69.00257389318406
69,67.00655192646887,69.00244164616275
69,67.00710767689382,69.00201853083472
69,67.00870668805258,68.99847426675385
69,67.00781870162695,68.99687726117953
69,67.00843088305793,68.99962627900238
69,67.00818797367204,69.00124176554309
69,67.0032993668832,69.00160057639663
69,67.00528123450928,68.99746104099799
69,67.00645125851575,69.00328845065
69,67.00720136770867,69.00304089363716
69,67.00718451384877,68.99656652180582
69,67.00404298272183,69.00293883562966
69,67.00835635650893,69.00073533965623
69,67.00408832563429,69.00289899283727
69,67.00220449179962,69.00320113653449
69,67.00890412619597,68.99794941198554
69,67.00655679277087,69.00020254828036
69,67.0058179754638,69.00323337724232
69,67.00819686168327,68.99819999678888
69,67.00655679277087,69.00020254828036
69,67.00470008790262,68.99812908401245
69,67.00765051275592,69.00121242601134
69,67.00622802819335,69.0005127057412
69,67.00653561410672,68.99842272305287
69,67.00408512461158,68.99838232507778
69,67.00439349743311,69.00352602308975
69,67.0046651969525,68.99989989841976
69,67.0094259228504,68.99834537069631
69,67.0030201492294,69.00228444472516
69,67.00535370736183,69.00253874395419
69,67.00693996432256,68.99645842243955
69,67.00641085136216,68.99696860627168
69,67.00592514392783,69.00363884176801
69,67.00593777765424,69.00122400413159
69,67.00388116485986,69.0002074051457
69,67.00805263698312,68.9979387692773
69,67.00596908436239,68.99822861048749
69,67.00528123450928,68.99746104099799
69,67.00710767689382,69.00201853083472
69,67.00321124186081,69.00000612508526
69,67.00845948897566,69.00055722039527
69,67.00408078531235,69.00052401918805
69,67.00321124186081,69.00000612508526
69,67.00261101966301,69.00313433409727
70,66.9909180467078,68.98882809218834
70,66.99392259287978,68.99017602953346
70,66.99275949366496,68.98496571272591
70,66.9911823029729,68.98567214563816
70,66.99342589518548,68.98926868332452
70,66.99559867270939,68.98468322575111
70,66.99629926390767,68.98759334845074
70,66.9940079506908,68.9864531485454
70,66.99281608316473,68.98798173303743
70,66.9917596982735,68.98542683678993
70,66.99614726005184,68.98426422363877
70,66.99076937132443,68.98592712303817
70,66.99032236648173,68.98641306055369
70,66.99342589518548,68.98926868332452
70,66.99693241627345,68.98534211003924
70,66.99181052831887,68.98413835554341
70,66.99419771384342,68.98967822458121
70,66.9941335518543,68.98759622620197
70,66.99045655040864,68.98603635580113
70,66.9912292643222,68.98932533043246
70,66.99215899716356,68.98737712337098
70,66.99241973383218,68.98534239528585
70,66.99653939915284,68.98634819506795
70,66.9971822881231,68.98592140070403
70,66.99532411286025,68.98709991007918
70,66.99265397600838,68.99002335310514
70,66.99645790959971,68.98487206423262
70,66.99471405753889,68.98379901582392
70,66.99587302520604,68.98585982397789
70,66.99568228614405,68.98853147704011
70,66.99239044020645,68.9882499602909
70,66.99732910975058,68.98669896660692
70,66.99166505511245,68.98625063254539
70,66.99559867270939,68.98468322575111
70,66.99473835992056,68.98458473834415
70,66.99604419853942,68.98620838656122
70,66.99721684388327,68.98739410945531
70,66.99455296751293,68.98688197683225
70,66.9917235557971,68.98951474558956
70,66.9941260786806,68.98955315935979
70,66.99299839398425,68.98888159400126
70,66.99419771384342,68.98967822458121
70,66.99455296751293,68.98688197683225
70,66.9912292643222,68.98932533043246
70,66.99559867270939,68.98468322575111
70,66.99145110281235,68.9858264353717
70,66.99401847381388,68.99025942440252
70,66.99288963309418,68.98375019947275
70,66.99100186478677,68.9850441789618
70,66.99431796873988,68.9891816726637
70,66.99386918105408,68.98989767033535
70,66.9912292643222,68.98932533043246
70,66.99519335761005,68.98917134087887
70,66.9911823029729,68.98567214563816
70,66.99076937132443,68.98592712303817
70,66.9967784664922,68.98688952883302
70,66.9930482668175,68.98590937779453
70,66.99721684388327,68.98739410945531
70,66.99284130645354,68.98578378637586
70,66.99256766988398,68.99000423117005
70,66.99353163141775,68.98729754835836
70,66.99361824642477,68.98839888053098
70,66.99468075485288,68.98807173736176
70,66.99275949366496,68.98496571272591
70,66.99248028748056,68.98595437594035
70,66.99248028748056,68.98595437594035
70,66.99356435935614,68.98554074615387
70,66.9912292643222,68.98932533043246
70,66.99176925447212,68.98415737337301
70,66.9947163640501,68.98629130800214
70,66.99312664413873,68.9892027824519
70,66.99686941726839,68.98723360025288
70,66.9917596982735,68.98542683678993
70,66.99325575055848,68.98844785213808
70,66.99215899716356,68.98737712337098
70,66.99325575055848,68.98844785213808
70,66.9920561414635,68.98507139603002
70,66.99044443613595,68.9859369863119
70,66.99629926390767,68.98759334845074
70,66.99241973383218,68.98534239528585
70,66.99215899716356,68.98737712337098
70,66.99604419853942,68.98620838656122
70,66.99239044020645,68.9882499602909
70,66.99455296751293,68.98688197683225
70,66.99366578414535,68.98571030700963
70,66.99568308128572,68.9847826711095
70,66.99318563579685,68.98438601147512
70,66.9949131621843,68.984491534867
70,66.9949131621843,68.984491534867
70,66.99440078179377,68.98778634360511
70,66.99492542197093,68.98829064958149
70,66.99653939915284,68.98634819506795
71,66.99152386624719,68.98251852812905
71,66.99037026056627,68.99659607225013
71,67.00732535617404,69.0047388764906
71,66.99171016077287,68.98017561266693
71,66.98719504885673,68.99984810694662
71,67.00454527526323,68.98216625845282
71,66.9982602259979,68.9809108390513
71,67.00615721720611,68.99795771646754
71,66.97723944707423,69.01024966283107
71,67.01458796681379,68.9868670698534
71,66.9961142615932,68.98114895862005
71,67.0063359944813,68.98205632636461
71,66.9920216673802,69.00255280639146
71,67.0010702400575,69.01598337061773
71,66.98951289638332,68.98706534955275
71,67.00957040013326,68.9886238897416
71,67.01458796681379,68.9868670698534
71,66.98092671395075,68.98722378279287
71,66.97808636298717,69.00647580870593
71,67.0116876319563,68.9934500288582
71,66.99036076580427,69.0168280984295
71,66.99811720143235,68.98254399857308
71,67.00808956947716,68.98274882578298
71,67.00617557630238,69.00875457933954
71,67.0241824318232,68.99939805940437
71,67.01021060524752,69.00400769437937
71,67.01750172159157,68.99237245241027
71,67.00859377833937,68.99809867940911
71,67.0116876319563,68.9934500288582
71,66.97808636298717,69.00647580870593
71,67.01772501316134,68.99039367662262
71,66.99978891558112,69.00329489433648
71,66.99173855619831,69.01833962472529
71,66.99893915470915,68.99314172390814
71,67.01073733181231,68.979371835599
71,66.97923295748306,68.99243391730442
71,66.99152386624719,68.98251852812905
71,67.01319429461424,69.0059742731041
71,66.99139853067858,68.98173987792954
71,67.01036227661767,69.01219148000501
71,66.99370094840344,68.9793404871005
71,67.01985017522824,68.98573848670704
71,66.97808636298717,69.00647580870593
71,66.98951289638332,68.98706534955275
71,67.01420279530846,68.98856960230168
71,66.97808636298717,69.00647580870593
71,67.00674664404099,69.01642825031863
71,67.00957040013326,68.9886238897416
71,66.99428336493895,69.01050110276871
71,66.99036076580427,69.0168280984295
71,66.99044401289096,68.99771492704048
71,67.0218809634481,68.9971004889604
71,66.9917847803346,68.98492605329409
71,66.99448129482141,69.01056694809645
71,67.01985017522824,68.98573848670704
71,67.01073733181231,68.979371835599
71,67.01668607039305,68.99105245031194
71,67.01897624214646,69.00451459730253
71,66.97980718414192,69.01077794448351
71,67.00381077827797,68.99023493281891
71,66.99468488634449,69.0052492351693
71,67.01070795343612,69.00008364976344
71,67.01070795343612,69.00008364976344
71,67.02166545524199,68.98820896751013
71,67.01750172159157,68.99237245241027
71,66.99945804388167,69.01708169247688
71,67.00835291678766,69.0098534051212
71,67.02238496244155,68.99547867657688
71,67.01885609914731,68.99439048296324
71,66.99643614783035,68.99356106734903
71,67.01619533557596,69.01818412570076
71,66.98958302113171,68.9892287890727
71,66.99448129482141,69.01056694809645
71,67.00907825662074,68.993138184192
71,67.01772501316134,68.99039367662262
71,66.97526629603277,68.99821147764389
71,66.9961142615932,68.98114895862005
71,67.0081430024349,68.97686778542139
71,67.01312991857823,68.9903249625683
71,67.00328717590759,68.99196535717886
71,66.9982602259979,68.9809108390513
71,66.99811720143235,68.98254399857308
71,67.0065150249342,68.99604540649985
71,66.99893915470915,68.99314172390814
71,66.99606517093193,69.01767399457061
71,66.97884521377905,69.00106220628346
71,66.99152386624719,68.98251852812905
71,66.97591435938907,68.99731943550223
71,66.98951289638332,68.98706534955275
71,67.00859377833937,68.99809867940911
71,67.01458796681379,68.9868670698534
71,66.97982111908077,69.00116306857022
71,66.98743056078466,69.01542089610665
71,67.00328717590759,68.99196535717886
71,66.98971880364503,69.01846488847725
71,67.00579813776196,69.01980383027599
71,67.00957040013326,68.9886238897416
71,67.01823743137494,68.99681849877224
71,67.01306607520141,69.01292850802221
71,67.01750172159157,68.99237245241027
71,67.00454527526323,68.98216625845282
71,66.99370094840344,68.9793404871005
71,66.97723944707423,69.01024966283107
71,66.99173855619831,69.01833962472529
71,66.98062578494844,69.01125665994584
72,66.98929956945057,69.0087749449168
72,66.98511999551687,69.00645110111964
72,66.9845633396756,69.01067257891238
72,66.98591385386193,69.01046711309948
72,66.98591385386193,69.01046711309948
72,66.98371998184615,69.0082304732357
72,66.98975055362313,69.01019280219155
72,66.98651438375306,69.00599043896726
72,66.98773100411438,69.00941593655044
72,66.9884956359429,69.01074472362605
72,66.98908322243541,69.01016801324485
72,66.98448473498456,69.00923029241193
72,66.9889547690539,69.00992383067452
72,66.98482638561161,69.00869570193093
72,66.98752217814457,69.01009903752228
72,66.98613636386138,69.01215751779392
72,66.98701630967115,69.00923316015277
72,66.98566210446027,69.00769724879473
72,66.98649724606385,69.01236907191515
72,66.985217515665,69.01074131975814
72,66.9848196173374,69.00647802644336
72,66.989753855137,69.00972898302282
72,66.9854679712002,69.00745889095805
72,66.98734737286179,69.01100702900347
72,66.98591385386193,69.01046711309948
72,66.98905198817116,69.01121625476159
72,66.98734737286179,69.01100702900347
72,66.98925685584207,69.0111592133303
72,66.98901395836882,69.01101286687827
72,66.98728902382521,69.00828617699955
72,66.98773100411438,69.00941593655044
72,66.98507843097597,69.01156693685716
72,66.98606486060322,69.00608776926293
72,66.98710354552114,69.00829545739492
72,66.98793714311961,69.0124060914421
72,66.98520556102065,69.01184797770178
72,66.98816122975381,69.00714404831392
72,66.98463164164549,69.00991045808497
72,66.98825607031992,69.00789650581902
72,66.98875211827301,69.01058494963226
72,66.98446031109067,69.00566252766392
72,66.9845633396756,69.01067257891238
72,66.98971571726511,69.01007749176533
72,66.98785902287851,69.00630147480713
72,66.98878443523539,69.00784547671662
72,66.9875125363098,69.007342193208
72,66.98973096033362,69.01028461329675
72,66.98736036713161,69.00777124032535
72,66.98980603894192,69.00970732941025
72,66.98577845383628,69.00657983196938
72,66.98340121360484,69.00795622227601
72,66.98663227046234,69.00867845183126
72,66.98577845383628,69.00657983196938
72,66.9889547690539,69.00992383067452
72,66.9884956359429,69.01074472362605
72,66.98613636386138,69.01215751779392
72,66.98903839230601,69.00940479566377
72,66.98882169659257,69.01065773723062
72,66.98865491744112,69.01101151368967
72,66.9862778892349,69.01080108896137
72,66.98658590599175,69.01105007407254
72,66.9874861503648,69.01078956687704
72,66.9849028271776,69.00814579942741
72,66.98360083483664,69.00890063211807
72,66.98651438375306,69.00599043896726
72,66.98710354552114,69.00829545739492
72,66.98563613182468,69.01097361128372
72,66.98630785359515,69.01086589996483
72,66.98520556102065,69.01184797770178
72,66.9884349380236,69.0123638755732
72,66.98474701982815,69.01060629960186
72,66.98838770494955,69.01076175471837
72,66.98785955209314,69.00825217260316
72,66.9861840882628,69.00803779321244
72,66.98597224372335,69.00707281426077
72,66.98563613182468,69.01097361128372
72,66.98520556102065,69.01184797770178
72,66.98594275335152,69.00591824329774
72,66.98517817507604,69.01038614300762
72,66.9875125363098,69.007342193208
72,66.98576869333263,69.00530800225701
72,66.98520556102065,69.01184797770178
72,66.98858800819187,69.01128901741038
72,66.98837961448312,69.01156850173318
72,66.98816122975381,69.00714404831392
72,66.9891887979918,69.01117275581488
72,66.98553516694868,69.008119901354
72,66.98910826930305,69.01113913164235
72,66.98905198817116,69.01121625476159
72,66.98911734044363,69.01064558464688
72,66.98659763367472,69.00864479115741
72,66.98794350878855,69.01156653566564
72,66.98522797646409,69.0077808038711
72,66.98517210398546,69.01111970110372
72,66.98620708285982,69.01009235558725
72,66.98968612321617,69.01092602818615
72,66.9869626809771,69.01010932055053
72,66.98591050786513,69.00806359715094
72,66.98766291940089,69.00803476069594
72,66.98412103901441,69.00704532571694
72,66.98507843097597,69.01156693685716
72,66.9889547690539,69.00992383067452
72,66.98802197236076,69.00851624691951
72,66.98918787667522,69.0079125146094
72,66.98599311163429,69.01184565390379
72,66.9849028271776,69.00814579942741
72,66.9854679712002,69.00745889095805
72,66.98968612321617,69.01092602818615
72,66.98644650824762,69.00871432800778
72,66.98925685584207,69.0111592133303
72,66.9875125363098,69.007342193208
72,66.98802197236076,69.00851624691951
72,66.986158049671,69.00697251069354
72,66.98973096033362,69.01028461329675
72,66.98649852284511,69.01017253246457
72,66.98331366431425,69.00833083861704
72,66.98587029595629,69.01045187414051
73,67.01293406937519,68.98444080059805
73,66.99978891558112,69.00329489433648
73,66.99643614783035,68.99356106734903
73,67.00579813776196,69.01980383027599
73,66.98553114123409,68.98267787704549
73,66.99606517093193,69.01767399457061
73,67.0053273347039,68.99327909523434
73,67.02226664987553,68.9959357841385
73,66.97723944707423,69.01024966283107
73,67.00605242767998,69.01058935885786
73,66.99468488634449,69.0052492351693
73,67.017808355789,68.99270058087755
73,67.00858214022729,68.98339325555223
73,67.0010702400575,69.01598337061773
73,67.00125463542132,69.01526953907005
73,67.01073733181231,68.979371835599
73,67.01008529316469,68.99789488888021
73,66.99555265460393,69.01115824558038
73,67.01088349704025,68.98288452441744
73,66.98062578494844,69.01125665994584
73,67.00376285684149,68.99183612494191
73,67.01449407606184,68.98151735166417
73,67.0120087656086,68.99433846123588
73,66.99092152845357,69.01371494907386
73,66.99092152845357,69.01371494907386
73,67.00731172786732,68.97816785642907
73,67.01544209091352,69.00715437405734
73,66.99325531717659,68.97725867551564
73,67.00615721720611,68.99795771646754
73,66.98433155751206,68.98708278768459
73,66.98062578494844,69.01125665994584
73,67.01750172159157,68.99237245241027
73,67.0081430024349,68.97686778542139
73,67.00316707814835,69.02070735523033
73,66.97884521377905,69.00106220628346
73,67.01073538180377,69.00045448480815
73,67.00322452390958,69.02344420277909
73,67.01038000705364,69.01924214023492
74,67.00641085136216,68.99696860627168
74,67.0068484373888,68.99271592658215
74,67.00362994147707,68.99561432211804
74,67.00401619601037,68.9953849251451
74,67.00693996432256,68.99645842243955
74,67.0040291900474,68.9940893160491
74,67.00820284768454,68.99263611996196
74,67.00691787441829,68.99742041834278
74,67.00646044436628,68.99474481434463
74,67.00737922434593,68.99470759536825
74,67.00762854035285,68.9974918087399
74,67.00693996432256,68.99645842243955
74,67.00617426745826,68.99702940052168
74,67.00411448613936,68.99452894170975
74,67.00721517575322,68.99414438827299
74,67.00773192443465,68.99299966352618
74,67.00478160501352,68.99192665268548
74,67.00811681256525,68.99550238712902
74,67.00590144302124,68.99751419931357
74,67.00552431278969,68.99554745451512
74,67.0053273347039,68.99327909523434
74,67.00807444059578,68.99576924224246
74,67.00460342410243,68.99392735136303
74,67.00768621087613,68.99519371915987
74,67.00534156420115,68.99396302805167
74,67.00605713639295,68.99458137864059
74,67.00318520301401,68.99321531840044
74,67.00290618179007,68.99748835796443
74,67.00329893363714,68.99579462096295
74,67.00327100816195,68.99305818767576
74,67.00754604599591,68.99504135423386
74,67.00605713639295,68.99458137864059
74,67.00506905350476,68.99697408398298
74,67.00330679459128,68.99655246613482
74,67.00739698054164,68.99459249414276
74,67.00759606375465,68.99686016510796
74,67.00246179958222,68.99578121449325
74,67.00718901947846,68.99273872718369
74,67.00527823040585,68.99388133094997
74,67.00636893235121,68.99295426940414
74,67.00395497781736,68.99775176159686
74,67.00677751245745,68.99260667215933
74,67.00460183701455,68.99400158430672
74,67.00605113881537,68.99818413573334
74,67.00512429610012,68.99274586811073
75,67.00187560219376,68.99302010916034
75,67.00534156420115,68.99396302805167
75,67.00549860698345,68.9934871847792
75,67.00537120374752,68.99485348942665
75,67.00636893235121,68.99295426940414
75,67.00089054204294,68.99545103031777
75,67.00150646401431,68.99375300292799
75,67.00271154608845,68.98982192167719
75,67.00512429610012,68.99274586811073
75,67.00534156420115,68.99396302805167
75,67.00171150616745,68.99304093706424
75,67.0043470111403,68.99278390235648
75,67.00537120374752,68.99485348942665
75,67.00098277028125,68.99227810764243
75,67.00297359403822,68.99512842692147
75,67.00422407416474,68.99555312350267
75,67.00135864596935,68.9926363575931
75,67.00271459111757,68.9931332795782
75,67.00328717590759,68.99196535717886
75,67.00572385864879,68.99102440535246
75,67.000163452829,68.9921704475887
75,67.00104659360707,68.9951235191602
75,67.00362994147707,68.99561432211804
75,67.00546543721538,68.99357561693186
75,67.00401005594584,68.99364454334484
75,67.001129833144,68.99569888000808
75,67.00327100816195,68.99305818767576
75,67.00590852296153,68.99184406590669
75,67.00336603509142,68.99091665426491
75,67.00062546636836,68.99177095117693
75,67.00265743387945,68.99607752303928
75,67.00336603509142,68.99091665426491
75,67.00352648598636,68.99373163717597
75,67.00111402548615,68.99258180154223
75,67.00091793208405,68.99124542297156
75,67.00062546636836,68.99177095117693
75,67.00482391416895,68.99145322304209
75,67.00008371243527,68.99322314212101
75,67.00429366824604,68.99112372716168
75,67.00457148200114,68.99011704337028
75,67.00076869459913,68.99462872302887
75,67.0006418028862,68.99554083625999
75,67.00187560219376,68.99302010916034
75,67.00466388549894,68.9916620373519
75,66.99941228887717,68.99302762075283
75,67.00202959591775,68.9925778266878
75,67.00444487499426,68.99090099301176
75,67.00070843955478,68.99083725152369
75,67.00476080504372,68.99532866259487
75,67.00209392911525,68.99035050600854
75,67.00246212549911,68.99578759810593
75,67.00185786264507,68.99070785681208
75,67.00421582601291,68.9933340407551
75,67.00511052402695,68.9909429105119
75,67.00316860165113,68.99570999611527
75,67.00636893235121,68.99295426940414
75,67.00460342410243,68.99392735136303
75,67.0024773970947,68.99449236439735
75,66.9998038023789,68.99313222490964
75,67.00444487499426,68.99090099301176
75,67.00529478924285,68.99186180278404
75,67.00212404474014,68.99353703389878
75,67.00032351009652,68.99260558073976
75,67.00378151550838,68.9955705878027
75,67.00287242397414,68.98970863534852
75,67.00418289262548,68.99569554463001
75,67.00429366824604,68.99112372716168
75,67.00429366824604,68.99112372716168
75,67.00422407416474,68.99555312350267
75,67.0043234374929,68.99561232997901
75,67.00031095013627,68.9946735537138
75,67.00135864596935,68.9926363575931
75,67.00401005594584,68.99364454334484
75,67.00318454371141,68.99029654475162
75,67.0040756165868,68.9908318221739
75,67.00202539337695,68.99554447736017
75,67.0040291900474,68.9940893160491
75,67.00568712551181,68.99110097343974
75,67.00444487499426,68.99090099301176
75,67.00011044480077,68.99156274176839
75,67.00323276316045,68.99285762288594
75,66.99961731620891,68.9941334997661
75,67.00437201357691,68.9905386047884
75,67.00202539337695,68.99554447736017
75,67.00308138838801,68.99275422495084
75,67.00076222498747,68.99152533602604
75,66.99997452861433,68.9927126250079
75,67.0043234374929,68.99561232997901
75,66.99961731620891,68.9941334997661
75,67.0027794597202,68.9923778161214
75,66.99997452861433,68.9927126250079
75,66.99989226307439,68.99274546650477
75,67.00444487499426,68.99090099301176
75,67.00380449649573,68.99340681714851
75,67.00410339137966,68.99271050913153
75,67.00196523399593,68.994173148353
75,66.9998038023789,68.99313222490964
75,67.00387208361451,68.9926482046094
75,67.00401005594584,68.99364454334484
75,67.0027123953736,68.9901157253709
75,67.00530631569454,68.99321894324912
75,67.00411693235496,68.99091554604453
75,67.00203150637007,68.9916808266473
75,67.00297359403822,68.99512842692147
75,67.00357726074968,68.99228850615467
75,67.00271612998907,68.99131506055792
75,67.00341049855285,68.99515478322853
75,67.00421987805332,68.99216699781839
75,67.00120335237925,68.99403040146774
75,67.00537120374752,68.99485348942665
75,66.99941228887717,68.99302762075283
75,67.00091904337428,68.99177355150584
75,67.00326968866256,68.9949622001042
75,67.00530043416137,68.99057593215764
75,67.00008371243527,68.99322314212101
75,67.00111402548615,68.99258180154223
75,67.00384773343299,68.9901404872311
75,67.00524100506011,68.99169172643522
75,67.00080666026378,68.992733071872
75,67.00380449649573,68.99340681714851
75,67.00262643058302,68.99456172462224
75,67.00411693235496,68.99091554604453
75,67.00357726074968,68.99228850615467
75,67.00076869459913,68.99462872302887
75,66.9998038023789,68.99313222490964
76,67.0018605671005,68.9924098206121
76,67.00098277028125,68.99227810764243
76,67.00039269757583,68.99130550440987
76,67.00327100816195,68.99305818767576
76,67.00411693235496,68.99091554604453
76,67.0017168137505,68.9927469727672
76,66.99772605895663,68.99260191944138
76,66.99975012904447,68.99008946097834
76,66.99747408381879,68.98998630606715
76,67.00276751037684,68.99251480109096
76,67.00318454371141,68.99029654475162
76,66.99715292318417,68.99116259001087
76,67.0040756165868,68.9908318221739
76,67.00003081359331,68.98770006966451
76,66.99786374280441,68.99050304747284
76,67.00232049170963,68.99337952231298
76,67.00020597388357,68.98757028052398
76,67.001839400332,68.98934335407885
76,67.00036776400196,68.99082412182919
76,66.99755510330941,68.99062303390428
76,66.99996708502803,68.98926380470894
76,67.00240921995486,68.98908436236098
76,66.99794757199396,68.99277598601861
76,67.00328717590759,68.99196535717886
76,67.00411693235496,68.99091554604453
76,66.99796798052701,68.9891869016552
76,66.99854659665674,68.99178667820132
76,67.00271154608845,68.98982192167719
76,66.99943404984172,68.9878415809998
76,66.99866760129466,68.9928474090202
76,67.00003081359331,68.98770006966451
76,66.99912428929245,68.9918890439918
76,67.00135864596935,68.9926363575931
76,67.00029643043611,68.98881321584295
76,67.00134003957928,68.99188695395084
76,66.99975082430305,68.99229649065845
76,66.99772605895663,68.99260191944138
76,66.99940052185461,68.98778971908543
76,66.99924058430406,68.98768368115194
76,67.00336603509142,68.99091665426491
76,66.99842770960372,68.99161471596064
76,66.99783763378888,68.99128332305388
76,67.00173043124335,68.99266071129315
76,67.00062546636836,68.99177095117693
76,67.00197674824182,68.9884906121174
76,67.00191861116305,68.99336036746587
76,67.0019370239378,68.99125656187782
76,66.99869870235023,68.9911410564352
76,67.00376285684149,68.99183612494191
77,66.99371936161386,68.98581206151455
77,66.99188108812591,68.98936538845685
77,66.99497543496018,68.9846020061315
77,66.99653939915284,68.98634819506795
77,66.99166505511245,68.98625063254539
77,66.99529291580582,68.98611369540595
77,66.99366441436617,68.98988916029579
77,66.99214350589679,68.9884766479888
77,66.9971822881231,68.98592140070403
77,66.99574738611389,68.98714501497629
77,66.9928236161899,68.98792574439811
77,66.99257906070088,68.98378353566912
77,66.9941379351448,68.9888895887283
77,66.99262429840003,68.98527402168713
77,66.99370430794755,68.9871238630357
77,66.99590468760539,68.98688727627159
77,66.99387922184002,68.98746034177874
77,66.9920271889738,68.98475573448464
77,66.99241973383218,68.98534239528585
77,66.9967784664922,68.98688952883302
77,66.99073001894385,68.98842923402897
77,66.99353163141775,68.98729754835836
77,66.99187038832805,68.98784871659969
77,66.99166279644307,68.98899506040638
77,66.99590468760539,68.98688727627159
77,66.99244182101951,68.98414050277529
77,66.99181052831887,68.98413835554341
77,66.99084597336578,68.98589457482373
77,66.99656874435394,68.9879701438597
77,66.990612293598,68.9872204714895
77,66.99416590904967,68.98414454049764
77,66.99084597336578,68.98589457482373
77,66.99100186478677,68.9850441789618
77,66.99573099173423,68.98397708254299
77,66.99215899716356,68.98737712337098
77,66.993704581164,68.98448912534636
77,66.99343822610406,68.9840156684118
77,66.99215899716356,68.98737712337098
77,66.9946028663908,68.98447733313348
77,66.990612293598,68.9872204714895
77,66.9941320975276,68.98577205152984
77,66.99176925447212,68.98415737337301
77,66.99372553867825,68.98938229626684
77,66.9920271889738,68.98475573448464
77,66.99281608316473,68.98798173303743
77,66.99366660242852,68.98851323213269
77,66.99471405753889,68.98379901582392
77,66.99440078179377,68.98778634360511
77,66.99288963309418,68.98375019947275
77,66.99275949366496,68.98496571272591
77,66.99462682294208,68.98914706320016
77,66.99568308128572,68.9847826711095
77,66.99100186478677,68.9850441789618
77,66.9967784664922,68.98688952883302
77,66.99398930767096,68.98507662463088
77,66.99618938287838,68.98871654990955
77,66.99353163141775,68.98729754835836
77,66.99318563579685,68.98438601147512
77,66.99193170142979,68.98555764457846
77,66.9940079506908,68.9864531485454
77,66.99611625315175,68.98700490023856
77,66.99462682294208,68.98914706320016
77,66.99153342428991,68.98844610538771
77,66.99362798060682,68.98985112797344
77,66.9946028663908,68.98447733313348
77,66.9911823029729,68.98567214563816
77,66.99084597336578,68.98589457482373
77,66.99166279644307,68.98899506040638
77,66.99145110281235,68.9858264353717
77,66.99257187062085,68.98885696897742
77,66.99497543496018,68.9846020061315
77,66.99244182101951,68.98414050277529
77,66.99212578731242,68.98385331895132
77,66.99324158030181,68.98914253464606
77,66.993704581164,68.98448912534636
77,66.99230367218675,68.9875480254489
77,66.99416977294285,68.98460936071324
77,66.9949131621843,68.984491534867
77,66.99386918105408,68.98989767033535
77,66.99134937509099,68.98765812471865
77,66.99573099173423,68.98397708254299
77,66.99186475037422,68.98699210653898
77,66.9928236161899,68.98792574439811
77,66.99721684388327,68.98739410945531
77,66.9916543750391,68.98574093603825
77,66.9920561414635,68.98507139603002
77,66.99567200709,68.98492316351758
77,66.99366578414535,68.98571030700963
77,66.99284479065955,68.98773409129629
77,66.99044443613595,68.9859369863119
77,66.9945097535531,68.98966451822993
77,66.9930482668175,68.98590937779453
77,66.99248028748056,68.98595437594035
77,66.99516539938796,68.98772620192958
77,66.99416590904967,68.98414454049764
77,66.99456458538316,68.98661694248065
77,66.99579006756231,68.9863529350881
77,66.99568308128572,68.9847826711095
77,66.99567200709,68.98492316351758
77,66.9941379351448,68.9888895887283
77,66.9933395523413,68.98452924903748
77,66.99134937509099,68.98765812471865
77,66.99372553867825,68.98938229626684
77,66.99353163141775,68.98729754835836
77,66.99455296751293,68.98688197683225
78,67.01314527358907,68.98975314783685
78,66.98404551705667,69.0056689267185
78,66.98288326116592,69.00817899043108
78,66.98030843168654,69.00617997115175
78,67.01611629480976,68.9890482661844
78,66.98219469084573,69.0042825100497
78,66.9807624331997,69.00815114521095
78,66.9811914227784,69.00797356960642
78,66.9824639469416,69.00453200134633
78,67.01369568018995,68.98824231398567
78,66.98189363208824,69.00849527398682
78,67.01132050040171,68.98973142350432
78,66.98189363208824,69.00849527398682
78,67.01314527358907,68.98975314783685
78,67.01464849143483,68.99052208020187
78,67.01696412099042,68.98875617227073
78,66.98006528638302,69.00694873421705
78,67.01145953905274,68.98992383967799
78,66.97924023879568,69.00720355768205
78,66.98310368419021,69.00561129117571
78,66.98160568041037,69.00463759679059
78,67.01593347556326,68.9893560036699
78,67.01701628495516,68.98834057634822
78,67.01155381879859,68.98878626133785
78,66.98280616703626,69.00757227489278
78,66.98042449618387,69.00600519255553
78,66.9824639469416,69.00453200134633
78,66.9824639469416,69.00453200134633
78,67.01321105442715,68.98775604410397
78,66.98264886318093,69.00818691787093
78,67.01318504225269,68.98697113814144
78,66.9793273751079,69.00789914307423
78,67.01603574708462,68.98806671874755
78,67.01557639062648,68.98990235547602
78,67.01319174742767,68.99129070520667
78,67.01260436494626,68.98910239032773
78,66.98288326116592,69.00817899043108
78,67.01590222560996,68.9871575825904
78,66.98309693512469,69.00676599030997
78,67.01453506772175,68.98683044492458
78,66.98240355361793,69.00608730854998
78,66.98240355361793,69.00608730854998
78,66.98398082983259,69.00573092458716
78,66.98042449618387,69.00600519255553
78,66.98008409653883,69.00748836475961
78,67.01185066405473,68.99076375653361
78,67.01254297959748,68.99052072830882
78,66.98111577386632,69.00829939622344
78,67.01420279530846,68.98856960230168
78,67.01562886910548,68.9883209178566
78,66.98100081831295,69.00516485640898
78,67.01611629480976,68.9890482661844
78,66.98045501734897,69.00867385329441
78,66.98187773953835,69.00535672429717
78,67.01260436494626,68.98910239032773
78,67.01369568018995,68.98824231398567
78,66.98310368419021,69.00561129117571
78,67.01312991857823,68.9903249625683
78,67.01392935038541,68.98721433099988
78,66.9804279427643,69.00640862306686
78,66.98097986031486,69.00821216892894
78,66.98176304807173,69.00635199839026
78,67.01535521929765,68.98718860308105
78,66.98036096244475,69.00783333597424
78,66.98101829194624,69.0050871327554
78,67.01155381879859,68.98878626133785
78,66.98147724255482,69.00878783269404
78,66.97944262511557,69.00801409254268
78,66.98289437458982,69.00528459099603
78,66.97902515351817,69.00672326941917
78,67.0151293532511,68.98873701773103
78,67.01185066405473,68.99076375653361
78,66.98101829194624,69.0050871327554
78,66.97964736138182,69.0083626774279
78,67.01254990229084,68.98794053856456
78,66.98187773953835,69.00535672429717
78,66.98056804855817,69.00878999860777
78,67.01593347556326,68.9893560036699
78,67.01590222560996,68.9871575825904
78,66.9794202304373,69.00734127791655
78,66.98205465724007,69.0058711941874
78,67.01321105442715,68.98775604410397
78,67.01512147722343,68.98695120069162
78,66.98176304807173,69.00635199839026
78,66.98219469084573,69.0042825100497
78,66.98041933844159,69.00788964665226
78,66.97960814014317,69.00859841830656
78,67.01145953905274,68.98992383967799
78,66.98422588480433,69.00501503864034
78,67.01185066405473,68.99076375653361
78,66.98225170861208,69.00511500738334
78,66.98182908387741,69.00804141738573
78,67.01405569584298,68.99092797141351
78,67.01211266454347,68.99083662599064
78,66.98288326116592,69.00817899043108
78,67.01541769550842,68.9890307622307
78,66.98398082983259,69.00573092458716
79,67.00155450584737,68.99626150383587
79,66.99769997654867,69.0008173035068
79,66.99727979047461,69.00056313048785
79,66.99529654973588,68.9985871733577
79,67.001252325865,68.99606482503027
79,66.99780225898033,68.99668448524993
79,67.00115572518584,68.9969329462332
79,66.9968395197359,68.99981263169455
79,66.99938065169938,68.99722325226881
79,66.99974704094392,68.9980641636792
79,66.9951705766654,68.9984285459748
79,66.9995989749152,68.99609810073777
79,67.00058567505295,68.9968236255472
79,67.00049715084495,68.99982206896121
79,66.99896446531817,69.00065323252804
79,67.00066376059692,68.9952041510709
79,66.99868067263417,68.99994656761417
79,66.99840352361117,68.99897971831342
79,66.99732658395652,68.9955835206184
79,66.99604537254088,68.99817141614722
79,66.99764775583614,68.99633424839229
79,66.99633476419768,68.99690829371946
79,67.00002434165232,68.99482378014264
79,66.99752069537786,69.0012176312842
79,66.99825952580312,68.9970064613917
79,66.99989661223887,68.99673660386699
79,66.99986712948609,68.9959959171536
79,66.9970589186447,68.99775263828846
79,66.99962514037182,68.99538293880744
79,66.99640891195976,68.99912122441444
79,67.00058567505295,68.9968236255472
79,66.99787871720025,68.99552122030362
79,66.99982746445838,68.99979298494515
79,66.99694899447837,68.99792081356948
79,66.99520592737083,68.99870601180842
79,66.99738258824144,69.00127387197455
79,67.00155450584737,68.99626150383587
79,66.99775445817289,68.99838344142735
79,66.9951705766654,68.9984285459748
79,67.0016157813029,68.99655492008435
80,67.00487475931395,68.99747637649946
80,67.00835635650893,69.00073533965623
80,67.00806497577668,68.99922403202484
80,67.01014431441143,69.00242638761968
80,67.00711229564165,69.0014281352851
80,67.00655192646887,69.00244164616275
80,67.00636940045231,69.00276300157314
80,67.00751952402278,69.00310210063077
80,67.00833038292056,69.00248633401328
80,67.00404298272183,69.00293883562966
80,67.0052097774445,69.000019193211
80,67.00825977882293,68.99940533806226
80,67.00452912746563,69.00207881614804
80,67.00786785176791,69.0031908296133
80,67.0074952742587,69.00361510187909
80,67.00917957187548,69.00223982885163
80,67.00538114580058,69.00032318730568
80,67.00487475931395,68.99747637649946
80,67.00748130358802,69.00398516973782
80,67.0088474000905,69.00184923773197
80,67.00579504357721,69.00215291868189
80,67.00655192646887,69.00244164616275
80,67.00522396016056,68.99988815423687
80,67.00455222449143,68.99815311846052
80,67.00643397066455,69.00300007114892
80,67.00522549512878,69.00226744378983
80,67.00408078531235,69.00052401918805
80,67.00711531349972,69.00082082855683
80,67.00781187398569,69.00378101957585
80,67.00806497577668,68.99922403202484
80,67.0032993668832,69.00160057639663
80,67.00408832563429,69.00289899283727
80,67.01003240934699,69.0036256043169
80,67.00720136770867,69.00304089363716
80,67.00890808776015,69.00405295095342
80,67.00835635650893,69.00073533965623
80,67.00380963592961,69.00260627591611
80,67.00353661597218,69.00139707463825
80,67.00964414879589,69.0013476794933
80,67.00956688011082,69.00391163484962
80,67.00891645528606,69.00039537676344
80,67.00522549512878,69.00226744378983
80,67.00927080920268,69.00471030379724
80,67.00709015921515,68.99915829359765
80,67.00593777765424,69.00122400413159
80,67.00322328803081,69.00068144631562
80,67.0088474000905,69.00184923773197
80,67.00368144245377,69.00007682349447
80,67.00833038292056,69.00248633401328
80,67.00327582088987,68.99924329087472
80,67.00769950412129,69.00086046489115
80,67.00835635650893,69.00073533965623
80,67.00732535617404,69.0047388764906
80,67.00806497577668,68.99922403202484
80,67.00833505168265,69.00205822673357
80,67.00297294683433,69.00088140550284
80,67.00655241425929,69.00092258172701
80,67.00940842898527,69.00130295433937
80,67.00470008790262,68.99812908401245
80,67.0068503735212,69.00474866759502
80,67.00898335684747,69.00465486857597
80,67.0050133599189,68.99985357627754
80,67.00886483361619,69.00427746744644
80,67.00744438038465,69.00079724634494
80,67.00321124186081,69.00000612508526
80,67.00649945884471,69.00271634246312
80,67.00650905006309,69.00177403625372
80,67.0058179754638,69.00323337724232
80,67.00543810206396,68.99909375878465
80,67.00839853443433,68.9993925641915
80,67.0060412699412,69.00051711634916
80,67.00408078531235,69.00052401918805
80,67.00843088305793,68.99962627900238
80,67.00817733690306,69.00387421435101
80,67.0082358011237,69.00227613354309
80,67.00663524099755,69.00443264646721
80,67.00311785791519,68.99871772974024
80,67.00543810206396,68.99909375878465
80,67.00690218380412,68.99924830065822
80,67.00751952402278,69.00310210063077
80,67.00818738196111,69.00034444823262
80,67.0093631806324,69.00287288127332
80,67.00786785176791,69.0031908296133
80,67.00301670816229,69.00125867208757
80,67.0071123663542,69.00125716785658
80,67.00566119341302,69.00024072107816
80,67.0052097774445,69.000019193211
81,67.00672543016937,68.99267189270816
81,67.00811681256525,68.99550238712902
81,67.00341049855285,68.99515478322853
81,67.0033520916704,68.99639155483253
81,67.00757440671171,68.99572845306116
81,67.00811047551994,68.9963713596115
81,67.00687061032929,68.99556328819736
81,67.00610070599217,68.99771980575112
81,67.0032051489316,68.997855617561
81,67.0080521890117,68.99588822744377
81,67.00811681256525,68.99550238712902
81,67.00617082143933,68.99226079201473
81,67.0033520916704,68.99639155483253
81,67.00721517575322,68.99414438827299
81,67.00538431492585,68.9925776778698
81,67.00408512461158,68.99838232507778
81,67.00811047551994,68.9963713596115
81,67.00417248789552,68.9964328114332
81,67.00405608142877,68.99763183445515
81,67.00555314016849,68.99435573961115
81,67.00326968866256,68.9949622001042
81,67.00627494291354,68.99387264408092
81,67.00493928122562,68.99641539200812
81,67.00432493751408,68.99666252496931
81,67.007228496467,68.992133318083
81,67.00327100816195,68.99305818767576
81,67.00640690777179,68.99170437363681
81,67.00679619942042,68.99315517810604
81,67.00506905350476,68.99697408398298
81,67.0060214892925,68.99761163119734
81,67.00546543721538,68.99357561693186
81,67.00337638865966,68.99419126888215
81,67.00820284768454,68.99263611996196
81,67.0024773970947,68.99449236439735
81,67.00832541821089,68.99711684090882
81,67.00672543016937,68.99267189270816
81,67.00546543721538,68.99357561693186
81,67.00400847528559,68.99657596447331
81,67.0033520916704,68.99639155483253
81,67.00464298782519,68.99525458813645
81,67.00768621087613,68.99519371915987
81,67.00347115691383,68.99608642468246
81,67.00866688996467,68.99570242090402
81,67.00380449649573,68.99340681714851
81,67.00760960685187,68.9973478002772
81,67.00380449649573,68.99340681714851
81,67.00417248789552,68.9964328114332
81,67.00320255646594,68.99760931384766
81,67.00493584159625,68.99362697762493
81,67.00762854035285,68.9974918087399
81,67.00329305778996,68.99794192173609
81,67.00549860698345,68.9934871847792
81,67.00718019605401,68.99225715327046
81,67.00413281001988,68.99822905876938
81,67.00808007859764,68.99570469981767
81,67.00549860698345,68.9934871847792
81,67.00820284768454,68.99263611996196
81,67.0053273347039,68.99327909523434
81,67.00640690777179,68.99170437363681
81,67.00808007859764,68.99570469981767
81,67.00721517575322,68.99414438827299
82,66.98472550968806,69.0172760402079
82,66.99555265460393,69.01115824558038
82,66.99037026056627,68.99659607225013
82,67.00835291678766,69.0098534051212
82,67.00817110078795,68.9915303791956
82,66.98472550968806,69.0172760402079
82,67.01897624214646,69.00451459730253
82,66.9917847803346,68.98492605329409
82,67.00390073830857,68.98624084898864
82,66.98550281871266,68.9947552281236
82,67.00890412619597,68.99794941198554
82,66.99122350027085,69.00481973239556
82,66.99215899716356,68.98737712337098
82,67.00907825662074,68.993138184192
82,67.00074932415787,68.98441065271739
82,66.9920216673802,69.00255280639146
82,66.98719504885673,68.99984810694662
82,66.98151733196958,69.01568836770838
82,66.99037026056627,68.99659607225013
82,66.9982602259979,68.9809108390513
82,66.98719504885673,68.99984810694662
82,66.98450693425983,69.01932881740595
82,67.00732535617404,69.0047388764906
82,67.00454527526323,68.98216625845282
82,66.99016180077184,69.0175627748135
82,67.01008529316469,68.99789488888021
82,67.0065150249342,68.99604540649985
82,67.0024773970947,68.99449236439735
82,67.01971885807887,69.00462673959456
82,67.01319429461424,69.0059742731041
82,67.01750172159157,68.99237245241027
82,67.02048267432308,69.01277553202644
82,66.98951289638332,68.98706534955275
82,67.00731172786732,68.97816785642907
82,66.98639384890721,68.98022379771781
82,66.99152386624719,68.98251852812905
82,67.00957040013326,68.9886238897416
82,67.00322452390958,69.02344420277909
82,67.00532298772191,68.99016443508411
82,66.97891213203805,69.00363221266757
82,66.98719504885673,68.99984810694662
82,67.00675096490237,69.02129383502071
82,67.017808355789,68.99270058087755
82,66.98433155751206,68.98708278768459
82,66.97923295748306,68.99243391730442
82,67.01088349704025,68.98288452441744
82,67.00014304470014,69.0149067486144
82,67.00957040013326,68.9886238897416
82,67.0116876319563,68.9934500288582
82,67.00605242767998,69.01058935885786
82,67.01823743137494,68.99681849877224
82,67.0120087656086,68.99433846123588
82,66.99031058297687,68.9813707351785
82,66.97797009599441,68.99704355189546
82,66.9917847803346,68.98492605329409
82,66.97891213203805,69.00363221266757
82,67.00098277028125,68.99227810764243
82,67.01319429461424,69.0059742731041
82,67.01772501316134,68.99039367662262
82,67.02123565055132,69.00780370073923
82,66.97578840056079,69.0022037371596
82,67.00784422332212,69.01076966446138
82,66.99325531717659,68.97725867551564
82,66.99978891558112,69.00329489433648
82,67.00731172786732,68.97816785642907
82,67.01746094745096,69.01373653844378
82,66.97808636298717,69.00647580870593
82,67.00074932415787,68.98441065271739
82,67.00979818012583,69.00487139198373
82,67.00014304470014,69.0149067486144
82,66.99171016077287,68.98017561266693
82,66.99775445817289,68.99838344142735
82,67.01894085396755,68.9912849703136
82,67.01449407606184,68.98151735166417
82,67.01772501316134,68.99039367662262
82,66.98977675589748,68.99585665322708
82,66.98062578494844,69.01125665994584
82,66.99290546441863,69.01400058864584
82,67.00605242767998,69.01058935885786
82,66.98472550968806,69.0172760402079
82,66.97808636298717,69.00647580870593
82,67.01008529316469,68.99789488888021
82,66.99092152845357,69.01371494907386
83,67.01160909443396,69.00422183719459
83,67.00845426619601,69.0053544094136
83,67.01104964942937,69.00347350652197
83,67.0125955356781,69.00370567068484
83,67.00787300505509,69.0039109916943
83,67.0082358011237,69.00227613354309
83,67.00996420299333,69.00593978138176
83,67.00891987995436,69.00630510547794
83,67.00780765033194,69.00600733055437
83,67.01192467379859,69.00246509046231
83,67.00871067014259,69.00630600313752
83,67.01198679675144,69.00148888093666
83,67.01328359288895,69.00430865461583
83,67.01276677351818,69.00415636811964
83,67.00752391770209,69.00585637705818
83,67.00921603358275,69.00619431970424
83,67.00989628196928,69.00490310399712
83,67.0100960201402,69.00629743614142
83,67.00872373210707,69.00714820578287
83,67.00797655949776,69.00585138645508
83,67.010112141537,69.0057217113849
83,67.00977462050074,69.00151311071221
83,67.00891987995436,69.00630510547794
83,67.01307850324564,69.00414085005504
83,67.00845426619601,69.0053544094136
83,67.01105020903746,69.0063392573192
83,67.0068503735212,69.00474866759502
83,67.01332122575165,69.00388706475829
83,67.0117139663533,69.00347999339121
83,67.01039079442333,69.00695897329868
83,67.01006732525661,69.00221593052117
83,67.01055190194894,69.00548074773131
83,67.00748130358802,69.00398516973782
83,67.01198281726545,69.00426656351252
83,67.00962707693742,69.00346906478649
83,67.00809605975536,69.00271888871102
83,67.01148062857028,69.0044295700789
83,67.01199175826945,69.0042747132861
83,67.01276677351818,69.00415636811964
83,67.01004954512754,69.00741675700353
83,67.0100960201402,69.00629743614142
83,67.01053294435054,69.00576464171002
83,67.0083894302502,69.00425146898401
83,67.0097038395717,69.00119739287875
83,67.01139027249963,69.00674722504282
83,67.00804615103948,69.00547200740228
83,67.00740826382923,69.00540777519139
83,67.00872373210707,69.00714820578287
83,67.00951615969234,69.003476463729
83,67.00752391770209,69.00585637705818
83,67.01332122575165,69.00388706475829
83,67.00786785176791,69.0031908296133
83,67.0125955356781,69.00370567068484
83,67.01187035890284,69.00142925434588
83,67.00693598566819,69.00543208684897
83,67.00970526253214,69.00687736711394
83,67.01009332871945,69.00638725422678
83,67.00751952402278,69.00310210063077
83,67.01111578651857,69.00285324381886
83,67.00980606604463,69.00529882015051
83,67.01139027249963,69.00674722504282
83,67.01275657204317,69.00408455682626
83,67.01080802377558,69.00473282261729
83,67.0120356843836,69.00349909859811
83,67.009473188148,69.00300610406664
83,67.00964414879589,69.0013476794933
83,67.00890808776015,69.00405295095342
83,67.01287936241732,69.0041242902702
83,67.00740212083767,69.00522484066998
83,67.00981251686989,69.00316101332797
83,67.0111338493938,69.00235016763796
83,67.0068503735212,69.00474866759502
83,67.00917957187548,69.00223982885163
83,67.01276677351818,69.00415636811964
83,67.00872373210707,69.00714820578287
84,67.01227016435895,68.98833490041207
84,67.01606965069726,68.98901877454534
84,66.98067517795198,69.00494530086736
84,67.01315719345135,68.98969587910308
84,66.98262793512768,69.00711127573739
84,67.01541769550842,68.9890307622307
84,67.01623584281475,68.98807993868448
84,67.01253636755273,68.99048503650329
84,66.98042449618387,69.00600519255553
84,67.01354128671328,68.98730785903776
84,66.98340121360484,69.00795622227601
84,67.01474826573065,68.98667085632914
84,66.98097986031486,69.00821216892894
84,66.98422588480433,69.00501503864034
84,67.01282347680632,68.99100349855752
84,67.01211266454347,68.99083662599064
84,66.97924023879568,69.00720355768205
84,67.01230506774337,68.99071810942101
84,66.98176304807173,69.00635199839026
84,67.01664238101515,68.98777632576363
84,66.9813817908432,69.00572039801624
84,67.01512147722343,68.98695120069162
84,66.9814427158239,69.00791610549871
84,67.01438512899743,68.98700080737109
84,67.01586013544028,68.9900350097076
84,66.98072060630595,69.00564319643517
84,67.01223197354187,68.98861776155506
84,67.01221967112185,68.98996244596908
84,67.01298863326124,68.98858700018928
84,66.98160568041037,69.00463759679059
84,66.98100081831295,69.00516485640898
84,66.981587750744,69.00471818997227
84,66.98292460437722,69.0050711745169
84,67.01165223999669,68.98884578095837
84,66.98156024756281,69.00631969062329
84,66.98340121360484,69.00795622227601
84,67.01282347680632,68.99100349855752
84,66.98067517795198,69.00494530086736
84,66.98155424023047,69.00813398728603
84,67.01512147722343,68.98695120069162
84,66.98182908387741,69.00804141738573
84,66.9794202304373,69.00734127791655
84,66.98262793512768,69.00711127573739
84,67.01235754818353,68.99012382764954
84,66.98178893462858,69.00458211870317
84,67.0156430811891,68.98864746199682
84,66.98160568041037,69.00463759679059
84,66.97977860867472,69.00715322173376
84,67.01535521929765,68.98718860308105
84,67.01285357218083,68.98896521124783
84,66.98189363208824,69.00849527398682
84,67.01254990229084,68.98794053856456
84,67.01248900978241,68.98937889242228
84,67.01260436494626,68.98910239032773
84,66.98056804855817,69.00878999860777
84,66.98240355361793,69.00608730854998
84,67.01200165741261,68.98952869183131
84,66.9813817908432,69.00572039801624
84,66.9824639469416,69.00453200134633
84,67.01661295743253,68.98889220580587
84,66.98326566557596,69.00703060628956
84,66.9805284646255,69.00798477851986
84,67.01333621272525,68.98925499318426
84,67.01535521929765,68.98718860308105
84,67.01155381879859,68.98878626133785
84,66.98405527934356,69.00537458380148
84,66.98292460437722,69.0050711745169
84,67.01420279530846,68.98856960230168
84,66.98280616703626,69.00757227489278
84,66.98100269306856,69.00573900998967
84,66.98240355361793,69.00608730854998
84,66.98205465724007,69.0058711941874
84,66.98220685348765,69.00511729729232
84,67.01460931203671,68.98680126332442
84,66.98404551705667,69.0056689267185
84,66.98205465724007,69.0058711941874
85,67.00838507555093,69.00332238689074
85,67.00616311398618,68.9989077754418
85,67.01065668290846,68.999019103524
85,67.00508388955713,69.00131617148773
85,67.0107549423084,68.99806902410359
85,67.00645125851575,69.00328845065
85,67.00751952402278,69.00310210063077
85,67.00893315926596,69.00023572289582
85,67.0077519034642,69.00395954526061
85,67.00958741755545,68.99741595107479
86,66.9824639469416,69.00453200134633
86,66.97977860867472,69.00715322173376
86,66.98058908473564,69.00532212304618
86,67.01541769550842,68.9890307622307
86,66.98160568041037,69.00463759679059
86,66.98100081831295,69.00516485640898
86,66.98253304494716,69.0048857349494
86,67.01312991857823,68.9903249625683
86,67.01256326971551,68.98965742173426
86,67.01269342691852,68.98753989451315
86,66.98182908387741,69.00804141738573
86,66.98067517795198,69.00494530086736
86,66.98067517795198,69.00494530086736
86,67.01312991857823,68.9903249625683
86,66.980402025295,69.00799957773413
86,67.01369568018995,68.98824231398567
86,66.9804279427643,69.00640862306686
86,67.01611629480976,68.9890482661844
86,66.98043152147233,69.00782271289133
86,66.97902515351817,69.00672326941917
86,66.98332709683342,69.00663801197744
86,67.01438512899743,68.98700080737109
86,67.01155381879859,68.98878626133785
86,66.9804279427643,69.00640862306686
86,67.01312991857823,68.9903249625683
86,66.9835702429573,69.00513534873633
86,66.98253304494716,69.0048857349494
86,67.01132050040171,68.98973142350432
86,67.01438512899743,68.98700080737109
86,67.01362608266739,68.98725203015115
86,67.01155381879859,68.98878626133785
86,66.98178893462858,69.00458211870317
86,67.01682705068387,68.98877510106581
86,66.9793273751079,69.00789914307423
86,66.97924023879568,69.00720355768205
86,66.97944262511557,69.00801409254268
86,67.01438512899743,68.98700080737109
86,66.98280616703626,69.00757227489278
86,67.01570626711695,68.98666836454142
86,67.01464849143483,68.99052208020187
86,67.01369568018995,68.98824231398567
86,67.01634841636772,68.98703262971242
86,67.01221967112185,68.98996244596908
86,66.98111577386632,69.00829939622344
86,66.9812366640413,69.00745165086495
86,66.97924023879568,69.00720355768205
86,67.01682705068387,68.98877510106581
86,67.01398220362815,68.99023917194228
86,67.01297089580139,68.98712001760501
86,67.01623584281475,68.98807993868448
86,66.98237065046683,69.00436342172281
86,67.01535521929765,68.98718860308105
86,66.9814427158239,69.00791610549871
86,67.01460931203671,68.98680126332442
86,66.9814427158239,69.00791610549871
86,67.01671021421801,68.98833905262008
86,67.01314527358907,68.98975314783685
86,67.01314527358907,68.98975314783685
86,66.98006528638302,69.00694873421705
86,67.01235754818353,68.99012382764954
86,66.981587750744,69.00471818997227
86,67.01420279530846,68.98856960230168
86,66.981587750744,69.00471818997227
86,66.9807011648857,69.00679507964011
86,67.01200165741261,68.98952869183131
86,66.98100269306856,69.00573900998967
86,66.98302645622806,69.00806843816524
86,66.97928675020161,69.00808391075465
87,66.98951289638332,68.98706534955275
87,67.01458796681379,68.9868670698534
87,66.97808636298717,69.00647580870593
87,66.97526629603277,68.99821147764389
87,67.01319429461424,69.0059742731041
87,67.017808355789,68.99270058087755
87,66.99248343098913,68.99573817164516
87,67.00574151207476,68.98793726130546
87,67.01036227661767,69.01219148000501
87,66.99888884645067,68.98262841314248
87,67.00316707814835,69.02070735523033
87,66.99955158291166,68.99739752126766
87,66.97923295748306,68.99243391730442
87,67.02166545524199,68.98820896751013
87,66.99468488634449,69.0052492351693
87,67.0063359944813,68.98205632636461
87,67.01619533557596,69.01818412570076
87,66.99215899716356,68.98737712337098
87,67.00574151207476,68.98793726130546
87,66.98639384890721,68.98022379771781
87,66.9920216673802,69.00255280639146
87,66.99044401289096,68.99771492704048
87,67.02226664987553,68.9959357841385
87,67.0010702400575,69.01598337061773
87,66.99441926994763,68.99767481975148
87,67.01420279530846,68.98856960230168
87,66.99448129482141,69.01056694809645
87,66.99973711569446,68.97939594768549
87,66.97591435938907,68.99731943550223
87,66.99893915470915,68.99314172390814
87,67.02123565055132,69.00780370073923
87,66.98535249470436,68.99844902394413
87,67.00615721720611,68.99795771646754
87,66.98971880364503,69.01846488847725
87,67.0010702400575,69.01598337061773
87,66.97917107715207,68.9965487607952
87,66.98326566557596,69.00703060628956
87,67.01070795343612,69.00008364976344
87,67.01073538180377,69.00045448480815
87,66.99044401289096,68.99771492704048
88,66.99800508115891,69.0007901168083
88,66.99908796921729,68.99939005547786
88,66.99989702153889,68.99901143457215
88,66.99775445817289,68.99838344142735
88,66.9966090088762,68.99622788759493
88,66.99709463250014,68.99819653073334
88,66.99883218279858,68.99989334082063
88,66.99697418361121,68.99683881564513
88,66.99772841892464,69.00045792378752
88,66.9995613310316,69.00006122214293
88,66.99689635141203,68.99528100496048
88,66.996562477009,68.99870282930073
88,66.99964763296892,69.00030343564708
88,67.00155450584737,68.99626150383587
88,66.99986712948609,68.9959959171536
88,66.99713362399922,68.99672525172639
88,66.99638607964803,68.99759449220238
88,66.99995096462028,68.9998220146679
88,67.00077123953875,68.9995418180272
88,67.00107719922329,68.99596287339482
88,67.0006034698792,68.99847532359462
88,66.9971464194725,68.99907332397038
88,66.99964763296892,69.00030343564708
88,66.99764307948406,68.99608133948465
88,66.99899059623088,68.99671287395584
88,67.00159037542949,68.99850681671742
88,67.00002434165232,68.99482378014264
88,66.99769997654867,69.0008173035068
88,66.99645745608028,68.99790172321192
88,66.99769997654867,69.0008173035068
88,66.99697418361121,68.99683881564513
88,66.99689635141203,68.99528100496048
88,66.99839077864512,68.9969180152855
88,66.99808561494187,68.99856742315264
88,66.99727979047461,69.00056313048785
88,66.99980877382691,68.99906543907166
88,67.00115572518584,68.9969329462332
88,66.99868067263417,68.99994656761417
88,66.99796587151587,68.99758633777957
88,66.99633476419768,68.99690829371946
88,66.99739081629077,68.99745597811213
88,66.99522423679936,68.99813236057369
88,66.9985340325711,69.00020651317001
88,66.99633476419768,68.99690829371946
88,67.00073518613992,68.99670433650762
88,66.9985227720361,69.00100273291314
88,67.00139609466854,68.9971936542053
88,67.00016381630688,68.99861959473006
88,66.99986712948609,68.9959959171536
88,66.99962514037182,68.99538293880744
88,67.00092660067209,68.99610507740584
88,67.00044685141567,68.99971837372878
88,66.99645815461444,68.99975573900669
88,67.00080644606636,68.99713458065207
88,66.99587107517775,68.99768765907565
88,66.9974903216903,68.99568900881752
88,66.9985340325711,69.00020651317001
88,66.99937447304451,69.0000679561709
88,67.00050078693569,69.00043719596925
88,66.99640891195976,68.99912122441444
88,67.00044295156906,68.99881568580206
88,66.99830463771008,69.00040728612127
88,66.99645873228943,68.99826877088951
88,66.9951705766654,68.9984285459748
88,66.99880388390224,68.99599118187072
88,67.00089054204294,68.99545103031777
88,67.00044295156906,68.99881568580206
88,66.99522423679936,68.99813236057369
88,66.99764775583614,68.99633424839229
88,66.99820340138517,68.99927921731471
88,66.99759550757496,69.00135142162206
88,67.00142658596161,68.99827860780329
88,67.00077123953875,68.9995418180272
88,66.9983502636834,68.99828410186139
88,67.0006034698792,68.99847532359462
88,67.00050883678591,69.00038642245036
88,66.99496625515292,68.99864387643807
88,67.00050078693569,69.00043719596925
88,66.99867114910964,68.99689818278517
88,67.00177637618518,68.9967421804257
88,66.9997145583832,68.99569950944324
88,66.99518548985984,68.99757691058947
88,66.99654172072741,69.00002577875159
88,66.99638645163878,69.00082852064597
88,67.00050883678591,69.00038642245036
88,66.9970589186447,68.99775263828846
88,67.00058567505295,68.9968236255472
88,66.99676693163902,68.99613217859861
89,67.01315719345135,68.98969587910308
89,66.98021647487171,69.00577637555179
89,66.98310368419021,69.00561129117571
89,66.97969195632383,69.00730327725323
89,66.98016808522397,69.00607435143824
89,67.01354128671328,68.98730785903776
89,66.98137096063567,69.00626852362193
89,66.98134963287099,69.00841952068895
89,66.98101158481053,69.00786082027038
89,67.01593347556326,68.9893560036699
89,67.01611629480976,68.9890482661844
89,67.01634841636772,68.98703262971242
89,66.981587750744,69.00471818997227
89,67.01155381879859,68.98878626133785
89,66.98041933844159,69.00788964665226
89,66.98155424023047,69.00813398728603
89,66.9812366640413,69.00745165086495
89,66.9831774902824,69.00580253270967
89,67.01132050040171,68.98973142350432
89,66.98021647487171,69.00577637555179
89,66.98182908387741,69.00804141738573
89,67.01671021421801,68.98833905262008
89,66.98223318912773,69.0067082730261
89,67.01155381879859,68.98878626133785
89,66.98036096244475,69.00783333597424
89,66.9813817908432,69.00572039801624
89,66.9821650924398,69.00699795605865
89,67.01570626711695,68.98666836454142
89,67.01362608266739,68.98725203015115
89,67.01151347793677,68.98982854897194
89,66.98176304807173,69.00635199839026
89,67.0129770343979,68.98834704833365
89,67.0156430811891,68.98864746199682
89,66.98182908387741,69.00804141738573
89,67.01562886910548,68.9883209178566
89,67.01593347556326,68.9893560036699
89,67.01570626711695,68.98666836454142
89,66.98223318912773,69.0067082730261
89,66.98147724255482,69.00878783269404
89,67.01392935038541,68.98721433099988
89,66.98182908387741,69.00804141738573
89,67.01650990036799,68.98771594300304
89,67.01278701115008,68.98851293079083
89,66.98404551705667,69.0056689267185
89,66.97928675020161,69.00808391075465
89,66.98137096063567,69.00626852362193
89,66.9807011648857,69.00679507964011
89,67.01398220362815,68.99023917194228
89,66.98147724255482,69.00878783269404
89,66.9807011648857,69.00679507964011
89,67.01253636755273,68.99048503650329
89,67.0129770343979,68.98834704833365
89,66.98412103901441,69.00704532571694
89,66.98212586030078,69.00467280885321
89,67.01235916583107,68.98803920563601
89,66.98178893462858,69.00458211870317
89,67.01611629480976,68.9890482661844
89,66.98212586030078,69.00467280885321
89,67.01282347680632,68.99100349855752
89,66.98021647487171,69.00577637555179
89,66.98182908387741,69.00804141738573
89,66.98302645622806,69.00806843816524
89,67.01541769550842,68.9890307622307
89,67.01650990036799,68.98771594300304
89,66.98293235503071,69.00433189888815
89,67.01235916583107,68.98803920563601
89,66.98262793512768,69.00711127573739
89,66.9805284646255,69.00798477851986
89,67.01318504225269,68.98697113814144
89,66.98332709683342,69.00663801197744
89,67.01235754818353,68.99012382764954
89,67.01151347793677,68.98982854897194
89,67.01254297959748,68.99052072830882
89,66.98155424023047,69.00813398728603
89,67.01254990229084,68.98794053856456
89,66.98277028980145,69.00531109506873
89,66.98292460437722,69.0050711745169
89,67.01253636755273,68.99048503650329
89,67.01155381879859,68.98878626133785
89,66.98253304494716,69.0048857349494
89,66.98237885696238,69.00444866665165
89,67.01132050040171,68.98973142350432
89,67.01312991857823,68.9903249625683
89,67.01278701115008,68.98851293079083
89,67.0153986116091,68.98916866681468
89,66.9835702429573,69.00513534873633
89,66.98264886318093,69.00818691787093
89,66.98160568041037,69.00463759679059
89,66.98176304807173,69.00635199839026
89,67.01318504225269,68.98697113814144
89,67.01269342691852,68.98753989451315
89,66.98317333631478,69.0081259486318
89,67.01661295743253,68.98889220580587
89,66.98041933844159,69.00788964665226
89,67.01701042025978,68.98846320305331
89,66.98242371833322,69.00720119229682
89,66.9807011648857,69.00679507964011
89,66.981587750744,69.00471818997227
89,66.98122373236117,69.00479219503613
89,67.01562886910548,68.9883209178566
89,66.98380584612158,69.00741085583577
89,67.01671021421801,68.98833905262008
89,67.01623584281475,68.98807993868448
89,66.98056804855817,69.00878999860777
89,67.01438512899743,68.98700080737109
89,67.01362608266739,68.98725203015115
89,66.98030843168654,69.00617997115175
89,67.01650990036799,68.98771594300304
89,67.0163359164094,68.98702910665142
89,66.98134963287099,69.00841952068895
89,66.98016808522397,69.00607435143824
89,66.98412103901441,69.00704532571694
89,66.98212586030078,69.00467280885321
89,67.01377957027118,68.98797452489131
89,66.98176304807173,69.00635199839026
89,67.01570626711695,68.98666836454142
90,67.01495085451272,69.00683737990254
90,67.01655368074805,69.00960881158012
90,67.01551395912793,69.00885884003877
90,67.01306607520141,69.01292850802221
90,67.0177750061662,69.01073493033603
90,67.01396316726446,69.01274194367232
90,67.01347461754504,69.0124478229417
90,67.01671945488225,69.00959206346037
90,67.01540669053192,69.01103181421588
90,67.01765485714006,69.01118975967731
90,67.0155160521586,69.00903772358252
90,67.01621027007668,69.0107996571395
90,67.01630012451064,69.0089623524897
90,67.01697922321566,69.01058038368703
90,67.01714458121039,69.0097113205804
90,67.0164778908043,69.00808284559666
90,67.0176600397804,69.01167917756474
90,67.01704797468352,69.01002529106027
90,67.01627206216777,69.00943781352457
90,67.01105960120674,69.00880346160099
90,67.01511494465113,69.01333520677132
90,67.01199102686861,69.00877662769665
90,67.01546400800996,69.01013742222787
90,67.01345803639181,69.00892820226213
90,67.01702380005389,69.00845708872812
90,67.01134521118597,69.00874776086417
90,67.01228447152367,69.00729337917888
90,67.01251977426418,69.01000949349212
90,67.01396316726446,69.01274194367232
90,67.01238384254229,69.01055468409093
90,67.01203691329248,69.00988861136157
90,67.01775105065968,69.01029441303811
90,67.016108048739,69.01098605361025
90,67.01430409895592,69.01297344412514
90,67.0176600397804,69.01167917756474
90,67.01640179302481,69.01026741763027
90,67.01556345807643,69.01108856703743
90,67.01424549215378,69.01353506030289
90,67.01554644084254,69.00814421816253
90,67.01590791523626,69.00728849054373
90,67.01280487265407,69.00893552438497
90,67.01765485714006,69.01118975967731
90,67.01347736520535,69.01093378448067
90,67.018026381635,69.00868768296861
90,67.01507778835831,69.01139983828021
90,67.0139141814322,69.01080760919561
90,67.01430409895592,69.01297344412514
90,67.01810112038686,69.0091719977822
90,67.01340892072643,69.00655417137304
90,67.01364050171411,69.0066140055255
90,67.01655368074805,69.00960881158012
90,67.01183093621286,69.01107296840156
90,67.01173056690595,69.00872142776018
90,67.01431185908258,69.00859231129257
90,67.01511494465113,69.01333520677132
90,67.01310877312265,69.00940446752081
90,67.01383301038298,69.0128920929606
90,67.01439878078808,69.01320183543142
90,67.01270149912945,69.01072327290811
90,67.01144330871965,69.00863781203624
90,67.01534508815315,69.0070247836549
90,67.0157041423063,69.0104794229108
90,67.01251977426418,69.01000949349212
90,67.01439993441265,69.01223180920896
90,67.014337056107,69.00760572576556
90,67.01557261577368,69.00775400830229
90,67.0139141814322,69.01080760919561
90,67.01431185908258,69.00859231129257
90,67.0168603789984,69.01229639922158
90,67.01307023986136,69.0102890870491
90,67.01193769883851,69.0122685109363
90,67.01742847729177,69.01066958384133
90,67.01187082284646,69.0085764502027
90,67.0168603789984,69.01229639922158
90,67.01251977426418,69.01000949349212
90,67.01515358255178,69.012426627455
90,67.0177750061662,69.01073493033603
90,67.01306607520141,69.01292850802221
90,67.01251264571549,69.00692801606449
90,67.01515358255178,69.012426627455
90,67.01438391401183,69.00930259315344
90,67.0170677123042,69.01066366048812
90,67.01631425580499,69.01114982743933
90,67.01778070744,69.0082192856318
90,67.01704797468352,69.01002529106027
90,67.01546400800996,69.01013742222787
90,67.01340099592731,69.00966785728313
90,67.01380932301619,69.01077562124223
90,67.01698979084537,69.01075342512267
90,67.01449843983576,69.01259520587084
90,67.01340892072643,69.00655417137304
90,67.01691392856281,69.00903447162567
90,67.01808702383103,69.01047137103417
90,67.010732395887,69.00928518300812
90,67.01650398003375,69.00841908658799
90,67.01748584018459,69.0121345897802
91,67.00365307555137,68.9947571832529
91,67.00530043416137,68.99057593215764
91,67.0054845430881,68.99093208225032
91,67.0017168137505,68.9927469727672
91,67.00203150637007,68.9916808266473
91,67.00503230294186,68.99061099877505
91,67.00732248637384,68.9912585048139
91,67.0027794597202,68.9923778161214
91,67.0017168137505,68.9927469727672
91,67.00527823040585,68.99388133094997
91,67.00244650033662,68.99244750919888
91,67.0065150249342,68.99604540649985
91,67.00779404888605,68.992169779606
91,67.00339084314889,68.99642428778549
91,67.00512429610012,68.99274586811073
91,67.00271612998907,68.99131506055792
91,67.00503230294186,68.99061099877505
91,67.0043299134501,68.99152668534434
91,67.00421582601291,68.9933340407551
91,67.00529478924285,68.99186180278404
91,67.00493584159625,68.99362697762493
91,67.00401005594584,68.99364454334484
91,67.00718019605401,68.99225715327046
91,67.00608324642606,68.99218848529219
91,67.00271612998907,68.99131506055792
91,67.00328717590759,68.99196535717886
91,67.00206305573947,68.99527509443271
91,67.00328717590759,68.99196535717886
91,67.00411448613936,68.99452894170975
91,67.0053273347039,68.99327909523434
91,67.00173763955794,68.9916182522465
91,67.00605713639295,68.99458137864059
91,67.0018605671005,68.9924098206121
91,67.00739698054164,68.99459249414276
91,67.00512429610012,68.99274586811073
91,67.0051999628832,68.9909469529856
91,67.00380037433582,68.99491703055327
91,67.00489174333174,68.99161651677768
91,67.00173763955794,68.9916182522465
91,67.00640690777179,68.99170437363681
91,67.00650891009246,68.99447185756512
91,67.00411448613936,68.99452894170975
91,67.00297359403822,68.99512842692147
91,67.00627185942773,68.9959275640959
91,67.00568712551181,68.99110097343974
91,67.00737922434593,68.99470759536825
91,67.00533706608877,68.99029796287755
91,67.00511052402695,68.9909429105119
91,67.00677887819953,68.99159153505789
91,67.00683408907685,68.99087792151934
91,67.00362994147707,68.99561432211804
91,67.00417248789552,68.9964328114332
91,67.00204992504395,68.99184825029903
91,67.00262643058302,68.99456172462224
91,67.006752848296,68.99199589626798
91,67.00608324642606,68.99218848529219
91,67.00347115691383,68.99608642468246
91,67.00378151550838,68.9955705878027
91,67.0018605671005,68.9924098206121
91,67.00433400245912,68.991255118009
91,67.00493928122562,68.99641539200812
91,67.00355788901636,68.99160301384306
91,67.00532298772191,68.99016443508411
91,67.00482405872302,68.99113442771008
91,67.00438464165813,68.99203031555705
91,67.00721517575322,68.99414438827299
91,67.00380037433582,68.99491703055327
91,67.0043470111403,68.99278390235648
91,67.00585594149116,68.99177978027237
91,67.00653830062579,68.9932889072017
91,67.00511052402695,68.9909429105119
91,67.00605713639295,68.99458137864059
91,67.00555314016849,68.99435573961115
91,67.00212404474014,68.99353703389878
91,67.00336603509142,68.99091665426491
91,67.00737922434593,68.99470759536825
91,67.00674080808936,68.99511918145518
91,67.00438464165813,68.99203031555705
91,67.00526632015305,68.99030653339945
91,67.00538431492585,68.9925776778698
91,67.00382460570975,68.99613964872005
91,67.0027794597202,68.9923778161214
91,67.0043299134501,68.99152668534434
91,67.00422407416474,68.99555312350267
91,67.00718019605401,68.99225715327046
91,67.00363303568378,68.99318450730695
91,67.00411693235496,68.99091554604453
91,67.00262427561226,68.99182946350498
91,67.00358491760147,68.99053965025767
91,67.00466388549894,68.9916620373519
91,67.00486440631144,68.9963564102355
91,67.00401005594584,68.99364454334484
91,67.00411448613936,68.99452894170975
91,67.00421987805332,68.99216699781839
91,67.00203150637007,68.9916808266473
91,67.0060212058427,68.99058792234594
91,67.00805009806611,68.99393268061887
91,67.00548512243827,68.99583427895854
91,67.00243970402659,68.99425354318461
91,67.00357726074968,68.99228850615467
91,67.00384773343299,68.9901404872311
91,67.00355788901636,68.99160301384306
91,67.00202959591775,68.9925778266878
91,67.00626983232962,68.99512886277145
91,67.00308138838801,68.99275422495084
91,67.0040756165868,68.9908318221739
91,67.0017168137505,68.9927469727672
91,67.00750575362238,68.99291543833084
91,67.00329893363714,68.99579462096295
91,67.00511052402695,68.9909429105119
91,67.00171150616745,68.99304093706424
91,67.00173043124335,68.99266071129315
91,67.00739698054164,68.99459249414276
91,67.00363303568378,68.99318450730695
91,67.00297359403822,68.99512842692147
91,67.00399872549734,68.99071177857265
91,67.00683408907685,68.99087792151934
91,67.00282599252105,68.99473401523848
91,67.00646044436628,68.99474481434463
91,67.00363597528843,68.99394153295692
91,67.00446468403779,68.99644667674892
91,67.00677751245745,68.99260667215933
92,66.9982602259979,68.9809108390513
92,66.99139853067858,68.98173987792954
92,67.00074932415787,68.98441065271739
92,66.97917107715207,68.9965487607952
92,66.99031058297687,68.9813707351785
92,67.02048267432308,69.01277553202644
92,66.9920216673802,69.00255280639146
92,66.99606517093193,69.01767399457061
92,67.00074932415787,68.98441065271739
92,66.98951289638332,68.98706534955275
92,67.00104112590341,69.02444508575454
92,67.02123565055132,69.00780370073923
92,66.98811020890514,68.99188990552629
92,66.99248343098913,68.99573817164516
92,66.99044401289096,68.99771492704048
92,66.97723944707423,69.01024966283107
92,67.01038000705364,69.01924214023492
92,67.01319429461424,69.0059742731041
92,66.99782840330187,68.98017581527125
92,66.98489996909552,69.01018054673142
92,67.00105460404252,68.97668152952248
92,67.00826210431934,68.98206047817634
92,66.98727747564749,68.99340721793929
92,66.99031058297687,68.9813707351785
92,66.9917847803346,68.98492605329409
92,66.9793273751079,69.00789914307423
92,67.01668607039305,68.99105245031194
92,67.00835291678766,69.0098534051212
92,66.99138452324105,68.9924698494798
92,66.98326566557596,69.00703060628956
92,67.00454527526323,68.98216625845282
92,66.9793273751079,69.00789914307423
92,67.01750172159157,68.99237245241027
92,66.97923295748306,68.99243391730442
92,66.98553114123409,68.98267787704549
92,66.98507201751059,68.9824895654354
92,67.00907825662074,68.993138184192
92,66.99257658281222,69.01417628499877
92,66.97923295748306,68.99243391730442
92,66.97808636298717,69.00647580870593
92,67.00826210431934,68.98206047817634
92,67.01458796681379,68.9868670698534
92,67.00957040013326,68.9886238897416
92,66.98406710095989,69.01379162377872
92,66.9951661557206,69.01838167514471
92,66.97891213203805,69.00363221266757
92,67.02272714111663,68.99426978735215
92,66.99656315378148,69.00511934397508
92,67.00835291678766,69.0098534051212
92,67.01420279530846,68.98856960230168
92,67.01145953905274,68.98992383967799
92,67.01885609914731,68.99439048296324
92,67.00017198479186,68.98406358427016
92,67.00381077827797,68.99023493281891
92,66.98958302113171,68.9892287890727
92,67.00835291678766,69.0098534051212
92,67.0116876319563,68.9934500288582
92,67.017808355789,68.99270058087755
92,67.01971885807887,69.00462673959456
92,67.01073733181231,68.979371835599
92,66.9961142615932,68.98114895862005
92,66.97808636298717,69.00647580870593
92,67.01475084373352,68.99493472526873
92,67.01038000705364,69.01924214023492
92,66.99945804388167,69.01708169247688
92,67.01573230844379,68.98315724368207
92,66.97980718414192,69.01077794448351
92,67.00017198479186,68.98406358427016
92,66.98743056078466,69.01542089610665
92,67.00105460404252,68.97668152952248
92,66.99588679009129,68.97577380941502
92,67.02226664987553,68.9959357841385
92,66.99215899716356,68.98737712337098
92,66.99555265460393,69.01115824558038
92,66.98951289638332,68.98706534955275
92,66.97923295748306,68.99243391730442
92,67.01021060524752,69.00400769437937
92,67.0241824318232,68.99939805940437
92,66.98406710095989,69.01379162377872
92,67.02048267432308,69.01277553202644
92,66.98980603894192,69.00970732941025
92,67.00835291678766,69.0098534051212
92,66.97728072845496,69.00419947799594
92,66.98727747564749,68.99340721793929
92,66.98908166892745,68.99979093239014
92,67.00322452390958,69.02344420277909
92,66.99955255679588,69.01351833289647
92,67.01088349704025,68.98288452441744
92,66.98971880364503,69.01846488847725
92,66.99820737113218,68.9752592960597
92,66.99790410301368,68.98370140216791
92,66.99031058297687,68.9813707351785
92,66.98489996909552,69.01018054673142
92,67.00579813776196,69.01980383027599
92,66.98908166892745,68.99979093239014
92,66.99456458538316,68.98661694248065
92,67.01772501316134,68.99039367662262
92,67.00571504571673,69.00340976658923
92,67.00605242767998,69.01058935885786
92,66.98958302113171,68.9892287890727
92,66.98719504885673,68.99984810694662
92,67.00617557630238,69.00875457933954
92,66.99955158291166,68.99739752126766
92,66.99606517093193,69.01767399457061
92,67.00605242767998,69.01058935885786
92,66.99775445817289,68.99838344142735
93,67.00503230294186,68.99061099877505
93,67.00203150637007,68.9916808266473
93,67.0068484373888,68.99271592658215
93,67.00363597528843,68.99394153295692
93,67.00417248789552,68.9964328114332
93,67.00421582601291,68.9933340407551
93,67.00286120481,68.99483650723742
93,67.00380037433582,68.99491703055327
93,67.0027794597202,68.9923778161214
93,67.00679619942042,68.99315517810604
93,67.00400847528559,68.99657596447331
93,67.00617082143933,68.99226079201473
93,67.0055456833182,68.99109634386306
93,67.00212404474014,68.99353703389878
93,67.00271459111757,68.9931332795782
93,67.00554805565241,68.99012551176173
93,67.00650891009246,68.99447185756512
93,67.00401619601037,68.9953849251451
93,67.00204992504395,68.99184825029903
93,67.00401005594584,68.99364454334484
93,67.0040756165868,68.9908318221739
93,67.00773192443465,68.99299966352618
93,67.00555314016849,68.99435573961115
93,67.0043234374929,68.99561232997901
93,67.00773192443465,68.99299966352618
93,67.00478004008754,68.99562898242826
93,67.00721517575322,68.99414438827299
93,67.00433400245912,68.991255118009
93,67.00534156420115,68.99396302805167
93,67.00572385864879,68.99102440535246
93,67.00664298940232,68.99309489286276
93,67.00721517575322,68.99414438827299
93,67.00474403091953,68.99102780928038
93,67.00524100506011,68.99169172643522
93,67.00329893363714,68.99579462096295
93,67.00605713639295,68.99458137864059
93,67.00732248637384,68.9912585048139
93,67.00446468403779,68.99644667674892
93,67.00503230294186,68.99061099877505
93,67.00526632015305,68.99030653339945
93,67.00805009806611,68.99393268061887
93,67.00173763955794,68.9916182522465
93,67.00608324642606,68.99218848529219
93,67.00206305573947,68.99527509443271
93,67.00341049855285,68.99515478322853
93,67.00595918061859,68.9922569017736
93,67.00345466236533,68.9953085068619
93,67.00196523399593,68.994173148353
93,67.0060212058427,68.99058792234594
93,67.00297359403822,68.99512842692147
93,67.00585594149116,68.99177978027237
93,67.0058200071006,68.99535037184184
93,67.00445329960237,68.99030945085872
93,67.00568712551181,68.99110097343974
93,67.00555314016849,68.99435573961115
93,67.006752848296,68.99199589626798
93,67.00623637513812,68.99591471079218
93,67.0043299134501,68.99152668534434
93,67.00196523399593,68.994173148353
93,67.00653108899185,68.99447551475959
93,67.002793221112,68.99164693997339
93,67.00534156420115,68.99396302805167
93,67.00298152596531,68.99321082818318
93,67.00150646401431,68.99375300292799
93,67.00437201357691,68.9905386047884
93,67.00410339137966,68.99271050913153
93,67.00672543016937,68.99267189270816
93,67.00327100816195,68.99305818767576
93,67.00564160502316,68.99473135487865
93,67.00446468403779,68.99644667674892
93,67.00335798241863,68.99224588178917
93,67.00568712551181,68.99110097343974
93,67.00467613395817,68.99376104671967
93,67.00345466236533,68.9953085068619
93,67.00382460570975,68.99613964872005
93,67.00363303568378,68.99318450730695
93,67.00323276316045,68.99285762288594
93,67.00440633102879,68.99611776385497
93,67.00774046994835,68.99296544108029
93,67.00555314016849,68.99435573961115
93,67.00672543016937,68.99267189270816
93,67.00290632022147,68.99379785832889
93,67.00330718487807,68.99625520172343
93,67.00595918061859,68.9922569017736
93,67.00196523399593,68.994173148353
93,67.00401005594584,68.99364454334484
93,67.00422407416474,68.99555312350267
93,67.00552431278969,68.99554745451512
93,67.0027794597202,68.9923778161214
93,67.0058200071006,68.99535037184184
93,67.00337638865966,68.99419126888215
93,67.00297359403822,68.99512842692147
93,67.00548512243827,68.99583427895854
93,67.00457148200114,68.99011704337028
93,67.00323276316045,68.99285762288594
93,67.00476080504372,68.99532866259487
93,67.00493928122562,68.99641539200812
93,67.00282599252105,68.99473401523848
93,67.0033520916704,68.99639155483253
93,67.00411448613936,68.99452894170975
94,66.98145069317204,69.00438805788463
94,66.98187773953835,69.00535672429717
94,67.01297089580139,68.98712001760501
94,66.98041933844159,69.00788964665226
94,67.01650990036799,68.98771594300304
94,66.97960814014317,69.00859841830656
94,67.01392935038541,68.98721433099988
94,66.98237065046683,69.00436342172281
94,66.98256335476928,69.00563616834948
94,66.98021889561029,69.00636561514388
94,66.97944262511557,69.00801409254268
94,67.0163359164094,68.98702910665142
94,66.98309693512469,69.00676599030997
94,66.98008409653883,69.00748836475961
94,66.98403039141733,69.00548780858459
94,66.9814427158239,69.00791610549871
94,66.98030843168654,69.00617997115175
94,66.98043152147233,69.00782271289133
94,66.98111577386632,69.00829939622344
94,67.0163359164094,68.98702910665142
94,66.98253304494716,69.0048857349494
94,66.97960814014317,69.00859841830656
94,66.9804279427643,69.00640862306686
94,66.9814427158239,69.00791610549871
94,66.98134963287099,69.00841952068895
94,67.01701628495516,68.98834057634822
94,66.98405527934356,69.00537458380148
94,67.01467945804875,68.988023340734
94,66.98100081831295,69.00516485640898
94,66.98289437458982,69.00528459099603
94,67.01586013544028,68.9900350097076
94,66.98223318912773,69.0067082730261
94,66.98069520169588,69.00478554318269
94,66.98380584612158,69.00741085583577
94,66.98225170861208,69.00511500738334
94,66.98097986031486,69.00821216892894
94,66.98212586030078,69.00467280885321
94,66.98446031109067,69.00566252766392
94,66.98134963287099,69.00841952068895
94,67.01223197354187,68.98861776155506
94,66.98045501734897,69.00867385329441
94,67.01230506774337,68.99071810942101
94,67.01221967112185,68.98996244596908
94,67.01221967112185,68.98996244596908
94,66.98205465724007,69.0058711941874
94,66.9814427158239,69.00791610549871
94,66.98418970748439,69.00626825677598
94,66.98288326116592,69.00817899043108
94,67.01298863326124,68.98858700018928
94,66.98280616703626,69.00757227489278
94,66.98021889561029,69.00636561514388
94,66.98198275143687,69.00473325336051
94,66.98309693512469,69.00676599030997
94,66.98288326116592,69.00817899043108
94,66.9807011648857,69.00679507964011
94,66.98021647487171,69.00577637555179
94,67.01650990036799,68.98771594300304
94,66.98137096063567,69.00626852362193
94,66.98030843168654,69.00617997115175
94,66.9807011648857,69.00679507964011
94,67.01458796681379,68.9868670698534
94,66.98215007963198,69.00794749007575
94,66.98101158481053,69.00786082027038
94,66.9794202304373,69.00734127791655
94,67.0129770343979,68.98834704833365
94,66.98109971540352,69.00783186231696
94,66.97960814014317,69.00859841830656
94,66.98418970748439,69.00626825677598
94,66.98036189854503,69.00595785218977
94,67.01664238101515,68.98777632576363
94,67.01297089580139,68.98712001760501
94,67.01362608266739,68.98725203015115
94,66.97951156361565,69.00601292759079
94,67.01321105442715,68.98775604410397
94,67.01458796681379,68.9868670698534
94,66.97969195632383,69.00730327725323
94,66.98122373236117,69.00479219503613
94,67.01354128671328,68.98730785903776
94,66.98021889561029,69.00636561514388
94,66.98237885696238,69.00444866665165
94,66.97977860867472,69.00715322173376
94,66.98302645622806,69.00806843816524
94,67.01335959529202,68.9894826283873
94,67.01420279530846,68.98856960230168
94,66.97964736138182,69.0083626774279
94,67.01464849143483,68.99052208020187
94,66.98398082983259,69.00573092458716
94,66.98223318912773,69.0067082730261
94,67.01227016435895,68.98833490041207
94,67.01314527358907,68.98975314783685
94,67.01701042025978,68.98846320305331
94,66.98256335476928,69.00563616834948
94,67.0148720067673,68.98924967656218
94,66.98223318912773,69.0067082730261
94,66.98101158481053,69.00786082027038
94,66.98404551705667,69.0056689267185
94,67.01185066405473,68.99076375653361
94,66.98041933844159,69.00788964665226
94,66.98100081831295,69.00516485640898
94,66.98237529572455,69.00538024115295
94,67.01664238101515,68.98777632576363
94,66.98326566557596,69.00703060628956
94,67.01701042025978,68.98846320305331
94,67.01227016435895,68.98833490041207
94,67.01701042025978,68.98846320305331
94,66.97928675020161,69.00808391075465
94,67.01155381879859,68.98878626133785
94,67.01254990229084,68.98794053856456
94,67.01460931203671,68.98680126332442
95,67.00175983137177,69.00773379902509
95,67.00240004268107,69.0103792628924
95,67.00536210650833,69.01092094169421
95,67.0001429910573,69.01008472883004
95,67.00614613350244,69.00873138294253
95,67.00579235560826,69.00824517672682
95,67.0062807857539,69.01020584826215
95,67.00428089853094,69.00842229165676
95,67.00709167592068,69.00797673471152
95,67.00087800141422,69.00720919210598
95,67.00208529499493,69.00696423959347
95,67.00614613350244,69.00873138294253
95,67.00208529499493,69.00696423959347
95,67.00564725515699,69.00927123903018
95,67.00372596305125,69.01031883996812
95,67.00456364415348,69.0069747716718
95,67.00342193720405,69.00654590693145
95,67.00430139263132,69.00914722286788
95,67.00034616934965,69.00849088181293
95,67.00455156545729,69.01003715274001
95,67.00569317332173,69.01132799097047
95,67.00127480329296,69.01038755238052
95,67.00210823936818,69.00720309298467
95,67.00466289368897,69.00639006875183
95,67.00524674917459,69.01027143852178
95,67.00618248417356,69.00909340962704
95,67.00084187371148,69.01054761179503
95,67.00238429730838,69.00760923121744
95,67.00554487205515,69.01125677055467
95,67.0021398675223,69.0100495827121
95,67.00087800141422,69.00720919210598
95,67.00083795671496,69.01075079306122
95,67.00132529681792,69.00894177334446
95,67.00540137098788,69.0086128976235
95,67.00392421590765,69.0112061542992
95,67.00229226223861,69.01034279020297
95,67.00186668117077,69.01190949560764
95,67.00593076406152,69.00904997614161
95,67.0010606060926,69.0097943519566
95,67.00246516923936,69.0079339226567
95,67.0025417013123,69.01057935851138
95,67.00651991564848,69.0106434983329
95,67.00277945511226,69.00815463410545
95,67.00085872722224,69.0081078017218
95,67.00336700240221,69.00691248624797
95,67.00618248417356,69.00909340962704
95,67.00210823936818,69.00720309298467
95,67.00487975320559,69.00796342648405
95,67.00131462460959,69.00745797080539
95,67.00384887799059,69.00746122730384
95,67.00170961880629,69.01009159788445
95,67.00364868086825,69.00750758145566
95,67.00582361114581,69.00891493371611
95,67.00462689991436,69.00734441969809
95,67.00389987595061,69.00795712286458
95,67.00132529681792,69.00894177334446
95,67.0025417013123,69.01057935851138
95,67.00555838729235,69.01115284413622
95,67.00232873485317,69.01155489537383
95,67.00208529499493,69.00696423959347
95,67.00319392640426,69.0092256211174
95,67.00064496214658,69.00738173658027
95,67.0046184807817,69.01089426798376
95,67.00483770594244,69.0114815460435
95,67.00673131218079,69.00761078174754
95,67.00458372797853,69.00617547639064
95,67.0010606060926,69.0097943519566
95,67.00389987595061,69.00795712286458
95,67.00552891912538,69.00930711953265
95,67.00651991564848,69.0106434983329
95,67.00460971980978,69.01124306504123
95,67.00257546457628,69.00813949470904
95,67.00277324926584,69.00910433900548
95,67.00412825016836,69.00780258959375
95,67.00132257773265,69.00784434493704
95,67.0043745111261,69.0064916883169
95,67.0010606060926,69.0097943519566
95,67.0016560424012,69.00905476895056
95,67.0016560424012,69.00905476895056
95,67.004448180431,69.00976281549481
95,67.00384887799059,69.00746122730384
95,67.00271162805853,69.00981308037991
95,67.00132529681792,69.00894177334446
95,67.00421370764707,69.00912054686142
95,67.00215085635853,69.00917987669675
95,67.00161446221529,69.00655062540156
95,67.00215085635853,69.00917987669675
95,67.00246516923936,69.0079339226567
95,67.00242371444979,69.00746998779046
95,67.0029085363224,69.01212018787237
95,67.00024374838625,69.00797396662887
95,67.0067911977117,69.00826496463299
95,67.00436536177823,69.01008418840863
95,67.00621540772545,69.00871807356232
95,67.00085872722224,69.0081078017218
95,67.00142934339841,69.01141956704058
95,67.00085872722224,69.0081078017218
95,67.00412781387905,69.0059669298047
96,67.0102164116709,69.0067803808212
96,67.01015129703379,69.0044392571856
96,67.01140953210279,69.00861899651434
96,67.01142956074419,69.0084239383034
96,67.01530550976804,69.0050289096312
96,67.01225447250748,69.00636758051097
96,67.01206391198136,69.00329921753473
96,67.01199175826945,69.0042747132861
96,67.0143776634422,69.00914868878041
96,67.01053294435054,69.00576464171002
96,67.0143776634422,69.00914868878041
96,67.01396195189176,69.00425881761693
96,67.01184077006327,69.00716588788448
96,67.01198281726545,69.00426656351252
97,67.01187082284646,69.0085764502027
97,67.01053294435054,69.00576464171002
97,67.00947023222797,69.00813359840153
97,67.01145829235391,69.00602112566048
97,67.01205100900876,69.00892323086566
97,67.00758227133494,69.00727796543748
97,67.01187082284646,69.0085764502027
97,67.00905160118242,69.00767902480779
97,67.00876146348372,69.00500531440902
97,67.00906261497322,69.00986467306181
97,67.01142956074419,69.0084239383034
97,67.01346103455359,69.00543052548065
97,67.01035914476117,69.00550440393428
97,67.00966558058286,69.00750039184759
97,67.00956688011082,69.00391163484962
97,67.010053232749,69.00787496818101
97,67.0118710659649,69.00678505376298
97,67.01199175826945,69.0042747132861
97,67.01009332871945,69.00638725422678
97,67.01364050171411,69.0066140055255
97,67.01161742510111,69.00793980488203
97,67.01189738645054,69.00458757070022
97,67.01275657204317,69.00408455682626
97,67.00758227133494,69.00727796543748
97,67.01251264571549,69.00692801606449
97,67.01142956074419,69.0084239383034
97,67.00740826382923,69.00540777519139
97,67.01187082284646,69.0085764502027
97,67.01062690117627,69.00428780699532
97,67.0107362590799,69.00885457219687
97,67.0125955356781,69.00370567068484
97,67.01057857416485,69.00971307138357
97,67.00982195562673,69.00928070991513
97,67.00928739295453,69.00895029324052
97,67.00935239111863,69.00820655080716
97,67.01160909443396,69.00422183719459
97,67.00871067014259,69.00630600313752
97,67.01057925524113,69.00825102047375
97,67.01173056690595,69.00872142776018
97,67.00968886821718,69.00673897916249
97,67.00871067014259,69.00630600313752
97,67.01225447250748,69.00636758051097
97,67.00780765033194,69.00600733055437
97,67.01199175826945,69.0042747132861
97,67.01276677351818,69.00415636811964
97,67.00988502290278,69.00986235805182
97,67.01199175826945,69.0042747132861
97,67.01376714698286,69.00559768149597
97,67.01105960120674,69.00880346160099
98,66.98995247967689,69.01409428179703
98,66.97569980843275,68.99711507684981
98,66.98535249470436,68.99844902394413
98,66.98639384890721,68.98022379771781
98,66.98092671395075,68.98722378279287
98,66.98308656560867,69.00849801556488
98,67.0053273347039,68.99327909523434
98,67.01088349704025,68.98288452441744
98,67.02118822804029,68.9943878697869
98,66.98727747564749,68.99340721793929
98,67.0241824318232,68.99939805940437
98,66.99138452324105,68.9924698494798
98,66.97591435938907,68.99731943550223
98,67.01971885807887,69.00462673959456
98,66.99284694512741,69.01744017244174
98,67.01088349704025,68.98288452441744
98,66.97884521377905,69.00106220628346
98,66.98256572927033,69.00043653392873
98,66.98535249470436,68.99844902394413
98,67.00817110078795,68.9915303791956
98,67.017808355789,68.99270058087755
98,67.00271442256185,69.01991111916253
98,67.00826210431934,68.98206047817634
98,67.00858214022729,68.98339325555223
98,67.00316707814835,69.02070735523033
98,66.98308656560867,69.00849801556488
98,67.02118822804029,68.9943878697869
98,66.97980718414192,69.01077794448351
98,66.99656315378148,69.00511934397508
98,67.00826210431934,68.98206047817634
98,67.01138259878111,69.01006728690649
98,67.00104112590341,69.02444508575454
98,67.02402796209844,68.99645280260117
98,66.98450693425983,69.01932881740595
98,67.0063359944813,68.98205632636461
98,66.99016180077184,69.0175627748135
98,67.01070795343612,69.00008364976344
98,67.01073538180377,69.00045448480815
98,66.99955158291166,68.99739752126766
98,67.00571504571673,69.00340976658923
98,66.98811020890514,68.99188990552629
98,67.00574151207476,68.98793726130546
98,67.01036227661767,69.01219148000501
98,67.00014304470014,69.0149067486144
98,67.01449407606184,68.98151735166417
98,66.99782840330187,68.98017581527125
98,66.99588679009129,68.97577380941502
98,66.99896708215923,69.01175435142437
98,66.98719504885673,68.99984810694662
98,67.01894085396755,68.9912849703136
98,67.0024773970947,68.99449236439735
98,67.00858214022729,68.98339325555223
98,66.97526629603277,68.99821147764389
98,66.99775445817289,68.99838344142735
98,66.9793273751079,69.00789914307423
98,67.00808956947716,68.98274882578298
98,67.00890412619597,68.99794941198554
98,67.00808956947716,68.98274882578298
98,67.00731172786732,68.97816785642907
98,67.01145953905274,68.98992383967799
98,67.0116876319563,68.9934500288582
98,67.02226664987553,68.9959357841385
98,66.99782840330187,68.98017581527125
98,66.99248343098913,68.99573817164516
98,66.98433155751206,68.98708278768459
98,66.99284694512741,69.01744017244174
98,66.9917847803346,68.98492605329409
98,66.97884521377905,69.00106220628346
98,66.99775445817289,68.99838344142735
98,66.99896708215923,69.01175435142437
98,67.00125463542132,69.01526953907005
98,67.01971580079646,68.99569014021321
98,66.97526629603277,68.99821147764389
98,66.98199230058846,68.98538794618511
98,67.01073538180377,69.00045448480815
98,67.00381077827797,68.99023493281891
98,67.00098277028125,68.99227810764243
98,67.01088349704025,68.98288452441744
98,66.97578840056079,69.0022037371596
98,67.01073538180377,69.00045448480815
98,67.00271442256185,69.01991111916253
99,66.98784502511151,69.01277759427263
99,66.98643624219451,69.01123257062739
99,66.98412103901441,69.00704532571694
99,66.9891887979918,69.01117275581488
99,66.98389538892116,69.00939296058208
99,66.9891887979918,69.01117275581488
99,66.98389538892116,69.00939296058208
99,66.98577845383628,69.00657983196938
100,67.00358491760147,68.99053965025767
100,66.99801321965904,68.98987436589921
100,67.00089583020575,68.99377654815179
100,67.00298152596531,68.99321082818318
100,66.99975012904447,68.99008946097834
100,66.99999203199073,68.9896502291918
100,66.99941228887717,68.99302762075283
100,66.99997452861433,68.9927126250079
100,66.9998038023789,68.99313222490964
100,67.00308138838801,68.99275422495084
100,66.99903757569092,68.99128775390622
100,66.99772605895663,68.99260191944138
100,66.9998038023789,68.99313222490964
100,67.00209392911525,68.99035050600854
100,67.00035188420081,68.98854989197179
100,67.00209392911525,68.99035050600854
100,67.0018605671005,68.9924098206121
100,67.00008371243527,68.99322314212101
100,66.99887165217501,68.98809186639994
100,67.00027644011662,68.98890534629938
100,67.00039094844139,68.99296814680149
100,66.99766734651693,68.99106633257367
100,67.00202959591775,68.9925778266878
100,66.99792648475423,68.99252042976605
100,66.99783422721605,68.99147401852615
100,67.00298152596531,68.99321082818318
100,67.00129985297562,68.99057852872184
100,66.99975082430305,68.99229649065845
100,66.99888458224802,68.98828813202138
100,66.99825820019306,68.99302382096496
100,66.9993083850659,68.99350562901346
100,66.99867155195459,68.99261482282093
100,66.99912428929245,68.9918890439918
100,67.00027644011662,68.98890534629938
100,67.00381077827797,68.99023493281891
100,66.99922193891054,68.99252271301384
100,67.00118229784017,68.98987891123596
100,67.00091904337428,68.99177355150584
100,67.00209392911525,68.99035050600854
100,66.99918375322437,68.98863117872081
100,66.99893122448121,68.99026354965561
100,66.99772605895663,68.99260191944138
100,67.00135864596935,68.9926363575931
100,67.00287242397414,68.98970863534852
100,67.00135864596935,68.9926363575931
100,67.00358491760147,68.99053965025767
100,66.99975082430305,68.99229649065845
100,67.00050888622316,68.98965324756094
100,67.00323276316045,68.99285762288594
100,66.99775180524117,68.98920602021666
100,66.99796798052701,68.9891869016552
100,67.00287242397414,68.98970863534852
100,67.00021189676768,68.99299838054004
100,67.00062546636836,68.99177095117693
100,66.99775851383987,68.99243454389948
100,66.99901974598417,68.98795477500357
100,66.9995272246396,68.98964431778465
100,66.99788700780881,68.99136592667696
100,66.9995272246396,68.98964431778465
100,67.00191861116305,68.99336036746587
100,67.00202959591775,68.9925778266878
100,66.99922193891054,68.99252271301384
100,67.000163452829,68.9921704475887
100,67.00099363613177,68.99176454972783
100,67.00290114627391,68.98890834293584
100,66.99811458330106,68.99136772921143
100,66.99794757199396,68.99277598601861
100,66.99977582155229,68.99396236956608
100,66.99905926703336,68.99043611824402
100,66.99796798052701,68.9891869016552
100,66.99977928316358,68.98932301494503
100,67.00171150616745,68.99304093706424
100,67.00062546636836,68.99177095117693
100,67.00323357018823,68.98931284180284
100,66.99916548114355,68.98961167376783
100,66.99906593356815,68.98884493687704
100,67.00212404474014,68.99353703389878
100,67.00155834221393,68.98930685063682
100,66.99810726097188,68.99208030644411
100,66.99747408381879,68.98998630606715
100,67.00035188420081,68.98854989197179
100,67.00411693235496,68.99091554604453
100,67.00031682730037,68.99217707958923
100,66.99999203199073,68.9896502291918
100,66.99827490375482,68.98849388155433
100,67.00070843955478,68.99083725152369
100,67.00120335237925,68.99403040146774
100,66.99783422721605,68.99147401852615
100,67.00287242397414,68.98970863534852
100,67.0019370239378,68.99125656187782
100,66.99940052185461,68.98778971908543
100,67.00150646401431,68.99375300292799
100,67.00187560219376,68.99302010916034
100,67.00202205623184,68.98897934798953
100,66.99988625365721,68.98805228259174
100,66.99868277687418,68.99062369912255
101,66.98971880364503,69.01846488847725
101,67.00731172786732,68.97816785642907
101,66.98433155751206,68.98708278768459
101,67.00731172786732,68.97816785642907
101,66.98971880364503,69.01846488847725
101,67.00381077827797,68.99023493281891
101,67.01885609914731,68.99439048296324
101,66.99492849916268,68.9942783302899
101,67.00826210431934,68.98206047817634
101,67.00675096490237,69.02129383502071
101,66.99456458538316,68.98661694248065
101,66.99893915470915,68.99314172390814
101,66.99955255679588,69.01351833289647
101,67.0065150249342,68.99604540649985
101,67.0065150249342,68.99604540649985
101,67.00821909813483,69.02228605962905
101,67.02402796209844,68.99645280260117
101,66.99893777692782,69.02030123120187
101,66.99555265460393,69.01115824558038
101,67.00674664404099,69.01642825031863
101,66.99122350027085,69.00481973239556
101,67.00605242767998,69.01058935885786
101,66.99955158291166,68.99739752126766
101,66.99093633031976,68.99737524368483
101,67.00835291678766,69.0098534051212
101,67.00826210431934,68.98206047817634
101,66.98489996909552,69.01018054673142
101,66.98406710095989,69.01379162377872
101,66.97797009599441,68.99704355189546
101,67.00271162805853,69.00981308037991
101,66.99945804388167,69.01708169247688
101,66.99588679009129,68.97577380941502
101,67.00017198479186,68.98406358427016
101,66.99171016077287,68.98017561266693
101,67.00532298772191,68.99016443508411
101,66.99093633031976,68.99737524368483
101,66.99257658281222,69.01417628499877
101,66.99290546441863,69.01400058864584
101,66.98199230058846,68.98538794618511
101,67.01897624214646,69.00451459730253
101,66.97982111908077,69.00116306857022
101,67.01088349704025,68.98288452441744
101,66.99428336493895,69.01050110276871
101,67.00732535617404,69.0047388764906
101,66.98256572927033,69.00043653392873
101,66.99037026056627,68.99659607225013
101,66.99016604533236,68.99363156079013
101,67.00835291678766,69.0098534051212
101,67.01420279530846,68.98856960230168
101,66.97723944707423,69.01024966283107
101,67.01319429461424,69.0059742731041
101,67.00297294683433,69.00088140550284
101,67.00017198479186,68.98406358427016
101,67.0241824318232,68.99939805940437
101,67.01306607520141,69.01292850802221
101,67.01619533557596,69.01818412570076
101,66.98811020890514,68.99188990552629
101,67.00835291678766,69.0098534051212
101,66.99978891558112,69.00329489433648
101,66.99893777692782,69.02030123120187
101,67.00532298772191,68.99016443508411
101,67.00783401901825,69.00545515439923
101,67.00835291678766,69.0098534051212
101,66.98062578494844,69.01125665994584
101,67.02238496244155,68.99547867657688
101,67.01885609914731,68.99439048296324
101,66.9921181726891,69.00992643187796
101,66.99037026056627,68.99659607225013
101,66.98719504885673,68.99984810694662
101,66.99945804388167,69.01708169247688
101,67.00617557630238,69.00875457933954
101,67.01475084373352,68.99493472526873
101,66.98958302113171,68.9892287890727
101,67.00858214022729,68.98339325555223
101,66.98550281871266,68.9947552281236
102,67.00104112590341,69.02444508575454
102,67.01897624214646,69.00451459730253
102,67.01319429461424,69.0059742731041
102,66.99888884645067,68.98262841314248
102,67.02238496244155,68.99547867657688
102,67.00532298772191,68.99016443508411
102,66.98535249470436,68.99844902394413
102,66.98256572927033,69.00043653392873
102,67.00125463542132,69.01526953907005
102,67.00104112590341,69.02444508575454
102,66.97723944707423,69.01024966283107
102,66.98908166892745,68.99979093239014
102,67.00858214022729,68.98339325555223
102,67.00297294683433,69.00088140550284
102,67.02048267432308,69.01277553202644
102,66.99325531717659,68.97725867551564
102,67.00731172786732,68.97816785642907
102,66.9951661557206,69.01838167514471
102,66.99171016077287,68.98017561266693
102,67.01894085396755,68.9912849703136
102,66.98433155751206,68.98708278768459
102,67.00297294683433,69.00088140550284
102,66.99257658281222,69.01417628499877
102,66.98727747564749,68.99340721793929
102,66.99037026056627,68.99659607225013
102,66.99171016077287,68.98017561266693
102,66.99138452324105,68.9924698494798
102,66.99037026056627,68.99659607225013
102,67.01312991857823,68.9903249625683
102,67.01544209091352,69.00715437405734
102,67.00617557630238,69.00875457933954
102,66.9917847803346,68.98492605329409
102,66.97980718414192,69.01077794448351
102,66.98951289638332,68.98706534955275
102,67.01449407606184,68.98151735166417
102,66.99037026056627,68.99659607225013
102,66.99955158291166,68.99739752126766
102,66.97891213203805,69.00363221266757
102,66.99955255679588,69.01351833289647
102,66.98743056078466,69.01542089610665
102,67.01008529316469,68.99789488888021
102,66.97565604398883,68.99753693071239
103,66.98406710095989,69.01379162377872
103,66.99555265460393,69.01115824558038
103,66.98639384890721,68.98022379771781
103,66.99370094840344,68.9793404871005
103,67.01073733181231,68.979371835599
103,66.99284694512741,69.01744017244174
103,66.9951661557206,69.01838167514471
103,66.98980603894192,69.00970732941025
103,67.0241824318232,68.99939805940437
103,66.99775445817289,68.99838344142735
103,66.99782840330187,68.98017581527125
103,67.00858214022729,68.98339325555223
103,67.00783401901825,69.00545515439923
103,66.97980718414192,69.01077794448351
103,67.01750172159157,68.99237245241027
103,66.98199230058846,68.98538794618511
103,66.99955255679588,69.01351833289647
103,66.97917107715207,68.9965487607952
103,66.9920216673802,69.00255280639146
103,66.99811720143235,68.98254399857308
103,66.98406710095989,69.01379162377872
103,67.01420279530846,68.98856960230168
103,66.98727747564749,68.99340721793929
103,66.99606517093193,69.01767399457061
103,67.00105460404252,68.97668152952248
103,67.00404298272183,69.00293883562966
103,66.99370094840344,68.9793404871005
103,67.01073538180377,69.00045448480815
103,66.99325531717659,68.97725867551564
103,66.99139853067858,68.98173987792954
103,66.98062578494844,69.01125665994584
103,67.00731172786732,68.97816785642907
103,67.0010702400575,69.01598337061773
103,66.98308656560867,69.00849801556488
103,66.98980603894192,69.00970732941025
103,67.00297294683433,69.00088140550284
103,67.01475084373352,68.99493472526873
103,67.0120087656086,68.99433846123588
103,67.00675096490237,69.02129383502071
103,66.98151733196958,69.01568836770838
103,67.0063359944813,68.98205632636461
103,67.01461138052339,69.0147188451676
103,67.00907825662074,68.993138184192
103,67.00674664404099,69.01642825031863
103,67.00617557630238,69.00875457933954
103,67.01293406937519,68.98444080059805
103,67.00617557630238,69.00875457933954
103,66.98980603894192,69.00970732941025
103,66.97980718414192,69.01077794448351
103,66.97526629603277,68.99821147764389
103,67.02302387927261,68.9946180051608
103,67.01461138052339,69.0147188451676
103,66.99290546441863,69.01400058864584
103,66.99441926994763,68.99767481975148
103,66.99171016077287,68.98017561266693
103,66.9961107535512,69.01619586254492
103,66.97723944707423,69.01024966283107
103,66.99456458538316,68.98661694248065
103,66.99555265460393,69.01115824558038
103,67.00574151207476,68.98793726130546
103,67.0065150249342,68.99604540649985
103,67.01008529316469,68.99789488888021
103,66.97565604398883,68.99753693071239
104,66.98550281871266,68.9947552281236
104,67.00014304470014,69.0149067486144
104,67.00125463542132,69.01526953907005
104,67.00532298772191,68.99016443508411
104,67.00675096490237,69.02129383502071
104,67.0116876319563,68.9934500288582
104,67.017808355789,68.99270058087755
104,66.98553114123409,68.98267787704549
104,66.99820737113218,68.9752592960597
104,67.00322452390958,69.02344420277909
104,66.98908166892745,68.99979093239014
104,66.98308656560867,69.00849801556488
104,67.0010702400575,69.01598337061773
104,66.99138452324105,68.9924698494798
104,66.98639384890721,68.98022379771781
104,67.00605242767998,69.01058935885786
104,67.00783401901825,69.00545515439923
104,67.00105460404252,68.97668152952248
104,67.00732535617404,69.0047388764906
104,66.99290546441863,69.01400058864584
104,66.99606517093193,69.01767399457061
104,66.98151733196958,69.01568836770838
104,66.99456458538316,68.98661694248065
104,66.99656315378148,69.00511934397508
104,67.01306607520141,69.01292850802221
104,66.98951289638332,68.98706534955275
104,66.98995247967689,69.01409428179703
104,67.00322452390958,69.02344420277909
104,67.02166545524199,68.98820896751013
104,67.01293406937519,68.98444080059805
104,66.98433155751206,68.98708278768459
104,66.99468488634449,69.0052492351693
104,67.00271442256185,69.01991111916253
104,66.99173855619831,69.01833962472529
104,67.00579813776196,69.01980383027599
104,66.99656315378148,69.00511934397508
104,66.98507201751059,68.9824895654354
104,66.98995247967689,69.01409428179703
104,67.00376285684149,68.99183612494191
104,66.97917107715207,68.9965487607952
104,67.00404298272183,69.00293883562966
104,67.00617557630238,69.00875457933954
104,67.01823743137494,68.99681849877224
104,67.00858214022729,68.98339325555223
104,67.00957040013326,68.9886238897416
104,66.97917107715207,68.9965487607952
104,66.98062578494844,69.01125665994584
104,67.0053273347039,68.99327909523434
104,67.02239725864791,68.99158321743877
104,66.99606517093193,69.01767399457061
104,67.00404298272183,69.00293883562966
104,67.0120087656086,68.99433846123588
104,67.00381077827797,68.99023493281891
104,66.99715854109483,69.00906194626884
104,67.0024773970947,68.99449236439735
104,66.97982111908077,69.00116306857022
104,66.98062578494844,69.01125665994584
104,66.99016604533236,68.99363156079013
104,66.98971880364503,69.01846488847725
104,66.98326566557596,69.00703060628956
104,66.98553114123409,68.98267787704549
104,67.00907825662074,68.993138184192
105,67.02302387927261,68.9946180051608
105,67.02402796209844,68.99645280260117
105,66.99606517093193,69.01767399457061
105,66.98553114123409,68.98267787704549
105,66.99715854109483,69.00906194626884
105,67.00674664404099,69.01642825031863
105,67.01668607039305,68.99105245031194
105,67.01897624214646,69.00451459730253
105,67.01088349704025,68.98288452441744
105,67.017808355789,68.99270058087755
105,67.00821909813483,69.02228605962905
105,66.99016604533236,68.99363156079013
105,67.01008529316469,68.99789488888021
105,67.0120087656086,68.99433846123588
105,66.99782840330187,68.98017581527125
105,66.97569980843275,68.99711507684981
105,67.00328717590759,68.99196535717886
105,66.98560365799601,69.01776402850476
105,67.01420279530846,68.98856960230168
105,67.02166545524199,68.98820896751013
105,66.98535249470436,68.99844902394413
105,67.01746094745096,69.01373653844378
105,66.98256572927033,69.00043653392873
105,66.99555265460393,69.01115824558038
105,67.0218809634481,68.9971004889604
105,66.99290546441863,69.01400058864584
105,66.99893915470915,68.99314172390814
105,66.99044401289096,68.99771492704048
105,66.99492849916268,68.9942783302899
105,66.98535249470436,68.99844902394413
105,66.99978891558112,69.00329489433648
105,67.00890412619597,68.99794941198554
105,67.00287842791035,68.98076379538774
105,66.99122350027085,69.00481973239556
105,66.99173855619831,69.01833962472529
105,67.00579813776196,69.01980383027599
105,66.97569980843275,68.99711507684981
105,67.00328717590759,68.99196535717886
105,67.02239725864791,68.99158321743877
105,66.99138452324105,68.9924698494798
105,66.98472550968806,69.0172760402079
105,67.02226664987553,68.9959357841385
105,66.98489996909552,69.01018054673142
105,67.00014304470014,69.0149067486144
105,66.99893777692782,69.02030123120187
105,67.00104112590341,69.02444508575454
105,67.02239725864791,68.99158321743877
105,66.99370094840344,68.9793404871005
105,66.99492849916268,68.9942783302899
105,67.01619533557596,69.01818412570076
105,66.98639384890721,68.98022379771781
105,66.99171016077287,68.98017561266693
105,67.00835291678766,69.0098534051212
105,66.98958302113171,68.9892287890727
105,67.00605242767998,69.01058935885786
105,66.98727747564749,68.99340721793929
105,67.00017198479186,68.98406358427016
105,67.01073538180377,69.00045448480815
105,66.99031058297687,68.9813707351785
105,67.01985017522824,68.98573848670704
105,67.01619533557596,69.01818412570076
105,66.99588679009129,68.97577380941502
105,66.99893915470915,68.99314172390814
105,66.99715854109483,69.00906194626884
105,67.01894085396755,68.9912849703136
105,67.01319429461424,69.0059742731041
105,67.01885609914731,68.99439048296324
105,67.01985017522824,68.98573848670704
105,67.01475084373352,68.99493472526873
105,66.98380609063673,69.01607270389127
105,66.97565604398883,68.99753693071239
105,66.99978891558112,69.00329489433648
105,67.01138259878111,69.01006728690649
105,66.99643614783035,68.99356106734903
105,66.99893777692782,69.02030123120187
106,67.02118822804029,68.9943878697869
106,66.99978891558112,69.00329489433648
106,67.00098277028125,68.99227810764243
106,66.99945804388167,69.01708169247688
106,66.99152386624719,68.98251852812905
106,66.98553114123409,68.98267787704549
106,66.99715854109483,69.00906194626884
106,66.97526629603277,68.99821147764389
106,66.98535249470436,68.99844902394413
106,67.0120087656086,68.99433846123588
106,66.97982111908077,69.00116306857022
106,67.01306607520141,69.01292850802221
106,66.99031058297687,68.9813707351785
106,67.01885609914731,68.99439048296324
106,67.0116876319563,68.9934500288582
106,67.01461138052339,69.0147188451676
106,66.99893915470915,68.99314172390814
106,67.00271442256185,69.01991111916253
106,67.01971885807887,69.00462673959456
106,66.99016180077184,69.0175627748135
106,67.02402796209844,68.99645280260117
106,67.01306607520141,69.01292850802221
106,67.01894085396755,68.9912849703136
106,66.99782840330187,68.98017581527125
106,67.01619533557596,69.01818412570076
106,66.97723944707423,69.01024966283107
106,67.00957040013326,68.9886238897416
106,66.99955255679588,69.01351833289647
106,66.99945804388167,69.01708169247688
106,67.01985017522824,68.98573848670704
106,67.01138259878111,69.01006728690649
106,67.02302387927261,68.9946180051608
106,66.99152386624719,68.98251852812905
106,67.00783401901825,69.00545515439923
106,66.98560365799601,69.01776402850476
106,67.01073733181231,68.979371835599
106,66.98971880364503,69.01846488847725
106,66.99284694512741,69.01744017244174
106,67.01036227661767,69.01219148000501
106,67.01008529316469,68.99789488888021
106,67.00890412619597,68.99794941198554
106,66.99325531717659,68.97725867551564
106,66.99775445817289,68.99838344142735
106,67.00605242767998,69.01058935885786
106,67.0063359944813,68.98205632636461
106,66.98727747564749,68.99340721793929
106,67.00808956947716,68.98274882578298
106,66.99588679009129,68.97577380941502
106,67.00297294683433,69.00088140550284
106,67.00574151207476,68.98793726130546
106,66.97923295748306,68.99243391730442
106,67.01475084373352,68.99493472526873
106,67.01145953905274,68.98992383967799
106,67.00979818012583,69.00487139198373
106,67.00731172786732,68.97816785642907
106,67.00826210431934,68.98206047817634
106,66.99715854109483,69.00906194626884
106,67.00316707814835,69.02070735523033
106,66.98958302113171,68.9892287890727
106,66.97578840056079,69.0022037371596
106,67.01458796681379,68.9868670698534
106,66.97797009599441,68.99704355189546
106,67.00104112590341,69.02444508575454
106,67.01985017522824,68.98573848670704
106,66.99555265460393,69.01115824558038
106,67.01319429461424,69.0059742731041
106,66.99016604533236,68.99363156079013
106,66.99448129482141,69.01056694809645
106,66.97980718414192,69.01077794448351
106,66.99555265460393,69.01115824558038
106,67.00731172786732,68.97816785642907
106,66.99173855619831,69.01833962472529
106,66.98151733196958,69.01568836770838
106,66.97723944707423,69.01024966283107
106,67.02118822804029,68.9943878697869
106,66.98553114123409,68.98267787704549
106,67.0024773970947,68.99449236439735
106,67.00014304470014,69.0149067486144
106,66.98491650090283,68.98593970519521
106,66.98908166892745,68.99979093239014
106,66.98256572927033,69.00043653392873
106,66.98550281871266,68.9947552281236
106,66.99044401289096,68.99771492704048
106,67.00615721720611,68.99795771646754
106,67.01145953905274,68.98992383967799
106,67.01885609914731,68.99439048296324
106,67.0081430024349,68.97686778542139
106,67.00784422332212,69.01076966446138
106,67.00835291678766,69.0098534051212
106,67.01461138052339,69.0147188451676
106,66.99284694512741,69.01744017244174
106,66.98199230058846,68.98538794618511
106,67.00605242767998,69.01058935885786
107,67.01008529316469,68.99789488888021
107,66.9920216673802,69.00255280639146
107,67.02302387927261,68.9946180051608
107,67.01293406937519,68.98444080059805
107,66.99790410301368,68.98370140216791
107,67.01894085396755,68.9912849703136
107,66.99448129482141,69.01056694809645
107,66.99284694512741,69.01744017244174
107,66.99044401289096,68.99771492704048
107,67.00532298772191,68.99016443508411
107,67.00390073830857,68.98624084898864
107,67.02239725864791,68.99158321743877
107,67.00732535617404,69.0047388764906
107,67.01750172159157,68.99237245241027
107,66.98450693425983,69.01932881740595
107,66.99790410301368,68.98370140216791
108,66.98433155751206,68.98708278768459
108,67.02402796209844,68.99645280260117
108,67.01971580079646,68.99569014021321
108,66.97591435938907,68.99731943550223
108,67.00017198479186,68.98406358427016
108,67.00571504571673,69.00340976658923
108,66.99888884645067,68.98262841314248
108,67.00297294683433,69.00088140550284
108,67.00532298772191,68.99016443508411
108,67.01070795343612,69.00008364976344
108,66.98433155751206,68.98708278768459
108,67.00784422332212,69.01076966446138
108,66.9917847803346,68.98492605329409
108,66.98489996909552,69.01018054673142
108,66.97982111908077,69.00116306857022
108,66.99945804388167,69.01708169247688
108,66.98380609063673,69.01607270389127
108,67.01036227661767,69.01219148000501
108,67.0120087656086,68.99433846123588
108,66.99896708215923,69.01175435142437
108,66.99248343098913,68.99573817164516
108,66.97569980843275,68.99711507684981
108,66.99555265460393,69.01115824558038
108,66.99896708215923,69.01175435142437
108,67.01449407606184,68.98151735166417
108,67.00821909813483,69.02228605962905
108,66.99893777692782,69.02030123120187
108,66.99152386624719,68.98251852812905
108,66.99782840330187,68.98017581527125
108,67.00605242767998,69.01058935885786
108,66.99492849916268,68.9942783302899
108,66.98553114123409,68.98267787704549
108,67.01750172159157,68.99237245241027
108,67.01668607039305,68.99105245031194
108,66.97591435938907,68.99731943550223
108,66.99138452324105,68.9924698494798
108,67.02123565055132,69.00780370073923
108,66.99031058297687,68.9813707351785
108,67.01021060524752,69.00400769437937
108,67.00826210431934,68.98206047817634
108,66.99428336493895,69.01050110276871
108,66.99775445817289,68.99838344142735
108,67.01772501316134,68.99039367662262
108,66.98507201751059,68.9824895654354
108,66.99896708215923,69.01175435142437
108,66.98971880364503,69.01846488847725
108,67.02239725864791,68.99158321743877
108,67.01544209091352,69.00715437405734
108,66.99790410301368,68.98370140216791
108,66.99122350027085,69.00481973239556
108,66.99978891558112,69.00329489433648
108,66.99092152845357,69.01371494907386
108,66.97917107715207,68.9965487607952
108,67.00574151207476,68.98793726130546
108,67.01885609914731,68.99439048296324
108,67.00817110078795,68.9915303791956
108,66.98980603894192,69.00970732941025
108,66.98491650090283,68.98593970519521
108,66.98151733196958,69.01568836770838
108,66.99588679009129,68.97577380941502
108,67.02048267432308,69.01277553202644
108,67.00617557630238,69.00875457933954
108,66.98199230058846,68.98538794618511
108,67.01073733181231,68.979371835599
108,66.98491650090283,68.98593970519521
108,66.99555265460393,69.01115824558038
108,67.02226664987553,68.9959357841385
108,67.01971580079646,68.99569014021321
108,66.99893915470915,68.99314172390814
108,67.0241824318232,68.99939805940437
108,67.00817110078795,68.9915303791956
108,66.99122350027085,69.00481973239556
108,67.00271442256185,69.01991111916253
108,67.0063359944813,68.98205632636461
108,67.02239725864791,68.99158321743877
108,67.01823743137494,68.99681849877224
108,66.98326566557596,69.00703060628956
108,66.99938065169938,68.99722325226881
108,66.99036076580427,69.0168280984295
108,67.02272714111663,68.99426978735215
108,67.01897624214646,69.00451459730253
108,67.01475084373352,68.99493472526873
108,67.0063359944813,68.98205632636461
108,66.98433155751206,68.98708278768459
108,67.01544209091352,69.00715437405734
109,66.9921181726891,69.00992643187796
109,66.97526629603277,68.99821147764389
109,67.00784422332212,69.01076966446138
109,67.00014304470014,69.0149067486144
109,67.01458796681379,68.9868670698534
109,67.01985017522824,68.98573848670704
109,66.99588679009129,68.97577380941502
109,67.01894085396755,68.9912849703136
109,67.00074932415787,68.98441065271739
109,67.00297294683433,69.00088140550284
109,67.00390073830857,68.98624084898864
109,66.99555265460393,69.01115824558038
109,67.00014304470014,69.0149067486144
109,66.99037026056627,68.99659607225013
109,66.97923295748306,68.99243391730442
109,66.99945804388167,69.01708169247688
109,67.00907825662074,68.993138184192
110,67.0081430024349,68.97686778542139
110,66.99955255679588,69.01351833289647
110,66.98433155751206,68.98708278768459
110,67.00605242767998,69.01058935885786
110,66.99257658281222,69.01417628499877
110,67.01293406937519,68.98444080059805
110,66.99215899716356,68.98737712337098
110,66.98971880364503,69.01846488847725
110,67.00979818012583,69.00487139198373
110,67.00125463542132,69.01526953907005
110,66.98472550968806,69.0172760402079
110,67.01293406937519,68.98444080059805
110,67.00297294683433,69.00088140550284
110,67.00404298272183,69.00293883562966
110,67.01985017522824,68.98573848670704
110,67.00574151207476,68.98793726130546
110,67.00574151207476,68.98793726130546
110,66.9920216673802,69.00255280639146
110,66.98908166892745,68.99979093239014
110,67.0120087656086,68.99433846123588
110,66.9921181726891,69.00992643187796
110,66.99037026056627,68.99659607225013
110,67.00287842791035,68.98076379538774
110,67.01971885807887,69.00462673959456
110,66.9982602259979,68.9809108390513
110,67.00376285684149,68.99183612494191
110,66.98639384890721,68.98022379771781
110,67.00316707814835,69.02070735523033
110,66.99257658281222,69.01417628499877
110,67.01036227661767,69.01219148000501
110,67.01008529316469,68.99789488888021
110,67.01145953905274,68.98992383967799
110,67.00404298272183,69.00293883562966
110,66.98639384890721,68.98022379771781
110,66.98491650090283,68.98593970519521
110,66.99955255679588,69.01351833289647
110,66.99215899716356,68.98737712337098
110,67.01573230844379,68.98315724368207
110,67.01461138052339,69.0147188451676
