gene,x,y
1,82.99109681967315,66.99437519257356
1,83.04043043854249,67.02273717451844
1,83.04614969050685,67.00944136329484
1,82.9711905085655,67.0261717468218
1,83.01348519724664,66.9703360937474
1,82.99310761510874,67.02527818952161
1,83.00811883831751,66.98149356758822
1,83.03475307206725,67.0198074254472
1,82.97551498995543,67.01771665108454
1,83.03253016181958,67.00008622337837
1,83.00862989488165,67.01518731851829
1,83.02000561207787,66.96390057156381
1,82.97741815199576,67.02147346639815
1,83.01250300679118,67.0114848835141
1,82.97769008855863,66.9611089321172
1,83.02731187076469,66.999596492475
1,82.96915090387019,66.96774089799317
1,82.97251173496431,66.99337844652416
1,83.03048567285616,67.01624597019955
1,82.9933035445362,66.9601782599947
1,82.97426493775703,66.98228963372847
1,82.9767148629082,66.99311203049669
1,83.02439262204258,67.02112902605612
1,82.9935881200927,66.96725935049334
1,83.04133252194138,67.01282677558389
1,83.03026349665186,66.99839356711495
1,82.99412097341394,66.99686334190086
1,82.99811069999632,67.0336940432693
1,83.01540844998549,66.96739447333955
1,83.02727751683739,67.01151000731777
1,83.00841006377199,67.04157761177505
1,83.0010202229023,67.02480664762406
1,83.01163678235459,67.00220361354499
1,82.98366586921253,66.95716356897182
1,83.04016817476219,66.99904343389011
1,83.02087176357311,67.00022096477761
1,83.01791426536874,66.97401095541292
1,83.04618846366493,67.00674727515123
1,83.02402759865446,66.9882747584616
1,82.9936199933974,67.03215566663303
1,83.00256947520148,67.0176015798145
1,83.02519062047124,66.96036875087567
1,82.97228171297705,67.00994850049064
1,83.0038306835674,66.98239563641806
1,82.98370983078519,66.98265475415378
1,83.00884588994154,66.9963495439697
1,82.96445386813977,66.99528517690369
1,82.99847645641043,67.01661202815157
1,83.01695632132095,67.029718990453
1,82.9658821493708,66.96642266308125
1,82.98801870277782,67.01398667697315
1,82.95659815310145,66.98805775460845
1,82.97249900141041,67.00536365475267
1,83.00234753281612,67.00752304223563
1,83.0003025947561,67.02188385602201
1,83.03859741987164,67.02303487737879
1,83.01008288098512,66.95664786517438
1,82.99676749342193,66.97308322038135
1,83.01518667758995,67.00488235169996
2,82.99131500860037,66.97063453019645
2,82.95838478852647,67.01854536592091
2,83.00326941371466,67.00298133107758
2,82.98599063129846,67.00375696072298
2,82.9974231109466,67.03563838530894
2,82.97598023610524,67.00308178475268
2,82.97396532451212,67.02952365536633
2,83.03273405399587,66.96894916285272
2,83.00344945838363,67.02661384617598
2,82.98120711703385,66.98348145149603
2,83.01268925639194,66.96895534098354
2,82.97266056945114,67.02707958803013
2,83.01907109663917,66.99662008066633
2,83.00864786452952,67.00161907476529
2,82.97179670167725,66.99399434209413
2,83.02954411697854,67.00638546235723
2,83.01887760395583,66.99405607617143
2,83.01444383575081,67.00604164807027
2,82.95323150330033,66.99697975679298
2,83.00404558856435,66.9864115582388
2,83.0057337755725,66.98949241743523
2,82.95398408037953,67.00033911101366
2,82.98981298073765,67.00277452300118
2,83.00670705561735,66.9567235863124
2,82.9883236567972,66.99900557193955
2,83.04114362130079,66.98724307156476
2,82.99762166615496,67.04577053392372
2,82.9776000357487,67.03998299785596
2,82.9938144302412,67.01774973974173
2,83.00840216889175,67.02446800875963
2,82.99847645641043,67.01661202815157
2,82.97685448126147,67.04070371696427
2,82.95848627043452,66.97838200212777
2,82.97924739123238,67.00531287770121
2,82.99633200938254,66.98759733707072
2,83.02976575292521,67.02965828968024
2,83.00646421897123,66.99548218547318
2,83.02106923316865,67.00301144846674
2,83.00675546532557,67.02737586040882
2,83.01066195986921,67.03988377982921
2,83.02820960443822,67.00966506350919
2,82.99547063942333,66.95340801504132
2,82.97409005285247,67.01325154450224
2,82.98441719524214,67.02084966305154
2,82.98672494107798,67.02304335489835
2,82.96358836030825,66.98157781029995
2,83.01825976714528,67.003284195996
2,83.0144421950486,66.97877467965154
2,83.01412353424243,66.9916997507299
2,83.04895102598574,67.00872315735553
2,83.03297778621997,67.01691700381436
2,82.98853299134802,67.0176938342749
2,83.00261889397298,66.96880744040054
2,82.96249067773127,67.0056304870658
2,83.03275144044912,67.00930218903795
2,83.02078818481739,67.01786230798352
2,82.99904088189167,67.00134646507689
2,82.97599830663724,66.99537955050893
2,82.98762393199425,66.97393006590224
2,83.03319850862715,67.03337296946187
2,82.97573369758805,67.00161908936431
2,82.97999575301375,67.01564739878695
2,82.98783203197526,67.00181973093093
2,83.01218553093601,66.99345629273756
2,83.00241706469605,67.02563711414267
2,83.00794973192055,66.98384041634935
2,82.98840000351333,66.98818746671685
2,82.99943543486395,67.01202684748368
2,82.98105274506625,67.00678009696536
2,82.97325059461579,66.9863348994584
2,83.00545464955215,66.99348088121731
2,83.01022091023667,67.01034290307358
2,82.97365862735833,67.0165605234338
2,82.99476184432092,67.01281363382178
2,82.97169108912551,67.00316451930381
2,83.04077147175626,66.99818070453871
2,82.96444332493276,67.03375246653661
2,83.01163853124598,67.0019557244189
2,82.98752674902815,67.0092148145161
2,82.9940673843438,66.99217841723629
2,83.01574693658493,66.97315672050703
2,82.98857855362122,67.0252337075854
2,83.01255832756813,66.99573785214328
2,82.99337640537279,67.02409253170872
2,83.03943906535315,66.99269707997975
2,83.00590474221643,67.01518701296487
2,83.0380727520563,67.02169272651491
2,82.97548280029989,67.04155746663444
2,82.98792555013209,66.97861800478569
2,83.02594060693973,66.97969593581865
2,82.9960826166953,67.03436493928831
2,82.9891205585002,67.0336709609123
2,82.99318276077908,67.0256231311398
2,82.99730157773836,66.96975318527548
2,82.99802113317882,66.98468305073264
2,82.96612368726429,67.00589649181657
2,82.9977098272991,67.02590558921585
2,82.99462957562584,67.01397084132468
2,83.00066951933202,67.00690785172411
2,82.98287655261943,66.98224745637229
2,82.99317444762949,67.03601443270958
2,83.00206357846407,67.01444440975291
2,83.04695387576218,67.01167675040914
2,82.97776908829367,66.99955486549179
3,82.97382596649834,66.99605201838163
3,82.99435030903275,67.03693093999202
3,83.02807591972585,66.96402950340502
3,82.98874764779826,66.95361930382693
3,83.02298749978456,67.0297214649585
3,82.95517117647815,67.01751925553437
3,83.01718557841419,66.9694149938298
3,82.97717612288687,67.0053099670881
3,83.00591293935133,67.0304686275713
3,83.02843090701735,66.9622850820634
3,83.01864083094544,67.02714820382953
3,83.024908328094,66.96559325845737
3,82.98353305835184,66.97891028483274
3,82.99163959353712,67.04347139795632
3,83.01405866912893,66.98996693252224
3,82.98538997741132,67.02149573523616
3,83.0208001899685,67.0272790102913
3,83.03508686324105,67.03552109515125
3,82.98405356612139,67.0116294891427
3,82.98524922876103,67.01946915994658
3,83.01368952994234,66.99868626955116
3,83.00055507050564,66.95777400974801
3,82.95620776352389,67.00329103762402
3,82.96965551683776,66.9721156512376
3,83.03123233323038,66.99477194367911
3,82.9903164994098,66.96120911226264
3,82.96163503838288,67.00273787958037
3,82.98404587648568,66.96671736473093
3,83.02189155385285,66.99805784872473
3,82.98965841062903,66.9641924265578
3,82.96190102119326,67.01065419559289
3,83.03026535573699,66.96924440629715
3,82.99404952175526,67.0017442310793
3,83.02455751621308,66.98685262025495
3,82.98362188057658,66.983853244539
3,83.03395123963998,67.02844880494324
3,83.00635630808885,66.96825158398285
3,82.997293036365,67.02111584065479
3,82.98922374088471,67.00586110404039
3,83.02229563841449,66.96020501448201
3,82.96519444159438,66.97776214459458
3,82.96137674025039,66.97123134398313
3,82.95342044839607,66.9850947265389
3,83.01606651263715,67.03996385496211
3,82.99727577637056,66.95629716889628
3,83.03808270750801,67.02238228020394
3,83.01907825660427,67.0076793581793
3,82.97089096028468,66.96361090934982
3,82.99177571441335,66.97877113705363
3,82.9835608845282,66.95889443953472
3,82.99024902618518,67.00929726869535
3,83.02991969268355,67.0301234335753
3,82.97784419208256,66.98434199729834
3,83.0215472630729,66.98275112894962
3,82.97538203383685,66.9626207731969
3,83.02799944002705,66.96830696801443
3,83.01736511169476,66.95576638841388
3,82.97083735335504,66.99906444182011
3,82.9735241881637,67.01321758741793
3,82.97673814357185,67.02216225821508
3,82.977271886722,67.00456893372088
3,82.98937185041304,66.98096776864473
3,83.02558704366449,67.014434350935
3,82.97404460389656,67.04164811439642
3,83.01432585898502,66.99597488822856
3,83.04653097081146,66.99969730458547
3,82.9729906165063,67.03116840152406
3,82.97017107705773,67.00103427178131
3,82.97862188132127,67.031389521478
3,82.9846103366048,66.9779057549102
3,82.96488952106434,66.9783179684637
3,83.01307968203352,66.99599553443552
3,83.01794784201252,67.04115278316266
3,83.03268024265468,67.03514627146683
3,82.98726983778008,66.95451215765661
3,82.96095116794562,66.98073982153785
3,82.99509292352965,67.02109611572669
3,83.01016722376595,67.00896546494144
3,83.00090228336592,67.03855626585882
3,82.95520311551385,67.01040659614814
3,82.96821081724624,66.97490088488465
3,83.03167312783181,67.02141097912984
3,82.99851061147997,67.02461923139167
3,83.03351866639441,67.009711558956
3,82.97931649631866,67.01067297058638
3,82.97148815581026,66.95934353943038
3,82.99761351308868,66.97788429866362
3,83.0037891884351,66.98823759354237
3,82.98575577725643,67.00594783338965
3,82.99292418762538,66.98481147551341
3,82.99262414704148,66.96738123218246
4,83.02447811234606,67.0332956125996
4,82.95203843220372,66.98912492919514
4,83.04131723298971,67.01907329343842
4,83.00849341944176,66.95378514630622
4,83.0011311477978,66.95228035546252
4,83.00402448665957,66.96614027719191
4,83.00663509866042,66.98983564109146
4,83.04667792351063,66.98377373286117
4,82.99577210843624,66.9637299246913
4,82.978897569695,66.98736070887564
4,83.03775938521567,67.0157615501118
4,83.00475687477412,67.0381485594286
4,82.95764610597759,66.98895383275342
4,82.95747691515939,66.98843840464713
4,82.99858564201088,66.99982809163912
4,83.01051632559135,67.01149157171922
4,82.99576320566663,66.97616902264788
4,82.9886204539807,66.99189649359296
4,82.98119894730117,66.98911509715369
4,83.02945483558987,66.97694481389618
4,83.02782499691445,67.0355330099508
4,82.98153097338323,66.96585960870543
4,83.00295874297692,66.98356842552687
4,82.98148346762585,66.97319929529557
4,82.98990837295054,67.03983264699227
4,82.98931189449556,66.96203831420442
4,83.01277390724482,66.97932636382104
4,82.95800722529552,66.9812174292406
4,83.00439628586942,66.97028380321669
4,82.96942555811117,67.03621210458432
4,82.99509083580905,67.02135351215838
4,82.99886642129282,67.01462875194898
4,82.97915798130776,67.02991542505177
4,82.95983611835165,67.02968779394844
4,83.03788427596756,67.0317172929924
4,82.96287701050359,67.03108981920676
4,83.04046457871425,66.99935708333146
4,82.98761897631968,67.02109705311409
4,82.9832680077497,67.01173548964339
4,83.00661823863469,67.02109893602798
4,82.98689599610442,67.0134137154485
4,82.96867980301496,66.9693154996132
4,83.00196821664957,67.00303238298699
4,82.9824546072289,66.97482113892482
4,83.00784262271004,66.9922223698231
4,82.96501734222056,66.98023435430211
4,83.01672600186797,66.95463982552268
4,83.0405184851069,66.98719157206396
4,82.99303124469904,67.03488545113494
4,82.98746654561506,66.99908814601808
4,82.9697878780679,66.96051123125471
4,83.0142429061331,67.0070353859068
4,82.9803120947055,67.01587702821492
4,83.01909718800141,67.03458501171224
4,83.01975697018317,67.04379153597375
4,83.00050345222424,66.99074840045603
4,82.98002769129616,67.03145786992569
4,83.04011898450571,66.97049903048716
4,83.00396784149508,66.96483074721336
4,82.98837378391306,66.97934058657388
4,83.01908466154643,66.97896195042942
4,82.99775457392096,67.00480962426839
4,83.01638750760907,66.98963305256333
4,82.96945981628214,66.9671983215312
4,82.96708634071801,67.00199422987261
4,83.04284665445003,67.00723055548742
4,83.02236964850658,66.98847123127914
4,83.01730232722231,67.01104766955814
4,83.01683131940032,66.97884369996086
4,82.99004514504081,66.99373363096245
4,83.01992743789991,66.97429158128983
4,83.0068413184492,67.01247576604689
4,83.00561246983445,67.0324045103882
4,82.98461436609692,66.96149633981886
4,83.00233087932786,67.01547910569634
4,83.03519339851476,66.98978731058365
4,82.97627200638975,66.99391812554093
4,82.99048487302187,66.99930506307692
5,82.97898113409919,67.01236458187857
5,82.96833915800333,67.02087170252584
5,82.97511162701737,66.98801408443431
5,82.99389909600058,67.01511974331915
5,83.03628009865238,67.02483971470535
5,82.99576289547522,66.97665171511183
5,83.00845378534075,66.96324749488694
5,82.98406715620227,66.9878421336404
5,83.01880978608678,67.00371003851491
5,82.95341049441163,66.98627332774736
5,82.97302894051762,67.02184511178493
5,82.9758527976708,66.98332562698303
5,82.9739565819564,66.96184835765078
5,83.00097696517112,67.00252132603626
5,82.99731464059982,66.96479419636998
5,82.97206845202956,66.9920895666473
5,83.03008595354454,67.01517079960745
5,82.95158682656421,66.98778914140523
5,83.02513631071469,67.02053059780496
5,83.00818052179581,67.00137279028827
5,82.98275756501317,66.98410055271789
5,83.04154382888328,66.97370676890614
5,82.99626017839284,67.03950356788933
5,82.99147284604655,67.02390409039428
5,83.02094544698645,67.00703998406993
5,82.98301208202705,66.97457504034023
5,82.98933252399884,66.98035853544955
5,82.99278736790808,66.9857981219955
5,83.00427704642088,66.97331210361484
5,83.0361658525463,66.98548484647141
5,83.01543007546364,66.99204843253133
5,83.01747893587708,67.01441020283085
5,82.9763292184922,67.01775771949231
5,82.99201980026614,67.00308418598209
5,83.00485900656305,67.00772420509604
5,83.0008841919548,66.98435091615809
5,82.98170149947101,66.96439834876294
5,82.95819256100094,66.97876389753068
5,83.02974143236271,67.01873364434398
5,82.98362573857422,66.98902090348378
5,83.04618053191223,67.00740547163545
5,82.9921765759791,66.98760910340134
5,82.9737327198235,67.02369884909268
5,82.9868444353815,67.04271427044657
5,82.99327300916468,66.98149647278328
5,82.99868721410954,67.04131507074109
5,82.99119230029903,66.98462716081238
5,82.99404409382483,66.9830614070566
5,83.01334509984996,67.0109637665726
5,82.96495167073877,66.97065808534558
5,82.97824732783924,66.95675559009858
5,83.00743217336431,67.00158076032305
5,82.98039362178307,66.98345430031978
5,82.97312810376852,66.99433651041755
5,83.03166207272696,67.03546469349584
5,82.98409169608804,66.99524549174635
5,82.95616821344802,67.01899176426481
5,83.00208203280916,66.98161865054587
5,82.98091184189413,67.0077313049785
5,82.96158955881684,66.98240561581223
5,83.0185897219793,66.96809633511597
5,82.9863083023669,66.99995411970393
5,82.99954380123833,67.04234539213508
5,82.99950921454669,67.022649184782
5,83.00067026593617,66.99924981163457
5,82.96280322759307,67.00636165392669
5,83.0057725127383,66.96252490424682
5,83.00269653247537,66.99191931515057
5,82.98523589370498,66.99756438426196
5,82.99263598252114,67.01145939887958
5,82.97682358149171,66.9721949655555
5,82.95798901280365,66.98885403014997
5,82.99525693463616,67.04341921138803
5,82.98041108732131,66.98559500442443
5,82.98782538308888,67.03351729276382
5,82.99904357165967,66.96851735660852
5,83.01466262601313,67.01025290821798
5,82.96115643673768,67.03079785078695
5,82.98064486875298,66.96569590552676
5,83.03662743144267,67.00549800252502
5,82.99285610644655,66.98934725143712
5,83.0079922234065,67.03910956357048
5,83.01564295703238,67.01027217836754
5,83.03621632613843,67.0140876181159
5,82.98138661768849,66.96695002422663
5,82.99722088381172,67.0103330916273
5,83.01407044799163,66.98800517536039
5,82.9755512516832,66.96609977445728
5,82.98444434895013,67.03074000502922
5,83.00241778897231,66.95983911138174
5,82.99876334188954,67.02606771338722
5,82.95362327018259,67.01396744491836
5,83.02737419083257,67.0377057693101
5,83.02707374447446,67.02416111609027
5,82.99023278680342,66.95886585992642
5,82.9987443023473,67.01956043624382
5,83.04280511726904,67.02519625705962
5,83.00569115148113,66.98803570729092
5,82.98355111643909,66.9687537823409
5,83.00829236435304,67.02898345497677
5,83.03097502494924,67.0037442052566
5,82.99537529531754,66.98444696342204
5,82.99839799190126,66.98058196888961
5,83.0000874655782,66.9596255208065
5,82.9567458407235,66.982215194259
5,82.97917889224661,66.98193804735881
5,82.97784419208256,66.98434199729834
5,83.01207662127278,66.95734716360131
5,82.99372511242665,67.02848925688757
5,83.03881063289995,67.02621635260127
5,82.98550996975295,66.9828550486972
5,83.02116469826866,66.96818884409218
5,82.96806039720656,67.00555594313344
5,83.00131808443408,66.985138630828
5,82.98165269795004,66.97873466069561
5,83.00609862426109,67.00000760494636
5,83.0142942934491,66.98360855831503
6,82.98546571800486,66.98639369872619
6,83.01995933682502,67.01061558871396
6,82.98453459679936,67.03051485142737
6,82.99476782542703,66.97369094889962
6,82.99636501757459,66.96020510462068
6,83.0042789281534,67.04291145523415
6,83.03509392961509,67.00439807984253
6,82.9565043350788,66.99153292225768
6,83.0133210832028,66.9744904192822
6,83.0152748049441,67.01605484957803
6,82.97125608975404,67.02184661809643
6,82.97920336236199,66.99752629479849
6,82.98512761027935,66.99817832115457
6,83.0229045044649,67.00008374399728
6,82.98446944267762,66.9768231106386
6,82.97573638827964,67.0322314469098
6,82.99902740865501,66.98817032004595
6,83.00838609449657,67.02354755387746
6,82.97764088384888,67.01277894242472
6,82.99295625031313,67.0314904929722
6,82.9944167217207,66.9846796635155
6,82.9711255405786,66.97986846616378
6,82.95856630278084,67.02246614704659
6,83.01621278515674,67.01678142320351
6,82.97137409155245,66.99950034444664
6,83.0385762771254,66.97559220081408
6,82.98430623719217,67.03053867846927
6,82.97949024958673,66.9630998042872
6,82.9724653225157,66.98290221518265
6,82.97353579679864,67.02996668570266
6,82.9781971528711,67.0293716815432
6,82.98665755465065,66.9869602556355
6,83.0107193871407,67.00362332376329
6,83.02182218840248,67.02685830928742
6,82.98281865197794,66.99058720566813
6,82.97046689771459,67.02661024201413
6,82.98578911297221,67.02503238759817
6,83.01312154941719,66.98938381990253
6,82.97319982544097,66.99622982990387
6,83.02077377879039,66.9924986410114
6,83.01048023171327,67.00717400740552
6,82.97771838468626,67.0132068536362
6,82.97114902327674,67.00506308775539
6,83.01293915713556,66.9986172117731
6,82.98661048027643,67.0382708253225
6,82.99260181282882,66.9944392441646
6,82.9789083005244,67.00974336960712
6,83.0057337755725,66.98949241743523
6,82.99473537389377,66.97429521461304
7,83.00488718979881,66.97051233215984
7,83.02259191024456,67.0185086320994
7,82.99252876821542,66.9939144408604
7,83.0282815617413,67.00715880627489
7,82.97677409384094,67.03267591774235
7,83.02611203065469,66.96103810002693
7,83.00634983738689,66.99034291318578
7,82.99825730895803,67.00810837639331
7,83.01960023370562,67.008101160932
7,82.98739611012982,67.02630456365381
7,83.00126554207928,66.96361904657573
7,83.02295877709578,67.02213824361054
7,83.02823272014035,66.97443463968602
7,82.95584817435542,66.9897196241859
7,83.00497698309617,67.02858112311598
7,83.01141545285296,66.96108024433528
7,83.00542320485265,66.98687208561205
7,83.01670769639594,67.00793943706391
7,82.9987255698068,67.03682480596501
7,82.99535991977778,66.97401978654932
7,83.01895689123224,67.00352105297961
7,82.98539969189525,66.98407944739817
8,83.00684931426736,67.03912484830182
8,83.04195505450406,66.9791675164718
8,83.04424701851111,67.0080089055217
8,83.04237877529783,66.98607116655732
8,83.01104776159754,66.98579069094235
8,82.97136436985119,67.01519392296613
8,83.04577286192585,67.01914630149052
8,82.98073139366615,66.96444675295453
8,83.02484760420273,66.96344414446149
8,83.01398304133805,66.9668958998127
8,83.01069020260718,67.0087890471208
8,82.95653887086542,67.02421165269301
8,83.03766336145895,67.00363088937544
8,82.97616963062002,66.98656241908547
8,82.9785144808515,66.98916659678193
8,82.99459488865791,67.0266090298234
8,83.04655304101526,66.98875685089168
8,83.02154174189695,66.99778650110366
8,82.99291938519335,66.96745107145523
8,83.0084110398667,67.03554335529869
8,82.96681127362044,67.00310553177707
8,83.01526413571372,66.99414903968261
8,82.97902550726988,67.02294260307939
8,83.00099859286283,67.00280863823171
8,82.99188420936076,66.98045110580598
8,82.98984447578559,66.97015771810817
8,82.99220857402729,67.01962708038904
8,82.98863963007679,66.95519795046343
8,83.0384913519828,66.98871876323788
8,83.03652052425743,67.01135845911323
8,83.00262897165986,66.9943397723029
8,82.96618536045005,66.98808724158651
8,82.99442999713705,67.03115712187046
8,82.9885549717955,67.04139038756763
8,83.00107369021372,67.0015740921798
8,83.01103904489356,66.98282333334862
8,83.01045293088788,66.9652103917344
8,82.97341029579226,67.03643324922761
8,83.01216601669282,67.00120390380823
8,83.0405280144239,66.99472064458614
8,82.98193466920785,66.98374012663074
8,82.97521551003683,67.04087173409116
8,83.0353045042288,67.03520791822588
8,83.01799364864576,67.0213550035969
8,83.01473230403717,67.00117868059019
8,83.00834877159456,67.02124412314039
8,82.98617289495515,67.04696264480711
8,83.00458138634002,66.99745045147932
8,82.99744240530747,66.96571713468326
8,83.02146314337396,67.00150630770096
8,83.03144624600314,67.0163369052599
8,82.98707639469737,67.01690725496972
8,82.9927260855543,67.04383213001977
8,83.03229247342604,66.99714320199445
8,82.95291477821053,66.98528652902702
8,83.0430362037863,67.0170235477728
8,82.96642708362629,67.02623757105471
8,82.98080903112803,66.97147378254166
8,83.0085950718112,67.01039167662144
8,82.99112362539522,66.9809661176584
8,83.00952693426497,67.04523430408564
8,82.97156623261496,67.0210042177421
8,82.95149261602494,67.00903017568668
8,83.00412230402438,66.96882130877455
8,82.99959533382027,67.01495377490689
8,82.98790585791666,66.98400303791682
8,83.02429404513204,66.97314612856036
8,82.98888207928142,66.98426775854432
8,83.0134367299568,66.96548024122362
8,82.99975932066499,67.03824366219024
8,82.99865338022076,67.01354088044906
8,82.99916449923087,67.03951273660601
8,82.99849291454163,67.02516938520385
8,82.95927285830997,66.98295131966198
8,82.97037794951883,66.97738245442163
8,82.99050401452088,67.01634192742686
8,83.00883089028508,67.04247711015599
8,82.95499500165515,66.99464034521309
8,82.98888764700273,66.96504720665818
8,82.96766069328173,67.02127992958597
8,83.0300738225254,66.97538337360727
8,83.01073126202384,66.98311228806828
8,82.98977483846137,66.96500028016641
8,83.02389295108394,67.02376937713423
8,82.96484680805776,67.00889855816135
8,83.01695160432789,66.95630421292529
8,83.004804374203,66.95086894191029
9,82.97400109337873,66.97664026657009
9,82.98840125978873,66.98541279382322
9,83.03912486824841,66.98080988033044
9,83.01240707549378,67.02053441929797
9,82.9601672026191,67.02682210315594
9,83.01718259098169,67.01983436850968
9,83.00069228329077,66.96154882532846
9,83.01979058835109,67.01443386757732
9,83.01653667450682,67.01264662162846
9,83.00480298640404,67.00607771281052
9,83.02831845495464,67.02438355277869
9,82.99984967977888,67.01338155268786
9,82.97482591645138,67.01468208285189
9,82.9601188263973,67.0038808514682
9,82.99852026292099,67.00271387400497
9,82.979945434043,67.0218254996284
9,82.96679823273278,66.99547021686863
9,82.9510034516303,67.00692712326538
9,82.99398441244938,67.0349069679668
9,83.01958216351731,66.97867458801673
9,83.02435012803066,67.00030781962165
9,82.99130131220767,66.9811613381879
9,83.02928979798304,67.03244683246012
9,82.98908952332198,66.95654148303075
9,83.0188530922588,67.0310397442157
9,83.02248860790358,66.99606027142926
9,82.99731260195063,67.02369748545081
9,83.01809317847025,67.00924420138476
9,82.9833237122928,67.00560563652782
9,82.99399481782558,67.00034531905064
9,83.00834252066413,66.99419710669079
9,82.99403442194587,67.0134952629406
9,82.9962244183446,67.0060940933426
9,82.9943351729685,66.96240204379775
9,82.97943073701663,67.01516093337183
9,83.03652052425743,67.01135845911323
9,82.97007565524959,67.02292261273593
9,83.01235068603577,67.00941666276061
9,82.96451306010714,66.9856804537372
9,82.99422442457931,66.98229641764604
9,83.03099172422323,66.96236475711744
9,83.02467227467699,67.04260774364555
9,82.988726758139,67.00398236675187
9,83.00992998645555,66.97982866955931
9,83.00180552081203,67.0305821953865
9,83.03800729495016,66.97504253603606
9,82.99601549224373,67.04656185817429
9,83.03806413362685,67.03191365575053
9,83.00896687867223,66.98596899391018
9,83.03858186990533,67.02227137595709
10,83.02060762976737,67.0229367790286
10,83.01271561246273,67.0180213084683
10,82.97472057941324,67.00814807018996
10,82.97004532006193,67.00060996028995
10,82.98455622789324,66.96706119889768
10,82.99640925596034,66.98531155592993
10,82.99512961398864,67.03229998496246
10,82.98581604277886,66.99967576448006
10,82.99944407413312,66.99507457237662
10,82.99159001414526,67.01107589700109
10,83.01354798147786,66.99269650256065
10,83.01443094554187,66.99333053174823
10,83.04022811305092,66.98924149190513
10,83.03076346537073,66.97872381641223
10,82.97705768059748,67.01809785144187
10,83.00866187683025,67.03146941650785
10,82.99547063942333,66.95340801504132
10,83.0274614856321,67.02970727401885
10,82.96114701418841,66.98989900770697
10,82.98238819729829,67.0025763273202
10,83.00558504088059,66.99649837465063
10,83.0249777971745,67.03338315700913
10,82.99713290195166,67.0334251067546
10,82.97615431013395,66.98406436167217
10,83.02163281496463,66.97754568869026
10,82.98678785640207,67.02357511133049
10,83.02694367782107,66.97420015579752
10,83.00127202930318,67.0306396692635
10,82.99539209394402,67.03683692699485
10,83.03707657585426,67.01660826829912
10,82.99256185726216,67.0016515669839
10,82.98826211102508,66.99054067264221
10,82.99276295740053,67.00114180469865
10,82.982291714225,66.98946089963702
10,82.97223220250214,67.02836095553755
10,83.01931750304955,67.00207057262287
10,83.03275144044912,67.00930218903795
10,82.9868565332177,66.99039936657283
10,82.98721598848915,66.9551449843128
10,83.00690785003178,67.01350536083837
10,83.0086808498629,67.01181455743993
10,82.99216166321811,66.99304692261578
10,82.96684385736633,66.99104424774083
10,82.99537529531754,66.98444696342204
10,83.012890108188,66.99774307745945
10,83.00349716087929,66.9891278581528
10,82.98550996975295,66.9828550486972
10,83.03536386246712,66.97183500291806
10,83.03463315184167,66.9746962368952
10,83.03900490057883,67.01298555192939
10,83.02012064590579,67.00808571704505
10,82.96301792406219,66.99933436854053
10,82.98360799745006,67.00176434921939
10,82.98812848819594,66.9972641170086
10,83.013028444742,66.97210242987546
10,82.98644978977006,66.98365358741397
10,82.99609087382704,67.02125714435962
10,82.96469682887682,67.03515827520822
10,83.00630293576044,66.98852628002739
10,82.96279719853926,67.00112280649105
10,83.00653783117755,66.99376143052173
10,82.9890870668915,66.99129049034713
10,83.01543939558213,66.9792857174617
10,82.96307197880222,67.00958296512371
10,82.99382535610283,67.03979201984806
10,82.98043970275828,67.01148477065902
10,82.99483849476218,67.02328941505968
10,82.98198197716032,66.99012233146388
10,82.98038297591864,67.00821272168045
10,82.98375768560005,66.99411746119014
10,82.98254357551006,66.98272979189922
10,83.03040780928102,67.00667923831374
10,82.98541636075281,66.98569709212806
10,83.0015971349026,66.99510947299238
10,83.03638274194225,66.99228162807198
10,83.00482125891561,67.02360663497512
10,82.99503678876476,66.97220066146795
10,82.99666933605403,66.95230283384484
10,83.01076198749693,66.99609054967561
10,83.00821944885462,66.97362919980003
10,82.97894397854036,66.99068607118342
10,82.99585547902491,66.98501969646722
10,82.99659380205259,66.97774533795953
10,83.00370805389254,66.9945627954323
10,83.02664119145608,67.00510059989026
10,82.97646664735531,67.02924167735078
10,82.98420448551845,67.02391870595395
10,82.99016695636891,67.01994133333375
10,82.9948842556316,67.0104299688145
10,82.96000802444634,67.01056415564736
10,83.00254204102028,67.00775898181386
10,82.96991898415203,67.03663829342237
10,83.01961446204145,67.00625730796885
10,83.01066679170778,67.00684270569799
10,83.00531548391805,66.99462253374675
10,82.99786876853258,67.04817968434197
10,82.97711085033022,66.99402378401196
10,83.02410433744771,66.96405090976616
10,82.99065541441622,66.96267956899155
10,83.0238590730947,67.00135895105984
10,82.98542698798595,67.00621044298288
10,82.99312402497145,66.97853391088928
11,83.01479993034948,67.02770166029546
11,82.99613616793836,66.99770588199827
11,82.96716424609599,67.00436795666128
11,82.95514499676833,67.01593419648728
11,82.9934205564768,66.97959533375914
11,83.03642727741077,67.01353898134012
11,82.99567995902396,66.9706413498992
11,82.97303608303963,67.00393910918676
11,83.03742369945212,66.97685336075877
11,83.04490276018272,66.99131772018818
11,82.99802437963095,66.99257438411401
11,82.9676974951153,66.98213144671638
11,82.98144343220638,66.95642232816905
11,83.0083816221862,67.00503197483202
11,82.98720744015246,67.03785941508332
11,82.98923402648943,67.00995985409999
11,83.01773252769192,66.9903366334172
11,82.98072218333036,67.00604326922229
11,83.03021416550303,67.01614423886888
11,82.99908345189671,67.00409540636589
11,83.00125545705177,66.99206053657184
11,83.04143161849069,66.97369819328303
11,82.98919497634301,67.01273671535424
11,83.04071863518799,66.99237462409678
11,82.9977395953527,66.99273098972458
11,83.02408506447767,67.0195778811602
11,82.98814758334366,67.00604298579951
11,83.0116186646846,66.959500468635
11,82.96023314440528,66.99985224556092
11,82.98242174635271,67.00433940589497
11,83.03873318211681,66.96855089907271
11,82.98699801199994,66.99792601333046
11,83.020545456322,67.01088868994482
11,83.00787292317519,67.03008984241555
11,82.99043257239616,67.0288774476983
11,82.96811191723872,67.01261647978899
11,82.95787791393876,67.01284291490366
11,82.95825552598428,66.98456552964338
11,82.97299074927643,67.00614884528794
11,82.97099286397403,67.0172920429293
11,83.03943456945957,66.99748960892397
11,82.99593365211365,66.96421771971374
11,83.04385099191882,66.98085522373322
11,83.01875109257607,66.99151537956152
11,82.9652190040612,67.00510260732823
11,83.00625265252849,66.98631154924202
11,82.97005788569263,67.014719501578
11,82.95110491069059,67.0004594348986
11,82.98326773484246,66.99649401786924
11,82.96825982159083,67.01175052328476
11,82.99505798050579,66.99071119554488
11,83.00582556783655,67.0188937954781
11,82.9828181176609,67.01979828511789
11,83.00357501514881,67.04641433308235
11,83.04541006035564,67.0151881929796
11,82.97823474728843,66.9752851355545
11,83.00332599719745,67.0269490450432
11,83.0146043487143,67.00638391678343
11,83.00638310653125,67.00873419985169
11,83.01501133044061,67.03841715677711
11,83.03686579363988,66.98124176186094
11,83.03813926734738,66.99417919814178
11,82.9919661009213,67.0338478274445
11,82.99506747796114,67.03747758763494
11,82.95238814613154,67.0031843129921
11,83.03219254146278,67.02564086219346
11,82.99511829548948,66.98191756670752
11,82.96840944170387,66.99186062836405
11,83.02228542422242,66.9560214855929
11,82.95798901280365,66.98885403014997
11,83.01495131219255,67.01215627223591
11,82.98076675865877,67.03193111946602
11,82.98630645283582,66.99008685476221
11,82.97601405614074,67.02789180018033
11,83.03721498251024,67.03127144659668
11,82.99631224850467,67.03905116248201
11,83.04012595967136,66.9883714305289
11,83.01430529832355,66.95702126184953
11,82.97216474078607,66.96465235777087
11,82.95659501205658,66.99060073104853
11,82.97546410234698,66.95761497102042
11,82.99227333484639,67.04240572068443
11,83.00013295681671,67.02938256818334
11,82.99664114033504,66.97834001011628
11,83.01825879093441,66.98040041809173
11,83.02280068299444,66.99476326130633
11,83.01042926360415,66.99288540631187
11,82.99734432217528,67.01740122290893
11,83.00634415974032,66.973027123074
11,83.00128723467643,66.96936899501287
11,82.99358684187993,67.03965498331647
11,82.96598334045008,67.02832819519415
11,82.9801470164393,66.97512876036015
11,82.97954653515748,66.9995887780307
11,83.01487354475476,67.03606368608715
11,83.04539079592168,67.01000360890603
11,83.01218553093601,66.99345629273756
11,82.99252167786538,67.02684812080604
11,82.98949027908027,67.03246237836419
11,83.0169023617542,66.99859770503534
11,83.0141062307624,67.01829659060108
11,82.99147955786584,66.99085682736636
11,82.96555052054606,67.00733036291433
11,83.04749337237578,66.98760828369637
11,82.97256254622764,66.99377980645589
11,83.04661859989662,66.99791003297268
11,82.9905370382773,67.01480430654087
11,83.0255622658113,66.97099280826983
11,82.99253683226654,66.96475620972406
11,82.96187207684319,66.99339671683569
11,82.97040978819163,67.00162629508574
11,82.9640713547857,67.02725005353277
11,82.98552916722876,66.97530350480892
11,83.01443879165664,66.96091169653243
11,82.97918677721442,67.00685703721679
11,82.99739558115317,66.95620425494623
11,83.03619313003642,67.01242501409247
11,83.01224436458179,67.03812263656039
11,83.03023988620329,66.9658608766421
12,82.9946409364919,67.04534250562071
12,83.01773252769192,66.9903366334172
12,83.00834863515914,66.9707796642699
12,83.03770581488057,67.02851744696278
12,83.01129701402907,67.01529291772617
12,82.97252756355189,66.99389279534445
12,82.95603752682727,66.97803735178775
12,83.01980390626382,66.98148804062232
12,83.02247069449338,66.99795177718735
12,83.01672253508565,67.00375345078719
12,82.99122092053217,66.97948123015408
12,83.01566811361533,66.96117565827286
12,83.01295111710897,66.9958146828507
12,82.98726009938119,67.04505485336783
12,82.96035319212221,67.01413931906617
12,82.9920261136272,67.00488061272604
12,82.98595870804832,67.00476842561581
12,83.03212553195571,67.0315132111926
12,83.012890108188,66.99774307745945
12,82.98624901223863,67.00423883440305
12,82.95199433785889,67.00367256360146
12,83.02309943609514,67.00251330830325
12,82.97167404673468,67.03198882150002
12,83.01742879615054,66.97293528178068
12,82.993600730957,66.99688862257584
12,83.03258783609547,67.03306109632251
12,82.99815232674949,66.97231407254782
12,83.02179010729986,66.99314849022338
12,83.03791959064809,66.97778957483419
12,83.03107545315666,67.03636754673207
12,82.98530955220602,66.98355425643572
12,83.01312088651055,67.0138122802419
12,83.00060867579452,66.95146842566794
12,82.97580294454956,67.03534182908298
12,83.0141027856406,67.01448933100117
12,82.9669242872524,66.99140836293914
12,83.01631662399718,66.97063781938546
12,82.9942134155182,67.01673440839538
12,82.99352767740088,66.98968665119607
12,82.98647908020445,66.95586043332202
12,83.00380093651695,67.02410400328137
12,82.97804655223607,66.96386496331492
12,83.02474753066058,66.99219240908431
12,82.96357017379592,67.02150708581443
12,83.00946774588586,67.00561126389
12,82.98133890040009,66.97609100129924
12,82.9624102410135,66.97132230487533
12,83.0085955220556,67.02700422118346
12,83.00545464955215,66.99348088121731
12,83.04470044052235,67.020136599724
12,82.98246277254867,66.96511481463058
12,82.99627876426405,67.00934080583538
12,82.98110903107396,67.0082048268477
12,83.0167183014954,67.02420628717229
12,82.977875860651,66.9743678458296
12,82.97859795045088,67.01381859678482
12,82.97790448948308,66.97897495480386
12,83.02768184176853,66.96872139231594
12,82.95263590126623,66.99607215153115
12,82.97981140922785,67.00459715911018
12,82.98000232153464,67.03819493183055
12,83.0083374846738,67.0280552108067
12,83.02030650510812,67.00948736642364
12,82.98131877578646,66.99591496091601
12,83.03918049419322,67.01152321491892
12,83.00944545995011,67.01125267815148
12,83.0334631699863,66.98092704421964
12,83.02142356618246,66.99466297109673
12,82.9506462173416,67.007941056482
12,83.02075581060345,67.01333163948152
12,82.971506583997,67.02401800094816
12,83.02291418472483,66.9992852716056
12,83.02128582768128,66.96009836502687
12,83.02167901969884,67.00871839953467
12,82.98605156632749,66.95482651049419
12,82.99721998749283,66.96323906654946
12,83.00450930956853,66.99511848316811
12,82.97121787627368,66.97791054497367
12,82.97618709050546,66.97440867847203
12,83.03276921680484,66.99711343645467
12,83.01164207918153,66.96339606778878
12,82.95829844138896,67.01669833404041
12,83.02599279822768,66.97378365110919
12,83.04401684463211,66.99762009047608
12,82.99557469606016,67.00494299975072
12,82.95441852232923,66.98587775306638
12,82.97977511576742,67.01180719139768
12,83.00056036696144,66.98103298805766
12,82.98902762257909,67.00178677367826
12,82.986562958937,66.98931105731556
12,82.98992534711616,66.95648450669972
12,82.99792796702042,66.9957688904378
12,83.04773746965405,66.99599565156693
12,82.97580325543296,67.00133858948051
12,82.9561631832158,66.99126579385123
12,82.99680415936965,67.01214469156409
12,83.00298086199251,67.00055974783605
12,82.99104611035169,66.99300011622546
12,82.99330881370095,66.97015970960486
12,82.98900900305323,67.00032684364842
12,83.01696285270285,67.0181293799956
12,82.97806471182678,66.99191749332721
12,82.96485994342962,66.9685024193461
12,83.00870699694636,67.00705111300033
12,82.96650414081734,66.97399315283717
12,83.01778092956576,67.00213190861079
12,82.96998799816011,67.01098457649275
12,83.03044868465308,66.99832626252193
12,82.9931819944935,66.98263786652888
12,83.0113775427079,67.00182819655056
12,83.01113877183553,67.00836858318914
12,82.97062667205954,66.98940489409686
12,82.97477115349403,66.99056104165176
12,83.0261765193937,66.95836930644165
13,83.04785090133495,66.99070716726179
13,82.95475534455659,66.98378983233096
13,83.00998476436811,67.0255328464599
13,82.96682531231076,66.97902939893129
13,83.01731569155908,67.03863652212925
13,82.98914495534383,67.03775223983752
13,83.03916403808546,67.0192985582713
13,83.02474850363681,66.97652881020316
13,83.00522749474177,66.99834683389184
13,82.99200424437635,67.02055783000407
13,82.97264541038521,66.95852486892011
13,83.02712519133493,66.9955082754971
13,83.04199832082901,66.9745281639633
13,83.02058096709823,67.01325119805246
13,83.00971789387594,66.97959289946583
13,83.00175730862662,67.0347223446124
13,83.02803357158622,67.0179529611378
13,82.97172622091394,66.97310016210888
13,83.02380969500852,67.00156355159616
13,83.04321604863833,66.98115886268008
13,83.01901814394799,66.9654022641463
13,82.97335610123241,67.00980207520928
13,83.01489797079789,66.97050216155013
13,83.03902580387899,67.01247983890566
13,82.96497679523344,66.99336605929422
13,83.01404911322895,67.0152053717117
13,83.00906391421343,67.00768820936972
13,82.9820434412137,66.99444302422236
13,82.9779515908971,66.9677046840574
13,82.97674646858847,67.03707789350993
13,82.98503043609146,66.99663950044689
13,82.99068861055355,66.97306883274548
13,83.01809876072713,66.9918283054463
13,83.01431026947604,66.98602452698736
13,82.99421450449309,66.95415473580438
13,83.01961446204145,67.00625730796885
13,82.96200447807082,66.97284432392301
13,83.01901814394799,66.9654022641463
13,82.97465423000943,67.02629204607857
13,82.95367506916443,67.00291442135459
13,82.95789073142603,67.01330041016475
13,83.00159055281374,67.04473339245058
13,82.97065591094272,67.03571845416332
13,82.99242174460524,67.04064720463431
13,82.98552016663274,67.03814253330987
13,83.02920120935717,67.03720562130545
13,82.99681456716391,66.9752023999685
13,83.00790164088762,67.00115534974108
13,82.99835066158502,67.03441466215025
13,82.9598499143217,66.97417191951108
13,83.0151113029947,66.98686445456431
13,82.99800737881999,67.0423303721905
13,82.96502897950582,67.02600488484335
13,82.99922127903818,67.01320167708751
13,83.01739535554506,66.99865941292927
13,82.97989821942136,66.96065931559195
13,83.03051410269282,67.03135027980204
13,82.95983611835165,67.02968779394844
13,83.033880929249,66.99704776757511
13,82.98559248579056,66.98131851941226
13,83.02980710121896,67.02424523696138
13,83.03509409330889,67.00793196247815
13,83.02672578445824,66.98442938204758
13,83.04836386096511,67.00277788075597
13,83.01962095356205,66.9955912486766
13,82.97152242130873,67.03904572606265
13,82.9968317329374,66.9713937262828
13,83.02344826083352,67.0396124794402
13,82.98201479326708,67.0017094414811
13,83.01316497987276,66.9707203557439
13,82.98609833295257,66.9983425025411
13,82.9911341099197,67.04689656233136
13,82.96256895520207,67.03060817549606
13,83.02271072893309,66.97432670151301
13,82.98451341355198,67.00882972981167
13,83.00323378002142,66.97076452054672
13,82.98723645631438,67.02348698241815
13,83.00715720905464,66.97836476666147
13,83.00293357205365,67.01028755812008
13,82.99581351186224,67.04648533923273
13,83.00081040889063,66.98432617096064
13,83.02027226952993,67.03687622921385
13,82.99789212928977,66.99300343597281
13,83.04289066331462,67.01608591438006
13,82.99287093149464,67.00596760589328
13,82.98201520640555,67.02059200676888
13,82.95547260500094,66.99679594061956
13,82.9978956085021,66.9746254804612
13,82.96552686166368,66.9898879854537
13,82.99694281187367,67.04461016575254
13,82.98519473163176,67.04364981232771
13,82.96695856975454,66.99321703030444
13,83.0185175277044,66.98447601217539
13,83.01987883009207,67.00349960180105
13,82.96845767624093,66.96225572953273
13,83.01787703303002,66.97328202825406
13,82.96424146239474,67.03352400348848
13,83.03442076132482,67.02156822682834
13,82.99122936455102,67.03555107335343
13,83.01007173837687,67.02418905772694
13,82.9800370483092,67.01268457048992
13,82.97164770390621,66.97455879681277
13,83.01484171615294,67.0274309350578
13,83.00320125136926,67.02766452271837
13,82.96670478728416,67.00387710888553
13,83.00564344844838,66.99978254405545
14,82.97767560171935,66.99247555151851
14,83.02179175087836,67.0358493661893
14,82.9767627090934,66.99196955413676
14,83.02738405491698,66.97869839536312
14,82.98423011398654,67.03478558488776
14,82.97221271153238,67.0244950659046
14,82.98629825404024,67.01610904853727
14,82.98888032009819,67.01428832602785
14,83.03503806753473,66.97898234059893
14,83.01436388529797,66.99167116808059
14,83.00055308680604,67.04809547712125
14,83.0077311278167,66.96686301037714
14,83.0005900006666,67.00189682270877
14,82.97448652886884,66.97200802282829
14,82.96546490502993,66.98845026644636
14,82.99208547760284,66.97843926480601
14,83.01123398862063,66.96012684574156
14,83.0124573090053,67.01719900291194
14,82.9892234415291,66.9718590636462
14,82.9775993030625,67.03152371358998
14,83.00950076684259,66.98945746700424
14,82.98118614054064,66.97411733617855
14,83.014047009686,66.97950376532575
14,82.98138621503892,66.97156933100892
14,82.96963327619196,67.01654631835713
14,83.03951808366072,66.97813032931353
14,82.96092029060924,67.00885614222453
14,82.99996706781904,67.00571454206538
14,83.00559921333424,66.99109051424031
14,83.04125641283989,66.99943245160532
14,83.01670885834663,67.02476417398884
14,82.99942564615111,67.02289312893707
14,82.98946191544768,66.97107357082949
14,82.99272533601015,67.01161721372767
14,82.981680293968,66.9838092084195
14,82.97714483552923,66.98061968691135
14,82.97263725744286,67.02495490340524
14,83.02234298072933,67.02598994723398
14,83.03575767115976,66.97968794563711
14,83.00481374069665,66.95704325595705
14,83.01279742374665,67.00563226041272
14,82.97768019040844,67.01762007384569
14,82.96578996405694,67.00588305714011
14,82.98474582487455,67.04517934280399
14,83.03649344683309,66.99764320085801
14,82.95289728398826,66.99842225999281
14,82.96627594127533,66.98307333503317
14,82.99433828991565,67.04358496647563
14,82.9775993030625,67.03152371358998
14,83.00297414595127,66.98234665696596
14,82.95246213087,67.00352057170781
14,82.98945951672445,66.99459342977102
14,83.01235263332501,67.022658265811
14,83.03713690295527,66.98049544274132
14,83.03850311453878,67.01492226609587
14,83.00057103169196,67.01608389755883
14,82.97335447108078,67.0235969658581
14,82.99579896703955,67.01870017574002
14,83.00455133208897,67.01922603532522
14,83.01168987239238,67.00091212738694
14,83.01195722383333,66.99609773008417
14,82.95239404539213,67.00764973321931
14,83.01005288150887,67.0063802037499
14,83.00968673038159,67.04782827791787
14,82.96454104643341,67.02573664304641
14,83.02376097048253,67.03874344387764
14,82.99477095106246,66.99714346088969
14,82.99454873224622,66.99018227512258
14,82.98809235745033,67.0249709768327
14,83.03054241445561,66.99820622135631
14,83.02696994536075,66.96611306390739
14,82.97828938831249,67.04129040099046
14,83.03918049419322,67.01152321491892
14,82.9867788214008,66.98834494842592
14,82.99360354962616,66.97637681713749
14,82.9844698053995,67.00756210750116
14,82.97784798913146,66.96788114220378
14,82.976437227246,66.99804623072119
14,82.98339963991724,67.01587312757671
14,83.01682127628825,67.04485064214586
14,83.03244791322177,66.99450770623977
14,82.95129800412202,66.99130458168422
14,83.01003869966665,66.95904522409295
14,83.02290123381717,67.01965447806417
14,83.04131797422085,67.00645970990284
14,83.02331314021139,67.01662147230537
14,82.96173515839304,66.98836888920061
14,83.01697281265946,66.99196473363193
14,83.01389142155419,66.95395900483875
14,83.00830947323178,66.97720089307042
14,83.03217843570026,66.99537398399124
14,82.95848627043452,66.97838200212777
14,83.00385368483468,66.95650585807657
14,83.01552579939714,66.99495607929389
14,82.96648672530928,67.03174652946483
14,82.97605571229869,67.02415632192971
14,82.95162810430413,67.00952702463657
14,83.04368083962575,67.01468696514252
14,83.00603394075758,67.00275649963413
14,83.00750061837016,66.99494342932722
14,83.00227084482174,67.02504184690876
15,82.98306771499644,66.99530144532707
15,83.02935194581953,66.97348844538065
15,83.02052167084287,67.0345912719111
15,82.97188382511244,67.02555299503635
15,83.01090912851338,66.97050452363926
15,82.99492326096062,67.00742115290284
15,82.99339403687841,66.99013701514276
15,83.00233087932786,67.01547910569634
15,83.03712365634895,67.02746943911654
15,82.9834560430844,67.00111123358155
15,82.97820078525328,66.96776201480343
15,83.02716131664414,66.9909598382591
15,83.02382859697686,67.03767444635781
15,82.98105274506625,67.00678009696536
15,82.95413545253564,67.01771198822894
15,82.97578896494812,67.03072267413897
15,82.99409823769797,66.99745975754895
15,83.03746693971208,66.9704458159624
15,83.01389548233504,66.99250009017344
15,82.99798844381182,66.98865463362473
15,82.9987310367739,67.02267862766041
15,82.99899566239799,67.02178571697989
15,83.00855953707931,67.02215639286403
15,83.02215455407993,67.03186782052865
15,83.01700380553984,67.03555986258694
15,82.9667985112312,66.96726387082057
15,83.00694023970796,66.97600798837684
15,82.98906526692839,67.00990579718749
15,83.02325868212354,66.96419710419757
15,82.96964471755962,67.01397529211856
15,83.01312350555163,67.02115005351334
15,83.01357904010972,67.00862506712731
15,82.9564995599045,67.00136741458991
16,83.04128856837467,67.02273533922082
16,83.00248138476839,66.97473350531723
16,83.02519119983033,67.0293171046544
16,83.0114275587523,67.02228224254179
16,83.00505316689514,66.95912466543946
16,82.9926956918007,67.02642872467786
16,82.98468916133281,66.96189267671352
16,83.04702596411732,67.00619761675043
16,83.04460712383079,66.99304767988853
16,83.00853338962989,66.99753431479647
16,83.01372439506393,66.98608934376409
16,83.02925730382935,67.02370795929461
16,82.96179336936207,66.9746192334256
16,83.03684667030677,67.00242402435902
16,83.0047764483295,66.98403570312013
16,83.0319164700714,67.02039559535044
16,83.0345858120633,67.03444143786399
16,82.9787067360522,66.99555152262955
16,83.00087555663436,67.0232030426049
16,83.01029284424499,67.01379422526485
16,82.97718221055435,66.96116193879826
16,82.95575380556484,66.99155399544907
16,82.964817473009,67.01958595255155
16,82.98840691572474,66.98089811865054
16,83.03908515024173,67.01171587896746
16,83.01353527603187,67.03961499659606
16,82.98066939328804,66.98480493953619
16,82.96861383521312,67.01987568711121
16,83.03782397850945,66.9745169117535
16,82.97807044346098,66.95564938051278
16,83.02369808279823,66.95973769949676
16,82.95058524713473,67.00439734582304
16,82.98907467981368,66.95647763076246
16,82.97410456714846,66.98539112320735
16,83.02100682276016,67.0201622313183
16,82.95430732492059,66.99455614037525
16,82.97854306145034,66.99352093010239
16,82.97831164634144,67.02776265469565
16,83.01107365573858,66.9742124408094
16,83.02988814867976,67.03824470373407
16,83.0308823812117,67.0169878224655
16,83.00921989039615,66.99460033033778
16,83.00641598665257,67.02752882930791
16,82.96692503267003,66.99144858772961
16,82.96140529734187,66.99415931009129
16,82.96782480650307,67.03492718704132
16,82.98584312808289,67.01873237847457
16,83.0059564241913,67.04257807018136
16,83.02588794490816,67.00255231468843
16,83.01368895012455,66.99598585040424
16,83.00359574643083,67.00164623602194
16,83.01751989382748,66.98991256188407
16,82.96218971878359,67.00403492299333
16,83.0057337755725,66.98949241743523
16,82.97944735012226,67.03212832323483
16,82.9958367646064,66.9777037033819
16,83.01533402669973,67.01365028445177
16,83.01606376553615,66.97685932848663
16,83.04343873599231,67.00422729372427
16,83.03242513946698,66.9898050377677
16,83.02450326360659,67.04144247052966
16,83.00394169166653,67.02435521217015
16,83.00058628142456,67.0194801757513
16,83.0192764143267,66.9846016761297
16,82.99811009270398,67.00522318791738
16,82.995977969198,66.9886367865549
16,82.98723645631438,67.02348698241815
16,83.0015826093715,67.02248342578585
16,82.97094298101081,66.96028972143684
16,83.02353032405858,66.9948344874271
16,82.99685593811958,67.040471637726
16,82.99156039762804,66.97820842494649
16,82.9686260245079,67.03594080844788
16,83.00302141734136,66.99091677779816
16,82.99392680962882,66.98384205675191
16,83.00225883847781,66.98319851811584
16,82.99657417109175,67.01199766239807
16,83.04748944089982,67.0024798187301
16,83.0091112914946,66.98933435218893
17,82.99213799187214,66.9820738387802
17,83.01656902555467,67.03689100682466
17,82.97047119563014,67.03619310120831
17,83.01930956904454,67.00970598826974
17,82.96569952814303,66.98343162304239
17,83.03019447119497,67.00551521548755
17,83.04711991270374,67.00856508887252
17,83.00065645640461,67.00753661736842
17,82.9772627276775,67.03587972788684
17,82.96427473354832,66.99243589271461
17,83.01960490768415,67.0002203726539
17,83.00889637411044,67.0135050573303
17,82.99594409843525,67.00970264026593
17,82.97053652683407,66.98633325177776
17,82.97655904457015,67.02554035546642
17,82.98011248051206,66.98252394906301
17,83.00395371178641,67.02702448197428
17,82.96655245984049,66.96365094319621
17,83.03804359734126,67.00972727260694
17,82.99436479476421,67.01649535178528
17,82.97316525804308,66.96207695139096
18,83.01516095607664,66.98114675012253
18,83.03605404293772,67.0105880112081
18,83.00488320754434,66.95802923749028
18,83.03690766780204,67.01876532053895
18,82.985584800233,66.97812967848654
18,83.01681280050647,66.98403463573595
18,82.97586004928465,67.04326181052546
18,82.98906526692839,67.00990579718749
18,83.02793610909542,66.98556158139564
18,82.99622664653918,67.04983925395402
18,83.00576089124446,66.99698096433302
18,82.97452547423863,67.02046509278792
18,82.95664295990188,66.99242104020975
18,83.04065150733963,66.98584177539429
18,82.98224857346423,66.97627897878947
18,82.9877971995528,67.00203048298403
18,83.03244313936739,66.98148357163646
18,82.96149944882231,67.01091903632444
18,82.99195560821151,67.01643874065563
18,82.99792065589783,67.01787468784529
18,83.02682497564238,67.02279235943185
18,83.02342464144206,66.97144197690812
18,82.98975518860817,66.96552817227924
18,82.96252646672615,66.99381189987415
18,83.02664312812188,67.02414717395567
18,82.99658720393258,66.99486162844198
18,83.01138204505571,66.97321273610648
18,83.02771511500198,66.9917516916924
18,82.97998876006764,67.03733574949999
18,82.9948417011175,66.96423142863334
18,82.97960261278946,67.04229448775008
18,82.9585059648726,67.02255194352662
18,83.02156517845931,67.04419925764334
18,83.00168665735283,66.99013235826172
18,82.9534725676478,67.00081193293047
18,83.00995581238918,67.02827552461201
18,82.99516608198361,67.00248643609798
18,82.98700236906436,67.02471458530334
18,82.98076675865877,67.03193111946602
18,83.0376443374523,66.99581058542775
18,83.00695241977579,66.9844915365854
18,83.01378885308861,67.02193604915932
18,83.01076692365042,67.00936158998545
18,83.0065768964959,67.04397343188148
18,83.00788974195082,66.977734627242
18,82.98917402571443,66.98778421900447
18,83.02196011089299,67.00519175762561
18,82.9843057829334,66.99565048687738
18,83.02188513006193,66.95889855117248
18,82.98418160070548,66.99086252203868
18,83.01310586401185,67.00856066134983
18,82.98007072887194,67.01062110859743
18,83.04242801398922,67.020069701155
18,82.95039274319714,67.00175995454944
18,82.96443454197166,66.9905150196813
18,82.96268215539574,67.01000684523152
18,82.9701810649803,67.0393053856437
18,83.02380133745078,66.99647864704181
18,83.04896206015073,67.00569003754205
18,82.96662545468654,66.96594338444527
18,82.97015999360295,67.0175516591181
18,82.98208367339922,66.9635074024819
18,83.0376443374523,66.99581058542775
18,83.01223151252637,66.991546395209
18,83.00320599939049,66.97814318734927
18,82.97528214282775,66.95909275122051
18,82.98439063967702,66.99556016407328
18,82.97640753597106,67.00215370711912
18,83.03707013008156,66.99001752825106
18,82.96313177372879,67.02972524899346
18,83.02083976233618,67.04193681239009
18,83.00320125136926,67.02766452271837
18,83.02015415573477,66.9626254806053
18,83.02213631162033,66.9926999142053
18,83.02065175577597,67.02039512639742
18,82.9982319952869,66.99222928909386
18,83.02075880977254,66.96332981674797
18,82.98193700854381,66.99188702817462
18,83.00764719824113,67.04105783087006
18,83.00913351958314,66.98700768673626
18,82.99568816077047,66.97133994187564
18,82.97898024233662,67.00111373620413
18,82.97279237199541,66.97901598210692
18,83.03194417993592,67.02320576360572
18,82.99291896480437,67.03062901067088
18,83.00076267265118,67.03273341389223
18,82.99943415612478,67.00784227764902
18,83.01827762951325,67.0186458461117
18,82.96983001946333,67.02337406061956
18,82.95776209994604,67.00682539585435
19,82.98561252091895,66.99728039573772
19,82.99723800976379,66.96594610361453
19,82.99265583828824,66.99814333672752
19,83.01225691989787,67.01605974303503
19,82.99046983800001,66.96772985478725
19,82.987761601977,67.0082741284499
19,82.98921450746892,67.00217484643882
19,82.99987677096728,67.00807122098028
19,82.97614819849412,67.03361786973993
19,83.0147279460749,66.99783433345254
19,82.96572255073156,67.01113426739455
19,83.00058494091694,66.99822499840947
19,83.00653783117755,66.99376143052173
19,82.98644842665932,66.97210939136464
19,83.03604855768884,67.01444480495397
19,82.98717455233769,67.01933448342803
19,82.99780001595705,67.02099601665279
19,82.98734262258282,66.98531855173987
19,83.02597442048415,66.98447192156651
19,82.99255428355987,66.97269137333458
19,83.02238663594875,67.02233201374176
19,82.98343429221417,67.01424571047485
19,83.0327307566099,66.99789489339122
19,82.95514756532289,67.01963695281759
19,82.96193948079123,67.00213858863562
19,82.99827143612498,66.9833127504071
19,83.02833796987404,67.00661196535361
19,83.01087629554225,66.9766267104986
19,82.99542238903173,67.01509006608401
19,82.97716143927455,67.00673808366015
19,83.03200365759797,67.01156376016532
19,83.00263610493438,66.98118371010439
19,83.00045106629278,66.98993352550744
19,82.99295896126701,66.99458924999325
19,83.00811883831751,66.98149356758822
19,83.01050977291486,67.00170103481732
19,83.00802394900973,66.95509899593215
19,83.0305249708849,66.9943244083736
19,83.00556427179876,67.00050806010965
19,82.99190311183041,67.02954698533635
19,82.98756674891762,67.01977638491209
19,82.97862472590757,66.98375873789935
19,82.99645286189363,66.96654654081676
19,82.99967803320472,67.02925827571859
19,82.99517314327483,66.99364617681809
19,82.98803319938949,67.00265693685537
19,83.03127602976963,66.99763086407474
19,83.00346454198018,66.97793034765914
19,82.97495501427055,67.01817135182255
19,82.95264839506747,66.99105935861948
19,83.01591943591798,67.03113904056924
19,83.03090240367435,67.0161243752947
19,83.0064258468709,66.99543626604527
19,83.01623928549647,67.01442640071905
19,83.00834630502521,67.00414631185055
19,83.02149531825405,67.03252809812679
19,82.98689339462307,67.03210169435324
19,83.00658383733908,67.00013531970653
19,83.02655616598611,67.01420117547526
19,83.01330247890344,66.99248514408876
19,82.99908966718709,66.99718349885019
19,82.98884413796529,66.97516870924666
19,83.00693731305218,67.04110320313183
19,83.03388534872029,67.01313055204686
19,82.97233714794748,66.98784489693492
19,83.02648979455522,66.99557736011144
19,83.02288475794508,67.01521392088245
19,83.00856405946439,67.02539371588277
19,83.0138128853609,67.03832804910978
19,82.9792401659729,66.98683805478251
19,83.00391835544659,67.0231708031163
19,82.98714253817921,66.9820544187935
20,82.9857410648106,66.97930759489664
20,83.00786048001875,67.00245393474844
20,83.00834656754483,67.0147815459743
20,82.97406298787055,66.97386451021413
20,82.99390762068366,67.00719985668482
20,82.98334645309059,66.97258979377183
20,82.9637145737194,67.00178899737466
20,82.96402740220866,67.00696494776487
20,83.0221693069228,67.0172046279388
20,83.02327942674664,66.99172359427185
20,83.04225923003149,66.99242356444638
20,83.03234637494022,66.99587652169342
20,82.97284828910965,66.99016917905634
20,82.99767388899804,66.99004004133516
20,83.0194676357323,67.01623602996108
20,83.02446677059628,67.01897520686153
20,83.00052336050462,66.98816319800503
21,83.0051438144051,67.04621552014147
21,83.01357904010972,67.00862506712731
21,83.00839944076144,66.95134822649635
21,83.03659796859452,66.97479086602979
21,82.99429991596827,66.95997883570652
21,82.99645042771454,66.97382301345905
21,82.97474069468772,67.00428200429165
21,83.00666311024233,67.04797286453294
21,83.01979155466289,67.01463027338703
21,83.00381726056203,67.0374703022584
21,82.98795455456577,66.99952346010117
21,83.0273322635747,67.02242191639267
21,82.97791553623489,66.99607736094384
21,82.98896140536951,67.02398539711083
21,82.98906431760335,66.98639289910227
21,82.99765007266598,66.99329191368534
21,82.95394616030929,67.01864732019776
21,82.9710475111225,66.96619878099109
21,83.03483032843776,67.00430700703825
21,82.98280403445861,66.97005669693037
21,83.00302141734136,66.99091677779816
21,83.00832809142808,66.98322978419712
21,82.99562069202163,66.99486822895635
21,82.9777089926493,67.02761578712739
21,83.03688450037612,66.96754926337617
21,83.0224293561731,67.01213500575824
21,83.03411456480781,67.02071719093352
21,82.99462957562584,67.01397084132468
21,83.02048139269763,66.99017511173064
21,82.99203908152715,67.026185474843
21,83.0172107112813,67.00371459659976
21,82.96846337856189,67.01497163386055
21,82.98072655533609,66.98074898455127
21,82.96126254551461,66.99169040126746
21,82.98439101902895,66.9631393504236
22,82.97429678867802,67.03766980073927
22,83.01087229379048,66.95851500271327
22,82.98130278736184,66.98586264375555
22,83.00781654626046,67.02858442294149
22,82.96072609913847,67.01836391512877
22,82.99886193408938,67.03150797006103
22,82.99227157071273,67.01078611578238
22,82.98595141655373,67.03512900295229
22,83.00753875912024,67.03428483382446
22,83.03950236909107,66.97984369969139
22,83.03118463209752,66.98099767025256
22,82.98083182225952,66.98775667701298
22,83.01670326313565,67.02594000818894
22,82.99633569960541,66.9772632312747
22,82.95778934587334,67.00737757226518
22,83.01183604812148,67.00843462351241
22,83.0349899337297,67.02566965335096
22,82.95716034022817,67.01569529422477
22,82.98499934567802,67.00186082912921
22,83.018707106033,66.97113502679954
22,82.98917596585244,67.0181423378971
22,83.0365987929238,67.01195238099186
22,82.96587712960682,67.01325426550635
22,82.97593358772231,67.03715785149161
22,82.996390411537,67.04653829703366
22,82.9926175309369,67.02299844761288
22,82.99943543486395,67.01202684748368
22,82.98655086184448,66.99203684283269
22,83.01949592728228,67.03423101954964
22,82.9959109061327,67.04432810720861
22,82.97882828144283,66.99979710787461
22,82.9947012051139,67.0343685227237
22,82.97601671404598,67.03654636315736
22,83.01789543147066,66.98186352909744
22,82.95719888550938,67.01143605459328
22,82.97427035689113,67.01080401318805
22,82.9736037605396,66.95768461781819
22,83.04340997412254,66.98015337569774
22,82.9864505059906,66.96030255632387
22,82.97549263822752,67.04168254141821
22,82.97259320681361,66.98329388936418
22,82.985913985549,66.982935813011
22,82.97724257791938,67.00201353022887
22,82.99134902193684,67.01708733703148
22,83.04182749028801,67.00381268466782
22,83.00785537584424,66.97037001950318
22,83.00780589817214,66.98293297898668
22,83.00248259997981,66.98286285835428
22,82.99887961334,66.97687670519588
22,82.98659259204359,67.00088914732098
22,82.97589389100975,67.02650250705847
22,83.01282989000335,67.01344639405306
22,83.00430501858568,67.03201962323264
22,82.96921039545718,66.98774765546561
22,82.98059054748363,67.01130461081209
22,82.98159114996076,66.9981838461845
22,83.0128732661062,66.9854129057353
22,82.99661414122635,66.98104494738509
22,82.97616124056096,66.96471751974076
22,82.98315062437808,67.01537165056786
22,83.03632069420368,66.99947760650028
22,82.98900721646004,66.9736293581018
22,82.98636515412973,67.00625982537125
22,82.99925070787643,67.00287336627606
22,82.97208367631401,67.0214633735305
22,82.98133177602875,67.04254371335934
22,83.01192067142131,66.95839112529782
22,83.00734379455903,67.04167254497644
22,83.00693831054416,67.02740638122746
22,83.00920186687902,67.00561174172664
22,83.01719093456703,66.96065150397597
22,82.97215121584576,67.0284217420088
22,82.99289777510555,67.02045690267381
22,83.00576792507196,66.99361715747591
22,83.037949066761,67.01299459953788
22,82.99632288724098,67.00234703884159
22,82.99967841809816,66.99866730330345
22,83.02167299204639,67.03366999558314
22,83.02612895623349,66.982503730516
22,83.01008999828953,66.97900984634067
22,82.99190098198346,67.02721014677573
22,83.04124129108857,67.02179584350021
22,82.99990861833794,66.97445968072452
22,83.03466046891991,66.96789039474552
22,82.97209820740441,66.9691431220408
22,83.04328573077596,66.9816725760728
22,82.9674646715174,66.99579753060728
22,83.00005696225962,66.96269905791387
22,82.97676761064653,66.9625599737333
22,82.98538232973193,66.98645726130081
22,82.98183022016995,67.032399171862
22,82.99848531025422,67.03166178202356
22,83.03016547164415,66.97746083896355
22,83.02319497466712,67.0304069636669
22,83.04946320524292,67.0063956348216
22,83.01908092945669,66.97053536718681
22,82.97629595441248,67.03561323301896
22,82.98331359570068,66.97078245008255
22,83.02395569082258,66.97942984268228
22,82.98233799919367,67.01617529087044
22,83.00941817932818,67.04471899427097
22,82.96010182452146,67.01679076563823
22,82.9870577407037,66.98224271095583
23,82.9815971647504,66.98043846237626
23,83.03674809242787,67.00523468121727
23,83.03196278449775,66.9618824538191
23,82.96950251965788,66.97385182206985
23,82.99181041273461,66.99566849126123
23,83.02529848685515,67.00001691745399
23,83.03040423656695,67.02923662263355
23,82.98773908999496,66.97976135754365
23,82.98846065385604,66.98867237748537
23,83.01751551329868,66.9690879428074
23,82.99476900937661,66.97299868740915
23,82.9777089926493,67.02761578712739
23,82.97515201288178,67.01278995660981
23,83.01191146116821,66.99886588720564
23,82.99720568767438,66.9779388893631
23,83.0291903262279,67.0033298429842
23,83.01919717205463,66.97112423025817
23,83.01268450689477,66.99907694965617
23,82.99049432795611,66.99180506446473
23,83.00583067280408,67.03364303946712
23,82.99895025395166,67.00687671844523
23,83.04331791897435,66.99183038286726
23,82.99897921130643,67.01148985786185
23,82.9969296522113,66.97713610036514
23,82.97352605345758,67.03986473644791
23,83.02997379452313,67.03628302460413
23,82.98282926251888,66.9911581547577
23,82.96597396195818,67.00388782430427
23,83.01909321040323,67.00218553930186
23,83.04308299593718,66.9935399093741
23,83.01206891591515,66.99034778838109
23,83.02792840412184,66.95967369323677
23,83.0355774783004,66.98964413394908
23,83.00687112484366,67.04528770765334
23,82.97888743197494,66.96161113171243
23,82.96262465053167,66.97351153906314
23,82.97402200600516,67.0349825770844
23,82.96180893649664,66.99236438379538
23,83.01623202230749,66.95886742770895
23,83.00722302082353,67.03771999774749
23,83.02472125601135,66.99473065197019
23,82.99590664407391,66.99068159049303
23,83.00992998645555,66.97982866955931
23,83.0378410865745,67.0195166218466
23,83.03164558212951,67.00805620398754
23,82.97121593923828,66.99159330383422
23,83.00665240790566,67.0282874237845
23,82.9843364781189,66.99011406083663
23,82.99327884334014,67.0352649999015
23,83.00054478602752,66.96652298951082
23,83.01347772831163,67.01569720623655
23,83.0073304457851,66.96448781111985
23,82.97418335295865,66.99291350714944
23,83.03788517055742,67.01167705210061
23,83.01857316167651,66.97937354321319
23,82.98226705902427,67.03265305124764
23,82.95554124662542,67.00247137571559
23,83.02525930840116,66.9766984151684
23,82.95707400613173,66.98289572837832
23,82.98397738256304,67.00351135415852
23,82.96906068399383,67.02781754756468
23,83.02673821403339,66.98014873149108
23,82.97374928071409,66.97582700395989
23,82.99453692723733,66.99245746015137
23,83.023875569849,67.01276255796651
23,83.00818694256361,66.96109763441191
23,82.98577011024523,66.97591948102173
23,83.03273405399587,66.96894916285272
23,82.99051824832084,66.95209943260913
23,82.99273790184297,67.00171887217978
23,82.97127022364721,67.0156488269607
23,82.96043751082213,67.01822816820636
23,82.99690039347794,66.96101051413095
23,83.01947368084052,67.03424348396805
23,82.97066721591133,66.98451184607033
23,83.00879184959169,67.02681766002974
23,83.02327704149255,66.98109207844172
23,83.0303607674911,67.03863246872582
23,82.98712233392656,66.97379315892918
23,83.01732305888987,67.00090956686259
23,82.96912845181008,66.96784548146576
23,82.98809031940424,66.98991363619824
23,83.01747893587708,67.01441020283085
24,83.03555458444326,67.02226455325513
24,82.99776722960694,66.96896458659377
24,83.00385873441617,66.96027381810079
24,82.98766556124383,67.01868722500232
24,83.03467333649907,66.99993012871433
24,83.03558875493776,66.99569528137958
24,82.97852279631293,67.01827345475023
24,82.96503344374037,66.97922821935323
24,82.987755818674,66.96350741644494
24,83.00092580739131,66.97406903314003
24,82.98816409629106,67.01997866664867
24,82.9940538508468,66.98679589199176
24,83.02276550206314,66.99862897251114
24,83.03356074250152,66.98236614168239
24,83.04875550926492,66.98899553114963
24,82.99687973582574,66.98713496292555
24,82.99814808209987,67.02117416913386
24,83.02372054501129,67.01966760790981
24,82.96455041620436,66.9689033624634
24,82.98966473082308,66.99585805616353
24,82.97013007553457,66.97949215358786
24,82.99193603982643,67.01081236636452
24,82.98662566316702,66.97301989014134
24,82.99925943456739,67.00138587913166
24,83.0014257643823,67.032337028012
24,83.00942331472652,66.972798038664
24,83.02575664197215,67.03644711608068
24,83.01719579929113,66.97241969451207
24,83.03786311322503,67.0201493764914
24,83.01955024178325,67.00150543025845
24,82.99904383795692,66.99776809993962
24,82.96067199220019,66.98705742775971
24,83.01445182419198,66.9831167882101
24,83.00609561589147,67.03582120217573
24,83.01552579939714,66.99495607929389
24,82.9986559290423,66.98058123694891
24,82.99823056722008,67.03642616145405
24,82.99098837605953,67.04563470979096
24,82.97252517851973,66.99281306417426
24,82.97658067222325,66.99611082277177
24,82.97129913223077,67.03101830014974
24,82.96918360532067,66.99497947018095
24,83.0092978290604,67.03315701395813
24,82.9946435326516,67.02118656643088
24,82.9635416681949,66.9722009160408
24,83.01447986055531,67.0232039533975
24,83.01999582614935,66.99591795769578
24,83.01344301689538,66.97302836904419
25,83.02831465870325,67.01199583434595
25,83.00320424693577,66.96992502136253
25,82.99817377739015,67.0125396049632
25,82.98853725705213,66.99362412305406
25,83.02902818659126,67.01633802441016
25,82.96110893219469,66.97980118812167
25,82.97514653125336,66.9748105265124
25,82.98905976996716,66.98501605036672
25,83.00169985718432,66.96411680161623
25,82.98689252424727,66.97018548753753
25,82.97920323224419,67.0221992859301
25,83.04232224423107,67.01649773357784
25,83.01893718859691,67.01060327026245
25,83.03641626419184,67.02830157639772
25,83.01368952994234,66.99868626955116
25,82.97118634828254,66.97179529439718
25,83.02118053164511,67.01298746678304
25,82.97278860780663,66.97976622763997
25,83.01348633478013,66.98589098318608
25,82.9912848960402,66.97965088201187
25,83.0012025282585,67.00355571758875
25,83.01441545590282,67.00350735074737
25,82.99679771684978,66.95034232779038
25,83.02149581151352,66.99051592087349
25,82.99730387363118,67.03109598969552
25,83.01329598980101,66.96271873364688
25,83.0099786039891,67.01087321203171
25,83.02785045339189,67.0188453942613
25,83.03657235497,67.00399396574606
25,82.97281658330006,67.03185295779718
25,83.02728055802764,67.00925323876578
25,82.98623563390741,66.9848094985797
25,83.04893546873004,66.99659332382085
25,83.00227800478793,66.9957805173259
25,82.9992594097421,67.0296100118778
25,82.98369217072577,66.96557367440145
25,83.01298724065637,66.97557663380819
25,82.98322460430586,66.97506875951657
25,82.99963723262763,67.02129740225848
25,83.03783312768245,66.9930692247958
25,83.02440260027578,67.0122333555107
25,83.01339049056975,67.00851726156822
25,83.02243554325344,66.99037766979946
25,83.00337679946067,67.01215949246932
25,82.96320238587117,67.01069088878864
25,82.99233531786795,66.98032175964111
25,82.96348262363442,66.96996148312664
25,83.03466046891991,66.96789039474552
25,83.0015971349026,66.99510947299238
25,83.01104503792786,67.0126018745705
25,83.03283655547649,67.00702900624734
25,82.99432313386522,66.96282632190517
25,82.95906273546588,67.02232056685102
25,82.99585395857537,66.9850778781152
25,82.99050401452088,67.01634192742686
25,82.989203101944,67.0145008560043
25,83.01173020358614,66.99537985513035
25,83.04357547532314,66.98322091954033
25,83.04714689075799,66.98510150539295
25,82.96264111684343,67.02968611545754
25,82.98119894730117,66.98911509715369
25,82.96992455611603,66.9866854815223
25,83.0150488814212,66.9672912740926
25,83.02444982125402,67.02586578287033
25,82.97876253018048,66.97752268226048
25,82.9770738039871,66.9934737073492
25,82.95488384313956,66.99111240497199
25,82.96051522211866,67.00525150570869
25,83.00892831956955,67.0099157746006
25,83.0241781242876,67.0164864797593
25,83.01586022340756,67.0048471142137
25,83.03324452106499,67.00313249578899
25,83.04234793306905,67.01881241493193
25,83.03524109936282,66.98920559855418
25,82.99520349260872,66.98379575121174
25,83.04367631274575,66.98700441600032
25,82.99135920044813,67.02348884845176
25,83.00243529443999,67.03524483333169
25,82.97036691976614,67.02699906524056
26,83.00830947323178,66.97720089307042
26,83.02181554181278,66.9673897798164
26,83.02109339867307,67.03250911688295
26,83.0329932382602,67.01427017190237
26,83.0298201934104,67.0133314377608
26,82.96500663200158,66.98580809397556
26,82.97007842967994,66.97021767846005
26,82.97750038804061,66.99946410900772
26,83.01611651515223,67.03421938847633
26,83.04225381155003,67.00059783925317
26,83.03044743145334,67.0055655141341
26,82.96914570697855,66.98171670606851
26,83.0239181669673,67.02806514701254
26,82.98590938560046,67.00126269524316
26,82.95587906083351,67.01227841183929
26,83.03436768134618,66.99398486836223
26,82.99410726788271,67.00548941346138
26,82.99020394946642,66.95507894864514
26,82.99739853642652,66.98312352278066
26,83.03347767942745,67.00897355358167
26,83.01042926360415,66.99288540631187
26,83.02165006371104,66.98731541480107
26,82.99660402786259,67.03122994221783
26,83.01634336052336,66.9675399291089
26,82.99907547953126,67.03710461578362
26,82.97959771459246,67.00360541198309
26,82.99603024525766,66.95240900660882
26,82.97733574783707,66.96674426481384
26,82.96618433074347,66.98354237074034
26,83.03323927716531,66.96986503402185
26,82.98946117654963,66.97993467584863
26,82.99598852667529,66.95386385871447
26,82.97436055665509,67.03362868900793
26,82.99241615050241,67.00961581998628
26,83.00553377938454,67.03355643938887
26,83.02925055477837,67.03776789969062
26,82.98885055738289,66.9833651216829
26,83.01972295653948,66.97525939266619
26,82.99787269725795,67.02257112565263
26,83.01127350762165,66.98003381147387
26,83.04918409384874,67.00407678734688
26,82.96307679263478,66.97345883910707
26,82.96849335763407,66.96868817268137
26,82.97392343933811,67.02951758623742
26,83.0016750547781,67.01946630576269
26,83.00946774588586,67.00561126389
26,83.01897235161749,67.04178345603286
26,83.03075909104359,67.02301847829008
26,83.00649691451949,66.99792961055473
26,82.99888476872894,66.96515496349875
26,83.00858024389193,66.96217638483397
26,82.98218401348781,67.01125646765736
26,82.98616628219271,66.96879055465855
26,82.96577053281531,67.02783605681648
26,82.99580382203266,66.99692991898719
26,82.98695534527134,67.01931102702
26,82.96991898415203,67.03663829342237
26,83.00508355693462,67.03313771139604
26,83.0423568403768,66.973433098561
26,83.00422688619417,66.98864907191098
26,82.99814808209987,67.02117416913386
26,83.02907006142405,66.98024142192452
26,83.02799779673917,67.01764946259736
26,83.03525850508305,67.0076583941264
26,83.03347767942745,67.00897355358167
26,82.9945181214938,66.9778673591744
26,83.01341146760866,67.02877039257059
26,82.98540530910043,66.9822274898024
26,82.9958367646064,66.9777037033819
26,82.99081547846752,67.00513579923914
26,83.00025213913463,66.96589509500869
26,83.046286776326,66.9887784504789
26,83.00680943880343,66.97892425905246
26,83.00488718979881,66.97051233215984
26,83.04460712383079,66.99304767988853
26,82.98557616247426,66.9639333341941
27,82.95620776352389,67.00329103762402
27,83.0302978847718,66.98890051444566
27,83.00548239018916,66.96045560273258
27,83.00749919478982,67.01235328824886
27,82.99049612406762,67.00455700066476
27,83.00853742317972,66.97409618987608
27,83.01761910405031,66.9844539009898
27,82.95864392535485,66.99235984197058
27,82.96274524105476,67.0253712388491
27,83.01080181747878,66.98273798739011
27,82.99869084785252,66.97971746206647
27,82.96379162723623,67.02161659412516
27,83.00826605721582,67.01163729809066
27,83.03783001066176,67.03049237265988
27,83.02332376704359,66.99239015444437
27,83.03293659103456,67.00417511797914
27,83.01357648059489,66.98064834115779
27,82.96492304326478,67.02297323042133
27,82.98383958611652,66.96095979950661
27,83.04085432508124,67.01757769386307
27,83.00462384141113,67.00938579248914
27,83.03406747614669,66.97267937638408
27,82.97356303795469,67.01613154438805
27,83.02504111439848,67.01038253670795
27,82.9807961120976,67.01237958290443
27,83.01135434905392,66.97279723994649
27,82.99192339458125,66.95788074892495
27,83.0095926764835,67.03760722366532
27,83.01386329128029,67.01064049666392
27,83.02540478352061,67.02342556416
27,82.9884732815688,67.01656871239705
27,83.01104309757184,67.04622033060079
27,83.00746466000139,66.98724571598218
27,83.02946230845087,67.00968931011315
27,82.9730465270594,67.03955451785724
27,83.03468210690096,67.01015039208718
27,83.04197026333166,66.97684136911086
27,83.03815332956475,67.00271947251369
27,83.02038152158678,66.99909918341295
27,83.00435228425673,67.01628568014993
27,82.97261388310982,67.03903999640731
27,82.98914978086535,67.02208128188757
27,82.95418453403906,67.01720899022395
27,82.97556520079881,66.98361474437978
27,83.00970784210791,67.02099750806715
27,82.99378208589714,67.01319008449913
27,83.00950076684259,66.98945746700424
27,83.04042063530508,66.99940302329296
27,82.98562324289735,67.00652016138476
27,83.01074331591148,67.03569360369112
27,83.00783417612561,66.98250546222171
27,82.95887708680472,66.97334913238456
27,82.97870138383863,67.04486204735078
27,82.980600307792,66.97791046063675
27,83.0379975159217,67.00008267007182
27,82.97725404105266,67.02037942773609
27,82.99928327656689,66.97203366924487
27,83.04580207804361,67.01996451032443
27,83.03891055167956,66.97857556387966
27,83.00055507050564,66.95777400974801
27,83.01746787268092,67.0295884796007
27,83.00569008793545,67.02493508305757
27,82.99941422140407,67.02767877099379
27,82.99976285053232,67.04306700402142
27,83.00994673326059,66.98160160471089
27,82.98517354346943,66.97649447528222
27,82.97601405614074,67.02789180018033
27,83.00503300874578,67.02220145722436
27,82.99319364725133,67.01293544317912
27,83.01805238839205,67.0379278958369
27,83.0121012835354,67.01876608994354
27,82.96972391131706,67.02776358100635
27,83.04596011740539,67.00196359980383
27,83.0203804508879,67.04546248075921
27,83.00232811787282,66.98542505414247
27,82.99722170082589,67.04695872965988
27,82.97037794951883,66.97738245442163
27,82.98318801457197,66.98672888492099
27,82.9835608845282,66.95889443953472
27,83.02252066919814,67.00361265815587
27,83.04137979918177,67.02554572146347
27,83.02741401901355,67.01947740537923
27,83.01561732215328,67.04697147537921
27,83.0267673896294,67.01551765281722
27,83.01243015140473,66.99585919017989
27,83.02853830112252,67.02970740490623
27,83.00519250692354,66.9863958298135
27,83.00752002890971,67.04640976931952
27,83.00024067742827,67.01367856123329
27,83.01005288150887,67.0063802037499
27,82.98945432742298,66.99934634765485
27,83.04388566695299,67.02364538239793
27,82.97172622091394,66.97310016210888
27,83.02024159210809,67.04201659429067
27,83.02889139631495,67.04010958776325
27,82.96009030074654,67.0004830564141
27,82.99644639800886,67.02054453284046
27,83.04121775660231,66.97265707189692
27,83.04350360818954,66.97987337262198
27,83.01370693649837,67.03006676921332
27,83.03007318991808,66.9981465677987
27,82.9936523522149,66.95871662780631
28,82.99058352061111,67.04093404598645
28,83.02288475794508,67.01521392088245
28,82.99462991554391,67.03992407665585
28,82.98753372159271,67.0165912259339
28,83.0192764143267,66.9846016761297
28,83.00834656754483,67.0147815459743
28,83.00245554104617,66.95791151193364
28,82.95715138780153,67.00816421303915
28,82.96411390244602,66.97167811372047
28,83.00378242810312,66.99590263683847
28,82.98827349568222,66.99758298104095
28,82.97998197135168,67.0374410960676
28,83.0194898201954,67.01523015514496
28,83.0435237549247,66.99217243118653
28,82.96108255475356,67.01305843293281
28,83.03185206335272,67.01989387869342
28,82.97994942637331,67.01455894175643
28,83.01931007927723,66.98480357809771
28,82.97082460408893,66.97092523796134
28,83.03255212740261,67.0258334902335
28,82.96519168991259,66.96856072515313
28,82.99587899315043,67.0231539608213
28,82.95906081972367,66.97488264067565
28,82.98083779429889,67.00025860086426
28,82.99078563621029,66.99778081379087
28,83.01991917487815,67.02932360720379
28,83.01318988729423,67.03209956892391
28,83.0359355317567,67.00007116331969
28,82.9532035119419,66.9993731446387
28,82.95159732815782,67.00206884422465
28,83.0336993622965,67.0279979941911
28,82.99372769783733,66.95439427460421
28,83.03086006093586,66.96661139102109
28,82.98454706415238,66.99963530433322
28,83.00597797496681,67.04564856333526
28,82.96150907489425,66.982858013277
28,82.9806131862795,67.00220090059848
28,83.01143637907204,67.0015849323573
28,82.9788731310738,66.97144436498495
28,82.97498159813429,67.01034660063685
28,82.99227838355738,67.02602845527018
28,82.9741965040757,66.99299096357655
28,83.00990814382702,67.01494744135798
28,82.99789212928977,66.99300343597281
28,82.99081547846752,67.00513579923914
28,83.01451461573544,67.04091049414511
28,82.99302708602409,67.01465767133621
28,83.0182010125867,66.96393376291857
28,83.0074495396925,66.96467675784864
28,83.00758434423835,67.03585716131374
28,82.98490336076016,67.01646429945322
28,82.99152575398521,67.00838577912899
28,82.99682057355697,67.00053716755909
28,83.0308553308555,67.0226410530763
28,82.9771276379416,66.97265121728917
28,82.97113497249224,66.98446020136991
28,83.03125969276311,66.96457587770642
28,83.04259600518868,66.98179540307773
28,82.99937117483752,66.99584330471598
28,82.96855855294824,66.98875018251137
28,83.00504138898867,66.9825106227448
28,82.98228220591615,66.97108148862176
28,83.00262113719539,67.0344287988151
28,83.02460767050034,66.99755414619605
28,83.04316943057727,67.00857243533339
28,83.03754017555379,66.99164457592074
29,83.00023368543741,67.0130375954941
29,83.02281517130841,67.03836892989457
29,83.00990158280082,66.96650604802767
29,83.01056536718713,67.00283670722509
29,82.97534822681679,67.0161177424501
29,82.95577952834972,67.00862019127368
29,83.00817045541874,66.98025801298793
29,83.0185531836067,67.0096152473492
29,83.02771266133121,67.00538738268867
29,82.9912848960402,66.97965088201187
29,82.95440312367934,66.9872358183669
29,83.04836386096511,67.00277788075597
29,82.95794445355214,67.01407413413861
29,83.0203785209797,67.00080893317967
29,82.97483722132918,66.984253169615
29,83.02177312382189,66.9617131812298
29,82.9872587788923,66.99178313312605
29,82.99390067280105,66.97455868738027
29,83.01076198749693,66.99609054967561
29,83.01989737760509,66.97920381824424
29,83.01468584343064,67.01292660558912
29,82.97828623864525,67.02861405322015
29,82.97412599430616,66.97249749538776
29,83.02776276954232,67.00462535500345
29,83.03235349242118,66.97608933688609
29,82.96245912563627,66.97591134225529
29,83.01372439506393,66.98608934376409
29,82.99275961966016,67.02645955850926
29,82.99311041047883,67.04303409530961
29,82.96012971642398,66.98593645466921
29,82.97025688960417,66.99456046426882
29,82.9751868455715,67.0124293072714
29,83.0176756921151,67.03378994776143
29,83.04867918165596,67.00426224958464
29,82.9824658128219,66.96126905903193
29,83.0062823305768,66.95051513394513
29,83.02880981276104,66.96824540655352
29,83.00529546998652,67.04336852114139
29,82.99864309385399,66.99187285187747
29,82.98448282349129,66.97347148902307
29,82.97660073791097,66.97993938119923
29,82.96659649954057,66.971599108391
29,83.04623157917938,67.00803090754164
29,82.96418875606625,66.98228322195767
29,83.02680547614597,67.03588718649263
29,82.98801136392221,66.96912937810976
29,83.01616849636882,67.03041747066676
29,82.98586123270177,67.03766952759882
29,83.01689365995607,66.9798255049266
29,82.9673741529796,66.99212913958925
29,83.0438802439149,67.02037082378472
29,83.02005723968249,66.96599062432334
29,83.00751732378399,67.01111692351748
29,83.03126332568112,67.03566518587525
29,83.02746881539662,67.01978866789027
29,82.96126254551461,66.99169040126746
29,82.9902695920866,67.01365793274283
29,82.98344089740205,66.96730166959517
29,82.97837248542648,67.00431711579155
29,82.9528964597128,66.98578109509904
29,82.96474711959029,66.97093220538085
29,82.97971864179858,66.98171403150427
29,82.97715276213246,66.9862358247781
29,82.95906081972367,66.97488264067565
29,82.97970442405533,66.96619315327516
29,83.00543106246428,67.01446962161435
29,83.02676293762289,67.01527897148641
29,83.0062842793632,67.04950932814224
29,82.97452400123194,66.9880918657097
29,82.99898851534665,67.04672515723921
29,83.00863406326086,67.02117706956308
29,83.0027062544781,66.9640266165905
29,82.97061135945259,66.96833905897931
29,83.04074146708955,67.0236585928969
29,82.98450579462472,67.03094223330554
29,82.9756057192961,66.95975500313536
30,82.97697317830946,66.95698705215877
30,82.98977718028472,66.97134717117281
30,82.97862787082276,66.97721438228939
30,82.95071523003267,67.00080612492926
30,83.01446299998032,66.95409166659744
30,82.9625792801011,67.01830796839903
30,83.02806579853277,67.01033506291209
30,82.96641575350553,66.98299502106596
30,82.98220427039105,67.00650599905175
30,83.04210979786625,66.98166752699834
30,82.98699190297206,67.00109170563238
30,82.99003999713044,67.00179011534308
30,82.99861904364106,67.02621433984739
30,83.00470274332594,66.97064365027975
30,82.99401597984208,66.96578473194045
30,83.04157471375335,67.00428904360002
30,83.01591943591798,67.03113904056924
30,83.0024047697073,67.01117659380782
30,83.02206227007063,67.01061354970848
30,82.96351501666007,66.97471440985177
30,83.04085764084982,66.97153601282402
30,83.03342363909228,67.03322997866512
30,82.99509477240561,67.00621496812755
30,82.96858150580653,66.9913411415651
30,82.96565462142736,67.01833689511216
30,82.95697241761695,66.9805324159181
30,83.01969192256962,67.0341784558838
30,82.9702800754232,67.02891967118244
30,83.00782854471285,67.03486730210537
30,82.96849744837012,67.00121939408473
30,82.98474559243921,66.9999202591913
30,83.0085958782939,66.98496469354302
30,83.00303540573859,66.98548328070638
30,82.98560581892801,66.98952539759536
30,82.98158486333607,67.03201701457535
30,83.02580353292458,66.9616260140708
30,83.0463626497348,66.99655779751716
30,83.02778061284828,66.99089191586096
30,83.00622175614447,67.04014715692014
30,83.01400069322163,66.98861245389486
30,83.00761999205987,66.9712937704896
30,83.00227800478793,66.9957805173259
30,82.95210225974907,66.99046512619864
30,82.98099926508917,66.9872740043896
30,83.00980941095105,66.95578222712422
30,83.00604738042273,66.98497753652167
30,83.04731654166757,66.99300351860758
30,83.00672687668815,66.98691991446994
30,82.98811277597541,66.99736775085567
30,82.97800802142957,66.96755083579195
30,83.02841627088169,66.98311380112254
30,82.99864432466735,66.96554309850795
30,83.00090228336592,67.03855626585882
30,83.04625949243145,67.00638654278362
30,82.98148450506551,66.96130241441307
30,83.00572738014118,66.99211837479459
30,82.98346429038062,66.98678426304669
30,82.95152568481703,67.00343948304949
30,82.99629855396874,67.0127214695046
30,83.01485320553896,67.03522043323935
30,83.003432734875,66.97913424259035
30,83.03872511555831,66.9703565318172
30,82.99258250256567,67.0090703410788
30,82.98321520684887,66.98440444508894
30,83.02995429330895,66.97198982692743
30,82.97630607567348,66.97015089133036
30,82.9844698053995,67.00756210750116
30,82.9904474332031,67.04065250733214
30,82.97957904050409,67.03348811879562
30,82.96408038102993,66.99422986546978
30,83.03195292092946,67.02970378973501
30,83.03369496591445,67.02193542465223
30,83.03396092897383,67.01467417261864
30,83.0430301259356,67.00467678467186
30,83.00242094726467,66.9831983581029
30,82.98575804488823,66.96152266673509
30,83.01363993609682,66.99524965494248
30,83.02381454938842,67.02195828317514
30,82.99170712383196,66.96965329998244
30,82.96540701878997,66.99710177720772
30,82.97780823692759,67.01434279886851
30,82.97718221055435,66.96116193879826
31,83.01473163678773,67.00312447008699
31,83.02316961417179,66.99098094009301
31,83.00524990058427,67.00583581028789
31,82.96081252876014,67.00704681180574
31,82.96313703924105,67.00981774321367
31,83.01839776633852,67.02228878648722
31,83.00720203840343,66.97689266308207
31,82.9666647994065,67.03582322037721
31,83.01228248399366,66.98471948909678
31,83.03488299437778,67.00690317886723
31,82.98615879879006,66.97046311208813
31,82.97707286460705,66.9824319731267
31,83.0185411327371,67.0252275709932
31,83.03812989414938,66.970479962197
31,82.97852279631293,67.01827345475023
31,83.02472473288908,66.99009753567631
31,82.96874584813844,67.0244823321687
31,82.99941207517344,66.9859677381539
31,83.00822451390933,67.01272226658534
31,83.02314616298789,66.98446099377747
31,83.03442527435412,67.03592563858868
31,82.99436841362528,67.00381653845176
31,83.02505290020542,66.95877310353913
31,83.04481457220172,66.99941192096377
31,83.01192067142131,66.95839112529782
31,83.01920153807613,66.99532227944044
31,83.01443969198529,66.97618063902101
31,83.0479549802218,67.00848971550847
31,83.02640845164386,66.96946579653805
31,82.98807520549906,66.97964900671441
31,83.02880981276104,66.96824540655352
31,83.02909435849716,66.9916483571984
31,82.96290608391988,67.00890052235748
31,82.96620310566159,67.01015423729156
31,83.00804427042505,66.97356650287614
31,82.98472602441946,66.98245764863941
31,83.02957219008228,66.97731106389433
31,83.0152748049441,67.01605484957803
31,83.01100812073018,66.97073160628966
31,83.01189582107335,67.00857696345516
31,83.02141599590824,66.98475243617226
31,83.04281489573606,66.97481485433148
31,83.00838087968326,67.00163580975112
31,83.03498270307922,66.98783475280396
31,82.98655831414776,66.9764859754423
31,83.01682477570775,67.0417722162909
31,82.99018232876074,67.00179246418509
31,83.00376020316637,66.97814738578806
31,82.96954369889843,67.0096226717613
31,82.9697867040401,66.99604388919909
31,82.97375047137399,66.98555650821824
31,82.95928445597988,67.0172699970076
31,83.01289187318903,66.97083940695737
31,83.04990858410595,67.00247728467318
31,82.97158417820388,67.03282086364403
31,83.0120697025442,66.96234539108747
31,82.9829371491414,66.98900163460813
31,83.02016854312198,66.98724969286717
32,82.9935881200927,66.96725935049334
32,82.98298536188423,67.02827478103828
32,82.95387912230028,66.99985534461693
32,82.98903616023935,66.96719943960377
32,83.04533205417185,67.0133589611769
32,83.02833907469402,66.97762772475832
32,83.00795490146979,66.97657776409507
32,82.98546193979656,67.02258098630506
32,83.0266210843584,67.03126974170554
32,82.98637988336377,67.00691318477206
32,83.03020533680586,67.00716922407607
32,82.98424007418922,66.99150945540465
32,83.01443879165664,66.96091169653243
32,83.03701772291426,67.02061614688097
32,83.0119618392954,66.97142268211606
32,82.98590588146627,66.9813575684424
32,82.99104933512332,67.00084270363605
32,83.02357619701289,66.98540008321314
32,82.97932138495686,67.01172717052135
32,82.9911303587702,66.95748709861445
32,82.96869627509328,66.97338476351493
32,82.96605285503618,66.98004988063178
32,82.99110880884021,66.9806701261081
32,82.99809647839946,67.01616017055575
32,82.9749775926873,67.03488817593013
32,83.02688024514708,66.98117092646176
32,82.96540176839626,66.99805278045815
32,82.96685992927257,67.0338665438608
32,82.99551446337716,67.00691062186446
32,83.00208677156657,67.03313421854223
32,83.01617600396654,67.02268453672481
32,82.96140633220304,67.00855694529892
32,82.98905976996716,66.98501605036672
32,82.96726071415607,66.98951852110913
32,83.02621673168898,66.96731558296706
32,82.97647027183831,66.96280266053948
32,82.97069878789486,66.9690590537423
32,82.99415080425011,67.00137135663321
32,82.9632563309413,66.97111741981723
32,82.96010899100426,66.9746659911912
32,82.97657237281376,66.99861846791006
32,82.98136422158092,66.99815760147348
32,82.97164170182262,66.96119782147153
32,83.04028181088711,66.97162280594696
32,82.97603571664153,67.0276301005265
32,83.00651823704987,67.02545580042433
32,83.00041611521446,67.04611019465939
32,82.97847161788766,67.00991043983876
32,82.97254836023446,67.04139376760389
32,83.02290608856464,66.99143886936702
32,83.02383215606379,67.03221338510536
33,82.992309974127,66.992982274323
33,83.0166392286214,67.0215210793318
33,82.97007428890934,66.99830735953027
33,82.99020394946642,66.95507894864514
33,83.02263659904423,66.96381697679877
33,83.00384434241379,66.96032858136273
33,83.02791266454295,67.00244687938763
33,82.97251173496431,66.99337844652416
33,83.03389141597353,67.01992180161167
33,83.00329240028374,67.00865971462318
33,83.02793610909542,66.98556158139564
33,82.99452678300585,66.99655315184101
33,82.95723327246388,66.99384424237627
33,83.01509930013664,67.0143644804377
33,83.03496055650511,67.02941185235538
33,82.98558761927447,66.99903466511284
33,82.98376904601321,66.97947257224014
33,83.01980758943245,67.0408526665037
33,83.02917664067124,66.99910766472368
33,83.0414112113151,67.02560280267996
33,83.04844069602834,67.00211746401676
33,82.95428220776245,67.00927486392695
33,82.99477202832256,67.01175184520832
33,83.04369150720802,67.0123639652121
33,83.02840703474422,67.00378851386905
33,82.987958094431,67.03142584847153
33,83.00607343087259,66.99217720512374
33,82.95110491069059,67.0004594348986
33,83.04131797422085,67.00645970990284
33,83.02369385853976,66.97702397807092
33,82.96163693643913,66.9832776906241
33,83.0032169382445,66.95382658322994
33,82.99943415612478,67.00784227764902
33,82.99078175183128,67.03947430984618
33,82.99499885552903,66.9853432735602
33,82.98701924335457,66.99244904715621
33,82.97656215232108,67.03559083587541
33,83.03385986815064,66.9656737579162
33,83.03694542292902,67.00891454797114
33,82.98477195978492,66.9736453000906
33,83.00639739410836,66.96908827175209
33,82.95058978285229,67.00455049529054
33,82.97475607767059,67.00486238321396
33,83.01315815116055,67.00926737686638
33,83.01349789110982,66.99822837322023
33,83.03545089808534,66.97307248201265
33,82.9777385439716,67.04201948642361
33,82.9912180155811,67.00963733315434
33,83.03170590764154,67.01639563215475
33,82.96803316298137,67.00536550319819
33,82.99124080417889,67.02045133004772
33,82.96186651348754,67.0089421767125
33,82.99357778504063,67.00917099484435
33,82.98077000468203,67.01653312895283
33,83.01601665662852,66.9527528773679
33,83.02047304920713,66.95797571473368
33,82.97683934240834,67.01499395087481
33,82.99930701984789,67.02254414858001
33,83.01202391287234,66.96611471902874
33,83.01381499043018,67.00154174902218
33,83.01674827975299,66.99433891780879
33,83.01867852902286,67.00633842128681
33,82.9599321360768,67.00041101447202
33,83.01386434865543,67.00562613672079
33,83.03689150224234,67.02906886752871
33,83.04370029626611,66.99350964601648
33,82.98174380525609,67.02303122228545
33,83.00510413593014,66.96591886427495
33,82.96413170166333,66.98789191360564
33,83.01523081283968,67.01786158191408
33,83.02859626473115,66.95925713711604
33,82.9672178275901,67.02188901640757
33,82.96954369889843,67.0096226717613
33,82.96207665359495,66.98002749445168
33,82.97295348397094,66.99953141016995
33,83.01675647158262,67.00332420706167
33,82.99603546991061,66.99099010110179
33,82.98915759331638,66.98282988225095
33,82.97700242474086,66.96920378611706
33,83.01084295626434,67.01706574736231
33,82.9815092676907,67.01955531557543
33,83.01081449306194,66.95610389374721
33,83.0463505749983,66.99652137287512
33,82.95656991644182,67.01265129283111
33,83.00011600967903,67.03630549723573
33,82.95179821939087,67.00941156120868
33,82.9966383086419,66.9934877971996
33,82.97953437084078,67.01086281387146
33,83.0058012622023,67.00015283436717
33,83.00935241384532,66.98624135937794
33,83.00279612807105,67.00926144652499
33,83.00681801414252,66.95271251133765
33,82.97452423385934,67.03349033614893
33,83.02691027920407,67.00552149894492
33,83.02592274483301,67.01762788441546
33,83.02685328550537,66.98289917599725
33,83.03083404680893,67.00876467827197
33,82.99009062594268,66.99844910059335
33,83.01944202768851,67.04038567343224
33,83.03926756823336,67.01639798200596
33,82.99169174826183,66.98441792601021
33,83.03912414307862,67.01717792743302
33,83.01437300285761,66.97235097733933
33,83.0082156254734,67.03817671079015
33,83.03946745953195,66.98003045539565
33,83.0052548190554,67.04866320531211
33,82.95789073142603,67.01330041016475
33,83.00975876386207,67.01043420447118
33,82.97353985248239,66.97174790722637
33,83.01791774944601,66.98177444540441
33,83.01888714954828,66.99040418975908
33,82.9759387308149,66.9959627510017
33,82.97730298634755,66.95823914368823
33,83.01948533226845,67.0084597593011
33,83.01923723589645,66.9935811872443
33,82.96539473277167,66.99632919240742
33,82.97262407554516,67.03943061550667
33,83.01175620935162,66.985925410023
33,83.04200502644966,67.00729468534213
33,83.00463371417248,66.97834301084801
33,83.03519571707979,66.97731997785161
33,83.03608174834794,66.97521597593
33,82.9608565351113,66.98897694362098
33,83.00802394900973,66.95509899593215
33,82.97568402333532,67.00831486188969
33,82.99080750374114,67.03264957505058
33,82.98208942900263,67.04120677817237
33,83.03632472910402,67.00989588473954
33,83.04084436093478,66.98670743373643
33,83.01328176725386,66.98264729176194
33,82.98365543380393,66.99127267998499
33,83.04129080842095,67.02311280212113
33,82.99635577518632,67.01647929916997
33,82.98278554815914,66.97857251910246
33,82.97734458807629,66.96050127898178
33,83.02655616598611,67.01420117547526
33,83.04354517737355,67.00174224693504
33,82.9934205564768,66.97959533375914
33,83.02050444126318,67.00101537727795
33,83.04917526651984,67.00892305615021
33,82.99720346362218,67.02140726210128
33,82.96248666733634,67.02452248674979
33,83.00214726630986,67.00593237626698
33,82.9850852349136,66.98509189076842
33,83.02069470020275,67.0114097439341
33,83.03794171257464,67.01378398517471
33,82.98031085163578,66.96050555329326
33,82.98062788515428,67.02253794092489
33,83.0249764066821,67.00955035433266
33,82.99792805052482,66.97641392549029
33,83.02528157071659,66.96678522335537
33,83.00127274103042,67.00822978527508
33,82.9646871219064,67.02721113916822
33,83.01867396690561,67.01476432083784
34,83.03158860017926,67.00041826793168
34,83.02637360036032,67.01382543259776
34,82.99667568851478,67.03095822842727
34,83.0280249569108,66.98258805100805
34,82.96649027779883,66.97595829258003
34,82.99078630240803,67.00532806979838
34,83.04550963777754,66.97989102589692
34,83.01197074156329,66.95801706243766
34,82.99378406883355,66.97658898239112
34,82.98110981552713,66.96184538348653
34,83.02221805045426,67.0050444362094
34,82.96186651348754,67.0089421767125
34,83.01272930145628,67.02125871587913
34,83.03102898231246,67.00403852860921
34,82.95473192241582,66.97982504767133
34,82.96585675062929,67.00163593698399
34,83.00176321334699,67.00403774901449
34,82.97851587402526,66.98306038112634
34,82.98267040673694,67.02136885239459
34,83.03934408996254,67.00456238369546
34,83.03413741662483,66.97203779858894
34,83.0336993622965,67.0279979941911
34,83.00580641979838,66.97852473908753
34,82.96051505898919,67.02279609685004
34,83.00278445002644,67.02867910816738
34,83.00367329157082,66.9758598110229
34,83.02446513402188,66.97011420131967
34,82.95697629378037,66.97946663689397
34,83.01523537816263,67.00413062743155
34,82.98881440314733,67.00503453491785
34,82.96642842984762,66.99587334821113
34,82.99049638737483,67.01469804296038
34,83.01135602005701,66.99872780658033
34,82.95205349149359,66.98748505157216
34,82.98996590725716,67.00650436006589
34,83.0003179437165,66.96581183559918
34,83.02400427280546,67.00806098111724
34,82.9901945269467,67.03567843133145
34,83.02515398794976,67.01543485888668
34,82.9975802114493,67.04900474267455
34,82.99385922085469,67.04284980477439
34,82.97903535327728,67.01288589436749
34,83.01336476633334,67.0048242004915
34,83.01365329910809,67.03598916274433
34,82.97773144464192,66.99875459972084
34,82.98113061474903,66.98105569442681
34,82.9857829257647,66.95811897353911
34,83.02633696368302,67.03953773565583
34,83.01861344899159,66.96965001522537
34,83.03237769920072,66.97978759045448
34,83.0040389432122,67.00014490412852
34,83.00525411419994,66.9783340824491
34,82.97757951111872,66.99558918279675
34,83.0196978297096,66.9953597698791
34,82.99925917546551,66.96232814392117
34,83.01632082458367,66.96945568762713
34,82.98836137192517,66.99727360747451
34,82.98149386982949,66.96340380116497
34,82.98158895754403,66.95937308583974
34,83.04416880506363,66.98282885266242
34,83.0153185319301,67.01938757386685
34,83.01511830210653,66.97891717888109
34,82.97436055665509,67.03362868900793
34,82.99029328205467,66.98136308516888
34,83.02284216460623,67.00404715564626
34,83.02491284631014,66.97375691408101
34,82.98560622868972,67.01197124837628
34,82.98865763558493,67.00187164417532
34,82.97259320681361,66.98329388936418
34,83.01773047173312,67.04507535236827
34,83.01998380886194,67.03877646702975
34,83.02379314336024,67.02161852248958
34,82.98579085343226,67.02216229912871
34,82.99206500639711,67.0046594998303
34,82.96549094408816,67.01121791905838
34,82.99790455434098,66.97137844587435
34,82.96970260203683,66.99199012669803
34,82.97352977393714,66.98058426693628
34,83.02595051461198,66.98540247369321
34,83.01950400471138,66.96479397015626
34,82.98300641617004,66.98563460745454
34,82.96464973982039,67.00230400606566
34,82.97535163454086,66.985896993451
34,82.98956438575082,67.0100251816942
34,83.0242920830924,67.01394762495434
34,82.99900709256163,67.03378737197153
34,83.01097143778985,66.99359944730742
34,82.97966464774379,67.01583128805972
34,82.99896948151317,67.0421570531245
34,82.97917960335161,66.96838806117478
34,82.9619975588993,67.02704623947531
34,82.9849775776473,67.02866487375026
34,82.99724160450685,67.00568075927676
34,82.99146752480686,67.04493525932584
34,83.0227081365398,66.96090307820586
34,83.0099277663485,66.98789681391959
34,82.98665755465065,66.9869602556355
34,82.9607613672677,66.97404070223132
35,82.96992545784546,67.00020685883075
35,82.99563372064485,67.00331488104322
35,83.03357442116729,66.9665983712707
35,82.99033790043669,67.03157282970226
35,83.03152594069985,66.97753196223714
35,83.02107428762687,67.00910505030755
35,83.01424770831007,67.00929396043699
35,82.98611080804301,66.98097462719143
35,83.01313111585299,67.03814836748724
35,83.02276550206314,66.99862897251114
35,83.02457206354059,66.9827929039383
35,82.99511173242375,67.00524475259975
35,82.99049432795611,66.99180506446473
35,82.97952761436845,67.01410500565382
35,82.98460023481766,66.98965857707236
35,82.97748803122848,67.03337504455607
35,82.97053365781251,66.97728989966728
35,82.97667019392551,66.97806238502288
35,82.97896917326337,66.98840654424824
35,82.98395624733531,66.99583104246491
35,82.97647225327292,67.02920927173253
35,82.97516412065502,66.97447383194228
35,82.96113628923804,67.02029660069064
35,83.00639038573622,66.95909404557436
35,82.985112782142,66.99850966696518
35,82.99032438905859,66.95787748707944
35,83.04713275809476,66.9952042682085
35,83.02435576888621,66.97228396721617
35,82.96064045750728,66.98076067252961
35,83.02650215494684,66.96534522413562
35,83.04427169882835,66.9938527986319
35,82.98468829162236,67.01122486389644
35,82.99923983933566,66.9663393844495
35,82.98610913096299,66.98139608228561
35,83.01343804193594,67.00673216315062
35,83.01039271252118,66.9820754378636
35,83.00169540825094,67.04127023565147
35,82.98099848923059,67.00904163198376
35,82.99003493803396,66.97872885784167
35,82.96919320826066,66.9884906866494
35,82.95666010856426,66.9958833824514
35,83.00831951278523,66.99555137275442
35,83.01079885410988,67.02686981236833
35,83.00682983441692,66.96044194640076
35,82.98193119569929,67.00111238712815
35,83.01883985266664,66.99907106652736
35,82.99246430464078,67.02342010287126
35,83.02497822925952,67.01998267596218
36,82.9730252663596,67.00265357651595
36,82.96480470738965,67.03121420489389
36,83.00869206681338,66.97955145566287
36,82.96841312669333,67.03787265788587
36,82.97789903844604,67.02234545076088
36,82.97950213817198,67.02690046587703
36,83.01733299571976,67.03634919312931
36,82.97189346635074,66.97288733478455
36,82.96265624798983,67.0179797197646
36,82.99038511304202,67.04255731813332
36,83.00662439408815,66.99616147468733
36,82.98841826215161,66.97891437802396
36,83.02789423708057,66.9958821683889
36,83.04134392767702,66.97915137320679
36,82.98946173334917,67.00246316383773
36,83.02113470598576,66.98848321289985
36,82.98240171271482,67.03072530498126
36,83.04298739804975,66.99124706818631
36,83.02321693205886,66.95999459046772
36,82.9675763565281,66.97020618999821
36,82.98419049844455,67.00706744956656
36,83.00272162420319,66.9673569074778
36,82.99073895516285,66.99515180610616
36,82.97180235328551,66.9718978505272
36,83.02897322782094,67.0351137341943
36,83.03496254015312,66.97638081759779
36,83.03629959012366,66.96622761540722
36,82.97577658425863,66.96764332747912
36,82.96843850771623,66.97297666849745
36,83.03895364938775,66.9930592543836
36,83.03350514435446,67.0041258764893
36,82.96617334765058,67.0053029835188
36,82.96523898209585,66.97349904161413
36,83.00205999209801,67.0468953228115
36,83.0133663582914,66.9919630386606
36,83.03559996668064,67.02013948932766
36,82.98629954969834,67.00174086919561
36,82.97958245243548,66.98343764817913
36,83.00968645497055,67.04263608211839
36,83.02205527730294,66.96652573747143
36,83.00441926875565,67.04257480311624
36,83.04322270937935,66.99232492687399
36,82.96091950634036,67.01709754758981
36,83.0342776881228,67.00743211962063
36,82.99504919982853,67.00758412826842
36,82.99513371065501,67.0215306690816
36,82.97592553675857,66.95640897330424
36,82.97460282376117,67.0040689023447
36,83.00388223979624,66.98249125529905
36,83.02044638772479,66.99685478959319
36,83.00561156165381,67.01757298525027
36,83.02167901969884,67.00871839953467
36,83.03535355305998,67.02795174951619
36,82.98583463827713,67.00658658694918
36,83.00853936597005,66.96371534045075
36,83.04375363439775,67.01489420412351
36,83.00508355693462,67.03313771139604
36,82.96362830353775,67.02062709120692
36,82.99797301294922,66.95357754104946
36,82.96507520227141,66.98839861488
36,83.01128529846717,67.03777945165837
36,83.0094966381993,66.95216502418873
36,83.00299485140816,66.95712320247208
36,83.02096251555193,67.0130267843185
36,83.00855222893748,66.95409279223082
36,82.96523239032695,66.9718915766392
36,82.9923743120533,67.03230191806549
36,82.99058598506576,66.9718269156099
36,83.01971747381137,66.98472810635711
37,82.99374471318119,66.98731290136809
37,83.01959501578084,66.99855525033425
37,82.99652699134744,67.03964254437696
37,82.99146132582898,66.98486161913894
37,82.96350049896633,66.97279662778895
37,83.01157915422309,67.02855379558909
37,82.99770029992888,67.01335544360384
37,83.01176685327076,67.0153574088179
37,83.04746665236948,67.00234150595497
37,83.02785281490277,66.98352222836083
37,83.0406024741609,67.00627877717436
37,83.01268575970643,66.96567387050418
37,83.03492114783408,67.01980291747292
37,83.04351910757268,66.97616884143119
37,82.99970757570189,67.03633009146778
37,83.00206105401236,66.97670815981678
37,83.04155400694594,66.9836731625888
37,83.02333782092141,66.96719156902127
37,82.9998606113272,66.97548152649672
37,82.99007987602887,66.99684971416924
37,82.96461324507223,67.0135046295844
37,82.99531024432767,66.95995681661259
37,82.98272615817321,66.98877361764674
37,83.01478532045014,67.0371143784341
37,82.98526653074362,67.0417043322989
37,82.98573290052342,67.00229902504692
37,82.98383958611652,66.96095979950661
37,83.00938664777601,67.03234083028833
37,83.00086610999233,67.01318899503524
37,82.99049432795611,66.99180506446473
37,82.99405626797423,66.99219393212574
37,83.00276343210753,66.9738932778277
37,82.9931667107365,67.03420625250378
37,83.01471405995457,67.02492102913159
37,82.96536520746125,67.01665803388968
37,83.01398304133805,66.9668958998127
37,83.03964551437892,66.98754055319438
37,82.98641411493253,67.03817667122183
37,83.0142112448937,67.04244200301844
37,83.04634868212382,66.99607231775838
37,82.97516543850868,67.00427044999748
37,83.02345557155544,67.02739558087926
37,83.02822600282339,67.02043731860839
37,82.979162998646,66.98573561205338
37,83.01003635150208,67.01187843509926
37,83.01642098756479,67.02252057222853
37,82.97284812234261,66.96046290726423
37,83.00426557450875,66.95178210089064
37,82.99492975178485,67.01603332511286
37,83.0361398772003,67.00700337779509
37,82.98472602441946,66.98245764863941
37,83.01676086229371,66.97829646650105
37,83.03231828239485,67.0268415854796
37,83.0304217617854,66.9902782569093
37,83.04232224423107,67.01649773357784
37,83.0117283327433,66.99750353364153
37,83.02096512003416,66.97760837100738
37,82.99041213109564,66.98456061863028
37,83.0292760386522,67.03342536516318
37,82.98686271293495,67.01036430302796
37,82.98456873587163,66.97251329117194
37,82.96341943920518,66.98759648140614
37,82.9960371149765,66.99505225910139
37,83.02213761173118,66.96889121961854
37,82.99547522125853,66.98964861423038
37,83.01023198367929,67.01417332241327
37,82.97427839292799,67.00288229543541
38,82.99137636928069,66.97554846150182
38,83.04416880506363,66.98282885266242
38,82.95981837871045,66.97520556083873
38,83.01130947954871,67.01437473432529
38,83.02282168836439,67.00919250071752
38,82.98784777860078,66.98202108676927
38,82.99341020138148,66.9686069402088
38,82.99123320085207,66.95611368855532
38,82.97640147112617,66.97425940135486
38,83.00808120358855,66.98763236632189
38,82.99759510379532,67.0200383457346
38,82.98854980353114,66.99024172206732
38,83.00143737690007,67.00467767283969
38,83.03642317751908,66.96984338517653
38,82.96887423230409,67.00191484521227
38,82.9615801477864,67.00841669376844
38,82.99984047307677,67.01088021432474
38,83.0294411935182,66.97419691698417
38,83.03297334491934,66.99901031187967
38,82.97733527599638,67.03127448705314
38,82.96898039878091,66.99287822189068
38,83.00484205331003,66.97687727596174
38,82.96073985213333,66.98407560225857
38,82.98603562649676,67.04235817303149
38,83.01074331591148,67.03569360369112
38,82.97516412065502,66.97447383194228
38,83.01318448225041,66.992128527552
38,82.98887749077653,66.99540102059746
38,83.01339434003575,66.98329129392904
38,82.96720785624288,67.02462426670942
38,82.98158663641975,66.97291027760009
38,83.011275664808,66.95257227246513
38,82.98655086184448,66.99203684283269
38,83.03918781981606,66.98471402785412
38,82.9883236567972,66.99900557193955
38,82.95700621977464,67.00235696220417
38,82.9763292184922,67.01775771949231
38,82.99392081151024,67.02687562279496
38,83.03096157263934,66.99466806224068
38,82.97333133054809,67.03224889827824
38,83.02723255975606,67.02180303892095
38,82.99984900726768,67.01337210412173
38,83.00466492140491,67.01424960170338
38,82.99187582932757,67.0087495780778
38,82.98959276980412,66.99304979039925
38,83.02403366453953,67.03888691112469
38,83.04328573077596,66.9816725760728
38,83.00586471456543,67.00158374182827
38,82.9845159472684,67.01184703024117
38,82.98517390384069,66.99716556546103
38,83.00458138634002,66.99745045147932
38,83.00105211732944,66.9790753131667
38,83.01897052884834,67.01152516319236
38,83.03747900513434,67.00078312560908
38,83.01543939558213,66.9792857174617
38,82.98167300779738,67.02747592537774
38,83.00909136728107,67.00124034243693
38,83.03549396866242,67.03290479680629
38,83.02080564818984,67.02005693714656
38,82.98550996975295,66.9828550486972
38,83.00772648165166,66.97274991421531
38,82.99767784287567,67.03732975304783
38,82.99462869327058,66.9893329148821
38,83.01800640079351,67.01820488054244
38,82.98821248760915,66.98347989668449
38,83.01147061623277,66.99745885161677
38,82.99388110018133,66.97558184383385
38,83.00513634933667,67.01460574592883
38,82.9992031723531,67.00451229511916
38,82.97899653223874,67.02449230142297
38,82.9953489892448,66.97908907365915
38,83.0034638677069,67.04178301811024
38,83.01727847226903,67.01939886945435
38,83.00463371417248,66.97834301084801
38,82.989203101944,67.0145008560043
38,83.02943176806941,66.95988987241437
38,83.00702451965802,67.0041914915365
38,82.96050500734562,67.0168969785245
38,82.9984638834707,66.99353020880064
38,82.9921836875499,67.04686811632132
38,83.01948730902289,66.9869561805468
38,83.00968587780385,66.9733506676153
38,82.9866971176121,67.0327102176021
38,83.0023765105564,67.03482161671502
38,82.99015768443832,67.03280032118586
38,82.97427035689113,67.01080401318805
38,83.00240858680662,67.01146482182074
38,83.01025967946364,67.01700049193424
38,82.97812181638228,67.02848041409067
38,82.96692278981492,66.97095206948691
38,83.0074624719212,66.9812126489813
38,82.9882769043905,67.01058633977014
38,83.00619249803034,67.02295003094447
38,82.9796157656183,66.9874045909955
38,82.98641411493253,67.03817667122183
38,83.02540007161736,66.9594469474903
38,83.00545353429436,66.97218356167751
38,82.96445683958261,66.98186815065449
38,82.9828696213167,67.03878479513065
38,82.98131877578646,66.99591496091601
38,82.971506583997,67.02401800094816
38,83.00738976470585,66.99797176665342
38,82.98257557096943,67.02904562194823
38,82.99844055970259,66.97352695231814
38,82.99934735707694,67.02177313816453
38,82.99787201826774,66.95644113616054
38,83.03607941547476,66.99471147639174
38,82.97657606587826,66.99829125507851
38,83.03699276917078,66.97038994016798
38,82.97363194376385,66.96139187182008
38,82.99203269511693,66.97009661010814
38,82.97726680475506,66.964771968762
38,83.02461123184247,66.9709074540041
38,82.97419402854884,67.04176421691666
38,82.97034118007244,66.95976561485084
38,82.97410129049129,67.03978196175304
38,83.011549086785,66.98999452194785
39,82.99685920949086,66.97705116851151
39,82.97858021329695,67.01808061630192
39,83.01915158050606,66.97308342215068
39,82.99541987570694,66.98736325489425
39,82.97430442435568,67.01791336091208
39,82.98147621033124,66.98399592386309
39,83.02113470598576,66.98848321289985
39,82.99338105292641,67.011812183604
39,83.01710560782101,66.98849717177896
39,82.99006239355569,66.9920179818901
39,83.01522858976743,66.97856407746357
39,83.01897136716673,66.96356829300952
39,82.97411969290518,66.95986569082028
39,83.00450040828466,67.00654227028744
39,82.96815445155481,67.01633963363447
39,82.9915258488662,67.04066442857865
39,83.02586637528371,66.9999074779079
39,82.98659467133555,67.00132444512137
39,82.99303648521781,66.95944193066784
39,83.01936859715632,66.98657304225891
39,82.9752179410631,66.9990347440393
39,83.0063164667863,66.95041509154493
39,83.0263542897416,67.00007073504314
39,82.97639455461189,67.02202544757067
39,83.00135551926978,66.97467883111347
39,82.99105160789786,66.9775181190348
39,82.96986198131239,67.03881848408606
40,82.97333159486783,67.03400026566696
40,83.01659062711978,66.96212185006588
40,83.02067322538606,67.03942222273983
40,82.97160213576967,66.97531851002287
40,82.97430997994267,67.00548881578003
40,82.99975932066499,67.03824366219024
40,83.01244189455637,66.96138859709862
40,82.95220799864786,66.98630796781369
40,82.9935880243445,66.96643270845375
40,82.9879993490248,67.04065408698729
40,82.99751937203203,66.97296425512273
40,83.03103271910007,67.02002275749693
40,82.97055742353247,67.01194857241258
40,82.99753465536772,66.95893438046997
40,83.01888714954828,66.99040418975908
40,83.01948730902289,66.9869561805468
40,82.97219510212774,67.01199238157345
40,82.98476272266782,66.9596774572844
40,82.9960371149765,66.99505225910139
40,83.02482086319243,66.9978763115219
40,82.97278550971406,67.03317514262255
40,83.019910986726,66.96144106483405
40,82.99376233915568,66.96551797991876
40,83.00394646664259,67.03083860108157
40,83.01531480510278,66.99118731707169
40,82.98501028817596,67.02664582131365
40,82.98616628219271,66.96879055465855
40,83.01224182513597,67.0040978625225
40,83.00856672999713,67.0196016612816
40,82.95723228031935,67.02103069784131
40,82.98027395748647,66.9911909804465
40,83.019182642132,67.04096416577954
40,83.00749997503668,66.97757622700331
40,83.02234637333704,66.97249137645625
40,83.00445771197688,66.98251023446919
40,83.04707250218698,67.00866996828312
40,83.0114728382952,67.03753088296726
40,83.04613515583601,67.00075959564097
40,82.9833707650257,66.97556943945945
40,83.0224722784892,66.95708449626552
40,82.99684059074049,66.97045421676846
40,82.99633512044943,66.95360144109611
40,83.00635488782315,67.01202879189415
40,82.9548154835365,66.99977564553353
40,83.03838523882767,66.98208657017253
40,83.01034304209071,66.96931438254713
40,82.96972943435517,66.96274510375723
40,82.99400033626728,67.01719836251002
40,83.01931217501122,66.9875403552383
40,83.01228360432657,66.99428825599112
40,83.02556316593375,66.9922317497913
40,82.95849134070646,66.99815565382968
40,83.01670769639594,67.00793943706391
40,82.9851328802642,66.9699888656899
40,83.02432650650876,66.98629601722422
40,82.98569956689315,67.03059381891582
40,83.003842516723,67.02830315711226
40,82.99291366930566,67.0324847464308
41,82.97118500256526,66.96202254862182
41,82.98682259397182,67.00229893552671
41,83.01724531204576,66.95748111573657
41,82.98793771773354,67.03743228422235
41,82.96486325147615,66.96718506744082
41,82.98583188787894,67.02111655965346
41,83.02376097048253,67.03874344387764
41,83.02153222699224,66.99718816983177
41,83.01446736740225,66.96290357814011
41,82.95752132423705,67.00504241544462
41,82.97901162432075,66.98142389718127
41,82.96367559096873,66.99887557449193
41,83.00965454018348,66.99530870487692
41,82.98584821901375,66.96837339613722
41,83.02510244814614,66.98430850175296
41,83.04636594045905,67.00063915278707
41,82.99795115200918,66.98143289473856
41,83.03879829795662,66.98565910457658
41,82.99976285053232,67.04306700402142
41,82.9832515610403,66.9598671729398
41,83.01840195411806,67.0032691107691
41,83.00293208289288,67.003020255778
41,83.00882289178315,66.98226260712907
41,82.99250963665901,67.03038058141466
41,83.01299400255213,67.01157059838533
41,82.97568292650458,67.00035318511961
41,82.96530052666749,66.97828647703994
41,83.04442864870548,66.97925463399505
41,82.99606608626225,66.97307425606657
41,83.00690973703786,66.95906166297246
41,82.96852111098562,67.0025555470843
41,83.0299958462851,67.01760997041916
41,82.99760776874628,66.95385217802793
41,82.97408073889727,66.97911060093456
41,83.00523667677503,67.01767984936326
41,82.99219917607431,67.02702222448221
41,82.98268823525585,67.04290924722024
41,82.98099311186662,67.00579817575093
41,83.03699276917078,66.97038994016798
41,83.00077398916713,66.98143346505265
41,83.00482853563425,66.97793477645016
41,83.00696440346294,67.00330433220476
41,82.97544794508657,66.97563896197643
41,83.00346454198018,66.97793034765914
41,83.03297777051652,67.01516357519259
41,83.01676086229371,66.97829646650105
41,83.02070236421672,66.96706632198114
41,82.97888086498706,67.03672813058247
41,83.02360249328247,66.98503213400966
41,83.04494879550748,67.01684102684706
41,82.98705329055034,66.98506722164633
41,82.9979022320646,66.95164964798533
41,82.98737904723131,66.97789479095528
41,82.97687054456233,66.98513419392356
41,83.00221265466762,66.99292867402576
41,83.02307387630024,66.96386787163242
41,83.00596641669948,66.98711946550587
41,83.01670885834663,67.02476417398884
41,83.03104619289948,66.97357270691029
41,82.97792219632828,67.02194040836298
41,82.9904391561304,66.97775951598696
41,83.01912703965563,67.01857908077446
41,82.97616124056096,66.96471751974076
41,82.99828191600449,67.01716307540967
41,83.01154262809126,67.01075459628609
41,83.00314799221512,67.02348402611744
41,83.00654608193912,66.95206317471695
41,83.03504132590358,66.97769766400783
41,82.99339471400467,66.95692747106645
41,82.99780001595705,67.02099601665279
41,82.99007806701829,66.98367282669498
41,82.9999536099284,67.02693661391416
41,83.01868116911396,67.04026488787261
41,82.96868255060578,66.98316039106369
41,83.01572474853984,67.00077699742182
41,82.9532344670483,67.01121099964081
41,83.01967505566755,66.9899979751961
42,83.0182010125867,66.96393376291857
42,82.98690350033162,66.96959763978386
42,83.0052349926334,67.01822811157089
42,82.99602089424525,67.03533436939453
42,83.01324065425086,66.98321723153913
42,83.02013089681033,67.04394626631937
42,82.9654863803699,66.97435578853727
42,83.03108040734946,66.96779253636973
42,82.96003013621741,67.00815705032726
42,82.9727855176984,67.0172502741934
42,82.99952326767972,67.04070470102711
42,83.01971747381137,66.98472810635711
42,83.01567808121976,66.96111205530093
42,83.03775329390697,67.01512916956665
42,82.9532221283205,67.00968982196117
42,83.02035539868967,66.9825406654656
42,83.0377357706449,66.98952412729011
42,82.97884393955864,67.00773876765865
42,82.98135217008176,67.01881093825133
42,82.99200064948019,67.0187624990381
42,83.03281597291942,66.99076018426668
42,82.96398105348126,66.99675213507479
42,82.98295610454298,66.96692441021042
42,82.9929725271508,66.99999098906491
42,82.97123215557266,67.00178633057517
42,82.99922173909461,66.96836618958321
42,82.96296428305179,66.97946469640478
42,83.04059836402703,66.97746207021632
42,82.98513955813064,67.03327125816472
42,82.95918068854415,67.013731072299
42,82.99277900367379,66.9898852330119
42,82.9844698053995,67.00756210750116
42,82.96248590767541,67.00533227630277
42,82.9730252663596,67.00265357651595
42,83.049057993432,67.0010458442305
42,82.96918704144045,66.97965647783977
42,83.01956032853892,67.01467092224263
42,83.03758370666866,66.97366370690473
42,83.0405396144961,66.97733249633092
42,83.01891909438135,66.99175664380535
42,82.97618244839963,66.95710193719297
42,83.02091109570341,66.99186102444635
42,82.96875544753837,66.96392369414947
42,83.00674123753812,66.96836104119095
42,83.02693194965727,67.00296828962126
42,83.0061090599513,67.03755843621427
42,83.02207295459897,66.96415740132923
42,82.9800370483092,67.01268457048992
43,83.03099222905816,66.9694969551578
43,83.01659722522808,66.96950774839442
43,82.95847106486447,66.98677248516212
43,82.99732008293168,66.95295273090599
43,82.99546122329441,67.04214244380564
43,82.99745846254189,67.01523186600281
43,82.99327583982584,67.02056383972352
43,83.0270067383601,66.95917973943045
43,83.01958062481725,67.0033826186686
43,83.04924368928701,66.99691007960944
43,82.95082823585058,66.99296577760315
43,82.99401139760138,66.97515543722747
43,83.01252723678724,66.97884140153063
43,83.0085313575583,66.95951478559059
43,82.98780328750112,67.03686263328088
43,83.04278082312788,67.01781249756253
43,82.97547564093331,67.00776496185935
43,82.9741015134815,66.99837623775525
43,82.98672214630305,66.98845506674716
43,83.01121201550951,67.04232737608055
43,82.98416333029127,66.98548127573066
43,82.984226394795,66.95890105522994
43,83.01332632579178,66.99688233926932
43,83.0346274974619,66.99417864371149
43,82.95873804874262,67.00008234894099
43,82.96012545403987,67.01978431736886
43,82.98840296273285,66.99180678687763
43,83.03783367976308,66.9771903524708
43,82.96998799816011,67.01098457649275
43,82.9946066816644,66.96646256153583
43,82.99188397223332,67.00995743469171
43,82.95580881455002,66.99715942252024
43,82.9728449228626,67.00122547147845
43,82.98841281283106,67.01189033002012
43,83.04322631517,67.01730925662655
43,83.04090972590916,67.00310766942036
43,82.99081547846752,67.00513579923914
43,83.01672079091256,66.99047690693587
43,83.02094955633005,67.02792277940023
43,82.9615836335645,66.97909363589729
43,82.96086293610165,67.02624989757511
43,82.95739276203395,67.00294987631781
43,83.00875834102813,66.98410135935421
43,83.02085635138064,67.03983495846467
43,83.00003794311807,67.01350113844094
43,82.97833277089532,66.99982809696498
43,82.96362639240395,66.96702019446903
43,82.98832113591969,67.0348098670998
43,83.01860038478627,66.9864215556848
43,83.03995251217958,66.98591802781334
43,83.01634051088627,67.00131517292559
43,82.99633263528452,67.02166150006168
43,83.02403366453953,67.03888691112469
43,83.04556137526464,66.98866864048462
43,82.97195860596058,67.03923946521131
43,83.01365895044175,67.0310164969069
43,83.04538289170286,67.00993298846811
43,83.00524819190049,66.98151725511353
44,82.96800602301768,66.9643845082252
44,83.02897558407577,66.98851834435452
44,83.00255702852779,67.02341449375002
44,83.01779376405186,66.99880399080821
44,82.9767778608295,66.97413566564569
44,82.97008893660896,67.02304228649753
44,82.99744421461763,66.99705486458062
44,83.01922879868107,66.9962873453385
44,83.00039859141259,67.00678360320065
44,82.96345097304595,66.99105590701268
44,83.00784598899372,66.9530120393805
44,83.00988335099596,66.9951818790194
44,82.97614910346266,66.97125651117906
44,82.99875936964337,67.00618227239828
44,82.99003250992084,67.02004247111476
44,82.9963893602339,66.9835947009537
44,83.00581025769789,66.99441837527365
44,83.01544929783908,67.02122724036006
44,83.03219865913198,67.03320471302274
44,83.00585285947012,66.98753712775215
44,82.96751283268526,67.02739648563812
44,83.03478263133968,66.98841892531308
44,83.01087556285381,66.9870993730042
44,83.0396416575871,66.97311069107975
44,82.99652742994209,66.95614008219114
44,82.98605807112337,67.0060846277966
44,82.98204011309832,67.037957811893
44,83.01394095931136,67.0146607248886
44,82.97711085033022,66.99402378401196
44,82.96054863829868,67.02985399844378
44,83.035112752564,66.99226458596245
44,82.9929340803042,66.95617986704362
44,82.98365252619831,67.02586818388781
44,82.9829324448738,66.97155146765542
44,82.95413656663735,66.98517763767877
44,83.03402613711708,67.02933163754635
44,83.00284743111176,67.01013880410667
44,83.01556010833107,67.02861405262438
44,82.99192001750956,66.98940847531425
44,83.00517878778523,66.968983598883
44,82.99594086753736,67.02444316528847
44,83.01440620840361,66.97910578874902
44,83.03189244786569,66.98463138005943
44,83.00451431093394,66.99002190692423
44,83.00064002442855,67.02890818590154
44,83.01028674722065,66.993473128539
44,82.99192339458125,66.95788074892495
44,83.00263213382001,66.98688353990731
44,83.01431845589579,66.99744897257389
44,83.00513124586652,67.01252226319264
44,83.04225033395694,67.02640936775147
44,82.99187582932757,67.0087495780778
44,83.00169882368547,67.00425404454832
44,82.98621614850211,66.96269212523335
44,83.04183585972245,67.0174565968531
44,83.0072779197941,67.0126380610944
45,83.00088126247584,67.02224944976537
45,82.96631236994041,67.03133896131312
45,82.97086256303697,66.96124588668127
45,83.00039859141259,67.00678360320065
45,83.04268230746428,66.98456426023156
45,82.99150201500086,67.04247712846528
45,83.01134825510381,67.00554125901127
45,83.01506253435458,66.973427054047
45,82.98361387629907,67.01950268546935
45,82.97390749684601,66.99166323220544
45,83.00968587780385,66.9733506676153
45,82.9527989491162,66.98555556045011
45,82.9633947057993,67.01072847107625
45,82.95506840120619,67.00368258196346
45,83.01725200812913,67.02622061486898
45,82.98275751770868,66.99254853954847
45,82.99136390777532,66.97682543926122
45,82.98359415442359,67.01865081869659
45,82.9958495654977,66.9923914654967
45,82.98229642598749,66.97890918699485
45,83.03413741662483,66.97203779858894
45,83.02405028143323,67.01550245412433
45,83.02988197777755,66.97546525132593
45,83.00153847857473,66.99881015893534
45,82.99281982850664,67.02824849977188
45,83.01924847773701,66.9590665048198
45,83.02149581151352,66.99051592087349
45,82.96279719853926,67.00112280649105
45,83.01902092125977,66.99645968081464
45,82.96055401812009,66.98692897845362
45,83.00028992547495,67.04381675326346
45,83.02235069512916,66.97224875231947
45,83.03423308778196,67.02488611765489
45,83.01128370564112,67.0067710327033
45,82.98050905180544,66.98175047627959
45,83.03085618922863,66.96888443120132
45,82.99743384820795,67.00490498456031
45,83.006684787065,66.98356228506483
45,83.00412511519473,66.9713529131124
45,82.99263598252114,67.01145939887958
45,82.9878216763969,67.0372849271444
45,83.04586861075865,67.01613207645018
45,83.01378078913584,66.99876363430884
45,82.98403885645064,66.99102764384473
45,82.96314553953671,67.02871994071744
45,82.98372222629853,66.98338065134912
45,83.00341974165688,66.99799414873279
45,82.95725218128072,66.97431978182505
45,82.97125800347789,67.0022595568803
45,83.00452870144133,66.99113101356171
45,82.99904918821227,66.96726154125962
45,82.96172869400297,67.01165910885872
45,83.00126554207928,66.96361904657573
45,82.96058660039009,66.9853732488843
45,82.98865020115073,67.02288962460104
45,82.99771343693551,67.04803554923244
45,83.03158860017926,67.00041826793168
45,82.99257083929395,67.01886998176418
45,83.01275005424709,66.95390463492119
45,82.96229700787408,66.97536123352675
45,82.98595409114984,67.00319838950152
45,83.01741416293041,67.00145767038696
45,82.99026806290686,67.02212108062258
45,83.00489059189631,67.02926230125294
45,83.03657824798866,67.01150717607608
45,83.02496962155581,66.98811695417545
45,82.99774970209396,66.99641130392536
45,82.98529727443534,67.02249591093974
45,82.98582135043385,66.9920577692438
45,82.9538546745941,67.01468120715263
45,82.99663283330555,67.01801621044356
45,83.0274614856321,67.02970727401885
45,82.99974945784153,66.96411988428831
45,83.0269513474687,67.00250863757722
45,82.99810207931733,66.9545058432441
45,83.00379283071379,67.02267924698295
45,83.02663297910267,67.02943624322322
46,83.012793997153,66.98300768957662
46,82.96626966624811,67.03416925233675
46,82.98854181769637,67.01973446201784
46,83.03462150920626,67.01305414470431
46,82.98622146714669,66.97598152718211
46,83.04237173243746,67.00988616555485
46,82.95496582145798,66.98860345587174
46,83.02640190686178,67.03904724301793
46,83.03209272573469,67.02466584483808
46,82.97823474728843,66.9752851355545
46,82.99432174642244,66.99827641270261
46,83.0242246930307,67.00339623296617
46,83.012417264976,66.96982522110004
46,82.97466807820429,66.96783034278172
46,83.0025621938551,66.95969586812879
46,83.02666052798189,66.9713771945162
46,82.97113374692506,67.01737789860466
46,83.0171339195584,67.01414019604208
46,83.04019796150533,67.00063373876893
46,82.96460663958084,67.00674460456685
46,83.0226277168665,66.97907271812853
46,82.96545476468532,67.01675534682406
46,83.00598140439352,66.99722375655764
46,83.04110613341923,66.99197520744349
46,83.02246677301697,66.97289307246679
46,83.00243702583738,67.0422899452846
46,82.98707430236759,67.0174137823142
46,83.00221607271163,66.97400134825828
46,82.97436053495117,66.98257456822718
46,82.97850636312909,67.02506813461363
46,83.00588812096291,67.01416788997273
46,82.97687713326954,66.99364206932118
46,82.99734372037398,66.98479600049595
46,83.02785372166893,67.02739731663557
46,82.99812381196016,66.99039693495575
46,83.01246337758501,67.03900443995938
46,82.96539659016054,67.02845932731421
46,83.01649033063057,67.01025603757088
46,83.0107193871407,67.00362332376329
46,83.01444245362659,66.99268218166829
46,82.97973474595612,66.99000593633826
46,83.01630628188691,66.99858323670911
46,82.96276562041216,67.02175195813813
46,82.98859835040416,67.04012720253748
46,83.02350035801986,66.95707326835259
47,82.98856080615681,67.02115366556326
47,82.98133272092758,66.99238003795726
47,83.030691965199,66.98338367522959
47,82.97444735079503,67.03692088533649
47,83.0103454855314,67.01865273702299
47,83.01255782671528,66.96933835091558
47,83.03602083154682,67.01542769677063
47,82.9949759848238,67.03721162184002
47,83.01841999638403,67.0168782946799
47,83.00040141927524,66.96815125731543
47,83.02768820298871,67.0062398349491
47,83.01152330335162,66.95793355214083
47,82.96147512073513,67.01735366577627
47,83.04077030017977,67.01441882444288
47,82.97648734481841,67.0407660164964
47,83.01834992567511,67.00945869341056
47,83.01032581387072,66.96398284182686
47,82.95322257183778,66.99296337032709
47,82.98067574974425,66.9981851772011
47,83.01234612875673,66.95606519365329
47,82.97247320825115,67.02496460874185
47,83.02417281232918,67.02977220478374
47,82.95767956613498,66.98260571056291
47,82.9912848960402,66.97965088201187
47,82.97470608324913,66.96190580636927
47,83.04289676558275,66.97800580588797
47,82.97918015953873,66.99350133919349
47,83.00906391421343,67.00768820936972
47,82.98499732053052,66.98019374487076
47,83.00184602191578,66.98836129227662
47,82.99943543486395,67.01202684748368
47,82.98343929997459,66.99537391567476
47,83.02032987489366,66.95804189106097
47,82.95402052100923,67.00150740807807
47,82.95531665343174,67.00039576018494
47,82.98609833295257,66.9983425025411
47,83.02910032198315,66.96645138332917
47,83.02938217677931,67.00293348165704
47,83.02336273428926,67.03234975910297
47,83.01831147145866,66.98348857520679
47,82.96778870797533,66.9738701051971
47,82.99751854295506,67.00054508035899
47,83.04268414884922,67.0058678926942
47,82.99145357924937,67.02379559302236
47,83.00848586991405,66.9791509771396
47,83.00814701110366,67.02275398498143
47,83.00145561978174,67.00859639311886
47,83.01014082829609,66.99669696190567
47,82.9818714336574,66.97915706262222
47,83.04358316738686,67.00084504048091
47,83.01363993609682,66.99524965494248
47,82.99302161638795,67.00445731159114
47,83.01282397542,66.955304137637
47,83.02155196185491,67.02480612666497
47,82.99769554788003,66.9944508571814
47,83.04374169608838,66.97970872841701
47,82.99828860717504,66.95980120843157
47,83.01632664475963,66.95484603908423
47,82.95950338531895,66.97560734303575
47,83.03283151565316,66.98273619098077
47,82.99943343301499,66.98125473183447
47,82.98943054995844,67.02059505132546
47,83.00374659997271,67.02955599183765
47,83.02750977399954,66.96704253892432
47,82.9647899798826,67.03212207343437
47,82.98209603283597,66.99007889847253
47,83.00860462672078,66.96136905116867
47,82.97566333479523,66.97198246874537
47,82.99481325380968,66.97151376449072
47,82.9926956918007,67.02642872467786
47,83.02851866114233,66.97009125045295
47,83.03402961039028,67.00090680788136
47,82.98700735545226,66.98606932771598
47,82.97701362039663,67.00446250219112
47,82.98205839212284,67.04147207112196
47,82.9699661791362,67.01017506350958
47,82.99079715755579,66.97597018281624
47,83.00641222474545,66.98723901151766
47,82.986562958937,66.98931105731556
47,83.02158355434575,67.0380859879502
47,82.99696960611314,66.99261122026992
47,83.01740345466716,66.99958273185983
47,82.97538414257907,67.03317317093064
47,82.98276473503037,67.00858266972428
47,82.98802864689304,66.99855105283362
47,82.99808937362394,67.03802607270748
47,83.02205286919117,67.03149821627028
47,83.0385020415583,67.01303426819545
47,82.98009964078594,66.99108466174391
47,83.04077030017977,67.01441882444288
47,83.02715133234616,67.02939146883986
47,82.9583440866432,66.9875864754238
47,82.98136020008604,67.02915053539799
47,82.96732756033406,66.97715665538566
47,83.00826393486336,66.99414422205693
47,82.96023707845973,66.98564337016508
47,82.99644473058082,66.99776752377188
47,82.96945215755288,66.98958418894371
47,83.01231750101778,67.02057533069879
47,83.01129701402907,67.01529291772617
47,82.98627364062462,67.01380324019175
47,83.03906546421602,67.02506959417867
47,83.04124019138152,67.00107214533783
47,82.97045791175037,67.02797550995673
47,82.96273592056319,67.013385324239
47,82.97895759555897,66.99358425519287
47,83.04426104692843,67.01360954096494
47,82.97435441262651,67.03963198536671
47,83.02749614572448,67.02935267721733
47,82.99688291237564,66.96339837847661
48,82.98091330584572,67.03599959691793
48,82.98492037606965,66.9979541391723
48,82.95441852232923,66.98587775306638
48,82.97633080815608,67.00684921526548
48,82.9756719095841,67.01150690385236
48,82.97846721244488,67.00341677887455
48,82.96157196779242,66.98632148753252
48,83.0135302293946,67.00672125305601
48,83.02019322315245,67.01585471860326
48,83.02773121684312,66.99349183150338
48,82.97710151441473,67.0116234066508
48,83.01202292694884,66.96959146730082
48,83.01490470222252,66.97415846080469
48,82.97820515959448,67.03469222055375
48,83.01967505566755,66.9899979751961
48,82.98173117604469,66.966424595163
48,83.01986051916332,66.98458420857679
48,83.00470031204772,67.02169968197278
48,82.97248000823508,67.00292665089361
48,83.01612896952025,66.97935846052329
48,83.02014741253619,67.0006744192882
48,83.03241717215067,67.00260596135752
48,83.01747893587708,67.01441020283085
48,82.98144115318297,66.9970116765779
48,82.99309271483543,66.95836241618791
48,83.01604774516333,67.03657520527346
48,83.02004886872832,66.95631657447771
48,83.01421256045474,66.97354831722912
48,83.03266830055128,67.02862333608127
48,82.98294155375918,66.98297409074975
48,83.01261736888691,66.95658117628513
48,83.00165809371902,67.04403817802091
48,83.0150861360003,67.01773822337037
48,83.0031457175731,66.98888061716092
48,83.04876321233347,67.00697701580214
48,82.99860686014732,66.97658623295129
48,82.98439129540425,67.03491810899926
48,82.98067574974425,66.9981851772011
48,82.99664029858167,67.0104908312568
48,83.0261210831334,66.96387780615186
48,83.03676833786311,66.99713099107346
48,83.02774780047305,66.99208544783822
48,82.98002468246221,67.04478629028891
48,82.964768685447,66.98605683666013
48,83.00413437247765,66.95147719024551
48,82.95733820324845,67.00798169049314
48,83.0041258422005,66.96455737657617
48,83.00490964792907,67.0467514373195
48,83.01701563041512,67.00911248811678
48,83.00343274497241,67.0327944014657
48,82.97897098746057,67.01943857063627
48,83.01050703716935,66.9855069387333
48,82.97524164096154,66.96743334457238
48,83.03730776719198,66.9851166571302
48,83.00543590817894,67.02951040468236
48,83.04088525946341,66.97325126111011
48,83.0391071958826,66.991853227261
48,83.02964849686325,67.01936978912252
48,82.97859754169369,67.00161907284816
48,82.9701810649803,67.0393053856437
48,82.97229049367172,67.03451399073901
48,82.97403011748158,66.98210747803337
48,82.96409419029278,66.97614063715534
48,82.98669818904034,67.0222016152813
48,82.98035315053396,66.9551638109735
48,82.99635544388111,67.00785229556766
48,82.97696694866133,67.04222488359747
48,82.98486431017277,67.0100080862881
48,83.0023126736582,67.01643372665663
48,82.95506622551254,66.98670069297542
48,83.04749418953146,67.01282588517329
48,82.97876366516289,67.00038575938079
48,83.04205634892749,67.02440397266314
49,82.99250342511893,67.03940205640117
49,82.97406444082624,66.96239383699763
49,83.01191017795124,67.01527728471619
49,83.00798615807258,66.98644436671142
49,83.02041410482867,67.03284284580049
49,82.99728848337632,67.0069334919449
49,82.99196723156054,67.04569253185792
49,83.00116320406381,66.99706389382739
49,83.00380093651695,67.02410400328137
49,83.02519992538438,66.99649149637632
49,83.01712492564643,67.01207253474219
49,83.04022546166024,67.0287390475653
49,83.01652012943654,67.00805033941687
49,83.04636100375448,66.98236815918686
49,83.01025663545552,66.98543331446322
49,82.99216735630222,67.0080712814428
49,83.01881736352132,67.01260094216292
49,83.03097962774662,66.98952999704173
49,83.0323335607677,67.01237689023765
49,82.98271791602397,67.03674995645045
49,83.03839860323306,66.97526007481926
49,83.01789543147066,66.98186352909744
49,83.03734912027147,66.98420152117188
49,82.9886452134144,66.98659046693145
49,82.99475832053358,66.98192627687355
49,83.04499977264332,67.0035409804022
49,82.97513449513842,67.0305072329467
49,82.98379734978651,67.0230037186288
49,83.02868551736273,66.9910690348224
49,83.02570050875798,67.00537040005517
49,83.00358115214898,67.00966303489572
49,82.96307170423074,66.98257465265462
49,82.98142563451157,67.00738021285811
49,82.9710142749787,66.97197001915787
49,83.00383456897866,67.03521993843185
49,82.9688372903746,66.96437918794408
49,83.01173327228254,67.03788763623582
49,83.0127081642139,67.00405692639843
49,82.99386496982804,66.98670243291133
49,82.9649625849615,66.96489820095091
49,82.98634979068322,66.96547277908498
49,83.00389872150744,66.99697058335124
49,83.02265250879839,67.03088374334592
49,83.00692820180224,66.96260922435138
49,82.9929725271508,66.99999098906491
49,82.98594789089562,67.01889057983298
49,83.00270865461425,66.96292146908817
49,83.03627730123607,66.99523994237335
49,82.97887660633177,67.00405937275053
49,82.98469678171166,66.97160203260385
49,83.03045290695374,66.96306745375924
49,83.03033815115145,67.0135081959624
49,83.02771896004263,67.02495940038155
49,82.99308023256364,66.99322767296007
49,83.00418245518429,66.95192677519161
49,82.9992627305282,67.02161690515699
49,83.00075629373185,67.04486146325853
49,83.0099786039891,67.01087321203171
49,83.03163692232405,67.0153372126197
49,83.02707509945331,67.01264223216467
49,83.00205972577403,67.04882879113924
49,82.98176402052914,66.97545832170243
49,83.00334812570782,67.00881891636305
49,83.00231017809278,66.98733486778046
49,83.011294494357,66.96145961689031
49,82.95462891956015,67.01229172678804
49,83.01710560782101,66.98849717177896
49,83.03607713590536,66.9932307719431
49,83.02737419083257,67.0377057693101
49,82.96324995862663,67.01899237666719
49,82.98153187302408,66.98547495421506
49,83.00709340227009,66.96731152451063
49,82.979108063012,66.99561108152078
49,83.0164414553911,67.00165913515207
49,82.97716143927455,67.00673808366015
49,83.02044275998176,66.96582440325213
49,82.98486431017277,67.0100080862881
49,83.0350948984059,66.96520851837273
49,82.9724013512431,66.97900560099652
50,82.98636037143032,66.98125009595738
50,82.95681256189907,66.99577132253249
50,82.9558578545026,67.02059149235642
50,83.0198028163918,66.9686877889726
50,83.02118103707322,66.97911314032339
50,83.03212343918993,66.99042724713368
50,83.01892275900438,67.0160406151394
50,83.00918818729798,66.9890776970908
50,82.99137213739236,67.0431109525118
50,83.03056422129399,66.98634826380251
50,82.95767956613498,66.98260571056291
50,82.99701055423625,66.98082901986169
50,83.0237589864713,67.01791868424064
50,82.98054241046741,67.0189805020124
50,82.98328197582958,66.98205289931052
50,82.97135517043766,67.02429722838137
50,83.00371328519594,66.99489413657938
50,83.03960952239859,66.99078330345556
50,83.01146877187304,67.020993490956
50,83.03085195421035,66.97850975840598
50,82.96875879312002,67.02530584102844
50,82.99129634594497,66.95298880430032
50,82.99561279199102,66.99302300964146
50,83.02824399244417,67.00259114473995
50,83.01149854705916,66.95812320784542
50,82.98939305241518,67.01716327420293
50,83.01840195411806,67.0032691107691
50,82.98767086746932,66.98931821310092
50,82.99241717087412,66.98937723722192
50,83.02054309174952,66.99983485173736
50,83.00378318173111,66.99614116433284
50,83.01189481904517,66.99376908188044
50,82.95292552116611,66.98744312867885
50,83.0094593333669,67.04574390074033
50,82.99063549958151,67.00678487316458
50,82.97850835680676,66.99814786135242
50,82.96323361919396,66.99545308868262
50,82.97354748833885,66.99548977094179
50,82.98824797080135,67.02258083345502
50,82.99910659165982,66.98982989742146
50,82.95250799127828,66.99898718331923
50,83.04389202230948,67.00095989369441
50,82.97378401636394,67.04085357226718
50,82.9635416681949,66.9722009160408
50,83.0283148618637,66.97209131018036
50,82.97551872897326,66.9944849269999
50,82.99745369452296,67.0203659029335
50,83.01666143218783,66.99826518203363
50,82.99310584929714,67.00632031499971
50,83.0321620109325,67.01404245055882
50,83.00820258445475,67.03536293969204
50,83.04834230030343,66.99070680821325
50,82.97208367631401,67.0214633735305
50,83.02638488110378,66.96128491208128
50,82.98114837627186,66.96366476552522
50,82.9751757432362,67.03595001538093
50,83.02965620766076,66.98990942089138
50,82.99006455904315,66.95701224159254
50,82.98038934759789,67.02737744624837
50,83.0392358105504,67.02785309333177
50,82.99777255264986,67.02177097404393
50,82.98069485935359,67.0094701864746
50,82.98755097860685,66.9988864178305
50,83.02911090596685,67.01884425979377
50,82.9936918129053,67.02791319451902
50,83.00490689112142,66.95725139686036
50,82.9755425525162,67.0360943422279
50,83.00886574600624,66.95161583887685
50,83.01558453772319,67.04103296913115
50,83.02394213459539,67.04243950166936
50,82.97093314498292,66.98408824159229
50,82.97076690621994,67.01621716258205
50,82.98472790898724,66.9962665662531
50,83.02168029462361,67.0350081660274
50,83.04059836402703,66.97746207021632
50,83.00782121758526,67.01729284132762
50,82.9644952717982,66.99743920114211
50,82.99054817482164,67.00961174612851
50,83.01820477109571,66.99702458669071
50,82.98688314274374,67.02437548827321
50,83.03534716331139,67.029642903339
50,82.9617302407088,66.97261495152735
50,82.95921064534015,66.99916065657935
50,82.96164092274593,67.00377499402765
50,82.9950569056664,66.98110084784757
50,82.96532254201563,67.00506635259208
50,83.01683638211925,67.03061788410325
50,82.98300358228413,66.97260177256021
50,83.02564245254408,66.96981983693607
50,83.03614945731036,67.00003937021353
50,82.99585263053092,66.98347076032415
50,83.00226696605972,66.98117900840406
50,82.97802671776368,66.97878683167681
50,83.03035558281154,66.9737282872468
50,83.02084234271204,67.00579479810011
50,83.02016054317939,67.03894583997578
50,82.99281408003324,66.9730986655848
50,82.97092392567127,66.96362240248678
50,82.97461847076308,66.9944114361939
50,83.0085796171205,66.99673921132249
50,82.98142846538633,67.00130216290212
50,82.97162248938979,67.02797418079538
50,83.02301005559704,66.98961163244913
50,83.02841169518095,67.02539559943482
50,83.03392448421333,66.9677634922707
51,82.98598444657168,66.96302649688509
51,83.02846274164901,66.99899811942183
51,82.97037955711754,67.03904193388215
51,82.96770666410781,66.97405755561904
51,83.03022244495666,67.00756457062623
51,82.98474688469219,67.0013265105393
51,83.02597019028987,66.9582898826864
51,83.00545353429436,66.97218356167751
51,83.02203102605695,66.96030607492368
51,82.97031461490178,67.0265238100598
51,83.00936588103751,67.01352403099061
51,83.0015435745161,67.04509458501718
51,83.0295135239281,67.02825763878788
51,82.99116686670925,67.00509566748404
51,83.02027649202032,67.00088445302127
51,83.01588169683019,66.98925942806876
51,82.98079904781595,67.02609684250889
51,83.0017502890473,67.007067289953
51,83.0114600027869,66.97665546912279
51,82.9849775776473,67.02866487375026
51,83.01913828001284,67.02964989327099
51,82.98624302610693,67.04504036217995
51,82.96080810310868,67.00482009650904
51,83.02640796309434,66.95942998296582
51,83.0226293852592,67.01489208624356
51,82.96692503267003,66.99144858772961
51,82.9903483764675,67.03429929775916
51,82.98628724654425,66.98345440087239
51,83.01072122705781,66.99061087472437
51,82.99650363401217,66.98207161326837
51,82.99713289481842,66.99558089020695
51,82.95766831901271,67.0256031808461
51,82.9853713486743,66.96558178520476
51,83.03155189695208,67.01313283803827
51,83.0409069140881,67.02752118094357
51,83.04651568374803,66.99074751630152
51,82.9867590822392,66.95343568804195
51,82.9783247956412,67.0121066824746
51,83.0100864277835,66.99465194093835
51,82.99277763304976,67.00538211610473
51,82.99701696026943,66.973997599228
51,83.01664836237616,67.02539920485658
51,82.97789433332427,67.04122717019705
51,82.96573776780592,67.02784294674902
51,83.00498248552954,66.96599645904223
51,83.01143396931037,67.04315249899089
51,83.03742585271308,66.97745573080287
51,82.96966024275025,66.98599470736004
51,83.01219523214623,67.01236930796419
51,83.02344965753971,67.01917192589933
51,82.97863528485901,67.01314878443699
51,83.01697281265946,66.99196473363193
51,83.00604738042273,66.98497753652167
51,83.0366004142285,67.00533090009296
51,82.9773210792328,66.97732872120831
51,82.9607337372602,67.01898785117753
51,83.02911301144897,66.9807379523721
51,82.96394183397845,66.99489098581671
51,82.98999992039153,67.00049584873881
51,82.98161375651142,67.0047337958582
51,83.02752122192123,66.97560682141032
51,83.01231750101778,67.02057533069879
51,83.03648103850882,66.97781678280379
51,82.99725429885862,66.99318592080411
51,83.00412754324498,67.0024023444873
51,82.96768845400834,66.96380375093175
51,82.99621057914531,66.98235768850087
51,83.01673061463201,67.01624997515417
51,82.98013000765236,67.03635220273819
51,83.00941702032468,67.00519154765861
51,83.0174812444394,66.96767712442117
51,83.03133643046122,66.9853776479446
51,82.97889561742412,67.01061814714836
51,83.01395762855256,66.97974316110124
51,82.9941814982546,67.02294948519423
51,82.98107209857706,66.97169049997015
51,82.97105558528581,66.97377363277322
51,83.01082876163743,67.01972669932609
52,83.02128781146493,67.03185814332505
52,82.99119230029903,66.98462716081238
52,82.96641575350553,66.98299502106596
52,83.00905244280082,66.99026308782653
52,83.0392358105504,67.02785309333177
52,83.02656736799756,67.0258409325965
52,83.03198410146592,66.96802045968852
52,82.98844794496817,66.9776514778846
52,83.03114111132749,66.99091643752422
52,83.03818252994581,66.99923533874896
52,82.98953430921333,67.03823333144682
52,83.01784855748461,66.98140079549522
52,83.00106644453967,66.9635337732435
52,82.95080193869984,66.99639823599595
52,83.01878742933175,67.0066461382906
52,82.97778874073383,67.00891517851923
52,83.0343000714804,67.01666026142915
52,82.99968708908803,66.98973381495364
52,82.96458272811894,67.02692053712204
52,83.01897435510482,67.01077874288391
52,82.99388110018133,66.97558184383385
52,83.0165168951406,67.01524376994745
52,82.96253839297404,66.9826257816916
52,83.00236896535964,66.98130675709596
52,83.01493558877272,67.00512327669016
52,82.99362319779478,66.96403687416695
52,83.0097318201034,66.9937384525015
52,83.0097355155352,66.98648555694099
52,82.98729976408835,66.98595193347462
52,83.01655073088477,67.0137552279035
52,82.97970683939612,67.00129635288529
52,83.02642974074273,67.00584613438184
52,83.01805199662569,67.01013886787361
52,82.97362169993747,67.02958700738895
52,82.9954309229094,67.00731634231765
52,83.02435576888621,66.97228396721617
52,83.01683195991772,67.02882928302454
52,83.01798975392298,67.00719832371142
52,83.01028115049088,66.9993699599922
52,83.01363689071705,67.00933280891121
52,82.98059089268152,67.03970822258421
52,83.0057419216032,66.99751043918765
52,82.97853114333303,67.02209119907226
52,83.03107039228506,66.98426283212585
52,83.0134749256644,66.99527931979723
52,82.99774970209396,66.99641130392536
52,83.02560856533563,67.02094702487965
52,82.95908309527091,66.9799207151203
52,83.0475350519519,66.98877973661928
52,82.96576355894055,66.98762084625504
52,82.98421421055131,67.02245451296422
52,82.98101974197948,67.00099577534732
52,82.982918553322,66.97826100992894
52,83.02161213345285,67.04093626343926
52,82.980878434966,67.00172865565541
52,82.97968026376032,66.95920002237784
52,83.00582228770209,66.98523686365219
52,83.02914275123916,66.96260551487042
52,83.04906908360572,66.99690828993059
52,83.02778507091325,67.03229210615133
52,83.04345274203285,67.01956624186275
52,83.01397499295814,66.98556860801155
52,82.98843322951515,66.97173321920667
52,82.9799511179724,66.9985193915439
52,83.00528854650379,67.00309589521099
52,83.03383195367857,67.00744682277431
52,82.96347021563756,67.02830500964498
52,83.01955886531012,67.04265637753188
52,82.9933129475274,67.01397641571111
52,82.9832814181496,67.00987249765564
52,83.00536363258983,67.03315424396487
52,83.010993149463,66.96226175684527
52,82.9888357890458,67.04050806459833
52,83.04644401857223,67.0080543651067
53,83.00526963312629,67.01588005159903
53,83.02231242322523,66.98568939659395
53,83.03696122843331,66.9712768889752
53,82.9792674246325,67.0134735973314
53,82.96609807058321,66.98827084507333
53,82.973732132671,67.01614244889949
53,83.01069637508093,67.00657272775592
53,82.9975802099029,67.04388702619623
53,83.00891119444641,67.03719037303128
53,83.02432380806127,67.02893619764063
53,83.00840453895782,67.00041444202422
53,82.98863516403983,67.00465150807126
53,82.9939084300724,66.97842437226913
53,82.95343592881918,67.00346830074375
53,83.02515445153733,67.02512175829575
53,82.96598383882309,67.02399668247237
53,83.00349259828593,67.04838657728664
53,83.00863336092068,67.03372739895929
53,83.01411118514754,67.01849254958957
53,82.99357970808289,66.96936576223105
53,82.99342847409675,67.04485884479153
53,82.95317384467545,66.99033650849225
53,82.97390543685601,67.02276998929689
53,83.02387196361089,66.98047920077458
53,82.9999067486305,66.9915404012561
53,83.001757299943,67.04277645625828
53,83.00652861885,67.02101445579645
53,82.99258124053333,67.04673507406886
53,83.02050823958146,67.01897135665295
53,82.95547058324945,66.98899893047151
53,83.02017600080566,67.01952311929057
53,83.01924004578076,66.99795038956995
53,82.97459475036908,66.97821527517583
53,82.97113374692506,67.01737789860466
53,82.98005497351676,66.99098127263694
53,83.03742585271308,66.97745573080287
53,83.0239193068655,66.9647933684034
53,82.9728035459861,66.96032865484842
53,83.03573111348057,66.99197145652239
53,82.98110903107396,67.0082048268477
53,82.96739096758795,67.0264015774535
53,83.02394083747102,66.99139843997955
53,82.99120062399082,67.03578009322386
53,82.9878829237227,67.04332617730186
53,83.03570205178944,67.03392496714984
53,83.0029133257317,67.00348895883636
53,83.0350523816886,66.9956054150534
53,82.99654585474491,66.98744819180531
53,83.01498845618796,67.0038685643733
53,83.00543590817894,67.02951040468236
53,82.99066149801358,66.99629504708061
53,83.0273231036842,67.01379248570896
53,82.9809444142469,67.02874980714176
53,82.99437119502396,66.99471479399838
53,82.98786814370321,66.98154763738229
53,82.99689437520931,66.99005263131262
53,83.01192761715714,66.99114886357236
53,83.01615642844496,66.99989871676921
53,82.97211287244566,66.97590010043488
54,83.00421302528986,67.01234489886025
54,82.99572280344054,67.03603500741788
54,83.04631364181229,67.00773386377423
54,83.02211742858388,66.9610101742261
54,82.99359454127281,66.9997810863908
54,83.0052548190554,67.04866320531211
54,82.98823780925468,66.95514744544782
54,83.02930692477108,67.00458434338084
54,82.986626023579,66.9882825260833
54,83.02731496067751,67.00832172961267
54,83.0096524886006,67.0366424461907
54,83.03821010483875,66.98114227656693
54,83.0256029857071,66.99665730549005
54,82.97830017162823,66.99367448216132
54,83.01025818570062,66.98277475768099
54,83.02851855574039,66.9814910878458
54,82.98786040701901,66.98285428050556
54,82.99822731546921,67.04562683125017
54,83.01383957440387,67.01041403838913
54,82.96072609913847,67.01836391512877
54,82.98672698054787,66.9565641697868
54,83.01239151195357,67.04430393330028
54,83.04301111572767,66.98897600699001
54,83.00993807468633,66.96214005912428
54,82.95322257183778,66.99296337032709
54,82.98895030667624,66.98750427367042
54,83.02203781308583,66.97691905802355
54,83.0137708601172,67.0121493720063
54,82.99301454037833,67.03402216356784
54,83.03369639494545,66.97526056690624
54,82.99663190867473,67.00595578652757
54,83.0114171788184,67.00743422801109
54,82.9950569056664,66.98110084784757
54,83.01920306706894,66.99737596183483
54,82.99735175856759,67.0077884318453
54,82.98574936451041,66.98517160542778
54,83.02763623437714,67.018616367316
54,82.99979557562521,66.97566613014241
54,83.00496394518079,67.04503264139642
54,82.95390153768432,66.997349901401
54,82.96704302073447,67.00963544422119
54,82.99233126782016,66.9601635253128
54,82.96948191280104,66.97458842286653
54,83.00531837867803,67.01041782517603
54,83.00344945838363,67.02661384617598
54,82.96463934875798,67.0118131429788
54,83.0342776881228,67.00743211962063
54,82.98205903143219,66.96237111752073
54,83.00805605154979,67.03799799612919
54,83.01140262916033,66.98983604082792
54,83.01021997954213,66.97687105417927
54,82.99433163936612,67.01798521797139
54,83.01684464966509,66.98619758801925
54,83.01651189817626,66.99069711536264
54,83.0467762865529,66.98785275956729
54,83.01843869355257,67.04280237624937
54,82.95797090265093,66.9974053042323
54,83.02396019299053,66.97589670106888
54,82.99617355936371,67.01148824704592
54,82.99166579009479,66.96239094638598
54,83.01200781719223,67.01261942083471
54,82.98689689889612,66.95374346470044
54,82.99586697435493,66.96264509347651
54,83.03872342233986,66.98853379089971
54,82.99764007029133,67.00670142567678
54,83.03028086230512,67.0348256443384
54,83.02177078804392,66.99879189196109
54,83.01356321025305,66.98139794924784
54,83.01542316615586,67.00489324214202
54,83.03577903429453,66.99270785733118
54,82.99196090857565,67.03347305359972
54,83.02824112471099,67.00729397676565
54,83.044089541979,66.98395103242395
54,82.98728555434589,67.03074403401696
54,82.98519656429222,67.00829605760542
54,83.01445814069612,67.01327351905839
54,82.96466767174967,66.96842257494473
54,83.03972041729355,67.0089012684429
54,82.99428738576802,67.04421286737849
54,83.0399990769642,66.99500421733471
54,83.00467646890813,66.99945016444292
54,83.03294973991224,67.01047109821582
54,82.99171328349799,67.04429623779562
54,83.01077817035485,66.97364946145697
54,82.97061094791206,66.9968426826246
54,83.00870799953594,67.04545383525884
54,83.01225691989787,67.01605974303503
54,83.0036652744967,66.96078222365308
54,83.00777200577497,67.01268434636975
54,83.04073561347337,66.97572651226231
54,82.98683332332087,66.99220357833018
54,82.97805197013378,67.03519454944194
54,83.01722609491462,67.01789133661377
54,82.98505349548857,67.02511850611145
54,82.9696556564476,66.97554603622834
54,82.98085515103874,67.00234461743817
54,82.99160761031821,67.0185995571627
54,82.999055504326,66.96724054761123
54,83.02348731144727,67.00748351191635
54,83.00221265466762,66.99292867402576
54,82.99134902193684,67.01708733703148
54,82.98242174635271,67.00433940589497
54,82.98558370968468,66.98381867485669
54,83.02220114273699,67.04422889007088
54,82.95410902574253,66.98375743783421
54,83.04409890701154,67.01198236648248
54,83.02936027493224,66.9729246177733
54,82.99185466026763,67.04054652936247
54,83.02882058987566,66.97642379476075
54,83.00292496858917,66.95125615656525
54,83.02079656938375,66.99960104409362
54,82.97152591992025,67.0159257446073
54,83.03466306667183,67.02638959185435
54,83.03188972995929,66.96649618643393
54,83.03049396564334,67.00559700890426
54,83.02960019274907,67.01175307663422
54,82.99213799187214,66.9820738387802
54,82.98662313735485,66.96191333114554
54,82.98315287881633,66.98726033671332
55,82.98915542111779,66.9603557996962
55,83.01625497787693,66.99428612428771
55,82.97580260214342,66.97306931523114
55,83.01530622900647,67.04127388984587
55,82.97867019807205,67.02383043219713
55,82.97423869247247,67.00667051123952
55,83.01103904489356,66.98282333334862
55,83.0147448029821,67.01184039729849
55,82.96489653409671,67.00737827095635
55,82.97924570779436,67.02067576670005
55,82.98672475815997,67.01720795400443
55,83.02879270663814,67.0390423092279
55,83.01627634681013,67.04682276485298
55,82.98402256609114,67.03956335051056
55,82.99380519605656,66.98409647593178
55,82.96849335763407,66.96868817268137
55,82.97497114505938,66.96456789199952
55,83.01490953832285,67.0087058372062
55,82.98252958245679,66.99855621911902
55,82.99409823769797,66.99745975754895
55,82.99674033295568,66.97593780159185
55,83.02873458229058,66.9992503406787
55,82.99541552133302,67.01503042257907
55,83.04160234155641,66.97393347879823
55,82.95795130761832,66.9949733591865
55,83.00724004172088,66.99757004627322
55,82.96273966208071,67.00016292226266
55,83.04689282832085,67.01568209780116
55,82.99280655399085,66.95719921604838
55,83.01528656444707,66.98218236923042
55,82.98581455123436,66.98299367664626
55,82.96490328665631,66.9709761368358
55,83.00802394900973,66.95509899593215
55,82.97685448126147,67.04070371696427
55,82.98691304401548,66.98942227247983
55,82.98888978232232,67.02676307276627
55,82.99436908483351,67.03652891962041
55,82.96225721315719,66.99432928126262
55,82.95604142866208,66.99814609284387
55,83.01890425300651,67.0130310990812
55,83.0263542897416,67.00007073504314
55,83.03721498251024,67.03127144659668
55,83.01131547770885,67.03269869351651
55,82.9795413307105,66.9924149833775
55,82.959675152506,67.01888126482264
55,82.98006279691923,67.0249733857661
55,83.01677601469314,66.97562561606716
55,82.98214006109407,66.98412810384804
55,83.03876818776351,67.01212981335391
55,82.99718883969207,66.97137658300343
55,82.99604700003809,67.008113405916
55,83.01149865382915,66.99068459976989
55,83.00989479096987,67.0216961662886
55,83.01128076541606,66.99873189726792
55,83.02092990544308,66.98860741200419
55,82.96631002421726,66.97692096712271
55,82.99086076799587,67.01739773652918
55,83.00926277119372,67.04218189157771
55,82.99137636928069,66.97554846150182
55,82.97155546822094,66.99560100050861
55,82.98033932480747,67.01890078311784
55,82.98986521646296,66.97517194970943
55,82.97350733713643,66.97576310609055
55,83.04040170170417,66.9979113360553
55,83.01419940819899,66.99528497914338
55,82.96453665135178,67.00623100657555
55,83.03087755313071,67.02998518337229
55,83.01728442492099,66.96734566716262
55,82.95240492963605,67.00981740673673
55,82.9829808605578,66.96390942312487
55,83.00661459735394,66.99805224763347
55,83.02024995210357,67.0227724935301
55,83.02602984354348,66.95930131395649
55,83.01606537704238,66.99512688308799
55,83.03884019668637,67.00475622221771
55,83.0448732249971,66.98067832615061
55,82.98812848819594,66.9972641170086
55,82.99513722245298,66.97775646626575
55,83.0260941804789,66.97144719990268
55,82.97771458927366,67.00139914507639
55,82.98457136871092,67.01767999977886
55,82.98265951867286,67.01580021538403
56,82.98339077544279,67.01354508399186
56,82.97448652886884,66.97200802282829
56,83.02297321244683,66.97900161497239
56,83.04676303399822,67.00220946078001
56,83.00847923038344,66.98291930729548
56,83.01560570900482,66.9701560967525
56,83.02622988441964,67.02939103204028
56,83.04293377518457,67.01541472686755
56,83.01460210705926,66.98914798909786
56,82.97975532445479,66.9694185213876
56,82.97714450847172,66.99988673104168
56,82.98544237961518,67.04339939520807
56,83.0187349864405,66.98501939505823
56,82.99518433194476,67.01860884996341
56,82.96256602510402,66.9822673046016
56,82.99720346362218,67.02140726210128
56,82.96598683705444,67.0045910186297
56,82.99116782693942,67.0119769055668
56,83.00489903604134,66.9619507082278
56,82.9839016950858,67.04647277100493
56,82.95920751429371,66.97490573675358
56,82.98765341539024,67.01094249655365
56,82.96869058165217,67.02401307968417
56,83.04814844098034,67.00393594019994
56,82.99445944525888,67.03763486685419
56,83.04736814713074,66.99976596892384
56,83.00564344844838,66.99978254405545
56,82.9939997934624,67.01897595172797
56,83.02703285445989,66.96633414636393
56,83.00453748690312,67.02197164032945
56,83.00355632129371,67.04274365095286
56,83.00184676810264,67.04389524677407
56,82.98860298318604,67.03070573664999
56,82.99806167302091,66.97709898955061
56,82.99932736980422,66.98835120058331
56,83.00458863483264,66.97755799127081
56,83.03144122940587,67.0036274243351
56,83.00183334152366,67.02073199276849
56,83.03903908330805,67.004275041514
56,83.0037891884351,66.98823759354237
56,83.0261210831334,66.96387780615186
56,83.02971297428675,66.98098875078014
56,83.02746427378189,67.0305112428084
56,83.00098922386385,66.9595775621891
56,83.03096582756679,67.02508222675804
56,83.00403470330549,66.98982147122908
56,83.00807167687162,66.98995675631107
56,82.97249707496539,67.02386367224118
56,82.96621097073944,66.99737122393236
56,82.99840679219734,67.03208702515155
56,83.01156189716963,67.02920673046356
56,82.99585885555832,66.95767333347715
56,82.98858379967402,66.99881034548672
56,82.97889328455845,67.0450034051353
57,82.99747101634185,67.03436751687258
57,82.98997147434643,67.0437829459462
57,82.97352682753397,66.95813574330901
57,82.99096861620627,66.97265225298851
57,83.00557887823024,66.97706369578941
57,83.03391508013816,66.97641145749904
57,82.98414516480946,66.96675148994328
57,82.99802084022213,67.03250027050707
57,83.0041532981246,67.01227633676876
57,82.98496587349902,67.00129255833906
57,82.97073965109338,66.98010507293388
57,83.01906649783835,66.9659433162972
57,83.01161903064117,66.9995704156549
57,83.03387730853605,66.9757924504093
57,82.96910282963077,66.98000372134081
57,83.00940678658893,66.97453918307029
57,83.00283770357407,67.03588844459593
57,82.96054480115713,66.99027129527822
57,82.98148346762585,66.97319929529557
57,83.02620342377548,66.96738546155524
57,83.02346352292086,67.03742609294389
57,82.99317444762949,67.03601443270958
57,82.98616628219271,66.96879055465855
57,83.04118300862524,67.02792350319096
57,82.9734575941935,66.96015949948983
57,82.99842924490504,67.00539282125439
57,83.02274167643567,66.9875142984944
57,83.00111863279034,67.02343774164908
57,83.01414945331773,66.99182862910365
57,82.97118769273274,66.98414852945263
57,83.02751432745912,67.03590955307865
57,82.97899793890967,66.99444409148481
57,82.97886378072947,66.97655145952697
57,82.98987894366472,66.96674309205974
57,83.01434923024861,66.95495759786057
57,82.99994511920757,67.01788693335514
57,83.03044868465308,66.99832626252193
57,83.00552051066673,67.03428270902307
57,83.0229012296283,67.01952636356528
57,83.01865738459622,66.95878289238384
57,82.96401867182792,66.98035739575398
57,83.03804942071395,67.03141230265574
57,82.96679619897799,67.0301210266542
57,83.01011384106476,66.97780358039181
57,83.04294390647162,67.00475875567538
57,82.95266906043207,67.0157322343958
57,82.99430532532605,67.03539836947354
57,82.98897952028585,67.0053010526173
57,82.97380771268868,66.98502008693826
57,82.97368388495637,67.00510324996826
57,83.0170239433378,66.98723832568687
57,83.01704190907067,66.98028014512383
57,82.97401185409258,67.01304612258423
57,83.04149742130502,66.99024312712154
57,83.02095794596214,66.98999240469954
57,82.97159891263107,66.9899958294417
57,82.99038342561931,66.97031909145475
57,83.04306750813154,67.00262565286796
57,83.01143924780067,66.95145190352079
57,83.04424375938831,67.01734456236817
57,83.01386434865543,67.00562613672079
57,83.01930543354739,67.03289459517009
57,83.01628131974662,67.00413990281606
57,83.00770804734842,67.0050668309856
57,83.01364648086259,67.01153719531514
57,82.98578675101747,66.95675657484914
57,82.9833193033097,67.02657210048848
57,83.01321297841811,66.97923664523077
57,82.97523557505937,66.9815131595005
57,83.04449599007488,66.994825350713
57,82.96125115798654,67.00043238569693
57,83.02494094257429,66.97029393184799
57,82.98318292904014,66.96439727715051
57,82.96686719691306,67.0285123022876
57,83.00271852369598,66.97859566062802
57,82.95152189116692,66.98999736450745
57,82.953764461436,66.99072597844227
57,83.00356162244566,67.02434965084805
57,82.99659380205259,66.97774533795953
58,83.04177388420796,66.9911545690234
58,82.98181483885475,66.98806744623273
58,82.98961591838362,66.98224456597994
58,83.01983243198133,67.00211662630684
58,83.01053431932475,66.99455172149591
58,83.00678545413015,67.03784604775856
58,83.00975908719049,66.99808725180465
58,82.99907171217319,66.9983347566775
58,82.95544222752504,66.97887122371898
58,82.99897598019771,67.00048930842391
58,83.00412947413051,66.99860752908398
58,83.02894045812546,67.01918782415164
58,82.9830593033607,67.02497315711095
58,83.02435012803066,67.00030781962165
58,82.98256073671077,67.03397141100022
58,83.04035728803265,66.99746341561429
58,82.98558923925074,66.9800978505726
58,82.95792409454967,66.97925439291075
58,82.97497511265571,66.97164525377792
58,82.99981582442476,66.96575246200875
58,83.03310204322267,66.99094356412819
58,82.97926202852308,67.04368875780186
58,83.00390387909043,67.00333758363078
58,83.01279742374665,67.00563226041272
58,83.01909909570769,66.97508443244239
58,82.97406444082624,66.96239383699763
58,82.96181152788346,66.9715593162289
58,82.96667234006811,67.01063692489346
58,82.98848808666155,66.97413850315735
58,83.01444383575081,67.00604164807027
58,83.0258326536973,66.97029413311789
58,83.04374944216545,67.01935642195318
58,83.00732706913017,66.99427109723861
58,83.03784622730433,66.97487884652735
58,83.04540833660513,66.98637219201562
58,82.98558684915501,66.97169458515125
58,82.99476184432092,67.01281363382178
58,83.04129354506038,67.00764542512813
58,82.98808846939619,67.00855370404919
58,82.9659072073563,66.99006168354522
58,83.02198316754405,67.00825742683686
58,83.00874539300769,66.9694866818353
58,83.00411955431254,66.99685743965426
58,83.00096732134965,66.97907663495639
58,82.95882244534786,67.00107081970528
58,83.0234182948149,67.00053070040533
58,82.98591203842031,67.01846970045096
58,82.9875881587518,66.97092767071217
58,83.00979718825282,66.9569765695515
58,83.02861299955255,67.01882311506115
58,83.02469890708721,66.99454722138606
58,83.01447986055531,67.0232039533975
58,82.99030824056965,66.98226685959025
58,82.9535807939349,67.01482515278849
58,82.95533778581428,66.99716354336532
58,82.99868721410954,67.04131507074109
58,83.01662922206225,67.00978271999216
58,82.95267688395529,66.98745392512976
58,82.98276473503037,67.00858266972428
58,83.0343130769916,66.97764428195397
58,82.98950893161818,67.03371138498667
58,83.04024908434579,67.01136187765987
58,83.02023535187098,66.97838039364184
58,83.00594878657185,67.00865389565202
58,83.00614291286058,66.95313351909871
58,83.01567808121976,66.96111205530093
58,82.99618044470499,67.03714452888299
58,83.01290658650821,66.95461070418398
58,83.03099879050974,67.02249617465968
58,83.01758786023443,66.99449225876634
58,83.02800724203728,66.9955148902289
58,82.97058323705805,67.01067063117524
58,82.99256096331702,67.00712290619013
58,82.9842177119065,66.98633335019903
58,83.02769131840228,66.98095371415062
58,82.96360322602357,67.02875892866763
58,82.99155007808314,67.0184866932625
58,83.0420429899244,66.9866190977123
58,82.97462115532647,67.03195829526068
59,83.0010596943138,66.99303085181593
59,82.98682991370865,67.0263286207754
59,83.00745414005257,66.95136965218742
59,82.97482458017286,66.99620606293287
59,83.0298915912362,66.98547003629163
59,82.96905604406409,67.03185138006353
59,82.98659259204359,67.00088914732098
59,83.03976256956143,67.00634118453848
59,82.973862434824,66.99069696008522
59,82.96313177372879,67.02972524899346
59,83.00220820182842,67.03194548706954
59,83.01640783474897,66.96859067781419
59,83.01131722173488,66.95687403849162
59,82.99099756173582,66.97729776964765
59,83.0042823486207,67.01377882899435
59,82.95758246462927,66.97609008998523
59,83.0224936772184,67.00653313611456
59,83.01191405210598,67.02607176574476
59,82.98133809118363,66.98649105264577
59,82.96327563673391,67.01911253487357
59,82.97905020425365,66.96334056267526
59,82.96822439323239,66.98984085503751
59,83.02039067419639,66.98704127912671
59,82.97932486802328,67.01541362484868
59,82.9830904234301,66.99657489314774
59,83.04088721804864,66.99915575762421
59,82.96246346142051,66.99560091310924
59,82.98148755866795,66.99089569389919
59,82.97153765524742,67.00621057319765
59,82.99839799190126,66.98058196888961
59,83.01508681939687,67.02328404644825
59,82.98279257248771,67.03211845078829
59,83.01384550716419,67.00037735989008
59,82.97835846838466,67.01061592704104
59,83.01646731866282,67.0022751326918
59,83.01289742441261,66.9966901870492
59,82.98031209102422,67.0338122324073
59,82.99252876821542,66.9939144408604
59,82.9790251740475,67.00086537164232
59,83.0227162039172,67.03913035704886
59,83.03320554127876,67.02024972708114
59,83.00117820144385,66.96718013544509
59,83.01926183752553,67.01627207343901
59,83.00617934974672,67.01772652439394
59,82.97399119935957,67.02647699220397
59,83.03972583142809,67.01383346116978
59,82.95637550016934,66.97639872590578
59,83.03746693971208,66.9704458159624
59,82.98883474183316,67.01175536058898
59,82.9773316011193,67.03461590766058
59,83.02291336418891,66.95815725109412
59,82.98724130735205,67.00394728122185
59,82.96425007357708,66.99802457042303
59,82.97191770826879,67.00675064913794
59,82.96430297504088,66.98493920782728
59,82.99304607568291,66.9908898082833
59,83.03606172095385,67.00650407578141
59,82.98490913294283,67.01166902304396
59,83.02470806772324,66.9864131847978
59,82.99303954689839,67.00307193461832
59,83.00105573743615,67.04215757560229
59,82.98210415256791,67.04521046005053
59,83.01110597968722,66.95797942976472
59,82.99738809920751,66.99141070041135
59,82.9838724814747,66.96570319165365
59,82.98899336344616,67.03085543518425
59,83.01175495416955,66.98061242669006
59,82.96442040792573,66.97314949459644
59,83.01934403611854,67.01135090042871
59,83.02596920366138,66.99020274898092
59,83.02147481981478,67.02593363567732
59,82.98963726129332,67.0145455442769
59,83.01751116528736,66.9859126085351
59,82.99017552525515,66.99737845151652
59,83.00304997305807,67.01734933296281
59,82.9928034144435,66.96384997180547
59,83.01041001701152,66.99973044268206
60,82.98639577805305,67.02188076861394
60,82.99414314622516,67.03957857455978
60,82.9715731011705,67.01124584713115
60,82.99585941405982,66.95357080494949
60,82.98246541667767,66.98592844632792
60,83.03471622431604,67.00577354677053
60,83.00521098663975,67.0062293169825
60,83.04906591284902,66.99572632633371
60,83.00924764951715,67.00419949316505
60,83.01800450019184,67.03616799164767
60,82.98948920207816,66.97699842921219
60,82.96839698383708,66.9850535667515
60,83.0409444810477,66.98644601056617
60,82.96751697780763,66.98116618102087
60,82.99996066802062,66.96892109998575
60,82.97643576564226,66.95744567260289
60,83.00971328183206,67.02045795317694
60,82.99804784321955,66.99444755871265
60,82.99098387757182,66.99208376791489
60,82.9953489892448,66.97908907365915
60,82.98994628423186,66.98237943030733
60,82.97682832164722,67.00851290680683
60,83.00322506176315,67.0095747510902
60,83.00847178949323,67.03315835433438
60,82.9791247387165,66.96493431882503
60,83.01974436995191,67.01893269158433
60,83.01043056479573,66.96034240065661
60,82.95856270701826,67.00267656275776
60,82.98946173334917,67.00246316383773
60,83.01023434557493,67.01153753726786
60,83.01037530686791,67.0400327978441
60,82.97040626869827,67.01262827142752
60,82.98016233226292,67.03721981108446
60,83.00491524282216,66.9724045856769
60,83.0161651151196,67.0026243021928
60,82.99007987602887,66.99684971416924
60,82.96122795670338,66.99059942166672
60,83.02513631071469,67.02053059780496
60,83.00694971942393,67.02211885195483
60,83.00579042118673,67.01841519457753
60,83.0233480944764,67.02581286761625
60,83.00784418315996,67.00782657928879
60,82.96514217574334,66.97718607812605
60,82.99424709600616,67.0095973636114
60,83.00423405210351,66.99186838669704
60,82.99263598252114,67.01145939887958
60,82.98452058332595,66.99341656485002
60,82.98467400209188,66.99682892346061
60,82.9755425525162,67.0360943422279
60,82.95200180234623,67.00878408022498
60,82.99302377274746,67.02440525878605
60,83.01784435499727,67.02660478918821
60,82.98405242828838,66.99406553854772
60,82.97404725804849,66.97139833955765
60,82.99772134771311,66.957495040125
60,83.0371354156581,67.02341267978245
60,83.02240468536736,67.03941075504488
60,82.99079865556713,66.97179401757484
60,82.99415515761827,67.00969177369178
60,83.00694641481704,67.01180987892073
60,83.00302141734136,66.99091677779816
60,83.01443274833152,66.97812241051287
60,83.00493583357604,66.99698717991744
60,82.97838198156995,67.00576053366869
60,82.99422374038662,67.04523142677004
60,83.03126332568112,67.03566518587525
60,83.01276397074106,67.0061482521367
60,83.01347127416035,66.96052863348898
60,82.9738432134762,67.01246834742464
60,83.00928240201704,66.9598412902913
60,83.03238559180382,67.02324223678633
60,83.01626168664976,67.03270330892825
60,83.02475153324487,66.97002967199579
61,83.00478176764815,66.978531575869
61,83.00455995347156,66.97126116009116
61,83.0408104259044,66.98831232972782
61,83.03831101135405,66.97576227459007
61,82.97718221055435,66.96116193879826
61,83.01601490788491,67.02002687101148
61,83.0012620147576,67.03911255014145
61,83.01721155988699,67.0108219203469
61,82.99349992718943,67.02411698131661
61,82.9571071193488,66.98474797273855
61,82.9896456034642,67.0461477515273
61,82.96253329061618,66.99686605259242
61,82.96046818234814,67.02270385985771
61,83.01435394229702,66.96013593934137
61,83.03392007418287,67.03473388367324
61,82.99020964091912,66.9796614293305
61,83.03488299437778,67.00690317886723
61,83.0020380316215,66.96145946516415
61,82.98434854748135,66.96724665712611
61,82.9942396993686,66.9578359139384
61,82.9958649993038,66.96812461973087
61,82.96861606561403,66.992438159426
61,83.02319497466712,67.0304069636669
61,83.03735639461334,67.02750768521548
61,83.01107858405669,66.95848428236576
61,82.97118634828254,66.97179529439718
61,82.96961089153322,67.02078235361672
61,83.01124415692999,67.04334010933489
61,82.95325240995311,67.01401619369352
61,83.02340383960237,67.03017931957099
61,83.02087263147864,67.00842653408193
61,82.9742599147235,66.98050319673308
61,82.99272671668169,67.00027960225522
61,82.96202387393254,67.03113354986829
61,82.99056550875397,66.9978115182716
61,83.01559917966695,66.96495415932128
61,82.99977565484568,67.0448410112244
61,83.00986070893826,66.98579798187359
61,83.04424375938831,67.01734456236817
61,82.99308594317833,66.97314954174108
61,83.02102155852431,67.0090892720185
61,83.0343751877054,67.01439494594086
61,83.00757256819591,67.0023309610859
61,82.96900116118891,66.98238664264598
61,82.97380103531198,67.00955605393517
61,82.9684640068797,66.98626073465249
61,83.00915299223185,66.96376049618006
61,83.03463667885815,66.98431323043488
61,83.0383962850916,67.03177457048422
61,82.97769501929184,67.03584119563689
61,83.0269385648805,66.99795524599622
61,83.01469300581239,66.96355993463257
61,83.00761997322364,67.01337875904967
61,83.01271202770553,67.0347616905455
61,83.00220820182842,67.03194548706954
61,82.97228405401019,66.97467003056624
61,82.99777255264986,67.02177097404393
61,82.98777752425337,66.96864674799842
61,83.01962095356205,66.9955912486766
61,83.025819330075,67.02890802694087
61,82.98680429511738,67.00512346622817
61,83.00458138634002,66.99745045147932
61,82.96944257477199,66.9849425031936
61,82.97239146688307,67.00697887002161
61,83.01310354139333,66.9785065358366
61,83.02255456367814,66.972810054718
61,83.00671532746681,66.96668223058825
61,82.98419049844455,67.00706744956656
61,82.96628897475237,66.991475183962
61,83.01284785058526,67.04156623183586
61,83.02946230845087,67.00968931011315
61,82.99860785892994,66.98045411690646
61,82.98027107495454,66.99188664777743
61,83.02072886384829,67.0134082469382
61,83.04464711140807,66.99925957979244
61,83.00234225907082,67.03822092957354
61,83.01094780311357,67.00126918414857
61,83.00101001654362,67.03561672373857
61,82.98423685263613,66.95646479880244
61,83.01163841532305,66.98739363769546
61,83.00902409247226,66.97804547034502
61,83.00649822123839,66.98581460110852
61,83.00548620755734,66.99729129033531
61,82.97603571664153,67.0276301005265
61,82.99400676584882,66.95945687361716
61,82.99555869936256,66.98543526512604
61,82.99399481782558,67.00034531905064
61,83.01371052515901,67.03287698720128
61,83.03659215087126,66.96869705884542
61,82.99648803041667,66.98964276761826
61,82.96801504160705,67.01776698488679
61,82.96650304565102,66.99540678994481
61,83.01672253508565,67.00375345078719
61,83.04632770420619,66.98285420087578
61,82.95711541242281,66.9999223142113
61,83.02683054633027,66.95855167075133
61,83.02124462451667,66.99350204525086
61,83.01376568703381,67.01116344927904
61,83.02831465870325,67.01199583434595
61,83.01288211786463,66.9867585599534
61,82.9835758385573,66.96681176418984
61,82.99776387216002,67.02943691375378
61,83.00997891258511,67.04335847424822
61,82.98296928327719,67.01440236325703
61,83.00483775113295,67.03331965724787
61,83.00426815022765,67.01313482673679
61,82.97508565957119,66.9944606745594
61,82.9945766340856,66.97581455819797
61,82.98538232973193,66.98645726130081
62,83.0238464806994,67.00054411837522
62,83.0357150924058,67.01245085161936
62,83.01605753613298,67.01755502234029
62,83.01352940648188,66.98658993356518
62,82.96984929382805,67.03612561902318
62,83.02929225608455,66.9701459329733
62,83.0247004229961,67.03036592371747
62,83.00533744625812,66.95776036225047
62,82.99535757321124,66.98399417479979
62,83.01587352011867,66.97042259494836
62,82.99126706887057,66.9987529957695
62,83.03886608773928,66.99201363002103
62,83.01154041798328,67.03631450752333
62,83.03853696477906,67.01492449432689
62,82.98638121791792,67.03687436131513
62,82.98812848819594,66.9972641170086
62,83.00415651573661,67.02724579652714
62,82.99497811057056,66.98925810742163
62,82.99710519232607,66.99105731694722
62,82.9759083449393,67.01897889983596
62,82.95887708680472,66.97334913238456
62,82.97786774440364,67.00948557616972
62,83.01399406063454,66.95385191485877
62,83.02462525082946,67.04235534632991
62,82.98571846891856,66.98576424362756
62,82.97253359443323,66.95883643019921
62,83.04323401870474,67.00482631737884
62,83.00808770916746,67.02644453036987
62,83.01743630783432,67.03697641861415
62,83.04201645864973,67.00755291267093
62,82.978517980036,67.02263708951993
62,83.0395382465079,66.98484158572272
62,83.02935335526307,66.99565460086203
62,83.00145549710315,67.02264270810319
62,83.03383981995866,67.0097048843574
62,83.00467926803036,67.00561839430205
62,83.02589296962302,66.97968880004022
62,83.00936704781391,67.01720967220803
62,83.00290834381836,66.9602136763747
62,83.00178620870271,66.95088119767539
62,82.99818356587275,67.03934330487918
62,83.02678147679913,67.0409330519642
62,83.02175656455621,66.9977416199272
62,82.99507865861969,66.97778232158466
62,82.98595018774185,66.96174036438862
62,82.97365949818322,67.02848792158335
62,82.99339403687841,66.99013701514276
62,82.95575825341115,66.98493156394001
62,82.99409851349996,67.02537135132309
62,83.03129969154365,66.96628468897941
62,83.01438271989103,67.04080223290455
62,82.96323960104175,66.99429499127044
62,83.00051290785706,67.00943819125297
62,82.96671431696868,67.03539171577603
62,83.00599033042926,66.9987722064868
62,82.97738037395217,66.9614366671843
62,83.00851030238294,67.04380103666217
62,82.98291507959337,66.9766618155646
62,82.95767956613498,66.98260571056291
62,82.9993156956207,66.9863784870712
62,82.96799310945474,67.03765423624806
62,82.98272615817321,66.98877361764674
62,83.02203102605695,66.96030607492368
62,83.03508686324105,67.03552109515125
62,82.99109895608342,66.96348733392017
62,82.97721522763024,66.99743928045403
62,83.01748173529836,66.98877312578543
62,82.99847529356475,67.02732124297242
62,82.97766222525125,66.96194772636767
62,83.00585500947771,67.02808400291782
62,82.96405212335443,66.96638347539087
62,82.95373573615966,66.98279262270296
62,83.02308324409236,67.03575785565965
62,83.01226910940518,66.9896580660218
62,82.97342443120156,67.02465040638828
62,83.01909749842456,66.99895038235982
62,83.01939935883958,66.96675393242877
62,83.03208568385035,67.02971085705315
62,83.02176443591479,66.97887899088794
62,82.96858150580653,66.9913411415651
62,83.0047058170936,66.96524461428598
62,83.01090478767998,67.03512474110373
62,82.97113497249224,66.98446020136991
62,83.00769547399216,66.95274544565825
62,82.9991407504112,66.97843283977679
62,82.99552681042861,67.03445401912654
62,83.03012892469923,66.97986906104174
62,83.0361398772003,67.00700337779509
62,83.00828441641475,67.00627765164853
62,82.97319252683938,66.99502078054174
62,83.01171912975666,67.00871005111672
62,83.01996113584238,66.96462880789137
62,83.01430529832355,66.95702126184953
62,82.98885984149705,66.99725327497623
62,83.00810321711906,67.00699254597866
62,83.01484884542947,67.03050623070266
62,83.00359755078954,66.95567800200836
62,83.0203804508879,67.04546248075921
63,83.01107837578674,66.96621195260398
63,82.9783143235732,66.99635440141044
63,82.99566971058847,66.974957452195
63,83.02084052966227,66.98502590168104
63,83.00482853563425,66.97793477645016
63,83.00105756215564,66.9688418710373
63,82.98192117400693,67.01724884086065
63,82.96073399506788,67.00665785251063
63,82.95198202868852,66.99913179174023
63,83.00718568515914,67.01912231271535
63,83.01355306046158,66.99255101693633
63,83.02720168105401,67.04002698604668
63,83.00917492331044,67.00588545218999
63,82.95219918116389,66.99907616118783
63,82.98396904751155,66.9927984902271
63,82.98527418222595,66.97621782713671
63,82.95486978149576,67.01854100125506
63,83.02359723348037,66.978667868726
63,83.01022669275248,66.97695509574528
63,82.98853299134802,67.0176938342749
63,83.00511621879699,66.9698577804182
63,82.97771458927366,67.00139914507639
63,83.02318015207082,66.96823897769158
63,83.00747339700439,66.98899794992742
63,83.0022077139505,66.99443343913961
63,83.02811430076812,67.04061882110449
63,82.95591912770175,67.01660748514172
63,82.98663731454452,66.97622554389635
63,82.98590938560046,67.00126269524316
63,83.00580473206212,66.95443940590658
63,83.03563794069201,67.029219842728
63,83.02712654742562,67.02871168518348
63,82.98665755465065,66.9869602556355
63,82.9515201052205,66.99719951601915
63,82.97673922402892,66.98181711709145
63,83.03415625567945,66.9709050081747
63,83.03032773451226,66.99991164572162
63,83.04875550926492,66.98899553114963
63,82.97046637521768,66.98058400441474
63,83.01409307377826,67.00375284530591
63,83.01939847622819,67.01227143219486
63,83.0162521647742,67.03721713245618
63,83.00491149551425,67.04161768634815
63,82.99474845065508,67.04215493391918
63,83.03327399329831,66.988878285036
63,83.01260335445123,66.98936226634453
63,82.98915140187154,67.01667109843581
63,83.01028912801033,67.02520801278932
63,82.9900041070976,67.03308239017359
63,82.99425895744169,66.9707035168503
63,82.98285264726611,67.0463999841787
63,83.026263542521,66.99976624244215
63,82.98068819624639,66.98152287724704
63,82.96712405037633,66.99115655960915
63,83.00547300780033,66.97822545396443
63,82.9919661009213,67.0338478274445
63,83.00255702852779,67.02341449375002
63,83.01025663545552,66.98543331446322
63,83.0384913519828,66.98871876323788
63,83.01556151560675,66.97337806233959
63,83.0140501988242,67.00656082555807
63,83.0005900006666,67.00189682270877
63,83.01681469314917,66.95551944463885
63,83.01296187409066,66.99971743438199
63,83.0022939606427,66.98913600711273
63,82.97572018494924,66.99218480711296
63,82.99129126939621,67.00310878237069
63,82.96079170144434,67.00196947165372
63,82.97972331795097,67.00831677901765
63,82.97732003212504,66.97714029686423
63,82.99933920675484,66.98014231125536
63,83.01041001701152,66.99973044268206
63,83.0237167016183,66.98146180726935
63,83.01312088651055,67.0138122802419
63,83.02192516213803,67.00961904341763
63,82.95221914385185,66.99763509917388
63,82.99244891078385,66.95796693300579
63,82.98050905180544,66.98175047627959
63,82.99664029858167,67.0104908312568
63,82.9870577407037,66.98224271095583
63,82.98694478352046,66.97049087881625
63,82.97335244058574,66.98288839117538
63,83.02098020183911,66.97452610875794
63,83.01138544085407,66.9975827347123
63,82.98007087693658,67.00505168580193
63,82.96178159281993,66.98639238526425
63,82.9693074877385,67.03939242498812
63,83.01253731183101,67.01673566818249
63,82.96781385737953,67.02765929775816
63,82.98357410136286,66.96160103790001
63,83.03180907945371,66.96322005130796
63,82.98813629705307,67.01672312799363
63,83.03846164253711,66.97538212485668
63,83.00754804054277,67.00496941538077
63,83.00505653544543,66.99570349998788
63,83.0072465213557,66.9839107008742
63,82.99680210690758,66.98203877828621
63,82.98250143126845,67.0044067459414
63,82.97872985259269,67.0409394568655
63,82.96573776780592,67.02784294674902
64,83.02316961417179,66.99098094009301
64,83.04971906036668,67.00024352785223
64,83.00401567167256,67.03018504497132
64,82.98527315136796,67.0223400090243
64,82.98887430845815,66.96159974469396
64,82.99462854935291,67.04308894647421
64,82.99066149801358,66.99629504708061
64,83.02136338079568,66.9589600064528
64,82.99057049812062,67.03239864937484
64,83.03901829800634,66.99813901368765
64,83.02198316754405,67.00825742683686
64,83.00051642678399,66.98646386215309
64,82.98490466506946,66.97456808102118
64,83.00679526955913,67.0121269676775
64,83.0223082483263,66.98914420715255
64,83.02121280913491,67.01782453600644
64,82.99436599133087,66.95242721087297
64,82.96669623279587,67.0187528007817
64,83.01963103600072,66.97593036088375
64,82.98786186260689,67.03400083716885
64,83.01635205038164,66.97277362105812
64,82.99915809918757,66.97701845766944
64,82.97476983496863,66.9594447432164
64,82.99296216145443,66.99383594599172
64,83.04226979561034,66.98789319517088
64,83.01010366489969,66.95436796635609
64,82.97952146833713,67.0059731425486
64,82.9637581759452,66.96923870170326
64,83.01575133588743,66.96667234043449
64,83.02120630736876,67.0343666422953
64,83.00732154218451,67.00082818055247
64,82.99732401653188,66.96585756698373
64,82.98917596585244,67.0181423378971
64,82.95887841800486,67.02606761461358
64,82.99726082553349,67.00996769123547
64,83.03478868875358,66.9762898267093
64,83.0089165921249,66.99470632925161
64,83.02205527730294,66.96652573747143
64,82.99477138198912,66.9763238008582
64,82.97089968018078,67.00245750674775
64,83.01079078621768,66.99200988723958
64,82.97927224745877,66.99963071341284
64,82.98915140187154,67.01667109843581
64,82.99424331131429,67.01409544244085
64,83.03469067705535,67.02109072853719
64,83.03821852413373,67.01467309807725
64,83.02795796665713,67.00878671323822
64,82.98536651770371,67.04757357810686
64,83.00657416111751,66.97605358249788
64,83.0149619267228,67.0105887442774
64,82.95650973937592,66.99685157988834
64,83.00908669106903,67.03907741279838
64,83.0474304597444,66.985509122273
64,82.97849949434116,66.98265847582503
64,82.98238980982765,66.97425768494517
64,82.98846065385604,66.98867237748537
64,82.954229947373,66.98863960559558
64,83.0164005156394,66.96703071191983
64,83.01900342922099,67.0096114734687
64,82.99900913779985,67.03770945558185
64,82.99254996094562,67.04224933298593
64,82.98887430845815,66.96159974469396
64,82.9857180311438,67.0085708428119
64,82.98220586541093,66.98769403689559
64,82.9698943777845,66.96396929491976
64,83.01596525380197,67.03771795783477
64,82.99892635788157,67.01323447352334
64,83.00772823487529,66.99358859867347
64,82.97437881614209,66.98644837472634
64,83.02797173668368,66.99567942764082
64,82.98063345704003,66.96324780950404
64,83.02834264870492,67.0367057582193
64,82.96683828712176,67.0322155184388
64,83.03662323085294,66.96797189233357
65,82.98989613008804,67.00719825942869
65,83.01664938312636,66.98317914806123
65,83.00352343631648,66.97166319685104
65,82.99869084785252,66.97971746206647
65,83.00570994710866,66.97595255657617
65,83.0173949669021,66.97401412454113
65,82.9949866934999,67.01583936853262
65,82.99210523238955,67.02285966021361
65,83.04313759564255,67.02075781342842
65,82.97321831811479,66.99859871328783
65,83.02059689669615,67.03419096138968
65,82.99089580199748,66.97440823440704
65,83.0407028265233,66.97865464915036
65,83.0158744467164,67.04434152105128
65,82.9794228483852,67.0337782673319
65,83.01409219358219,67.03546865245164
65,83.01441011157856,66.95357397072507
65,82.95654166513388,66.99216480236441
65,83.02890683190586,67.03547073240087
65,82.99075917244375,67.01938575445187
65,82.96185411446226,66.9870568601241
65,82.99917128992719,66.95374043406146
65,83.00047344312439,66.95949395609223
65,83.00510015265752,66.97708776160079
65,83.0336993622965,67.0279979941911
65,83.03004354574614,66.99274438956964
65,82.99925395327223,67.02208819194975
65,82.98854181769637,67.01973446201784
65,83.02243554325344,66.99037766979946
65,82.95165143687613,67.00533730675754
65,82.96461328295011,67.00526014349947
65,82.9712696850436,66.97234193873443
65,82.98069401040756,66.96973304658253
65,82.9722013063945,66.98123159477139
65,83.01322680948664,66.9527625669412
65,83.01026202389114,66.95293563250473
65,83.00832063366164,67.01646870614444
65,82.96117469837289,67.01258609985038
65,83.03099413043883,66.97642263169492
65,83.01495131219255,67.01215627223591
65,82.95453855569106,67.0183716225405
65,82.98857855362122,67.0252337075854
65,82.95312796097237,66.9844006052242
65,82.95433534156597,66.99666295265524
65,82.98249654769091,66.95850831583907
65,83.02077678619789,66.96545992304372
65,83.0326617320739,66.99602679323489
65,82.99743320923542,67.00770819679558
65,83.03581090944404,66.9851805448213
65,83.02106478084397,66.99531539172101
65,82.96428731600629,67.01357427471885
65,82.97435077364496,66.97407467909436
65,82.97038733185134,66.95998450246418
65,83.02274469663278,67.02288748477308
65,83.01175620935162,66.985925410023
65,83.02273613445045,66.99915429305244
65,83.04418927936811,66.98387373404077
65,83.02882993475197,67.01297173417385
65,82.96788847936307,67.03504748149831
65,83.01995740373307,67.03796532366425
65,82.98205301838486,67.02562326574966
65,83.04653097081146,66.99969730458547
65,82.99792353484251,67.0174536077636
65,82.97151179561592,67.02218842783438
65,83.03382572468868,66.99158546238122
65,82.98913892766801,66.98682370562422
65,82.96964745633124,66.98342587807124
65,83.0226187533814,66.96433427774265
65,83.02534470993858,66.96441831875259
65,82.9609115398334,67.00301261986272
65,82.97663189230751,66.9708206863943
65,83.0156081932473,67.02356306765815
65,82.97836046936388,66.95829379220294
65,82.99475481176965,67.01553132765982
65,83.02106297917018,66.95989724490465
65,82.98725684638242,67.04468004690776
65,83.02776943909015,66.9595468114244
65,83.03002568275285,67.00813051097218
65,82.98578911297221,67.02503238759817
65,82.97748877756709,67.04308478710124
65,82.98005497351676,66.99098127263694
65,82.99937911177814,66.96036096545949
65,83.03111785213174,67.00023427130144
65,83.00576327249026,66.98952636581011
65,82.98075910176644,66.962140479948
65,82.98590420969305,67.02757751129636
65,83.03574370511832,67.0234697450478
65,82.99404952175526,67.0017442310793
65,83.00965099199985,67.00446259890485
65,83.00530351805742,66.99970480179702
65,83.00792408475522,67.02893823858064
65,82.98916398278736,66.96569766209151
65,82.96687825246829,67.00790245436473
65,82.98455622789324,66.96706119889768
65,82.9949119465906,66.9950734355813
66,83.04673997126251,66.99525673028523
66,82.98695465082653,67.02850000209831
66,82.99809474693733,67.04451716883233
66,83.0160374617007,66.98958049532519
66,83.01483404628694,66.98293320046864
66,82.98057213127227,67.01944422792327
66,82.97086256303697,66.96124588668127
66,82.972660823365,67.02848704875807
66,83.03426800430186,66.99489917847586
66,82.99213671381597,67.04806452789941
66,83.00303447392818,66.97390732801529
66,83.0385762771254,66.97559220081408
66,83.00858605897618,67.0064020599856
66,83.01756413779152,66.96450730420469
66,82.97170552009864,66.96444400377344
66,82.99913762272739,66.97891253525452
66,83.01223567513905,66.98080016209086
66,83.04430919347627,67.00283433541206
66,83.0035591795154,66.96351904301434
66,82.99967803320472,67.02925827571859
66,82.9702800754232,67.02891967118244
66,83.03490139316332,66.97595622269074
66,83.00299970006027,67.04271994464986
66,82.97865532354626,67.0405339984504
66,83.009312547612,66.98243734974933
66,82.98414647516059,67.03213307178683
66,83.00600192156332,66.99681785281216
66,83.03932263190828,66.98793731578293
66,83.03752607552957,67.02791864864771
66,83.01852462914378,67.01495421964843
66,82.98245624958864,67.02317490009402
66,83.00693831054416,67.02740638122746
66,83.01027595030232,66.96560543870413
66,83.04598742497043,66.98958468626691
66,83.04830018452611,66.99994964680681
66,83.0130468765243,66.95209930427505
67,82.98190317391429,67.01382536309816
67,82.99177053097958,66.96617333946388
67,82.95738435964283,67.01213987962632
67,82.97951832925492,66.99187284777662
67,82.98236196277658,67.00787302726097
67,83.00813504439296,67.03002194759944
67,82.9919661009213,67.0338478274445
67,82.99459028299262,66.96057098700504
67,82.98956887217794,67.00572284195718
67,82.96781113755894,67.0130293133552
67,83.02784888191326,67.01099463922183
67,82.99674811542239,66.98506556087472
67,83.03990157696173,67.01569740363334
67,83.02937454475664,66.98775104556353
67,83.03542163584706,67.00807041976394
67,83.02286255170415,66.97748039553173
67,83.0343016342627,66.98172480012636
67,82.99867708670052,66.97370991592197
67,83.00274931380108,66.95234790554278
67,83.03504757018635,66.98172437830203
67,82.98099926508917,66.9872740043896
67,82.9827205280012,66.97643111608028
67,82.97835846838466,67.01061592704104
67,82.9765594688127,66.9880765641497
67,83.032545217923,67.00975000617795
67,82.99404952175526,67.0017442310793
67,83.0294883001934,66.97862398593881
67,82.98799410667894,67.03476824798497
67,82.9898371980319,67.02653499894294
67,82.97189712985072,67.01496688884725
67,83.02444123357947,66.97540223568647
67,82.97096211384236,66.97485101885381
67,83.01673061463201,67.01624997515417
67,82.97640147112617,66.97425940135486
67,82.99944458001319,66.99153859195995
67,83.0493024586367,67.006554402419
67,82.9747860026679,66.96047616351859
67,82.95318130845449,67.0100403947188
67,82.98275893265593,67.02592099973143
67,83.0166554601523,66.9704298872902
67,83.01058442360726,66.9860491224452
67,82.99073895516285,66.99515180610616
67,83.04465993358342,67.00781639101679
67,82.99460749472253,66.95618781445845
67,82.9581853969358,67.01051505135845
67,83.00322506176315,67.0095747510902
67,83.03533002045167,67.01427283489679
67,82.97322769692616,67.0225820735338
67,82.97760020039996,66.98473768899669
67,83.02039558622701,67.03422715446695
67,82.99801474566763,67.00907726183365
67,82.96323361919396,66.99545308868262
67,82.98051372769818,67.00518043856451
67,82.99450722652841,67.00470621368932
67,83.01336772899215,66.99803761218483
67,83.03406439677832,67.02895331569337
67,83.02914275123916,66.96260551487042
67,83.00623484630889,66.96988559297453
67,82.956541704194,67.0084376135913
67,82.96946633797623,67.00980795459685
67,82.96587706649134,66.96636928371
67,82.98165465089943,66.99093359652996
67,82.9992748278338,67.04409580956822
67,82.95111828891794,66.99817537303184
67,83.03564063563833,67.00441174319766
67,83.03076377029583,66.98006557047431
67,83.01823306430484,66.96415413273479
67,82.99991871203387,67.03599471403216
67,83.04324369229602,66.98090646978973
67,82.95545512485911,66.99503023305937
67,83.0095926764835,67.03760722366532
67,82.97929570454619,66.97583096370876
67,82.98608339251548,66.99912511447032
67,82.96900116118891,66.98238664264598
67,82.96743049258883,66.98611748355736
67,82.99215203162424,66.98703321092738
67,82.98357858148198,67.04276866969963
67,83.01835818984236,67.045345683633
67,83.01822787466668,66.97858812209333
67,82.96814202195806,66.9826556057841
67,82.99495141608742,67.01962133664563
67,82.9679284423417,66.98020212710347
67,82.97010695615782,66.99404570647006
67,83.03711047943773,67.01354505939925
67,83.02280068299444,66.99476326130633
67,83.00327826499138,67.02086059675736
67,83.0202884054527,67.04404030669828
67,83.00906138637801,67.00312732752634
67,83.0147370581439,67.01529447093522
67,82.96943527346127,67.0015643437662
67,83.04144731972956,66.98614754074381
67,83.02730337351603,67.03132953262559
67,83.00421144567358,66.97601517980848
67,83.00358115214898,67.00966303489572
67,82.97023072672114,66.97410266893765
67,82.9932287381336,66.95905348856326
67,82.96218971878359,67.00403492299333
67,82.98624288675833,66.96633822585954
67,82.98033738606881,66.95622928743353
67,82.97815271437474,66.99697636417669
67,82.983860958027,67.0051558724554
67,82.95623650033501,67.01841079613754
67,82.97375827326812,67.00789959352096
67,82.9782050556062,67.01514888988349
67,82.95871856771325,67.01664901501475
67,83.00510053268431,66.97969577619989
67,83.00712961452037,67.04214716497206
68,82.9835593194046,66.96512313662944
68,83.00245073174358,66.97289810013734
68,83.01117559711763,67.04833997678483
68,82.95473381629891,67.00715497646058
68,82.98230868585412,67.01213060776567
68,82.98153187302408,66.98547495421506
68,82.98946070677628,67.01348345842943
68,83.01098359962313,67.04062665221286
68,83.00465342999095,67.00619390362739
68,82.98983702873399,67.04116982557449
68,82.99710519232607,66.99105731694722
68,83.01170700013148,67.03756196971429
68,82.95864854073743,66.99278503977632
68,82.99259062432259,66.96314791467826
68,82.98617961092002,66.99697687659672
68,82.9984956474313,66.99357849426558
68,82.98799073036744,67.04240343298106
68,83.00844652479097,66.98192356087179
68,83.01025836671398,67.0213032775136
68,82.98515878396029,67.0415267629338
68,82.9845415861785,66.99587306618075
68,82.98945245111739,66.98913583662834
68,83.01091242187339,67.02320883228558
68,82.99186872440389,66.97227895321276
68,83.00267456659003,67.01641801115227
68,83.01268285467373,67.01078453745477
68,82.98222313728095,67.0432659142765
68,83.00537882117506,66.99840791801367
68,82.99075917244375,67.01938575445187
68,82.9947212074023,66.99668375268243
68,82.96408038102993,66.99422986546978
68,83.03532498678106,67.0112262787439
68,82.98665755465065,66.9869602556355
68,83.00981384476415,66.99312450999213
68,82.95825037149345,66.98859731058126
68,82.96969518170089,66.9887603125002
68,82.99592304783498,66.98676490382324
68,83.00365005746562,67.04948637573696
68,83.00447301929267,66.9890020605389
68,82.99984967977888,67.01338155268786
68,82.9544370619876,66.98732408997688
68,82.9921898984029,67.02645332869429
68,83.0244953103003,67.01103183866968
68,83.00794610282509,67.00658636248404
68,83.03303030372332,67.01486456129022
68,82.9806131862795,67.00220090059848
68,83.01604189337863,67.0183950406721
68,82.98044858803651,66.99096803819937
68,82.99434938666296,67.03693007030753
68,82.99677584590007,67.03568023759618
68,82.97772037261265,66.96084917270777
68,83.03307852720002,67.00313260221112
68,83.00960464330483,66.95244173218862
68,83.0455106966474,67.01819988708597
68,82.97277009761123,67.03047560384555
68,82.96642708362629,67.02623757105471
68,82.95958910645122,67.02788030929729
68,83.00095550526896,66.98271001784369
68,83.03405908776546,67.02347485018858
68,82.97336013401609,66.96165588503821
68,82.96990788186446,66.9984638239488
68,82.96206813941447,66.971259744121
68,83.00923635781548,66.97985903617231
68,83.03913365244868,66.9867713771527
68,82.98153344683925,67.02828590815592
68,82.97955479195,67.04209323659903
68,83.02982831225536,66.96184216203454
68,83.02796349185485,66.99568218967984
68,83.02433298894526,67.03015018451123
68,82.98678785640207,67.02357511133049
68,83.03061819294,66.96862469486497
68,82.95767956613498,66.98260571056291
68,83.01722994364218,67.01602169397073
68,83.02199766617544,66.99192238173625
68,82.99497363677506,66.97777592705826
68,83.00637994491585,67.00316022598975
68,83.02564052388243,67.0219562919933
68,82.97568292650458,67.00035318511961
68,83.02618172632792,67.01121876337236
68,82.99209897640016,66.99127474047754
68,83.02339690739578,67.02229072008123
68,82.99435063994015,67.03918889751479
68,83.03610894266241,67.02737424176881
68,83.00189782449598,66.98741758863012
68,83.0281032133675,67.01972025322513
68,83.02197461457698,66.96220806514668
68,83.0041066908296,67.04228951796627
68,82.99105160789786,66.9775181190348
68,83.02189134057724,67.03459266509859
68,82.99998570975022,66.95518119006019
68,82.99505361285551,66.99461612870222
68,83.0201518565008,67.03599426005927
68,83.01069020260718,67.0087890471208
69,82.9879538937707,66.99152890298194
69,83.02097793998813,66.99958026567646
69,82.99888476872894,66.96515496349875
69,83.02205527730294,66.96652573747143
69,82.9832312925663,67.01552095202075
69,82.98242484102295,66.9882009527442
69,83.00249234594413,66.9827189009826
69,82.99332732255381,67.04947972826656
69,82.98714716795911,67.02074118586104
69,82.9836613646435,67.00898326510962
69,83.02823272014035,66.97443463968602
69,83.00693963192624,67.00010062576823
69,82.96576355894055,66.98762084625504
69,82.96515033265244,66.96851816441344
69,83.02366861811218,67.03826034582902
69,82.98920694127733,66.9706237613676
69,83.03099000798804,66.97037587440747
69,82.99274117201564,67.01149397932546
69,82.99083151961122,66.95711142138525
69,83.01784767000521,66.97871946689746
69,82.98487700409872,67.01456446105725
69,82.98987698997793,67.02310460357475
69,82.99067330717023,66.9925567519992
69,82.99737688490525,66.95101764320869
69,83.03173763295159,66.99009944765693
69,83.03268024265468,67.03514627146683
69,83.02408757067707,67.03771448178057
69,82.98308371988237,66.99658509324131
69,82.9755425525162,67.0360943422279
69,83.00141460786446,67.00037943521602
69,83.00706694837156,67.04298108860328
69,83.04061622230564,67.01861116430534
69,82.97955158415864,67.04372291907625
69,82.99577409631775,66.96440891484802
69,82.9931819944935,66.98263786652888
69,82.9725584728285,67.0264916456543
69,82.9701563591655,67.0028357916364
69,83.01233821836,66.99992666912283
69,82.9946066816644,66.96646256153583
69,82.99764346177109,66.98734193931446
69,83.0052528808997,66.99063507040404
69,83.00112843394203,66.95904741960047
69,82.99406758803839,66.95587843623903
69,83.02060140720754,66.99594651656804
69,82.98000161847827,67.0162645741068
69,82.9709875658774,66.96465857138895
69,82.9866620831196,66.98520663236022
69,83.00561246983445,67.0324045103882
69,83.04668487239128,66.99214237658873
70,83.01265590763849,67.03659586523924
70,82.95177882478885,67.0107922841254
70,83.00394121965022,67.00336933935965
70,83.00636042593987,67.03934571777727
70,83.04179051286405,67.00696567275138
70,83.03219042813095,66.96913126943582
70,82.98464662406676,66.98183958216353
70,83.01722941503144,67.00705151710716
70,82.99036776183189,67.02172724532802
70,82.97490879929131,66.98924629970764
70,82.97059659902807,67.00927853498443
70,83.0270281805793,67.03830737737199
70,83.0099786039891,67.01087321203171
70,83.02114978202577,66.97709490915811
70,82.96398105348126,66.99675213507479
70,82.99209897640016,66.99127474047754
70,83.04079355667267,66.99527919979126
70,82.98038297591864,67.00821272168045
70,82.99138774239495,67.02014989067129
70,83.02021766133116,67.00985966511278
70,83.01274275793097,67.00468977071895
70,82.95094187946215,66.998373031223
70,82.97684940321211,67.02944375491643
70,82.96701532544377,66.96460262816049
70,82.96207665359495,66.98002749445168
70,83.00940336859524,66.99243449431398
70,83.01859803318158,66.97932251403486
70,82.98105095428149,66.98508694226959
70,83.03353305573324,67.0194449726145
70,82.97747103715949,67.03816336268406
70,82.96736352702203,66.96459039376242
70,83.040685565945,66.97664174962483
70,83.01090131192124,66.95853534142664
70,83.04892915579009,66.99062160083284
70,82.98622630257017,67.01939933774682
70,83.02781145495968,66.96100168119881
70,82.96900095637663,67.00630107957086
70,82.98707184658234,66.98161601134022
70,83.00795796564603,67.03129580366014
70,83.02775391046951,66.99575585702343
70,83.03471159462839,67.00010335318942
70,83.0182399810395,66.99680528607323
70,83.01115273469591,67.01548721397155
70,83.04011230105294,66.98870101478101
70,83.01366760275182,66.95334730909258
70,82.99421059321129,67.04421250745528
70,83.02967776709228,66.99102325573965
70,82.99444388138203,66.98808372359606
70,83.03776327391611,67.02905382446394
70,83.02477342385156,67.00733195933965
70,83.00173770369992,66.99413186780417
70,82.99809028137666,66.9580033109285
70,82.98793299661831,66.9801317823998
70,82.9623244533296,66.98505819440739
70,82.96799803428374,66.99162085844782
70,83.0280249569108,66.98258805100805
70,82.96574002910313,66.97948195309198
70,83.00143737690007,67.00467767283969
70,82.98610445117622,66.98404700232615
70,82.98585988782989,66.9671452186964
70,82.98540932008012,66.9815038281622
70,82.98819576419832,67.0393225223603
70,83.04133252194138,67.01282677558389
70,83.03173090202394,67.02091455638093
70,83.00834877159456,67.02124412314039
70,83.00303540573859,66.98548328070638
70,83.03587233483434,67.02375411501235
70,83.00589846781276,66.99850607584393
70,82.98405190784462,67.00523249374478
70,83.03231388278209,67.01157739093027
70,82.95592138519689,67.00614863681173
70,82.99188397223332,67.00995743469171
70,83.03779125044865,66.9942332298315
70,82.98183214946748,67.00041412215519
70,82.9927824247745,66.9538487873281
70,82.96778343117062,66.97802085383094
71,82.97214835070038,67.03372211672985
71,82.95720309695317,67.01345388784247
71,82.99567036832134,67.04888059706735
71,83.01840989778964,66.97677466861771
71,83.01495588974974,67.02072632714116
71,82.96455041620436,66.9689033624634
71,82.99629388669702,66.964610386748
71,83.01857367606681,66.98695213269198
71,83.02737571486853,66.97431191521473
71,83.00814434857844,67.02786650350122
71,83.00944353289529,67.01267774277953
71,83.00534061583875,67.03795979408494
71,83.0305249708849,66.9943244083736
71,83.0383988833112,67.02472930316543
71,82.98493489254672,66.99339023881862
71,82.98470381510947,66.98086652064742
71,82.98838123946496,67.02161355680057
71,82.96528814162048,66.96423995484474
71,82.97259152824995,66.9784099559851
71,82.96208592459901,67.01252523282338
71,83.045676730904,67.01276076081564
71,83.0090322554851,67.03375450829431
71,83.01591943591798,67.03113904056924
71,82.99516345586049,67.04962008621371
71,82.98122908634876,66.9877032958355
71,83.01384002487012,66.97222935414447
71,82.97807036231993,66.98596555821906
71,83.02181335962352,67.00012881332702
71,82.96491823265622,67.01180269277833
71,83.01820147738128,67.00554684164823
71,83.01225691989787,67.01605974303503
71,83.01029273087569,67.01417637512927
71,83.00799701461686,66.99214552503426
71,83.01540448210183,67.03996219792184
71,82.9971544341916,67.00019271743156
71,82.98742131820582,67.01673541512784
71,82.99907547953126,67.03710461578362
71,83.0408104259044,66.98831232972782
71,82.98317989723365,67.00605008926838
71,82.9624874483001,67.0039216590865
71,83.0019333299439,66.98107897515595
71,82.99028846805504,66.95291680943912
71,83.02457597053959,66.9752784340562
71,83.01161903064117,66.9995704156549
71,82.96239599623641,66.98571130314852
71,83.01248806853687,66.96200330854982
71,82.98180038912277,67.0218859106694
71,82.97929570454619,66.97583096370876
71,82.98762204269677,67.02069938357607
71,83.02994900578743,66.96733010807097
71,82.99317160756412,67.03771035672631
71,82.96826898875467,66.99964842118757
71,83.0122709809122,66.99293524438484
71,83.0190126652815,66.96826226419046
71,83.0037857031712,67.01791085787207
71,82.9624990184806,67.00998975056496
71,82.99393568695092,67.01201668027366
71,83.00281773122511,67.02920763719126
71,83.00675546532557,67.02737586040882
71,82.96692886394987,66.98461909404648
71,83.00426815022765,67.01313482673679
71,83.00016679178023,66.98085953719351
71,82.99310584929714,67.00632031499971
71,83.02316564010185,67.03296345319023
71,82.97623808627674,67.03851823756342
71,82.98108877617649,67.04053279115493
71,82.99400976149114,67.00223221250891
71,83.01136447182311,67.00965177256882
71,82.98909581219039,67.03358131810245
71,82.96291723305582,66.99527261168333
71,83.01568973079553,66.99928435859646
71,82.97443173677426,67.01920208858095
71,83.01134947742464,66.96398882978662
71,82.96233982376296,67.00347465286971
71,83.00784418315996,67.00782657928879
71,83.01020616929227,67.04216477842095
71,83.00973686135438,66.96529100539297
71,83.02609325667035,66.99933502843948
71,82.98740736537417,67.01050623586924
71,82.96767578481959,66.96538036242366
71,82.98148902647965,67.00824972828346
71,82.98358519683413,66.99701213754172
71,82.99288694990308,66.98799905857375
71,83.04151092587574,66.99752579206739
71,82.97785316082545,66.95740612788805
71,82.97877487103837,66.97617388697152
71,83.0276722705344,67.02594560559244
71,82.95243397000799,66.99184294996121
71,82.99975428911458,66.95963145521392
71,83.00768973345247,67.03618162350308
71,82.99698904776419,67.03230159978455
71,83.00954379274155,66.96583070996482
71,83.02865532725872,66.96843666208923
71,82.96112298102814,67.00007241810636
71,82.97808298361683,67.01946096465055
71,83.01820343244151,66.96281332419696
71,82.96045469357713,67.02585919998467
71,82.98527462877472,67.00956077307283
71,83.02432453749505,66.98661084275224
71,83.03329543296825,66.98330658712162
71,82.96394140546576,67.01104622293258
71,82.99612624305722,66.98948010178115
71,83.02676868394062,67.00628509948534
71,82.98477917117638,67.01273079599348
71,83.03432764351501,67.00890122900324
72,83.00314140273022,66.97034649152465
72,82.97647771393697,67.03448695926848
72,83.03943906535315,66.99269707997975
72,82.97435637264668,66.98796250316968
72,82.9697878780679,66.96051123125471
72,82.99381228504667,66.95060033955086
72,83.00849090532385,67.00371513392903
72,83.00718775975798,66.97566452448541
72,82.97477428156641,67.00977304075762
72,83.02306483152134,67.0036408797119
72,83.00822451390933,67.01272226658534
72,83.00152596622047,67.04124075115172
72,82.9777673279034,66.97096684266043
72,83.00951392385981,66.98273447835078
72,83.02693231594849,67.01430459586206
72,83.00394169166653,67.02435521217015
72,83.04213081941889,67.02135548883045
72,82.98760576763135,67.02247276609883
72,82.96235417333388,66.98816386350089
72,83.01796509094655,67.0190923604497
72,83.03985462383774,67.00186005012624
72,82.96200893191862,66.96803416855502
72,83.0171320110367,67.0009833729084
72,83.01343758570175,67.0216109923036
72,83.02372696787171,67.0332589907403
72,82.9623046709292,67.03283975454309
72,83.02246677301697,66.97289307246679
72,83.01136330292907,67.04420594622478
72,83.023397428234,67.03953698469944
72,82.9972078129806,66.99759794047296
72,82.98599063129846,67.00375696072298
72,83.03625955281875,67.00050638555038
72,82.99802048654634,67.03423594709398
72,83.00694664454352,67.00597562084309
72,82.98309946365013,67.0270470921125
72,83.00971328183206,67.02045795317694
72,82.9906420606146,67.03824039031204
72,82.9541194422746,67.00034409377312
72,82.99403850738682,67.01841189895583
72,83.03651798941863,66.97139993009021
72,83.03033146099756,66.99000013254411
72,83.0304766221808,66.97387773274072
72,83.03624158609045,67.0227283537167
72,83.02748335384435,67.03330727102727
72,82.98278137880307,67.00551570142528
72,82.96690567910639,67.03624970963155
72,83.03256181255965,67.00427073731836
72,82.99869935838518,66.98638936664474
72,82.98996590725716,67.00650436006589
72,83.02418094771079,66.96469021828392
72,83.00590060811592,66.95650373599256
72,83.04586200518942,67.00203387082979
72,82.9759718349663,66.96228223450076
72,83.043632428097,67.01195538152527
72,82.9848307238132,66.98799149062921
72,83.0110560551005,66.9780223366791
72,82.97907613677059,66.98970863645881
72,82.99701055423625,66.98082901986169
72,83.04471973581582,67.01033596193308
72,83.01792220175831,66.95985495351988
72,82.99893959516149,66.96281601855459
72,83.03841493563644,66.98715273817258
72,83.03554733496883,66.99735552976058
72,83.0022939606427,66.98913600711273
72,83.00735033473674,66.97763872110923
72,82.95836945092597,67.00874372805268
72,82.97869735359063,66.96711804912171
72,82.9984010133479,67.03613679052337
72,83.00718141339588,66.95524645849153
72,83.0164700181353,67.01462776701234
72,83.0243944823082,67.03100848146192
72,83.04324369229602,66.98090646978973
72,82.99714041665332,66.96070358634235
72,83.04548276115712,66.99750226948082
72,82.98173117604469,66.966424595163
72,82.99038342561931,66.97031909145475
72,83.02090888306134,67.01652607494393
72,83.03749559292658,66.99267091563165
72,83.01195610052929,67.0349392965696
72,83.0260941804789,66.97144719990268
72,83.03397801633729,66.9674304503613
72,82.95950508801734,67.02617641132741
72,83.00204837967571,66.98139441535038
72,83.03632796826221,66.98516929997021
72,83.00754804054277,67.00496941538077
72,83.02231471024037,67.03705403176346
72,82.96820370833471,67.00340865288629
72,82.97983360381244,66.98742128233583
72,83.0196045904623,67.01562872860397
72,82.97903043633144,67.02458571663718
72,83.02238748241491,66.95923778980818
72,82.98349840787677,67.03658100149023
72,82.96399673532083,67.02756286695106
72,82.99655370684295,66.99139808987053
72,83.00107123934774,67.04236756194236
72,82.97448520893568,67.00170166397943
72,82.99635094402333,66.98523109524183
72,83.00741335201417,67.0206133638368
72,83.03090248594478,66.9712381403235
72,83.01113877183553,67.00836858318914
72,82.99776635250926,67.00863372821863
72,82.96990488426887,66.96508055484192
72,82.99861688344731,67.01629667326479
72,83.0286667263269,66.99904733452276
72,83.00678998497301,66.99863136900397
72,82.98370811571071,66.99600076076376
72,82.98006199890587,67.00378284375095
72,82.96539823474836,66.96429719338107
72,82.99611523811987,66.96117602675105
72,83.03346605687341,67.03638797115396
72,83.03079520887285,67.01520066176272
72,82.97304391551232,66.97721649385433
72,82.97080767096472,66.98350735634496
72,82.96455632590894,66.97012046063753
72,82.97113219984978,66.99506432172605
72,83.03249866886807,67.0342610843428
72,82.99004628389359,66.9982524972499
73,83.01721363535206,66.9607350318359
73,82.98071703969637,67.01916596679834
73,83.03102343565537,66.9878054300559
73,83.02664074963783,67.015189962504
73,82.99887961334,66.97687670519588
73,83.02553199785426,67.00562618292712
73,82.97149110790072,67.02083754699692
73,82.98307456284628,67.01628706392312
73,82.95215288875328,67.00971741892299
73,82.98839225275421,66.99615155755933
73,83.01213126616554,66.98657878979539
73,83.00336485723685,67.02323141221923
73,83.03133643046122,66.9853776479446
73,82.96426216185289,67.01629532108146
73,82.98148450506551,66.96130241441307
73,82.97736839554769,66.96551384304762
73,83.0193013080749,66.98648440593519
73,82.99347326364449,66.96170443998352
73,82.98778195218314,67.0458217803106
73,82.9678557746973,66.98846158136924
73,83.04427169882835,66.9938527986319
73,82.97551872897326,66.9944849269999
73,82.9827205280012,66.97643111608028
73,82.99857011395751,67.03433848318713
73,82.99928136479738,66.99464765728464
73,82.99095619997853,66.96159552706932
73,83.01155510189335,66.98908616873408
73,82.98877450459838,66.98346328062365
73,83.00408145876598,66.99979295975527
73,83.04125112752718,67.01259594470261
73,82.97416821602945,67.0000595514103
73,83.00367471291167,67.02922992151325
73,82.99322957566369,67.0179832127151
73,82.97126006760678,66.96577450911809
73,82.98585988782989,66.9671452186964
73,83.00328590731289,66.97746805456387
73,83.01077222756605,67.02709866877218
73,82.98854181769637,67.01973446201784
73,83.02736201149854,67.02758135836461
73,83.00898381192545,67.02248174707117
73,83.0015662475563,67.00305379079542
73,82.97111011127743,66.98083549574979
73,83.0263677594109,67.02915377131652
73,82.9529651291041,67.00479941489937
73,83.02595255326507,67.02040477615454
73,82.97958460430785,67.03875866742648
73,83.04695410018869,67.00519120708215
73,82.98070239326228,67.03231216807278
73,83.02836263578209,67.02430750717298
73,82.98941221033083,67.02511662204535
73,82.98318801457197,66.98672888492099
73,82.98020074497911,67.00070066568377
73,82.980999542504,67.04008354176322
73,83.01306011683035,66.9702042365723
73,82.96261891886368,66.98513122649634
73,83.00129601147306,67.00307040026402
73,83.00067610814176,67.0392671026597
73,82.99881544939569,66.96655838327773
73,83.01538780715995,66.98494617663033
73,82.99435266496985,67.04952513306063
73,83.01891455024425,67.00285025687158
73,83.01594126306283,67.0440548699359
73,83.00674123753812,66.96836104119095
73,83.0003025947561,67.02188385602201
73,82.98040624082628,66.9928454443504
73,83.0061355984417,66.96679295197444
73,83.00032539718421,67.04458595171477
73,82.96650342926745,67.00903374527037
73,83.00551262623206,67.02575533979854
73,82.95812291103428,67.00850406860913
73,83.01215987278998,67.02650802484442
74,83.01252281510735,67.04652042795514
74,82.99504817748013,66.95199214698447
74,82.99401560033108,67.04574379300911
74,82.98986561026442,66.95530342849759
74,83.01900342922099,67.0096114734687
74,82.97616124056096,66.96471751974076
74,82.95903298933622,66.97583158235743
74,83.01541548850354,67.02092235706914
74,82.98144610213627,66.96459888162647
74,83.0027570729909,66.97333914355166
74,82.97138451180625,66.96422002694311
74,82.97084344211476,67.03753571995664
74,83.02299676606548,67.02520189314215
74,82.96931944101394,66.99231630216714
74,83.04364627432633,66.98145865665093
74,82.98555095703813,66.9802333482897
74,83.01357686599236,67.03485879375559
74,83.01781888025859,67.02877022710051
74,82.9805001380277,66.98286737985534
74,83.04018826184962,67.0037239567044
74,82.9696399331161,66.96848443666366
74,82.98737567918714,67.02107958491425
74,83.00920277222578,66.99379012745909
74,83.01389142155419,66.95395900483875
74,82.9714409324294,67.01096396321422
74,82.99491694548765,66.9756479616041
74,83.00308849145623,66.98675824113175
74,82.95974591649234,67.02910770334583
74,82.97561329972314,66.98923818691381
74,83.01143924780067,66.95145190352079
74,83.04455170018886,67.01557965538734
74,83.00342213388566,66.95250641373799
74,82.99568565459082,67.01275452758475
74,83.00225583800952,66.96214594610784
74,83.02454904568387,67.0196523345236
74,83.036403218214,66.9957152714347
74,82.9793698580503,67.03370160726006
74,83.01470896573649,67.02622981789526
74,83.00081842132127,66.98190061730973
74,83.01010806342497,67.00865744133617
74,82.97318335809811,66.96539726329848
74,83.00206089780609,66.97543314018668
74,83.00205271758178,66.99864019598367
74,83.02121540626277,66.96142213583036
74,82.9671082052047,66.96858607641458
74,83.0133210832028,66.9744904192822
74,82.99372645475368,67.0443959085714
74,82.97687969484183,66.95945309514983
74,82.98453459679936,67.03051485142737
74,82.99570764032099,67.04607650869195
74,83.00701028837798,67.01100448475728
74,83.02809749531133,67.00541721718757
74,82.98337006932037,66.95839181919206
74,82.96367298919517,66.98423094104376
74,83.00513634933667,67.01460574592883
74,82.9971686401763,67.01127630762143
74,83.03388534872029,67.01313055204686
74,82.96994686928252,66.96423323152983
74,82.9942998707041,66.9984560055414
74,83.0112882289992,66.99708933595578
74,83.00830426887418,67.00098690537273
74,83.04047656583809,66.97629154814449
74,83.00531791128296,67.00965321432798
74,83.0262545336554,67.00049490360348
74,82.97045071878065,67.036827010354
74,83.03605557793996,67.00990617371782
74,82.97652774323888,67.03670511841008
74,82.96520361157646,66.9694745519653
74,83.0280143504972,67.00578084228583
74,82.98360799745006,67.00176434921939
74,82.98067552159941,67.04557787784918
74,83.00420452324677,66.99459366710225
74,83.02474379416347,66.96116577936878
74,83.04399402414973,66.98301016637276
74,83.03091425196655,66.97015080861935
75,83.02299877531644,66.99754093997453
75,83.00699340873341,66.98082589079618
75,82.96916009651943,66.96619949969465
75,83.01731569155908,67.03863652212925
75,82.99927219480338,66.98694128174726
75,83.02684564138359,67.01979808430488
75,82.97771105925136,66.98958863575723
75,82.95750367231258,67.00348172893916
75,82.99765649191967,66.97537983078249
75,83.02683528875639,67.03682624860156
75,82.9572148476434,66.97795932351801
75,83.01778701647356,67.0166572217319
75,82.96076354611355,66.972404926465
75,82.99222743924207,66.96278642568976
75,83.01736816254973,66.9747917893316
75,82.98095146172398,67.02415595532291
75,82.96849744837012,67.00121939408473
75,83.00680943880343,66.97892425905246
75,83.03956580762362,67.0143208720392
75,83.00625067941591,66.97098601323441
75,82.98784471523378,67.03264479923
75,83.01220316429155,66.98710447564613
75,83.03918049419322,67.01152321491892
75,83.03827708594302,67.03102000531443
75,82.99052583026265,66.98615121321951
75,82.97701362039663,67.00446250219112
75,82.95971752188025,66.98710529298128
75,83.02534850277529,67.02391736206688
75,82.99227547592301,66.98177711850987
75,83.03402399472651,67.03030445253894
75,83.02098413650009,67.04152363573907
75,82.99661162366684,67.03299615571278
75,83.02808146372932,66.98607236382635
75,82.99635094402333,66.98523109524183
75,82.96413170166333,66.98789191360564
75,83.02061046372482,67.04088680307125
75,82.98904104920979,67.01862409846001
75,83.04383590297948,67.02125717435707
75,82.96656485185103,67.02350057940644
75,83.01180985586696,67.02815755172958
75,83.00336060609912,66.98843221312502
75,83.00675070969005,66.97906387631204
75,83.0094024571056,67.02023221936362
75,83.01561994380089,67.01165617178945
75,83.00968645497055,67.04263608211839
75,82.9543265452037,67.01518396043274
75,82.95531665343174,67.00039576018494
75,83.00501833811776,66.99741317595493
75,83.03559658842518,66.98116125117603
75,83.00531791128296,67.00965321432798
75,82.9730252663596,67.00265357651595
75,82.987755818674,66.96350741644494
75,83.01454055237083,66.98554852022252
75,83.0391756606567,66.97975594202053
75,82.98723384720249,67.00461652197664
75,82.97839039527314,66.97219077619658
75,82.99490258911565,67.04313444116619
75,83.01717449843395,66.9758542313767
75,83.00768409831028,67.01352343805075
75,82.98928052471466,66.98389251884734
75,83.0264277083681,66.99848090898247
75,83.03718343761685,67.00777141497132
75,82.96947628741705,66.99674826769507
75,82.9994283644633,66.99012775648306
75,83.00020464757543,67.00599436560255
75,83.0377671887226,67.02398156377576
75,82.97410240343704,66.98392427190696
75,82.9867119314799,66.98185558045898
75,82.95661717518277,67.0161071527583
75,82.98331359570068,66.97078245008255
75,83.03488219549388,67.03347885291704
75,82.95301043088605,66.99457886106634
75,82.9681612670787,67.01391067113478
75,83.03539903438981,67.0103264886822
75,83.01092768202922,67.04102098191561
75,83.02194511621151,67.03936389723603
75,83.0459590480406,67.00450178174574
75,83.01252723678724,66.97884140153063
75,83.01342099289823,67.04093094421795
75,83.00562994246027,67.01353313882616
75,82.97401298824744,66.978311551659
75,83.03632069420368,66.99947760650028
75,82.98995589781052,67.02009773809361
75,82.98310188560352,67.01477354841882
75,82.95584868248918,66.99003249687355
75,82.98254740231059,67.00025075480374
75,82.98511804590845,67.03606434571022
75,83.00351534068301,66.97763392715181
75,82.99921723401185,67.04440783748554
75,83.002405528691,66.95368675594197
75,83.00127358156998,66.95676618331726
75,82.99530664758058,66.99317016472325
75,83.01615977066896,67.01261228752283
75,82.98992097968242,66.98261349189514
75,82.99430737295474,67.00108465924254
75,82.9728449228626,67.00122547147845
75,82.99955835665664,67.02731111173485
75,83.03209272573469,67.02466584483808
75,83.00387973371721,67.02949294149971
75,83.01228248399366,66.98471948909678
75,82.98596974164164,67.01545670450894
75,83.03226061670142,67.00383934624072
75,82.97565567997687,67.01289922155817
75,83.02320007356087,67.003459563681
75,83.02797173668368,66.99567942764082
75,82.96597578296829,66.99964121637763
75,82.95943020086654,66.98519823071294
75,82.99150648544679,66.98634270810825
75,83.04004801534126,67.0156859252509
75,83.007477557481,66.97683112742598
75,82.97497829990468,67.03513965100363
75,83.01572813254838,66.96637013609671
75,82.98135879319211,67.01277561271455
75,82.99970898076309,66.98331810498837
75,83.04908114451395,67.0014993072902
75,82.97007565524959,67.02292261273593
76,82.97989255751422,67.02139982991639
76,83.02682968999615,67.02462478064781
76,82.9934667491165,66.98785071400098
76,83.00737926506685,66.99356131607739
76,82.98315235597526,67.0405625628622
76,83.0094314128669,66.97907778450258
76,83.01118623566694,67.04272042268967
76,82.98273400409614,67.04688065051977
76,82.99959526338601,66.97684336290722
76,83.01039768487168,67.01132308262875
76,82.97655085797952,67.02438342727277
76,82.98950893161818,67.03371138498667
76,83.00976428529462,66.95352710641515
76,82.98464193077982,67.03740409089362
76,82.98743533388371,66.992275731926
76,83.02804331868444,67.01671109280615
76,83.01423280545697,67.0460280355973
76,82.96795763013883,67.00287614564937
76,83.04110613341923,66.99197520744349
76,82.97026189989852,67.01419012007663
76,83.02212442707633,67.03400362972077
76,83.00068657079596,66.99690153799644
76,82.97474069468772,67.00428200429165
76,82.99441078826499,66.99846366691924
76,83.00882414381466,67.00185893810223
76,83.01715332818678,66.95909398837999
76,82.9923353294023,67.0165881549424
76,83.00230413170584,67.0424863495671
76,83.04753889842291,67.00742438114486
76,82.95854158289032,66.99815882542285
76,82.96210119579065,66.98277663494021
76,82.98868743183775,66.99401913708982
76,83.04333356060842,67.00533743049571
76,82.99115775940699,67.047743732085
76,82.96702527639684,66.9974877820297
76,83.00913842139828,66.97096205784109
76,83.00701616477501,67.03878158856244
76,82.97411538028238,67.01530569170333
76,82.98674741555824,67.00609728554718
76,83.0093928398081,67.03102662055664
76,82.97734055078296,66.98906495455915
76,83.01639301730613,67.04578630397984
76,82.99871042972548,66.9674368458612
76,83.04282942129119,66.98786407910792
76,83.00698857262769,66.99904750337545
76,82.97423939578579,67.00142817774864
76,82.99154180029046,67.03704717387626
76,83.00850965506395,67.01895823116375
76,83.0192647923138,67.03799111245303
76,82.99427384439518,67.04383295609574
76,82.97714239672673,66.97748630785553
76,82.98739028435882,66.96086449524435
76,82.97869968722497,66.95782246938224
76,83.03125969276311,66.96457587770642
76,82.98022628641478,67.0178866385218
76,82.99792353484251,67.0174536077636
76,82.9621220611072,66.99591213752329
76,83.00410536191173,67.01151551113992
76,82.96103603922302,66.97144001920769
76,83.00323310365549,67.00947221169868
76,83.0449110519482,67.01989960530794
76,82.97170969768295,66.9871835367184
76,83.02889637263995,66.96808925099248
76,82.99857966794286,66.99140613363562
76,82.98661280197292,66.99494627739357
76,82.98943926875123,66.95411933498299
76,82.98017853003999,66.98775588442896
76,82.98693420461557,66.97162929073299
76,83.00274269486655,66.98516559217009
76,82.99889458247637,66.95912283286022
77,82.98897139849026,66.98530407235857
77,82.99992893363513,66.99920107175632
77,82.98994628423186,66.98237943030733
77,83.03791254162572,67.0186550899208
77,83.02066434772233,66.99448958595494
77,82.96858150580653,66.9913411415651
77,82.97605392646578,66.9846433621326
77,83.03581361470256,66.97164695513395
77,82.98677574423768,66.97342408553061
77,82.97594072833233,66.97356810887436
77,82.9690339042067,67.0360569989789
77,82.99604700003809,67.008113405916
77,82.99304192035558,67.04173211233031
77,82.9818990956265,66.96737382213671
77,83.01695431370895,67.03190245507557
77,82.99795115200918,66.98143289473856
77,82.97471850581799,67.01801447394377
77,82.98956438575082,67.0100251816942
77,83.04389590239992,66.98221599286225
77,82.9797162877229,67.0290131237998
77,82.9872556177509,67.01202087575064
77,82.96389085028824,66.98767928763777
77,82.99600311694455,67.02418383773899
77,82.98232764229736,67.01426712191278
77,82.95969306558149,66.99756085582635
77,83.04088525946341,66.97325126111011
77,82.98497691899378,67.03417498133085
77,83.02947734438209,66.99521051727748
77,83.03393057414945,67.01151779674105
77,83.02793840855071,67.01583661332596
77,82.97534337500885,67.03543505871377
77,82.96945981628214,66.9671983215312
77,82.98203456380253,66.97182415264339
77,82.99896303366518,67.01026480900882
77,83.01698188977849,66.98876351106367
77,83.01128963249337,66.98607031715223
77,82.98582741085363,67.0210486269711
77,82.99933920675484,66.98014231125536
77,83.01346093438782,66.99070849590663
77,82.99460049729645,66.96993048127783
77,82.9891023244754,67.00383716110268
77,82.97044888594799,66.97789879892981
77,82.98468829162236,67.01122486389644
77,82.99853928586873,67.00822138768139
77,82.98098359208025,67.02266801586015
77,83.00227571754168,67.01643123826
77,83.04045005268122,66.98816506164424
77,83.01384557726362,66.98357404027612
77,82.98899241992831,66.95340486703329
77,82.95985431641192,67.00356884323608
77,83.00878486700455,67.04745552294739
77,83.010668054521,66.98321224483615
77,82.99572434256949,66.9766946965998
77,83.02203495154986,66.9709449719763
77,82.96779664957326,67.02966385486816
77,82.99141811082123,67.03384407894357
77,82.9527994961777,67.01215660319255
77,83.03744739798158,66.998862365615
77,82.9616825331508,67.00991434323831
77,82.95483781979364,66.99309797999877
77,82.97820854472427,66.95797295237506
77,83.02743114163654,66.96515021533773
77,83.02724452631882,67.01159068214186
77,82.96891164416984,67.02121454673916
77,83.02315365363518,66.99178761191791
77,83.04406895333277,66.99813861500238
77,82.9859188273237,67.03151186014755
77,83.01966500099712,66.95655936665098
77,83.01413639779986,67.00374600505714
77,83.02110330266628,67.02445832715054
77,83.02499217742653,66.9579710825628
77,82.98136020008604,67.02915053539799
77,82.98678545107566,66.98409955782593
77,82.9989720708054,67.01080722493292
77,82.99555869936256,66.98543526512604
77,82.9842046356533,67.03453869605102
77,82.98732445083292,66.98852534495495
77,82.98892980106022,67.01839318971892
77,83.02326050483171,66.98561099480858
77,82.97627999638345,67.00885865522721
77,82.96557761015626,66.97232822373383
77,82.95813813688287,67.02627360866845
77,82.98910432429776,67.0215309595913
77,83.03078326934535,66.98617522037891
77,82.96302358747465,67.00841993765269
77,83.03396934523833,66.97732715890683
77,83.02006287690989,66.96606479668107
77,82.99386907933489,66.98227801734397
77,82.99541366839561,67.02803525158136
77,82.96481660403128,66.98182795536134
77,82.95019877304335,66.99821275792536
77,82.99710662502399,66.98823192965105
77,83.01572701637939,66.9640270146071
77,83.00144092710181,67.01032438959096
77,82.97773287698902,67.00764196567332
77,82.9990347433693,67.03010919828633
77,82.97933749503957,67.04036145554241
77,82.95594415935243,67.01274066305386
77,83.0349255418586,66.97772252325115
77,83.01873035806422,66.99394961624931
77,83.01060107792809,66.97416956040546
77,83.03757109074125,67.0257354108364
77,82.95641409826194,67.02022473749965
77,82.9561631832158,66.99126579385123
77,82.98840418603078,66.96705876857689
77,82.98750949630708,66.9836137654242
77,83.0083983117409,66.97507595220635
77,82.96950727594192,66.9635675800808
77,82.9562957391785,67.02234809595956
77,82.99856024013955,67.02082646630883
77,83.03409808660419,66.97379862291693
77,83.03530926921944,66.97246571284572
77,82.96819921596843,66.96330840762505
77,82.97931649631866,67.01067297058638
77,83.01656902555467,67.03689100682466
77,83.0430001742126,67.0034382972504
77,83.00970007299357,67.02049123234342
77,82.99265625983286,67.0233841588053
77,82.97423869247247,67.00667051123952
77,83.03180560964192,67.01231880164761
78,83.02009143272947,66.95891734941112
78,82.99253453013236,67.00697423548932
78,83.02676569847758,66.97615177515894
78,83.03413843344684,66.97846508745268
78,83.00174727127042,67.03498920236059
78,83.00706151709,66.99281186825678
78,83.00936839493961,66.99759668877384
78,83.01253638934212,66.99174787357597
78,83.01803515798596,66.97964369951515
78,83.0020174379803,66.98694185995988
78,83.00923320306454,67.03433468312937
78,82.96910699697567,67.01961716201018
78,83.02449430058593,66.99171971979438
78,82.9635156273926,66.9816859769871
78,82.98637988336377,67.00691318477206
78,82.96233826649357,67.01037067932386
78,83.01516008385006,67.02115919160255
78,83.01469300581239,66.96355993463257
78,83.01046194873373,67.01262228550011
78,82.98578468487996,66.97923168359826
78,82.99806512941824,66.97996464715585
78,82.99609012001248,66.96030168096338
78,82.95207008750292,66.99856429342489
78,82.98599618353344,66.98338439613158
78,82.988230418762,66.9560332042944
78,83.00557673771479,66.9699427637745
78,82.97972559830175,67.0110658202869
78,83.00011573061431,67.01221089709317
78,82.97689266923808,66.9903329944275
78,82.99298748449299,66.97870175548684
78,83.02432453749505,66.98661084275224
78,83.02698615322804,66.9663661850283
78,83.0097446957158,67.04467385728773
78,82.99086076799587,67.01739773652918
78,82.9993332138237,66.96634223485721
78,83.03043917051075,66.96415281403146
78,83.01697058381585,66.98953352983492
78,82.98817610108661,66.95742620032208
78,82.98988447808605,66.99356228394234
78,83.03383516772753,66.97023289890218
78,82.99363331416998,67.00606052303593
78,83.02803379726417,67.02525621173987
78,83.03735037664133,66.99372688018256
78,83.03027262100464,66.98542312112663
78,82.96461705495001,67.01778071045747
78,83.00231003071765,66.98372823761369
78,83.00562397401264,67.00238275108985
78,83.00627428292005,66.99503805885489
78,83.00937633018378,66.95835087120365
78,83.04370308996855,66.99619268883826
78,82.96253766914836,67.01583476748708
78,82.9683350183836,67.02231670455154
78,82.97077124941042,66.99641507288212
78,82.9913165650167,67.01497329330317
78,82.98554967002663,66.98511942618775
78,82.987958094431,67.03142584847153
78,82.97858900311188,67.00765420726553
78,83.01220667697586,67.0052558122023
78,82.95220799864786,66.98630796781369
78,83.0223045859365,67.04361989165837
78,82.98469604865423,66.96917483185756
78,82.95759169169193,67.02633561930918
78,83.0032750794881,67.04660369300936
78,83.00222415855194,67.00123914964504
78,82.97614539723673,66.96926932683228
78,83.00283135386,67.01652252855291
78,83.02684017991601,66.97178182035782
78,83.00269004769507,66.96616647985716
78,82.9628314421555,66.99983012202777
78,82.9504025342228,67.00096906007101
78,83.01978214533189,66.98711288351264
78,83.03704925228446,66.97518429780558
78,82.99993901857263,66.95427046259027
78,83.03903142667671,66.98908325903423
78,83.01114876734137,66.98913056562404
78,82.97032075827777,66.98809597220192
78,82.99462549537463,67.00340277239933
78,83.02549217429751,66.99453019907953
78,82.99014262274878,67.0258900212671
78,82.9897098813082,66.99783395566796
78,82.96794578248628,66.99475962381882
78,83.00835780555222,66.98092938949318
78,82.97362047659013,67.00021904184015
78,82.99341020138148,66.9686069402088
78,83.02148721418062,66.99056320258892
78,82.97465667087967,67.04224425330793
78,83.02765528184518,66.99338732411776
78,83.01308527770509,67.0387105895504
78,82.97113326997773,67.01070481649549
78,82.96992718750947,66.98415581281895
78,82.96054480115713,66.99027129527822
78,83.00067026593617,66.99924981163457
78,82.99046496771305,66.99415424622778
78,82.98781098066297,66.99631469149489
78,82.96232272567565,66.99040589688832
78,82.97651095469936,67.0186356906079
78,83.00815756430634,67.00500175736872
78,83.00441712154009,67.04888952539497
78,83.01342771752019,66.98622164379354
78,83.02216089438622,67.01090860236486
78,83.00372738860725,67.04738669471159
78,83.01385006249822,66.97233395290056
78,83.04421980034836,67.01795014671562
79,82.97307878582602,66.99727028800326
79,83.03862092739755,67.02299669608156
79,83.002455032293,67.04178366567446
79,82.99033055364512,66.97007399642165
79,83.0153672177279,67.02050240518318
79,82.97011873538996,66.98903405202533
79,82.95517117647815,67.01751925553437
79,83.03859491211337,66.97110018422208
79,82.99213351319962,66.98067732532249
79,82.99105404045646,67.01950177592953
79,82.97024961168088,66.98419230189148
79,83.03377916621731,67.0021187448488
79,82.9582630158621,66.97629049052597
79,83.0129993845504,66.97941176587688
79,83.01493526620447,66.97650922614679
79,82.99462549537463,67.00340277239933
79,83.04189560800081,66.99073876571217
79,82.99136390777532,66.97682543926122
79,83.00359280098324,67.00750147700708
79,83.02340929127647,66.97557804573046
79,83.04320916740659,66.99575037288464
79,82.98620092207587,66.99386313087723
79,82.97567945754884,67.01834704301561
79,83.02924259296223,66.98103160947547
79,82.98734854514267,67.01343804863983
79,82.97143385719308,66.99657767239788
79,83.03434068860672,66.98044521885728
79,82.98369140521842,67.01604092824505
79,82.95827743352343,67.00737977093962
79,83.02147481981478,67.02593363567732
79,82.99964446037173,67.02674129041911
79,83.00311778882619,67.02301485248934
79,83.00745414005257,66.95136965218742
79,83.02409501998243,67.02866127973004
79,83.00579615935797,67.02748959409706
79,82.99775457392096,67.00480962426839
79,83.03331685901632,67.02884722561329
79,83.04354724524731,66.99481640662108
79,83.01844352411038,66.98026495149196
79,83.03260203877636,67.02468457681876
79,82.98164193179625,67.00232416912799
79,82.9958367646064,66.9777037033819
79,83.02524398206532,67.00197505970834
79,82.9758025579585,67.00904661098835
79,82.96944113250703,66.98257914640055
79,82.96523239032695,66.9718915766392
79,82.99770396789884,66.98712989830966
79,83.01801015822271,66.96821673448922
79,82.96686495966655,66.98401225023197
79,82.97964739263342,67.02762634016723
79,82.99297482946781,67.01791075459512
79,82.9527617668543,66.9970956653431
79,83.02707400567138,67.00992729484065
79,82.96951523850883,66.96755164642151
79,82.99184937604254,66.99142009070923
79,82.98379953638349,66.98501277704783
79,83.0448456249671,67.00567559339648
79,82.98133800388008,66.99521923004349
79,82.95839700213189,66.9785418440771
79,83.02077085233405,66.97201381679533
79,83.01071592640173,66.98023995473508
79,83.01711324870305,67.03952938988643
79,82.97826520082008,66.95825892080072
80,83.02806579853277,67.01033506291209
80,82.97329128091314,66.99513442269715
80,82.99741234875351,66.97334990469399
80,82.9960454261426,67.01054504734165
80,83.02299877531644,66.99754093997453
80,83.00921989039615,66.99460033033778
80,82.97844802633755,67.04435876014672
80,83.03522885653501,67.00218985079799
80,83.01778768232272,67.02202219973485
80,83.00941954216842,66.99720065955748
80,82.99358684187993,67.03965498331647
80,83.0030527192506,67.02534378857912
80,82.99744985597617,66.98556087819414
80,82.99764457889086,67.04693239790804
80,82.97780275899994,67.00127495220053
80,82.98582135043385,66.9920577692438
80,83.0011745453297,67.00287490815566
80,83.0033427823807,67.01844012542203
80,83.03040423656695,67.02923662263355
80,82.99775465044975,66.95299205466493
80,82.98820815027949,66.98137962238197
80,83.00895642807754,67.00735953505574
80,82.96985438135694,66.97346251540353
80,82.98933066916794,66.98829804606936
80,82.97843372268514,66.96768632930362
80,82.97810495408073,67.00425401054282
80,82.98260825866635,66.95755754126847
80,82.97208507398392,66.9592727640805
80,83.00511693661134,67.01244925723186
80,82.99513509889819,67.00232226814
80,83.00115439540825,66.97437316954031
80,83.01907459849029,66.99495899736738
80,83.0044351770476,66.99966050451353
80,82.99254846438431,66.99764718487644
80,82.99892635788157,67.01323447352334
80,83.01376626377991,66.99078273280769
80,82.98110469938838,67.01693482703773
80,83.03485103259042,66.98761808483296
80,82.99681404132956,66.97031278527389
80,82.99501276208547,66.97648119746167
80,82.97962301001441,67.00265898284928
80,82.96981964606286,67.01702008123753
80,82.98049580781225,67.02455728475037
80,82.99462220972052,66.97460120246197
80,83.01349971272838,67.00876241442822
80,82.99984870675912,67.01598963658715
80,83.00834863515914,66.9707796642699
80,82.9828264609597,66.99566168856313
80,82.95516715271295,67.01098330931426
80,82.96799191801526,66.9964896971074
80,83.0112286634595,66.96552994198021
80,83.0221693069228,67.0172046279388
80,82.97186968002418,66.97418072501043
80,82.97965025005949,66.98606395684375
80,83.02912716852163,67.02676894908666
80,83.00829296789554,66.97059934067333
80,82.98446446535394,67.02418325349969
80,83.00452130318514,66.97517495495272
80,82.9614123621498,67.00753387817326
80,83.04178936609766,67.0155257967394
80,82.97472368523232,66.98207562268958
80,83.00996426489384,67.02271604805429
80,83.00259575977637,66.99774842150005
80,83.00617735722952,67.00510467759855
80,82.98442464945568,66.96482588901976
80,83.01881212177989,66.96803044171972
80,82.9832961591812,67.02558183597284
80,83.02168244060721,66.95631448141854
80,82.99587853631854,67.04824291551067
80,83.01598668752035,67.03482138467645
80,82.96886159645308,67.01463593118989
80,83.04451589481519,66.97948876253692
80,83.00572619036258,67.00715849950699
80,82.98675211351852,67.0126941795808
80,82.97971125358512,67.03489428968253
80,83.00839725414698,66.97430174444133
80,82.97113219984978,66.99506432172605
80,83.02448603085972,66.98636211209465
80,83.00654940411657,67.0127835501584
80,83.00685334152926,67.02920690786317
81,82.95635480693574,66.98387165357916
81,83.0369761289085,66.97853457509059
81,83.00784059048242,66.95582166299548
81,83.02032362301237,66.98931863253158
81,82.99039175064436,66.9956148303237
81,82.96655053552138,66.99515585325558
81,83.01080529806727,66.98331285744806
81,82.98118975090169,66.98829105689569
81,83.03619556147133,67.00437345707583
81,83.03609169855108,66.98539379090032
81,82.96913102639097,67.01015689498264
81,83.00616851735333,67.0207098291868
81,82.99441065983103,67.00764881197462
81,83.04077030017977,67.01441882444288
81,83.00772823487529,66.99358859867347
81,83.03320743165318,67.03034700958158
81,82.99559331783321,67.03566143130357
81,83.00206105401236,66.97670815981678
81,83.04057147076654,66.98806103107113
81,83.01751136166706,67.00010302439088
81,82.97204461873224,67.01803933879052
81,82.97885973973212,67.02116467686662
81,82.9564523796674,67.0061726057132
81,83.02313533992923,66.96120062148235
81,83.01893718859691,67.01060327026245
81,83.00936021544236,66.97515241626517
81,83.02717729669993,66.98780407838528
81,83.0124188118788,66.96521247154932
81,82.95692806989442,67.00882560044974
81,83.00553105656824,67.00429392826581
81,83.0334659927221,67.01682330348847
81,83.01236770061898,66.9875219683774
81,83.0479639493545,67.0084884043807
81,82.99841674693724,67.00217726499464
81,83.02789237356738,66.9799702418028
81,83.02188762294338,67.0234829027598
81,82.95663437477552,67.00728238093643
81,83.035617422008,67.03167931115661
81,83.01938768651017,66.99869441598231
81,82.95817623557309,67.01574335384481
81,83.00954508293293,67.0045010423406
81,83.00326639331044,67.03038318476516
81,82.99700728838846,67.00035357392491
81,82.97177828500011,67.01765947862286
81,82.99269943399695,67.00558319072005
81,83.01272728344907,66.99724208612189
81,82.99237514202618,66.96354882926993
81,82.99195560821151,67.01643874065563
81,83.04587720755077,66.98744861165
81,83.02833918605005,66.99277718283315
81,83.00283079446126,67.0167859078028
81,82.9929748670954,67.0196344933091
81,82.97663189230751,66.9708206863943
81,82.99559951403727,66.95950087865876
81,82.96728421337839,67.00607009505923
81,83.01153266457645,67.02115886050204
82,82.97569883575717,66.95951164316394
82,83.04361215500471,66.99068284711011
82,83.01163853124598,67.0019557244189
82,83.01339049056975,67.00851726156822
82,83.01268086457345,67.04095872099892
82,83.01060213354704,66.98333949087737
82,82.98119494264793,66.97299423833567
82,82.99257554549709,66.96264472512266
82,82.97900903019656,66.99318776923441
82,82.9941644377464,67.0259404719766
82,82.99501276208547,66.97648119746167
82,82.99604700003809,67.008113405916
82,83.0022594635619,67.0127342935226
82,83.03501206202013,67.00346415282358
82,82.97597260434706,67.03052551789001
82,82.97406846538459,66.9635426660389
82,83.04061068959984,66.99698432585467
82,83.01526738282634,67.00065381407741
82,83.02472862252534,66.97332326548612
82,83.03929163822187,66.98732901689394
82,82.99383753434155,67.03483396442999
82,83.03415391526416,66.98078914552184
82,83.01274019669138,67.0139755000083
82,82.9579235394365,66.98554099291893
82,83.02171803691009,66.97181930501587
82,83.0048212262131,67.00887753796904
82,82.98066624833488,67.02036222463896
82,83.0416780143784,66.98256203106247
82,83.0132096092119,66.98720129591011
82,83.00364340663111,66.98806366327582
82,83.00029724246576,66.99035967622936
82,83.03646331583535,66.999494119107
82,82.97172535005558,66.96986492383243
82,83.02539110697863,67.0339500785341
82,82.95547058324945,66.98899893047151
82,83.04808949943505,67.00396740187063
82,82.99571316117348,67.0241123974732
82,83.04508318829963,67.01382904617125
82,82.9944780744499,66.98139912454933
82,83.03253790571597,67.02989417482681
82,82.98534536999618,67.01895545934781
82,83.02221366803514,67.00774810983484
82,82.985097873537,67.01204081660873
82,83.02221366803514,67.00774810983484
82,83.038021843764,67.01784971317099
82,82.95470692334214,66.99194473659769
82,83.02241182523363,66.96208101555254
82,82.99569752488674,66.97454935672516
82,83.02375903450867,66.99456804289511
82,82.95542822223267,66.985235252794
82,83.02841218856337,67.02984283137674
82,83.01455317163098,67.02948700967303
82,83.03712844700318,66.99663809589056
82,82.9842017980618,66.99339071697557
82,82.9725557712587,67.035206102263
82,83.01932685302504,66.99703310502895
82,83.02413221244223,66.98407580038347
82,82.98403885645064,66.99102764384473
82,82.97364518486496,67.02288412378742
82,83.0234182948149,67.00053070040533
82,82.99810571362067,67.02307524808266
82,83.02363568647525,67.03363881865825
82,82.99713420392851,67.017765215083
82,83.00679414501568,66.98216088727177
82,82.95943660836633,66.97436102183636
82,83.00326639331044,67.03038318476516
82,83.02115227211188,67.03303515256073
82,83.03841203449214,66.99020803649655
82,82.99557917752568,67.01761374388516
82,83.04121355986226,66.9731420356203
82,82.9991407504112,66.97843283977679
82,83.0080325461059,66.97148968880344
82,83.04440159904972,67.00579162826952
82,83.04134655070764,67.02470460641128
82,82.98558684915501,66.97169458515125
82,82.98059212890041,67.0069391904479
82,82.9984404564846,66.99468009582635
82,83.01786787493866,67.01802996996211
82,83.01915485603243,67.00266871652823
82,82.9780324021195,66.96571018507137
82,83.03179472747487,67.02633293475911
82,83.02104691810122,66.95826316897703
83,83.03739216434643,67.01835822716981
83,82.96965141476346,67.01693134171703
83,82.96658614513707,66.98966059335767
83,82.99566806995277,67.04036653121398
83,83.02257031261574,66.99591225856155
83,82.95534700466082,66.9984354698812
83,83.01508461004674,67.02088572848993
83,83.01712286387544,66.96912844656656
83,82.963076421128,67.01980558281328
83,82.98142069628186,67.03204985934391
83,83.02559275481393,66.96349459819012
83,82.98040719066641,66.98772215745278
83,83.03156954255219,67.02859400530276
83,82.9980389871791,66.9546850624971
83,82.97438365632695,66.99669167292782
83,83.01800450019184,67.03616799164767
83,83.00471838151182,66.99837537357281
83,83.04663262011002,66.98666827030276
83,83.00784841585944,67.02927148827715
83,83.03235771780251,67.00581657868311
83,82.98995979827761,67.00457168032777
83,82.99110577094912,66.96083197377695
83,83.02638447959721,67.03157005199625
83,82.99840470064218,66.9640147681568
83,83.01958062481725,67.0033826186686
83,82.99135965121728,67.01426558461505
83,82.99621057914531,66.98235768850087
83,83.01402038733373,67.02702354442955
83,82.98686111916382,67.02312096306866
83,82.97472370173156,66.9756945834404
83,83.00412614514713,66.98122044839492
83,82.96277989799297,67.02349622580816
83,83.03418654058628,67.01719317393984
83,83.0259914895258,66.976636255012
83,83.0053543403049,67.03382646418167
83,83.00609561589147,67.03582120217573
83,83.031572504636,67.01145038969992
83,82.99625798390066,66.99704566766847
83,83.03934491329598,66.98369501014986
83,83.02728565003407,66.99214905162303
83,82.97206845202956,66.9920895666473
83,82.96922746614044,67.01185549047489
83,83.04409819756486,66.98787367989145
83,82.97714239672673,66.97748630785553
83,82.99370524152549,67.03952845300816
83,83.01990623472552,66.97309134616782
83,82.99620213137342,67.01997694530004
83,82.97478853519362,66.98773136136333
83,82.99960404015927,67.00955563191641
83,83.0069103093815,66.99460995594293
83,83.00566860656647,66.95730883148691
83,83.01640884482015,67.0193146144539
83,82.97026089289777,66.98676737269942
83,82.99546122329441,67.04214244380564
83,83.00430501858568,67.03201962323264
83,83.01120112882538,67.01802722192855
83,83.03389433906207,67.01377086528166
83,83.04026286389765,66.99604472656074
83,82.99972306632597,67.01875315507581
83,83.0060524082994,67.03264211184631
83,83.00382305303803,66.96598085246526
83,82.97382774710985,66.9946637815906
83,83.01092619583241,67.01455314384694
83,82.99409070873976,67.02354103300836
83,83.00343812590768,66.97072324277379
83,83.00295743860143,66.96966195660548
83,82.95250992571032,66.99352933809227
83,83.03446572322761,66.98718835553984
83,82.99928255491766,67.01861376351728
83,83.01977094314321,67.00339885972387
83,83.01718514223808,66.99710955693435
83,82.99964995166224,66.96837082579059
83,83.0455106966474,67.01819988708597
84,82.96754787740467,66.98592973514755
84,83.04238206353632,67.0022267999246
84,83.00211856656205,66.96043526778125
84,83.0155898271314,66.99636224576616
84,82.99492301376797,66.99939942776176
84,83.00941754699237,66.99029772641147
84,82.98313517526469,67.00160569232074
84,82.98714716795911,67.02074118586104
84,82.99421901591832,67.01474325243873
84,82.96322118509285,66.97044839917653
84,82.98448282349129,66.97347148902307
84,83.00090914452885,67.02261763736391
84,82.99070268066487,67.02783885517809
84,82.99369663733427,67.00209186265312
84,83.03770581488057,67.02851744696278
84,83.03726232465885,67.00201391790024
84,83.00374802753056,67.04898246288026
84,83.04668487239128,66.99214237658873
84,82.95447523002579,67.01632192404224
84,83.04291923176322,67.00708191534383
84,83.00941702032468,67.00519154765861
84,83.00152609965579,67.04710255301929
84,83.04394910916264,66.98486149030346
84,82.97215756867708,67.03722649438876
84,82.9676466206891,67.02989459290389
84,83.02858108920942,67.03881066815563
84,83.01310354139333,66.9785065358366
84,82.99664114033504,66.97834001011628
84,82.99456701232934,66.9503656898255
84,83.00620105461194,66.99821179227068
84,83.02266647180802,66.99007305118742
84,83.04811201429044,66.9924391315938
84,83.01028115049088,66.9993699599922
84,82.98932948014058,67.03491237056598
84,82.98261031914583,67.01117712536345
84,82.97769008855863,66.9611089321172
84,82.99517865092089,66.98994801360317
84,83.02386158643604,66.99489107419882
84,82.99710662502399,66.98823192965105
84,83.04410039854649,66.97805654690147
84,83.02449339175,67.02170966171964
84,83.02968090929036,66.99635170868987
84,83.0061667888094,67.02887239710955
84,83.01334773905765,67.01072238456864
84,82.97335610123241,67.00980207520928
84,83.00603424939582,67.00776587175534
84,83.02526625857386,67.02213964749905
84,82.97335610123241,67.00980207520928
84,83.03964551437892,66.98754055319438
84,82.98030666525439,66.97374861752178
84,82.9838517753213,67.00851805009292
84,82.96558065434111,67.02035575291792
84,82.99291938519335,66.96745107145523
84,83.0126396084986,67.0116675172452
84,82.95942585289441,67.01717053964579
84,82.95970981069964,67.0021768561771
84,82.97303734539567,66.98273669733153
84,83.00275308396735,67.01580630946125
84,82.97727987757,66.97530356237378
84,83.00460889377489,66.98091672398552
84,82.9895324243754,66.99726942596791
84,82.96208813561077,67.01963916213604
84,83.03943838090024,66.99575419346108
84,82.99842754185435,66.98414624694576
84,82.99850995064813,66.96364308591251
84,83.03578697193471,67.03147745653223
84,82.98463487556988,66.96640104214669
84,82.95585708757268,67.00571150928265
84,83.0043234542726,66.99563735701638
84,83.03885736931316,67.0195075832744
84,83.01729738036774,67.04405655519291
84,83.0141684584586,67.00629989816343
84,83.02372138677806,66.99927478308824
84,82.98317989723365,67.00605008926838
84,83.0086217827096,67.00937901169179
84,83.03519398361001,67.01681548094099
84,83.01321817311545,67.03034566516594
84,83.00065409055014,66.99747341061862
84,83.03816498641856,67.00708830795756
84,82.98103810154207,67.03642521295791
84,83.02859198291294,67.01817147846437
84,82.98584312808289,67.01873237847457
84,83.04017718485846,66.97221303379399
84,82.98246277254867,66.96511481463058
84,83.03518539338373,66.98139932735461
84,82.99326696963246,66.95476405075536
84,82.97801942658398,66.98083053773256
84,82.99204237515696,66.96512832767196
84,83.01497986871077,66.98932870417057
84,83.0102079517528,66.99854546488858
84,83.03374693329377,66.99508082867263
84,83.03903142667671,66.98908325903423
84,82.99139709408323,66.96369250193905
84,83.04516264282023,67.00407620902605
84,83.01306351456928,67.04399701246149
84,83.00874970690494,66.99892498262372
84,83.02282168836439,67.00919250071752
84,83.0160408226262,66.9938497894816
84,82.99624559867077,67.02835244870094
84,82.99468520805858,67.00690259739375
84,83.00351451781226,66.9950384497559
85,83.00483985115483,67.04469741896989
85,83.03707657585426,67.01660826829912
85,83.02935701974992,67.0091812140129
85,83.00307612022728,67.0482041431075
85,83.00138938045042,67.00914650297723
85,82.98474688469219,67.0013265105393
85,83.00453564065857,66.9846591890531
85,82.99182799744759,66.99536638333309
85,83.01025396630831,67.04174457937623
85,82.99892635788157,67.01323447352334
85,83.02297578418421,67.00622301895083
85,83.00308785172281,67.0041307627047
85,82.97321946808134,66.99050908450465
85,83.03657235497,67.00399396574606
85,83.01170700013148,67.03756196971429
85,82.97092075677641,66.9704592990868
85,83.00905067730221,67.02870859515993
85,83.01183810449005,66.98263641691929
85,82.96855748701962,67.00425703903326
85,82.99964538278363,66.98411705825606
85,83.03779816712343,66.97879923934909
85,82.98596122790217,67.04263091357468
85,83.00979959341214,66.99456379847422
85,83.03235768914915,67.01103819503507
85,82.99435030903275,67.03693093999202
85,83.02739685036232,66.97235778856557
85,83.00582203555702,66.98233858838601
85,83.01152003133731,67.01561005319664
85,82.99466394172049,66.96543392343942
85,83.01293127421378,67.03253536355835
85,82.98807675435326,67.01056468299515
85,82.96314553953671,67.02871994071744
85,83.01423039463819,67.007404760457
85,82.96128335969443,67.00375405315538
85,83.02497944195646,66.98684647261749
85,82.96312168896478,67.00939604719572
85,83.00337303733183,67.00890540013818
85,82.99842880775186,67.02639566359632
85,83.02430847553151,66.9743303162318
85,82.98180067124164,67.0424558950804
85,83.0399402035506,66.98589459989113
85,82.99444132853695,67.01297319910985
85,82.96448219713508,67.03304607033378
85,82.98628629675986,66.99287507878267
86,83.00970784210791,67.02099750806715
86,83.02552114409221,66.98175365330913
86,83.02783192929657,66.988537602524
86,82.96568982530148,67.03467867072102
86,83.01880644666647,67.0445281775562
86,82.9761982786146,67.0148968829123
86,82.98298536188423,67.02827478103828
86,83.01959247877564,66.9794202747532
86,82.98281908926141,66.99815976278954
86,83.02389764328377,67.01229390566773
86,83.02579014461726,67.02499120736482
86,82.99488293937203,67.01060611255828
86,83.04439498988523,67.00280631623811
86,83.00783620544694,66.9824953276708
86,83.0047883541939,66.9813640636491
86,83.00002585049329,66.988834421142
86,83.0186564896394,67.01347836823615
86,83.03447177844528,67.00258416627746
86,82.96312496253329,67.00027076215989
86,82.95914960544341,66.987021110422
86,83.01573396532241,67.00874124542243
86,83.04365765751872,66.98558391999427
86,83.04162457428232,67.02594447102815
86,83.0051508051837,66.99865445047864
86,82.95521959026397,66.9879935711995
86,82.9717367342223,67.02837895454437
86,82.98493577996108,67.01550463001799
86,82.97868483378784,66.9781378695594
86,83.03117778758532,67.00218524283582
86,82.99739765819128,67.03035267076852
86,83.03781803565316,66.99398318221472
86,82.97878791129544,66.9737872072342
86,83.00378297598388,67.02099589912409
86,83.02070781703247,66.99167843281303
86,83.00910568789101,67.01336229030112
86,82.97920750191716,66.97922041573266
86,82.98760741695385,67.01165681859945
86,82.9934205564768,66.97959533375914
86,83.03320743165318,67.03034700958158
86,82.9958495654977,66.9923914654967
86,82.98199871108007,67.01235343529106
86,83.01297039665072,67.00743640460094
86,83.03145336981427,67.02846343716902
86,83.0047676006679,66.99800398766465
86,83.03158860017926,67.00041826793168
86,82.95862428722229,66.99752878983102
86,83.01395762855256,66.97974316110124
86,83.03885736931316,67.0195075832744
86,82.97502430955058,67.01982518072153
86,82.97238999234682,67.01913372835082
86,83.04504130544147,66.98024550584186
86,83.00128197462854,66.96035086797492
86,83.01180985586696,67.02815755172958
86,82.95268729033653,66.99677463605009
86,82.97657082315455,66.99340010814912
86,82.97887405064941,67.00681834217559
86,82.99662823372513,67.04726329373419
86,82.98049580781225,67.02455728475037
86,82.96617162835321,67.00622872264024
86,82.97616993051899,67.00759537133327
86,83.01430647785826,67.03456730379439
86,82.97989930022968,67.0272805259627
86,83.02855921040593,67.01144652106628
86,83.02147808136657,67.04364214709794
86,83.01719432727272,66.99352765289453
86,82.98744032121517,66.99582991016449
86,83.0072311656201,66.99804433371058
86,82.98732445083292,66.98852534495495
86,82.98061312839538,67.02857899787018
86,82.9936072227208,66.97775442040671
86,83.00746145135126,67.00225882818845
86,82.99311398819175,67.03368193981389
86,82.96208556077175,67.0199236854627
86,82.98760716847038,67.00120003567766
86,83.04541006035564,67.0151881929796
86,83.00208203280916,66.98161865054587
86,82.99563650678118,66.99714664938236
86,82.96085171995576,67.00468348892399
86,83.00423363907409,66.95971689274339
87,82.99346166178235,66.99831533410503
87,82.99925395327223,67.02208819194975
87,82.99185395046781,67.00591831274487
87,82.97192250610875,67.03628286186768
87,82.98560581892801,66.98952539759536
87,83.0037088609046,66.96093552317217
87,82.97820854472427,66.95797295237506
87,83.00231097705105,66.95858087686234
87,82.95239404539213,67.00764973321931
87,83.03699828854718,66.9774364568788
87,83.04045967584311,66.99904965315528
87,83.01293127421378,67.03253536355835
87,82.98458654744024,67.03158743724772
87,82.98148450506551,66.96130241441307
87,82.95609778844437,67.0004040811189
87,82.97836374085865,66.96982213563854
87,82.98394192933537,67.00526834443664
87,82.98599392924822,67.0418813748104
87,82.99742796954148,67.0247053194551
87,83.00668990417498,66.99689892472334
87,83.02853326906627,67.02166849906433
87,83.01213612679379,66.9945512554236
87,83.03517718797633,67.0075475407874
87,82.99045665978366,67.03055974216893
87,82.98579876781127,67.01266738042872
87,82.95677657159433,66.99632103981408
87,82.96048449094265,66.98699011995656
87,83.01087432486193,67.0410944524735
87,82.99909866236584,67.0394601342816
87,82.99284771348081,67.00224917262815
87,83.03474577494111,67.00293651347832
87,82.98946476039887,67.00441825634583
87,83.01501628058531,66.97132653479753
87,82.98369217072577,66.96557367440145
87,82.99027144868785,67.04006745579623
87,83.03903908330805,67.004275041514
87,83.02221202363914,67.02711249133651
87,83.01280308592722,66.98938671896138
87,83.01594677708938,66.97879741466463
87,83.01602706437201,66.96439650023315
87,83.0148172440384,67.01729091102848
87,83.00709682636368,66.96412590542678
87,83.02392446354814,66.97333874267656
87,82.97249436914767,67.00419616552007
87,83.03164558212951,67.00805620398754
87,83.01155414463663,67.01825727418198
87,83.0134757716865,66.9530026132229
87,82.95838309975149,66.99505108985039
87,83.01664836237616,67.02539920485658
87,83.01610612308559,66.97716628485007
87,83.02611280614089,67.03493855247319
87,82.99634922926386,66.96673513707427
87,83.02324770661997,67.00219226158285
87,83.01518667758995,67.00488235169996
87,82.97858861431277,66.99959863550671
87,82.99660516787227,67.0437150103238
87,83.03204152175394,66.96573029939765
88,82.97631838554666,66.97690015506785
88,82.96955893140327,67.03529243250382
88,83.0363708783286,67.02081649688729
88,82.98141878176605,67.00588949731305
88,83.04262418030832,67.0073085902266
88,83.04577015763194,66.99602020988254
88,83.00478252072855,66.99480549634559
88,82.99380175243857,66.97283216426776
88,83.00854939833692,67.0189401637779
88,83.01638755458123,66.9951727460822
88,82.97701362039663,67.00446250219112
88,82.97472370173156,66.9756945834404
88,83.04679609092014,67.00645847182439
88,83.0120083099755,66.98553502227955
88,82.9741635872167,67.02322735143443
88,83.03390320949879,66.99987439234425
88,83.01129752046796,66.99714562562666
88,82.99878354110767,67.00545117168961
88,83.01979834154332,67.00227115968616
88,82.98602609514087,67.00666938327647
88,83.00963746163025,66.99866254747658
88,83.01464300752527,67.04432274360225
88,83.00356400951856,67.01659092744916
88,83.01549603501118,66.98239908836418
88,83.00773334931847,67.02425426863041
88,82.96902710197907,66.97004933424948
88,82.99830349447718,67.02675878990854
88,83.03227016121471,67.03348755280281
88,83.00940772443465,67.01726041154701
88,83.03272410980239,67.01641459851102
88,83.00771485493227,66.98357446760751
88,82.99641401533071,67.01070325898259
88,82.95969306558149,66.99756085582635
88,83.01645608245101,66.99849774701781
88,82.96916335913907,67.0057123122726
88,83.0082706611226,67.04634509480184
88,83.00716747098562,66.9626507474663
88,83.02574698977458,67.01543176380221
88,83.03788982617016,67.02909576072176
88,82.9965244648255,66.952824572555
88,82.95612499265779,66.97786017637387
88,83.02052728960828,66.96476443266899
88,83.02214916676068,66.96077862039132
88,82.9979901015874,66.98597347975644
88,82.98355567546868,66.97579560171863
88,82.9977769575729,66.95798387509807
88,83.02241196403978,67.0176294330171
88,83.01155510189335,66.98908616873408
88,82.98630645283582,66.99008685476221
88,82.98787326434174,66.99178707564681
88,82.96840318809693,67.01095515195125
88,83.02092565575487,66.98637932753766
88,83.01896449477746,66.9576757187833
88,83.03037317861522,67.00611177607229
88,82.99176438026583,66.99977418804752
88,82.96101161111181,67.02888863840083
88,83.01991947708758,67.0348191279894
88,82.96519833899517,66.9875558865395
88,82.99650238571535,67.03875975391519
88,82.99266218083751,67.03455753144672
88,82.95438335810121,67.01620219652082
88,82.95958573302705,66.97928812998707
88,83.03537946814865,67.01704679305828
88,83.0295679949113,67.0075416810737
88,82.99727729370804,67.01720821447222
88,82.96346105797683,67.0178094746406
88,82.9975666826779,66.96002672717958
88,83.0261758648289,66.9681523888234
88,82.98370547627015,66.95992889029922
88,83.01056330911841,66.97228343845798
88,83.00900266151767,66.98147923837855
88,82.97382496478471,67.00212928632536
88,82.9685392882547,67.01470919572265
88,82.98790585791666,66.98400303791682
88,83.01102459265914,67.00816496470442
88,83.01644929615692,66.96239221355181
88,82.97906970066686,67.02869861600911
88,83.02575013260805,67.01509657218129
88,82.971826407477,66.99183602202054
88,83.0297230275584,66.97779172378092
88,82.98823780925468,66.95514744544782
88,82.97350704698403,66.99080011099653
88,83.00811883831751,66.98149356758822
88,82.9628423946546,66.9798306318756
88,82.97207859811897,67.02492532425626
88,82.99043868368041,66.99758391818706
88,82.9894465793656,67.02957282604002
88,83.04534953166076,67.0058326203315
88,83.04266741512352,66.98475970591139
88,83.01932685302504,66.99703310502895
88,82.97158960275029,67.00577412545645
88,82.99306235228799,66.95802531940744
88,83.03099879050974,67.02249617465968
88,82.97877594289916,67.03705914295533
88,82.98061464405382,66.95581857164986
88,83.00485900656305,67.00772420509604
88,82.99559331783321,67.03566143130357
88,83.04031323594504,66.99758913836237
88,83.0077700960451,66.97804052204987
88,82.95919698594926,67.01626720142964
88,83.00447826650654,67.01191980733341
88,83.01956032853892,67.01467092224263
88,82.99581373740844,66.96555054465713
88,82.96814202195806,66.9826556057841
88,82.99184050897476,66.9995071470057
88,82.98898651740473,67.02334958751837
88,82.98164543358763,66.9770577544046
88,82.9788916557305,66.98133906667466
88,83.00917367024368,66.98070618318918
88,83.02406969873162,67.0072241014534
88,82.9741087586706,66.96540265238113
88,82.99795854725512,66.98608065180558
88,82.98088116689195,66.96705866230143
89,83.0120083099755,66.98553502227955
89,83.00910568789101,67.01336229030112
89,83.00342213388566,66.95250641373799
89,82.98311301703482,67.02773973767876
89,83.0081700403151,66.95487365490854
89,82.99436515137518,67.04955792256133
89,82.98475875347428,66.98059787360135
89,82.99870032345613,67.04816833138673
89,82.99665156138742,66.9667151847009
89,82.96261504350105,67.01646447459838
89,82.98663451753356,67.01955425101983
89,83.01043137752848,67.02860194679296
89,83.02746053060329,67.03926368954649
89,83.00275262883906,66.96083946156011
89,82.97875894229972,66.99246634546061
89,82.99435733238874,66.98470058646673
89,83.03252126861689,66.97409909884323
89,82.97538821972181,66.96057301351604
89,82.9770603175791,66.96226021702455
89,83.02316961417179,66.99098094009301
89,82.99852026292099,67.00271387400497
89,83.02408757067707,67.03771448178057
89,83.01724266423575,67.02041501245674
89,83.00617781891559,67.00961973603351
89,82.96977347214319,67.03688700795153
89,82.96048978261337,67.0139585918375
89,82.96371302827974,66.97773426515884
89,83.04061537591038,66.9746058277597
89,82.99049153459615,66.97817593023915
89,83.00742253378714,67.00242369245622
89,82.95906405662976,66.98177955468543
89,83.00526490205333,67.0215239446844
89,82.96556723171943,67.01392415668872
89,82.96618075098766,66.99976613803604
89,83.04051481377842,66.97769134358954
89,83.00489059189631,67.02926230125294
89,82.99075610324086,66.9776707544227
89,82.96272368922597,66.99434812546228
89,83.02616806150374,66.96992872551708
89,82.99008745297539,67.01365909860479
89,83.00985639832147,67.0294909879833
89,82.9867119314799,66.98185558045898
89,83.02572240265913,67.00380886921496
89,82.96723381662794,66.96542044220557
89,83.001991778449,67.00080598968873
89,82.99631660876905,66.9832253141722
89,82.96822815609609,67.01724765779369
89,83.03808270750801,67.02238228020394
89,83.02500116275509,66.96785535239194
89,83.00306121109519,67.0109529826764
89,82.99958177725308,67.02904736525979
89,83.01393808791457,66.99517782177492
89,83.03129647129845,66.97232667986995
89,82.9840490111826,66.9825501167179
89,82.966345888453,67.00870741202434
89,83.01466262601313,67.01025290821798
89,83.01129092885775,66.97682213824233
89,83.01272737756844,66.96402246492092
89,83.0061069093619,66.95267179788365
89,82.96579753584722,67.01762718324986
89,83.01516008385006,67.02115919160255
89,83.00578071662653,66.97966974410059
89,82.98290293503115,67.00347794380234
89,83.02948106270782,66.99163123912545
89,83.02644304555353,67.03184709490813
89,83.01882264871576,67.0424211805203
89,83.02081645554496,66.97656756563215
89,83.00495840305813,66.96256057474794
89,83.03112943662074,66.9910363018911
89,82.96582246020049,67.01235783362799
89,82.97352636095424,66.96791663689446
89,83.0123505085949,67.00072599678417
89,82.95615640001347,66.9890457191019
89,82.96302358747465,67.00841993765269
89,83.00668914780489,67.00739239984517
89,83.01368952994234,66.99868626955116
89,83.03495384608372,67.0208277921287
89,82.97855752934954,66.97285206313276
89,82.98562761227682,67.03765980653878
89,82.9757963919479,67.0238106364908
89,82.98807128158465,67.00977691127603
89,83.04331496442165,67.00236255112917
89,82.99495677155086,67.04515145737052
89,82.96206382128409,66.99379833853845
89,83.01617611553209,66.98865613882568
89,83.00998385094829,66.9671672286462
89,83.00196488219494,66.95774045590635
89,82.99156039762804,66.97820842494649
89,83.00305976733306,67.02144614494694
89,82.95506615317217,67.01682428806721
89,83.00775925878972,66.96463937814516
89,83.00090012756186,67.03108219656319
89,82.99450321540246,66.98935869208033
89,82.96115905785233,67.00141700147617
89,83.04507634954952,67.00065220818452
89,82.98922439664977,67.02385044712062
89,82.97220012818798,66.97450389995826
89,83.01597754118353,66.97127265665392
89,83.04229444227877,66.9969367795148
89,83.01041057628268,66.9683208222866
89,83.0011804186222,66.95933883797885
89,83.04113749451888,66.98966810330509
89,83.02254765925971,67.01945293285534
89,83.01035100486585,66.97088845874266
89,83.00750984770723,66.97962325335841
89,82.99979728814382,67.00923497179224
89,83.00421866772723,67.01766233894087
89,82.97285494305346,67.03276261243931
89,82.99768961754798,66.9764552290025
89,82.97693559130748,66.99536610070271
90,82.96273801462613,67.01909959623002
90,83.02462525082946,67.04235534632991
90,82.99544439808489,66.9879767223029
90,83.00863162126504,66.9690551646201
90,83.03680763633483,67.0286550660281
90,82.99498959582675,66.97611251041484
90,83.04071379289357,67.00706247954324
90,83.02724409623319,67.02672909068488
90,82.96650693930576,66.98473705311132
90,82.95679492327577,66.9973763809294
90,82.9829179119725,66.9993623286056
90,83.00256947520148,67.0176015798145
90,82.99761488894225,67.0085000490357
90,83.0146718362783,67.04532356345247
90,82.97092945958795,66.97264032681778
90,82.97541066164199,67.00264235665871
90,83.0103384553984,67.01713766946412
90,83.01501012537051,66.97419596253495
90,82.98661280197292,66.99494627739357
90,83.04374669849288,67.01400648746085
90,82.97426967081543,66.99826060104556
90,83.04632770420619,66.98285420087578
90,83.0344544121722,66.97206024628439
90,82.96963048535436,66.9664364384311
90,83.0105390307221,67.03796264381666
90,82.96019064127542,66.97581504571536
90,83.009073099805,67.02076398499077
90,82.97687766558174,66.99400267625788
90,82.97592823395365,67.02321640464574
90,83.01101549021669,66.97160624667897
90,83.00253564270693,67.04244481609192
90,82.99720568767438,66.9779388893631
90,83.02348233114745,66.99752169406732
90,82.97347088479908,66.96706017415318
90,82.98015045512868,67.03922456815783
90,83.01078904536689,66.99014717596886
90,82.97275288787726,67.0409131382125
90,83.03181268687628,66.96150668298853
90,82.97133822578942,67.00206111012453
90,83.00293410374799,67.00774517162856
90,83.0159966116617,66.9793878002256
90,83.00708696238051,66.97962124159581
90,83.00357342130052,67.02736251165568
90,83.01592022812241,66.98585544803576
90,82.98803424210931,67.02195844949101
90,82.95611000738344,67.02027259581149
90,82.97652857567272,66.9977107259946
90,83.00762507516475,67.02864264735173
90,83.00391429175171,67.00218652552415
90,83.01987883009207,67.00349960180105
90,83.03438724725467,67.01753891108385
90,82.98062952712897,66.98757207523373
90,82.9716641637457,67.0020088350436
90,82.98430866468108,67.00588434091567
90,82.99994595458574,67.04939418658361
90,82.99316218125395,67.04596988948103
90,82.96032298590848,66.97176288580904
90,83.03324642718385,66.9855550680876
90,83.01129092885775,66.97682213824233
90,83.00412947413051,66.99860752908398
90,83.03509050233802,67.0072127311939
90,83.01956783667194,67.04293279701055
90,82.99981449236694,66.97935792621118
90,82.97485811536461,66.97863817272152
90,83.01596525380197,67.03771795783477
90,83.01907550570152,66.99116938741969
90,83.02605451173429,67.02252215934307
90,82.95995270937985,66.97372119931671
90,82.98959752675499,67.0481309836324
90,82.98552916722876,66.97530350480892
90,83.01067410787957,67.04007129654215
90,83.02736049162775,67.01809895244344
90,82.99982014326395,66.96258063047699
90,83.04197026333166,66.97684136911086
90,83.0017059264439,67.01201520276575
90,83.0355569074832,66.99821059491217
90,82.98126316275695,66.99680561052932
90,83.02171372023419,67.00162426887438
90,82.95545325402384,67.00625126641025
90,82.95835812201231,67.01937265661718
90,82.98396692032313,66.9846952119396
90,82.98332911381793,66.96348533270174
90,83.01817080132021,66.9596224686237
90,82.97602496072872,66.98713037803158
90,83.0095279435945,67.011657268524
90,83.02331639046201,66.98650712550274
90,82.96568058292989,67.02127430044827
90,82.99068861055355,66.97306883274548
90,83.0112840682236,66.96265428885387
90,83.03607713590536,66.9932307719431
90,83.03824966428105,67.00723769196776
90,83.02069789398415,67.01464877052645
90,82.97887405064941,67.00681834217559
90,82.96311043796241,66.96933932509188
90,82.95510058187286,67.01806413057831
90,82.97002946549311,67.0366987978828
90,83.04467767854173,67.02002133132426
90,82.99528903029525,67.02688257760677
90,83.0384307464987,67.02684764142671
90,82.97999823673402,67.02685107901748
90,82.96366976651174,66.97988913925533
90,83.0404815488262,67.01334446956129
90,83.00159514706189,66.95903544373986
90,83.00175239815125,66.96825615819087
90,82.98118974150584,67.00438974295271
91,83.02266647180802,66.99007305118742
91,82.95634401432218,67.00567036575427
91,83.04084769260345,66.98788167604857
91,83.02333504175374,67.01524441243686
91,83.02853920006281,66.98085722016167
91,82.99647527587318,66.99713440369975
91,82.96242040101258,67.01030651216502
91,82.96848359469863,67.03237115917534
91,83.01677991048348,67.01775182133214
91,83.00541210748104,66.96939965222782
91,82.99681404132956,66.97031278527389
91,83.01128076541606,66.99873189726792
91,83.00595878873138,67.00791394600125
91,82.98558761927447,66.99903466511284
91,83.00256206022034,66.9984446154774
91,82.99742556965288,67.02045071282608
91,82.99814808209987,67.02117416913386
91,83.01302947068457,66.9737745223713
91,82.97975464784123,67.01188127265604
91,83.00221902179824,66.98832650888745
91,83.02612809927908,66.99795354745379
91,83.00577980411374,67.01539461534183
91,82.9749829205165,67.02866953806324
91,82.99119815543196,67.02057930659913
91,82.9602667512054,67.00500513642578
91,82.99988429829924,67.00736500110071
91,82.98721598848915,66.9551449843128
91,82.99437932768724,66.99036045742231
91,82.98916494215635,67.01403519735679
91,83.0133222325439,67.00873452989279
91,82.97468633632562,67.00383858178937
91,83.03525160682901,67.0026560739542
91,82.99576704529049,66.97264999246771
91,83.01996512478782,67.01897254836587
91,82.98626583210967,66.99121755894994
91,83.03316644179421,67.036764700152
91,82.97744637565245,66.99382915973528
91,82.9832814181496,67.00987249765564
91,83.01482566596952,67.03853889658521
91,82.97629269960342,67.04375271963752
91,82.98516191156132,67.0050471806641
91,82.98358271678168,66.97562839502902
91,82.98455856424512,67.03656602419606
91,83.02424054739458,66.96501161114722
91,82.97123541137687,66.96665350032409
91,83.00821786351149,66.97976166925861
91,83.00747135320867,67.0107132010617
91,83.00533632861973,66.98736289559946
91,83.00576327249026,66.98952636581011
91,82.9971692545745,67.00276545213137
91,82.95596306083797,66.97924895161859
91,83.01127568427816,66.97323575348004
91,82.97851587402526,66.98306038112634
91,82.97123050869682,66.97939964645546
91,83.00155334334191,66.9738780865941
91,82.98793039652928,67.00556178559404
91,83.02234010795274,66.99585280663935
91,82.988726758139,67.00398236675187
91,83.02472125601135,66.99473065197019
91,83.03054083176293,67.00514759778981
91,82.99380965648183,66.98774624376462
91,82.98865435449629,67.03206933967901
91,83.00977516586043,67.03115496910014
91,83.03460596264419,67.01777393503546
91,82.97397172235573,67.00212590126584
91,82.99038921137661,66.99530552905149
91,82.97008028184324,66.99099712633554
91,83.01294531982018,66.974569678662
91,83.03265585324633,67.0054922136412
91,83.00331492859506,66.98442056536828
91,82.9802657168691,67.02886547259062
91,82.97133584375544,66.97979789392193
91,83.00985081082369,67.00719775968155
91,82.98259954475627,66.99806813999903
91,82.9777089926493,67.02761578712739
91,82.971506583997,67.02401800094816
91,82.98817912230592,67.01704146699669
91,83.02745593466639,66.97431228156054
91,82.99530970021566,67.01419984967133
91,82.9617549692917,67.00506092906703
91,83.01419875686011,66.99544815756263
91,82.99644473058082,66.99776752377188
91,82.97383948707503,67.03279813688377
91,83.00675070969005,66.97906387631204
91,82.99591784827967,67.0030144989446
91,82.99505498163516,66.97333321071596
91,82.98040719066641,66.98772215745278
91,82.99739765819128,67.03035267076852
91,82.9855315717836,66.9643422201576
91,82.9856747689418,67.03930824802795
91,82.97927754773093,67.02919862523532
91,83.02717080537069,67.00043697722366
91,82.98227773612354,67.01094637246918
91,82.98065871688766,66.99855206245432
92,82.96428892344555,66.99637839454087
92,83.00079376579306,67.01354481103549
92,83.02417746710977,66.97126944244093
92,82.96963720669282,66.99895915724943
92,82.98280690807609,66.98521724007355
92,83.00574585768173,67.03043778182587
92,82.98605843266367,66.99533984151796
92,82.97382114245889,67.00804626355391
92,83.00318979461079,67.04025237694806
92,83.03771401150604,66.98877989705062
92,83.02702418826938,66.97560933851943
92,83.01271202770553,67.0347616905455
92,83.00754631872368,66.97138449701117
92,82.99444700167808,66.95440973251775
92,82.99194400013585,66.97533680025646
92,82.95450166276068,66.98440647146097
92,83.02887817470057,67.00558136225833
92,82.97592344725456,67.04108640726791
92,83.00291921072757,66.96699777021186
92,83.01478183555261,67.00275563720946
92,83.01852933494753,67.01673915766493
92,82.99994265785575,66.97051043794666
92,82.99016695636891,67.01994133333375
92,82.97948414389218,66.97187005359484
92,82.98997147434643,67.0437829459462
92,82.98860298318604,67.03070573664999
92,82.98822581728379,67.04403968395594
92,83.00339518540576,67.02152165301081
92,83.03277876014938,67.01066528291307
92,83.01190668661735,67.0065489707881
92,83.03967831591025,67.01479071431551
92,82.97717612288687,67.0053099670881
92,83.01442753252489,66.96262114841655
92,83.02165260038947,66.99310016256608
92,82.99577409631775,66.96440891484802
92,83.018136250546,67.02444362777626
92,83.04264631285768,66.98233469323473
92,83.01827762951325,67.0186458461117
92,83.01847201368844,66.99522326125609
92,83.00484947909881,66.95576067050331
92,83.0207722739892,67.03082328750695
92,82.95534138136247,66.98574982092549
92,82.97327722344725,66.98160243719089
92,82.97821561169629,67.04318809045091
92,82.99140520279305,66.98595133042868
92,83.03134458563707,67.0353704271427
92,83.04766372528495,66.99327294350039
92,82.95143251687068,67.00649933693525
92,83.0155737816231,66.98650032158554
92,83.0117642838347,67.03444579919494
92,83.01199565356985,66.97780438309073
92,83.02713184904681,66.9910477774604
92,82.9716339426956,66.95941169561813
92,82.99319228185762,66.98169843513953
92,83.03203491517974,66.99505088694464
92,82.98561252091895,66.99728039573772
92,83.00785218051048,66.98303677427634
92,82.95499081596734,67.01686106552717
92,82.95435431608578,67.0093765953297
92,82.98991595478796,67.00363780387538
92,82.99993901857263,66.95427046259027
92,83.0260461867744,67.01036869808834
92,82.9926222976424,67.02892667361722
92,83.03270603011268,67.01552126953676
92,83.01304318902997,66.9835549778863
92,82.95594415935243,67.01274066305386
92,83.00264468255065,66.97567567033087
92,82.96759649537417,66.98372783768562
92,83.01068018370559,67.00609856519284
92,82.98694641908352,67.03735703765382
92,83.04061529387089,66.97661706305323
92,82.98716568680769,66.98896702582309
92,83.00231170165713,67.00126974926873
92,82.96500492525064,67.00885669880284
92,83.04158894325779,67.02112004303734
92,82.98751243785038,66.9795941712978
93,83.02174761512767,67.00314662194234
93,82.99481637090396,67.02360586394963
93,82.99788477182422,66.97625136271431
93,83.0454773017977,67.01765411132521
93,82.962332070004,67.02764018098948
93,83.0026355784999,66.96106695778836
93,83.01435086385355,66.99622723329779
93,82.99561279199102,66.99302300964146
93,82.9898078588024,67.01689525070145
93,82.99446306887643,66.96322522322438
93,82.95273508530332,66.98468644018973
93,82.95239404539213,67.00764973321931
93,82.98702376619953,67.02827123628708
93,83.0104158045981,66.98776183153521
93,83.00920277222578,66.99379012745909
93,82.9925674408473,67.02307932497234
93,82.99702715012855,66.97654854080932
93,83.02660623498775,66.99488279270905
93,83.00204837967571,66.98139441535038
93,83.02943854857705,66.98959552944757
93,83.02783191380585,67.03441483652843
93,82.9876933662341,66.98248235861077
93,83.0420089638859,66.97628283459085
93,82.99767858270255,66.99589291070521
93,83.02290230612225,66.98904152954023
93,82.98290293503115,67.00347794380234
93,83.00809179151877,66.9632060588664
93,82.98153853525264,66.96786167208369
93,82.99731464059982,66.96479419636998
93,83.0158894095308,67.04601469169528
93,83.01024505804008,66.99826523738987
93,83.01243015140473,66.99585919017989
93,82.97462945405128,66.99930486585356
93,82.9943765745324,67.00732003575231
93,83.01722412712604,67.01726985139328
93,82.98066624833488,67.02036222463896
93,83.00388143556414,67.02416368287005
93,82.99516345586049,67.04962008621371
93,83.03128313171355,67.01378333707986
93,82.99302666696016,66.98614083259737
93,82.98937185041304,66.98096776864473
93,82.9639318338178,67.01395762471844
93,82.97005741972683,66.99541993091934
93,82.9885653520147,67.00799672933094
93,83.0194935614906,66.98926895560068
93,82.95322259363668,66.98972608107778
93,83.0429255001989,67.00003379400889
93,82.98719157881112,67.04730580196716
93,82.99676675545005,66.993633108594
93,82.96884819806208,67.00451072227928
93,82.98068792888337,66.95397180426063
93,83.03055767967336,67.02839479808688
93,82.95446946956069,66.99996052421525
93,83.01216013466177,66.9591908365416
93,82.99156362628598,66.9897432114304
93,82.99756614514315,66.97859520449526
93,83.03869101597057,66.99299410782416
93,82.99250472780635,66.96938483219822
93,82.9518048635717,67.01298293884183
93,83.00500592427584,66.98327176901284
93,82.96091458292757,67.02496627234218
93,83.03275576124484,66.99652336199713
93,82.96948388293232,66.97252647950228
93,83.03165939167638,66.9995979983504
93,83.01490796385455,66.96929805544468
93,83.04699829426643,66.98431169690572
93,83.01202203912695,66.99504783825559
93,83.0222246029501,67.03558915301247
93,83.0036482402025,67.01968983934417
93,82.99763876904463,66.95628761458725
93,82.97082460408893,66.97092523796134
93,83.0063940761834,67.04020602416553
94,83.03464329549976,67.01475311893014
94,82.99385882465484,66.99013515259466
94,83.02532913927612,66.97164698663917
94,83.0077700960451,66.97804052204987
94,83.02552499312486,66.9708840530559
94,83.00173671281206,66.98666613637063
94,83.01820477109571,66.99702458669071
94,82.98546193979656,67.02258098630506
94,82.99915247471647,67.03913798230367
94,83.01470564813617,67.01018228271202
94,83.0122911569001,67.0127052244392
94,82.97163477069668,66.96988382785382
94,83.0128533517244,66.97422461057442
94,82.97820196850255,66.97689223938289
94,83.03465219997733,67.01194791237367
94,83.02866991756429,66.96371725434598
94,82.99070716072227,67.02106350248155
94,82.95876331963606,66.97424655112758
94,83.01504855429783,66.95482254877058
94,82.95812291103428,67.00850406860913
94,83.02530596001031,67.03574168719403
94,83.00963960984794,66.99268825106375
94,83.03311819473775,66.99034257869268
94,82.97979469610543,67.02574099099726
94,83.00622348383648,67.02560459905365
94,82.98809256723072,66.98863375687694
94,83.03095228440704,67.03751150355907
94,83.02983244987271,66.98348179322761
94,82.99215661095677,67.01934739909869
94,83.02875867243024,67.00978493979885
94,82.95950000602599,66.98851351872295
94,83.018309902709,66.97438462795564
94,82.97698364072265,67.03373490271068
94,82.9824546072289,66.97482113892482
94,82.99122486643573,67.0224172725467
94,82.98987790854015,67.001329385686
94,82.98620815443522,66.95226760496897
94,82.95789043040803,66.98718860882133
94,83.0248463824305,66.98101279520272
94,82.96951523850883,66.96755164642151
94,82.98934466688577,66.96490930063443
94,82.9780324021195,66.96571018507137
94,82.98113205789181,66.97414335544379
94,83.03946522119934,66.97844767783945
94,83.03635780433754,66.99773490231487
94,82.98863516403983,67.00465150807126
94,82.97734839927949,67.00899956282963
94,82.9618270143539,67.02318582570742
94,82.98489041884791,67.01128902741367
94,83.02581437835902,66.96697861741175
94,82.99227547592301,66.98177711850987
94,83.02809749531133,67.00541721718757
94,83.01622655457254,67.02074892146896
94,82.96523232947054,67.00385777655491
94,82.99386496982804,66.98670243291133
94,82.96235298157525,67.00844559069537
94,83.03992641780417,67.00901513094107
94,83.00238497116348,66.95245387399406
94,82.99544439808489,66.9879767223029
94,82.99037427188884,66.96230542274867
94,83.01934682417807,67.0445003916436
94,83.00674553300588,67.02793065261328
94,83.0094966381993,66.95216502418873
94,82.98984943994762,67.04012999126063
94,83.02488078512978,67.03261396501146
94,82.99838542961407,67.03947469515083
94,83.00877441101859,66.96595623853321
94,82.99682863447457,66.98615139053953
94,82.99401556647976,66.99233629817704
94,82.98399569789152,66.99843950786978
94,83.03189258835732,66.97077554477687
94,83.0424674457818,66.98077691502712
94,82.96366192599055,67.00271700801216
94,82.98836690639236,66.95601215381983
94,83.04307229347795,66.97684782802361
94,83.0341477113766,66.97717969253763
94,82.95199532459667,67.00090970597789
94,83.00056003633695,67.03835747458088
94,83.0353623412036,67.00996538918069
94,83.00330854928887,67.00549801917516
94,82.9516160172493,67.01158891800075
94,83.0396628903593,66.9733886808631
94,82.99509292352965,67.02109611572669
94,83.00630663246217,66.99744005720945
94,82.97303734539567,66.98273669733153
94,83.00238614530657,66.98917703562448
94,83.00122123219987,66.98777585197705
94,83.00150364518949,67.0492856598583
94,83.00501045699193,67.0098321746826
94,83.04497055188723,66.99837934820287
94,82.9853473277401,67.00432973543396
94,83.00660184195704,67.00068922368528
94,82.96226855821023,67.02201651978508
94,82.97220788926386,66.99656502800012
94,82.9787910986121,67.01853158416215
94,83.00167225135002,66.96166006970452
94,82.96732756033406,66.97715665538566
94,83.03033111783627,66.97058781457125
94,82.98456626792007,67.04043184672385
94,82.9929340803042,66.95617986704362
94,82.97767567031866,66.9925357350948
94,82.95865704899357,67.0267946491526
94,83.0147448029821,67.01184039729849
94,83.00403470330549,66.98982147122908
94,83.00530417731837,67.01451118112443
94,83.02066005757749,67.04461633522511
94,82.98876135345189,67.02816608209984
94,83.04291974123501,67.01456596249119
94,83.04845070974389,66.99280442255638
94,83.01894016431876,66.9823750503896
94,82.98592541278504,67.01765993724152
94,83.00023587939039,67.03121426019217
94,82.98117685794149,66.96798206013891
94,83.02186498414831,66.96139190270306
94,82.99782614976084,66.95590057272342
94,83.0179504562782,67.00301269367976
94,83.03561234136373,67.01772527954206
94,82.9915645202625,66.99348636211873
94,83.03506802789632,67.02233754640902
94,83.01700380553984,67.03555986258694
94,83.01867666397129,67.01233503888895
94,83.01435791825992,66.95534436573165
94,83.041912955324,66.98434109788232
94,82.97137139025116,67.03449841863896
95,83.0387501777701,66.97460689544245
95,82.98800493242199,67.00880602082115
95,83.0180155059541,66.98964510062017
95,83.00527062359471,66.96478585911134
95,82.97785831150297,67.02428688793253
95,83.0165168951406,67.01524376994745
95,82.98544237961518,67.04339939520807
95,82.957060903589,67.00941321260926
95,83.03688146171197,66.96830560846614
95,83.01134947742464,66.96398882978662
95,83.01665506910896,67.03313805194404
95,82.98062952712897,66.98757207523373
95,83.00336004183498,67.00263090981848
95,82.96658614513707,66.98966059335767
95,82.96069685844897,67.00992733397334
95,82.98945432742298,66.99934634765485
95,83.01342431992998,66.96141377044289
95,83.0399029234004,66.99945479089502
95,83.03690766780204,67.01876532053895
95,82.96060164960801,67.00203854962332
95,83.01516008385006,67.02115919160255
95,82.99208338094392,66.96091631058718
95,83.04638493604443,66.98998004123648
95,83.04016842958922,67.01423294096242
95,83.0006535014526,67.02410694248799
95,83.01066930962621,66.98453213543058
95,82.98164339819228,67.02262368838679
95,82.9639697201441,66.99084185478056
95,83.01610770952598,66.96443656209198
95,82.99250719038037,67.03813145789775
95,82.9896729738533,66.98134868792351
95,82.95633007904615,67.00013454289429
95,83.02580458057828,67.0128245425726
95,82.97964286420839,67.01700711978465
95,82.97074170671847,66.99334125464958
95,82.99076634044464,67.03580611184456
95,82.98525551197928,67.00044424175904
95,83.03350514435446,67.0041258764893
95,82.9895209671602,67.02427091394271
95,83.0145240544932,67.02033819227239
95,83.00570710414061,66.98881596287184
95,83.02096251555193,67.0130267843185
95,83.0070900848653,67.0192710969184
95,83.00256563425542,67.01937820515384
95,82.9632898791349,67.0160819350102
95,82.9971627339131,66.99757970872332
95,83.04365484237722,66.98990485088765
95,83.00950083406867,67.01472894271915
95,83.00385509029323,66.99847217684898
95,83.03283610886915,67.00065868544478
95,82.98436257236622,66.95885813937366
95,82.99813954097115,67.04263282542901
95,83.01543840463273,67.04031299649547
95,83.0226306792291,67.02861405508784
95,82.98644007990241,67.01156280500054
95,83.01407044799163,66.98800517536039
95,82.97003588175257,67.01474672077694
95,83.02131936547717,66.97493444782482
95,83.01041994650845,67.0071588719114
95,83.02093212111016,66.98290045836791
95,83.00930872256625,67.03666898725724
95,82.99997952170489,66.98579731479194
95,82.97906970066686,67.02869861600911
95,83.04200109591942,66.97904858791487
95,83.0179101119978,67.01698435431355
96,82.9963893602339,66.9835947009537
96,83.00918837546514,67.00075994238185
96,82.9598381056222,66.99988793610422
96,83.00646905464536,67.02489907046086
96,82.98019222107166,66.98902975001907
96,82.9980229057383,66.96338910287449
96,83.02221823613041,66.997822783575
96,83.007286913279,67.01617452397072
96,83.00679859099921,67.04175361524146
96,83.02351025909802,67.04343379543933
96,83.02014021468474,66.9601171420463
96,83.01225604601122,67.00299771305528
96,83.01654722432313,67.02967680173006
96,83.03047146118472,66.98384705915888
96,83.00436860037279,66.98174722676065
96,82.98982760804365,66.98639006900915
96,83.00431110900169,66.9849539487969
96,83.00363553140852,67.03578812852889
96,83.01998380886194,67.03877646702975
96,83.04425075354729,66.98294298352141
97,83.01501521924342,67.04675850056945
97,83.00141460786446,67.00037943521602
97,82.99084601090085,67.03814818522967
97,83.0367203612671,66.99668110294093
97,82.97555005326574,66.99406883367267
97,83.03193212372557,67.00550060848033
97,83.0307501154661,66.97728585812419
97,83.01975064457973,66.96834769609742
97,82.99974794897145,66.97511411897304
97,82.99256185726216,67.0016515669839
97,82.99931381048297,66.97768885327366
97,82.97735787683379,67.01929726463663
97,83.00416745744175,67.0139591427638
97,82.97541523527762,66.9895614697297
97,82.99097662204004,66.95349023831933
97,82.99180177402667,67.04592938438317
97,82.97357139260995,67.0318069854867
97,82.98589221324451,66.95469979851984
97,82.96010173007895,66.98957032670329
97,83.02232430221817,66.99209219666606
97,82.98088116689195,66.96705866230143
97,83.03765677466552,67.02655978917718
97,82.9580361566774,67.01779868246902
97,82.97328380159675,66.97921207775457
97,82.9763019026874,66.97287399425423
97,83.03069831296501,66.99062684056126
97,83.03741653494924,66.99443682746026
97,83.00561133352377,67.00821448748702
97,82.97140969839393,66.96928827939017
97,82.9625855964954,67.02545857962724
97,82.96822641434667,66.97825765028071
97,83.01999536449385,66.97663478955107
97,83.01191747213848,67.02020165212062
97,83.02107041427563,67.0240945766829
97,82.9981117514968,66.97224108905877
97,83.00105882594544,67.04657332340938
97,82.98344089740205,66.96730166959517
97,82.97779492902427,66.96875207255253
97,83.02834398794813,67.00495802631187
97,83.01276397074106,67.0061482521367
97,82.99617941987042,67.01692644285943
97,82.95352249479228,66.99642081856177
97,82.97581139020997,67.02600489942404
97,83.03446284893,66.99464974772725
97,82.95580881455002,66.99715942252024
97,83.0016969840595,66.98573588944271
97,83.00349808066954,66.98035143024218
97,83.00723548473272,67.02316777640765
97,82.95932848639252,67.02348306022671
97,82.99547331964209,67.01999177325048
97,83.02834953774855,66.98714703282697
97,83.03660730464549,66.97045828828468
97,82.99027580497064,67.00235887540354
97,83.01373643463573,66.96423805197746
97,82.96735649454163,66.96986536168585
97,83.03565276300239,66.98688349282934
97,83.00534042789421,67.00533508794182
97,83.01815921944616,67.0078680332732
97,83.00088543189754,67.02207058354618
97,83.00145438155411,66.96663608503499
97,82.99684038692347,66.9627324164153
97,83.02908509750216,66.98616025988854
97,82.9773210792328,66.97732872120831
97,83.03696865911348,67.0157814880541
97,83.01977334548039,66.99388094420281
97,83.00743885812966,67.04382491952232
97,82.99722088381172,67.0103330916273
97,83.02592835801997,66.97964584640121
97,82.98516252578985,66.97702553339516
97,83.02248456708719,66.95828210947752
97,83.0470054872888,67.00120328251525
97,82.99527021106395,66.96113055257825
97,83.04385099191882,66.98085522373322
98,82.97116873543295,67.00955392869642
98,83.01673061463201,67.01624997515417
98,82.97999802630682,66.96754314201783
98,83.00696440346294,67.00330433220476
98,82.99177875559329,67.01173271583339
98,82.97955987286258,66.95714446890034
98,83.00233015541144,66.96525754936879
98,82.99396908842574,66.98104541770971
98,82.98036740315769,66.96942119332968
98,82.96622468602516,66.9746410176646
98,83.04761671051781,67.01081502684912
98,82.9649292980292,66.99454760791738
98,82.99897598019771,67.00048930842391
98,83.00201304526651,67.04369828217597
98,82.9891803373494,66.98300972449881
98,82.98638449287748,66.95473099742034
98,83.00253564270693,67.04244481609192
98,82.95898511814792,67.00577354238726
98,83.00019040720989,67.04923741092227
98,83.0072953810792,66.97475215000486
98,82.97534822681679,67.0161177424501
98,83.02310796866361,67.02842504087337
98,83.00279808541244,67.03436451842688
98,83.00776889680276,66.9527128241337
98,83.01202715367343,66.9882856528685
98,82.98715168296626,67.01675343420622
98,82.95452063600727,67.0112042040711
98,83.03693297427695,67.00551328719021
98,82.97440482554661,66.99945776085865
98,83.01807093812319,67.02618574525319
98,82.96784422293909,67.0182274143566
98,83.01860584323805,67.03811997810344
98,82.99633573530738,66.9945598793455
98,82.96910947875064,67.0209333175638
98,82.97613568539387,66.95991395395507
98,82.96989341797463,66.96300339976597
98,83.01202203912695,66.99504783825559
98,83.04429910169863,66.98827294068583
98,82.99897068048607,67.04218902935222
98,82.97656024843033,66.98309607602457
98,82.96790090545484,67.0225788593442
98,82.96778870797533,66.9738701051971
98,83.01480120093017,66.96877140028687
98,83.00467075767095,66.96455103688386
98,82.97689266923808,66.9903329944275
98,83.0227647183229,66.98342636050788
98,82.97659185842656,66.99015601716576
98,82.97311922225289,67.02882289002989
98,83.018603699901,67.01861325536483
98,83.01339679577964,66.98371741258312
98,82.9812994957638,66.98386725873611
98,82.9646948654084,67.02198653406117
98,82.96350335262666,67.0200805761489
98,82.97558852028794,67.02781932811136
98,83.01441011157856,66.95357397072507
98,83.02003705137857,66.96322344320325
98,83.01966500099712,66.95655936665098
98,83.01219173976324,66.97889663504357
98,82.99715841839543,67.01040429684494
98,83.01358181056938,67.03554593954352
98,83.02924259296223,66.98103160947547
98,82.9987310367739,67.02267862766041
98,83.00566234254593,67.02811871550031
98,83.03879917696932,66.98021192781857
98,82.97876138875662,66.97075831540857
98,83.03822962109604,67.00497943465858
98,82.98743881560185,66.95370339093299
98,82.97707286460705,66.9824319731267
98,83.00792408475522,67.02893823858064
98,83.03478263133968,66.98841892531308
98,83.00545464955215,66.99348088121731
98,82.97627381773398,66.98258488759362
98,82.99326222768278,66.99959954481307
98,82.99661771307731,66.95242924612721
98,83.00852322932175,66.95345036610343
98,82.95220799864786,66.98630796781369
98,82.95378731105032,67.00850202323515
98,83.02589690759886,67.02402786603014
98,83.02612450360407,66.98980616670728
98,82.96751644011941,67.00757218977657
98,83.00915052840305,66.96846778236662
98,82.99295896126701,66.99458924999325
98,83.0194093883087,67.02347639140513
98,82.96534301688392,67.0324238073419
98,82.96172261164203,66.99212243542493
98,83.00834831301079,66.95440092913086
98,83.02031492888545,66.97388986516985
98,82.98456873587163,66.97251329117194
98,82.98779517622441,66.96300827642877
98,83.00555185435469,67.03353260380308
98,83.03889498861169,67.02592023007675
98,83.03897997631348,66.98708609640265
98,83.00068135818708,67.00619290553598
98,82.99276532321025,67.0086939949559
98,83.03272072863243,66.9643872786518
98,82.99140757099123,67.00564878067506
98,82.95849894980786,66.98211522479333
98,82.98781925757073,66.98401456388248
98,83.02707374447446,67.02416111609027
98,83.00401692494044,66.963952046359
98,83.00578067651263,67.00969222153557
98,83.00838087968326,67.00163580975112
98,82.9775993030625,67.03152371358998
98,83.01658064348024,66.95362780065142
98,83.00100020499261,67.01821634229795
98,82.97854196005818,67.03913380550476
98,83.01961636657605,66.95459230791894
98,82.99277900367379,66.9898852330119
98,83.03418588345642,67.02793775835917
98,82.97482591645138,67.01468208285189
98,82.98025712913095,66.96633799825969
98,82.99937791122916,66.95794179416653
98,83.04268318282524,66.9883232100678
98,82.96310155762455,67.00762177182321
98,83.03936960074789,66.97511079774893
98,82.9647054039876,66.98992315102342
98,83.02739685036232,66.97235778856557
99,83.04085307720447,66.97971085613753
99,82.97664198460419,66.97321704927997
99,82.98679811290877,67.02768466042815
99,83.00898282404299,66.99042216566792
99,83.03225263304203,67.02063988227833
99,83.02770639281981,66.9706931607035
99,82.99008772148855,66.98793794366944
99,83.01727751286478,67.00199902928985
99,83.01611086368364,66.99832180697595
99,82.99376929626236,66.9668512379001
99,83.03908515024173,67.01171587896746
99,83.01360734910757,67.0174986599015
99,83.03758370666866,66.97366370690473
99,82.9614133708755,67.02707953677866
99,83.01197900384305,67.03733438597524
99,83.02625860913719,66.95910084552617
99,83.0203888641608,66.9855793060248
99,83.0129993845504,66.97941176587688
99,83.02711474454688,67.00856884187003
99,83.04883682052271,67.00454811095499
99,83.01830994601232,67.02540008840857
99,83.02026828623245,66.98801024113651
99,83.0203402443779,66.98926305701981
99,83.01224921622934,67.032149780285
99,83.01202203912695,66.99504783825559
99,83.02287881047496,66.97382669265313
99,82.97714490376826,66.98671912952621
99,83.03350436441981,67.01305145034745
99,83.00452510422004,66.96156733480979
99,83.00858024389193,66.96217638483397
99,82.9833193033097,67.02657210048848
99,83.00221607271163,66.97400134825828
99,83.04480560172838,66.99724630236454
99,82.96885219416612,67.02548622866837
99,83.04906591284902,66.99572632633371
99,82.98186695731205,66.98866640708667
99,82.99594057424245,67.02207957688857
99,83.03856999801542,67.00461699331412
99,83.00566597994855,66.99843810203402
99,82.97913821430829,67.00341036079429
99,83.04564582105887,66.988826185181
99,83.0372421669679,66.97554630891833
99,83.02196585831854,67.01567052723165
99,82.99793906362305,66.95123140788644
100,83.02115227211188,67.03303515256073
100,83.00813358461883,67.03686953272486
100,82.96386365462381,66.96627204809882
100,82.96060164960801,67.00203854962332
100,82.97946733721942,66.99385926353963
100,83.01988847758197,66.97365764838177
100,83.03121386414497,67.02190309182554
100,82.99538992530066,67.01867848946358
100,82.99811468358367,67.02989837500081
100,82.95381774291677,67.01574229166836
100,83.01672526618279,66.96605853672192
100,83.02132689655745,67.0187291473946
100,83.00309144101068,66.99008696925927
100,82.9943765745324,67.00732003575231
100,82.97382774710985,66.9946637815906
100,83.04725087226326,66.99652566156887
100,83.00041611521446,67.04611019465939
100,82.9815023071131,66.97052249986017
100,83.01056330911841,66.97228343845798
100,82.99908966718709,66.99718349885019
100,82.99256179057521,67.02111369191984
100,83.0349255418586,66.97772252325115
100,82.96301792406219,66.99933436854053
100,82.99103140085917,67.01704186705757
100,83.04227765023955,66.98025033972289
100,83.00330309152326,66.98940265160665
100,83.0194720302689,67.00180422091468
100,83.01339819412058,66.9774281127798
100,83.02986189067812,67.00168028507471
100,83.03398341180763,67.02095186636741
100,82.99731533591213,66.99163608792065
100,82.96770798657916,67.03138544204127
100,83.0061966305535,66.96238745833391
100,83.03388434670252,66.9961014481479
100,82.9940969632574,66.9816068733352
100,83.00089931549212,66.9777977895811
100,83.00352579858858,66.95139185294941
100,83.02161213345285,67.04093626343926
100,82.97788206509725,67.00218586578737
100,83.0074495396925,66.96467675784864
100,82.97653438585306,67.01832365778492
100,82.98308656487812,67.0380125564157
100,83.038923300254,67.03095256281071
100,83.01684090721477,66.9936779536687
100,82.98176329251005,66.99086821841435
100,83.00804425129377,67.04029221332875
100,83.02387354711233,66.97149732548236
100,83.04187136740663,67.00250911785544
100,82.97931649631866,67.01067297058638
100,83.00600008079225,66.9935359944395
100,83.0269030164431,67.03368239632331
100,82.99896059659731,66.96809552581536
100,82.99190961198472,66.96713005823287
100,82.96617452699212,67.03243957311729
100,83.02097380797477,67.00075614197307
100,83.02697319833774,66.97701488599112
100,83.01185398956612,67.01048456153661
100,83.00325524080574,66.97868421333978
100,82.96766879614145,66.97739863355984
100,82.9944234204259,67.03479235403056
100,83.03630207996773,67.00859735250019
100,82.98805843134049,66.97728733615168
100,82.96711015244297,67.00531229989654
100,83.01893400196987,67.02094333105015
100,82.96840281876739,67.00211895792263
100,83.00947416158905,67.02565997318624
100,83.01430647785826,67.03456730379439
100,83.03977362734929,66.99365859627079
100,82.96666321740616,67.0068599788789
100,83.03011921732859,66.96195318341398
100,82.99090215091252,66.95210872788451
100,83.01647791796262,67.0382315958885
100,83.00307612022728,67.0482041431075
100,83.03488738348402,67.00103273884082
101,83.0131814731349,66.97950836431049
101,82.9956860072834,67.02297033836741
101,82.96261891886368,66.98513122649634
101,83.01090850612127,67.0372660967259
101,83.04236766489463,67.02106963260262
101,83.03010599977323,67.00567850748578
101,82.98668878814632,66.99220371109021
101,83.00585764641674,66.98647050884495
101,83.01226910940518,66.9896580660218
101,82.95656530896332,67.0189478683995
101,82.9979454914039,67.04589938602204
101,82.96345099332581,66.98723214057817
101,82.97879144014065,67.0414467675331
101,82.97408348676063,67.01711633774477
101,82.98945951672445,66.99459342977102
101,83.00470976486119,67.0493838613961
101,83.00674174848527,66.96573277647613
101,82.97380733720819,66.99194740745679
101,82.99514005072501,66.98644765350227
101,83.00675593374464,67.01813420568988
101,82.99188424333683,66.97668388225809
101,83.04217859333528,67.00653546306886
101,82.99802113317882,66.98468305073264
101,82.95603002847452,66.99025757481628
101,83.03614256862907,66.98082293165808
101,83.01036388247577,66.99822086435816
101,82.98919218577322,67.03579831685461
101,83.00060065616786,66.99699847739863
101,83.02096713508463,66.99191444331386
101,82.98044425837617,66.9698817705476
101,82.98878766408585,67.02002832142058
101,83.03421374759544,66.96990218255641
101,82.97015798665454,66.98546736519911
101,83.01232933381867,66.96339277342875
101,82.95563452426899,66.97738671883674
101,82.96210242221676,66.9919414955425
101,83.0365126313398,66.99896395044397
101,83.01843687867866,66.9790809914373
101,83.03394907513857,67.03441892219524
101,82.98493309839608,66.99534745850254
101,83.02991729361217,67.0212285381043
101,83.02436372567702,67.01546187381565
101,82.96874584813844,67.0244823321687
101,83.03040780928102,67.00667923831374
101,82.99455227360176,67.03239047983718
101,82.9771570269429,67.00757459933172
101,83.02204082973219,66.95801957342309
101,82.97795846983894,67.00889908215274
101,82.99477095106246,66.99714346088969
101,82.9854043099524,67.00769879471714
101,83.03742730109394,67.00014618562997
101,82.98940557068208,67.02844148106175
101,83.02746881539662,67.01978866789027
101,82.97563530060322,66.96516098544346
101,82.99975829349368,67.03372412678053
101,83.02579630529219,67.02276735503779
101,82.98414516480946,66.96675148994328
101,82.9952619129726,66.97669950341718
101,83.02746427378189,67.0305112428084
101,82.99119284514137,66.98825356702085
101,83.0172487240446,67.04145455972902
101,82.99687141441022,67.04951448116219
101,83.01592526923807,67.03833790462626
101,82.99788294004979,66.96895587743724
101,83.01069020260718,67.0087890471208
101,82.98103550768136,67.02824846871653
101,82.9607341360848,66.98666962146103
101,83.02656613755632,66.99856192259428
101,82.99540129774316,66.98819763960772
101,83.00099469044848,67.01698938991785
101,83.01266590885116,66.96571072688596
101,82.95520311551385,67.01040659614814
101,83.03985555694982,66.98194142964337
101,83.04907012659197,66.99430588877681
101,83.01288870671829,67.00841394288665
101,82.96246599141595,66.99577797579396
101,83.0107770822723,66.99388791390037
101,82.99303124469904,67.03488545113494
101,82.9703419869175,67.00471443293135
101,83.02455751621308,66.98685262025495
101,82.98065678017753,67.03633352351868
101,83.00160411570636,67.0297900755596
101,82.98836797549784,66.96054140096535
101,83.0249818445469,66.96494189249404
101,83.00918908200573,66.99360633321811
101,83.02942171731564,67.01345791549447
101,82.98859113931424,66.99110152089374
101,83.02196051546255,67.03042129077352
101,82.9852748319184,66.95913192859405
101,82.99364020158744,66.95984505177611
101,82.96104624373554,66.99906876433663
101,83.02717080537069,67.00043697722366
101,83.01176966519068,66.98594914560694
101,83.03686579363988,66.98124176186094
101,83.02525537178482,67.02364673988924
101,83.00383514279385,67.01391424379679
101,82.97886378072947,66.97655145952697
101,82.97708254257377,67.0272909171342
101,82.99374693717796,66.96938492806528
101,83.04305463876409,66.98748212621749
101,82.98220789897981,66.95603413319665
101,83.01460990358473,66.97752640462735
101,83.01885267850734,67.04451375946553
102,83.00558504088059,66.99649837465063
102,82.98555620776742,66.9840682463243
102,83.01784585340563,67.03461334117117
102,82.97923019618455,66.977696523356
102,83.0261105220419,66.96916944185497
102,83.04225381155003,67.00059783925317
102,83.0029142922473,67.02721957342003
102,82.95390178164061,67.0147361954075
102,83.02677917841575,66.98544740423144
102,82.96311905628691,66.99625509149193
102,83.02825473016752,66.99621519675311
102,83.0223082483263,66.98914420715255
102,83.01617288665949,66.96061933140814
102,82.98010130161653,67.01247340360231
102,83.03130843501101,66.96316266662562
102,82.9746129567445,67.03556704437567
102,82.99254463203447,67.0375820482322
102,82.9992226831095,67.01127925223588
102,82.99460712797644,67.02442198625913
102,82.96182703618646,67.03157069017087
102,82.99187630782995,67.0042569275615
102,83.00917492331044,67.00588545218999
102,83.00333873997758,67.0388194806368
102,83.0438101932177,67.01276064217426
102,83.00850310496163,67.03008147414096
102,83.02122972283793,67.04295285652564
102,82.97580143598671,67.0370166980802
102,83.0292626713896,67.00896435652048
102,82.97259294589539,67.00119710847065
102,83.0280844437515,66.9775065145086
102,83.0166152893464,66.99831387610995
102,83.03214785976598,67.00977592269028
102,83.0052744462483,67.01247585981757
102,82.99504781268355,66.95214155265587
102,82.9972301863295,67.01980372978045
102,83.00074816370203,66.98841398722507
102,82.96502428005842,67.00715169613767
102,83.01490839324967,66.97024391022812
102,83.01229046780405,66.95321175139833
102,82.9972111033314,67.02171108858279
102,82.9758025579585,67.00904661098835
102,82.98286651255601,67.00784809081183
102,83.01768858834646,67.0033040674998
102,82.96504060009137,67.03095116400841
102,83.03539444905212,67.01871928089578
102,82.97879113837716,66.99366961070169
102,82.95223069623468,67.00130265524511
102,83.04961682960808,66.99851734980871
102,83.01882215576349,66.99148589277763
102,83.01897786513824,67.00239136991831
102,82.95918068854415,67.013731072299
102,83.02557613877079,67.03463061363126
102,82.96082977166357,66.98837752786919
102,82.96889962044116,67.0040023472873
102,83.00118565673819,66.98561307803922
102,82.9708356328388,67.0149908071779
102,83.01661551284597,66.9823687665822
102,83.02792445919269,66.96118636045122
102,83.00156516225566,67.00829689782321
102,83.00005929033973,67.0385355774564
102,83.00313673799091,67.00834791952249
102,82.95575673687965,67.01679412812025
102,82.95140342360769,67.00194173181612
102,83.00794797623368,67.0217219894057
102,83.03912230034447,66.99331318518739
102,83.01146276851951,67.02879748034374
102,82.95763386316355,66.97991055542666
103,82.9914388920633,66.96335899909437
103,82.98073217191417,67.03853273279978
103,83.03389008560026,66.98162262609542
103,83.02066983956229,66.98759927421526
103,82.97149197067773,67.03517085990062
103,83.02394333788862,67.00444018667201
103,83.03937787362453,66.9826605312973
103,83.02005167719433,66.95424147130255
103,83.00574057548884,67.00236537025441
103,83.01029273087569,67.01417637512927
103,83.00951299242759,66.96469959031504
103,83.01431207035687,66.9941754767544
103,83.00251090793265,66.95342840523072
103,83.04920848560069,67.00333684444878
103,82.9950920513622,67.00869954124434
103,82.99937871932829,67.0372177861163
103,82.97033347017027,66.98168289149675
103,83.01813979894001,67.02306122155497
103,82.9925302907982,67.01699524359451
103,83.02898706053492,66.99821856709947
103,83.0109608470116,67.01179284909446
103,82.99327320981233,66.98201347997924
103,83.02140954979998,66.97127311109001
103,82.99401597984208,66.96578473194045
103,83.03765899024924,67.01042361531015
103,83.0017059264439,67.01201520276575
103,82.95850432464664,66.98752644787737
103,82.9901444170324,67.01126149253713
103,83.01079009166676,67.03789132151795
103,82.97080784585872,66.95955845265257
103,82.99616829021649,66.97341444486354
103,82.95163094918091,67.0093028588452
103,83.00029044636783,66.96235717847219
103,82.96846806844391,67.03287347327446
103,82.98712250132202,66.99829105179357
103,82.95638812899804,67.00059326857615
103,83.02730379375936,66.99849733403492
103,83.03554849061031,66.96874280884437
103,82.98647324071511,67.00617381381258
103,83.00395580076895,67.00712344455778
103,82.99099547617385,67.00171484501486
103,83.026567435158,66.99521998627898
103,83.00258416232414,66.98232735608133
103,83.00057103169196,67.01608389755883
103,82.99778009285089,67.01579810755948
103,82.96367143789355,66.99650648890753
103,83.01796509094655,67.0190923604497
103,82.95919501398274,66.9900920065665
103,83.01136468704289,67.02185852826487
103,83.04293732921712,66.98035270869613
103,82.99583479311009,67.04339062171755
103,82.99349446408871,66.97631333523812
103,83.02046251956104,67.01493944706013
103,82.99322044740754,66.99423243920963
103,82.99928173855453,67.01735308973653
103,82.99655370684295,66.99139808987053
103,82.9695333716275,66.99295615620052
103,83.00553204358367,67.01364402526873
103,83.04084578721744,67.01675098860179
103,83.00827156982155,67.04083277200122
103,83.03831786320549,67.01987112438826
103,83.01377126774723,66.9656819760738
103,82.98226601514803,66.97534219502427
103,83.00851744370532,66.96081048188755
103,82.99719945922291,66.9646775114071
103,82.96415032383698,67.00060856206981
103,83.02332376704359,66.99239015444437
103,82.9883236567972,66.99900557193955
103,82.9999813076338,66.98077151587432
103,83.01414945331773,66.99182862910365
103,83.03485103259042,66.98761808483296
103,82.99087356745478,66.97115647403122
103,83.00844652479097,66.98192356087179
103,82.99783549054196,66.99064626263772
103,82.9907132511853,67.04871742583612
103,83.0192631404919,67.0143197100226
103,82.97534822681679,67.0161177424501
103,83.0193866295151,67.02125851275123
103,82.98936732764241,66.95677520975599
104,83.02729954251144,66.9899428700985
104,82.9873132547384,66.96992668106566
104,83.0112882289992,66.99708933595578
104,82.98785424926692,67.0179025957929
104,83.01691614692834,66.95966084726247
104,83.03013715502478,66.96544621832311
104,82.98571846891856,66.98576424362756
104,82.96620221021034,66.99896292935377
104,83.0033675421041,66.99997538137018
104,82.9850396388684,66.98929626871423
104,83.008459127317,66.99367760752243
104,82.99996066802062,66.96892109998575
104,83.02253163740426,67.00431992269537
104,82.97548280029989,67.04155746663444
104,82.97045067332381,67.03842307800657
104,83.01219173976324,66.97889663504357
104,83.00409254876844,66.97592330595738
104,83.04691403686459,67.01191312011979
104,83.004894134485,66.99624296702345
104,82.98500579150745,66.9864470541002
104,82.95393289235857,67.00620274473951
104,82.98909282789565,67.01277621057376
104,83.01326038621725,67.03273377885122
104,82.9666859843724,67.00576133985973
104,82.98174380525609,67.02303122228545
104,82.99825730895803,67.00810837639331
104,82.98924582425362,67.02357131889126
104,82.98126422947698,66.99768826809861
104,83.01073068771645,66.98211723755254
104,82.99725178729184,66.98618987189676
104,82.98126316275695,66.99680561052932
104,83.01772880459328,66.99232988165612
104,82.97646664735531,67.02924167735078
104,82.96248220878526,67.01135976793917
104,82.96703713615949,66.9970005041203
104,82.98347420173369,66.98425546240547
104,83.01302315097914,67.04605193377463
104,82.99727059652322,66.95999829433313
104,83.00407455120944,67.04513633530489
104,83.03510044351985,67.0033597824068
104,83.01011255152281,66.97322944781835
104,83.0056410342188,66.99413780255011
104,83.03093877518292,66.99474425105431
104,83.0181477971484,67.01385590192197
104,82.99766966190606,67.0372842619776
104,83.01322680948664,66.9527625669412
104,83.04406781502925,67.02006592413696
104,82.99585547902491,66.98501969646722
104,83.04154382888328,66.97370676890614
104,83.00250991632838,67.03321490698066
104,83.02091893014101,67.0375123683571
104,83.04481457220172,66.99941192096377
104,83.02080105397411,66.99293740275729
104,82.98001813439919,67.0064590233207
104,83.011079869015,67.04014205652078
104,83.00273864260888,66.95139256568444
104,83.00239640066216,66.98464888177973
104,82.97660073791097,66.97993938119923
104,82.97694255583374,67.0050290051394
104,82.99721998749283,66.96323906654946
104,83.01437999504248,66.96964307841459
104,83.0124063811928,66.95343230440108
104,83.0475350519519,66.98877973661928
104,82.99954197303045,67.04455798447769
104,83.02042189232961,67.02975986260145
104,83.01145488918027,66.98743630704155
104,83.0095618701006,66.98771117639546
104,83.01229001273812,66.95391518866063
104,82.99856831594528,67.04493719863149
104,83.00735033473674,66.97763872110923
104,82.97214835070038,67.03372211672985
104,83.02297037603817,66.98856708347358
104,83.01674302935538,66.95373006434824
104,82.97219510212774,67.01199238157345
104,83.01497986871077,66.98932870417057
105,83.0047764483295,66.98403570312013
105,83.01011017772149,66.99866713331929
105,83.02997752859021,67.00749775144685
105,82.99741226071798,67.02478628220192
105,83.04298443310647,66.99510846459582
105,83.0031457175731,66.98888061716092
105,83.02823168549928,67.02069266645475
105,83.00007584688319,66.96957281567944
105,82.99410378231428,66.95681268194528
105,82.97279666143311,67.03344389152187
105,82.97730396228168,66.99341762503943
105,82.99800200119522,66.98736658939215
105,83.0308553308555,67.0226410530763
105,83.01772556710776,66.95906476986129
105,83.0459417790253,67.01286057396412
105,83.01491330198687,66.96961657456254
105,82.97876366516289,67.00038575938079
105,82.96470087607244,66.97874042230791
105,83.01294531982018,66.974569678662
105,83.03232758771063,67.00595318165793
105,82.9988226172409,66.97545900625916
105,82.98735040950537,67.02549445146708
105,83.01910504474765,66.99938426216534
105,83.0004131621798,66.99580902216245
105,83.00568065191618,66.99737505525594
105,82.97667736981877,67.03423437557265
105,83.01852933494753,67.01673915766493
105,83.00868998926116,67.01094222639391
105,82.9908444326935,67.02580261477442
105,82.98090243387914,66.99731000950229
105,83.02781145495968,66.96100168119881
105,83.02593900324214,67.01985346995463
105,83.0270205871938,67.02398785001796
105,82.95802282730632,66.98298216322404
105,83.00474442261499,67.04429431147955
105,83.02495876123885,67.0188865405477
105,83.01391690572916,66.96509672593558
105,83.02718614597072,67.02271129573002
105,83.01523578297912,67.00928731347406
105,82.96735692421944,66.96596150015581
105,82.98418160070548,66.99086252203868
105,82.96853755968208,66.97354360839596
105,82.99806167302091,66.97709898955061
105,82.96150853381643,67.01843001823521
105,82.96118589610575,66.97902462884727
105,83.03823238687333,67.03154074790912
106,82.97918566483852,67.03744094016186
106,82.97102573092928,67.00095564244272
106,83.00576327249026,66.98952636581011
106,82.95563507512257,66.99805115331657
106,82.97717612288687,67.0053099670881
106,83.03576381986686,67.03028269750338
106,82.98689491982222,66.98184046843782
106,83.01994175051765,66.98376580879622
106,82.96073399506788,67.00665785251063
106,83.02780556644697,67.01348037324286
106,82.9985022635496,66.98856242727894
106,82.95531665343174,67.00039576018494
106,83.00090786925345,67.00510099874019
106,82.99451923517802,67.0230166059558
106,82.98304211658466,67.02075123688167
106,83.00541210748104,66.96939965222782
106,83.01001100928562,66.99249413391388
106,83.03663832035076,66.99582007483518
106,83.00847188913386,67.00376998007607
106,82.96583060052663,67.02846475581853
106,83.0072465213557,66.9839107008742
106,83.03626512319198,66.97602415393237
106,82.98801170574508,66.99666052597507
106,83.02746427378189,67.0305112428084
106,83.00688209461589,67.00331767690413
106,83.0317978110627,66.98959629917768
106,83.02657872583674,66.96926322425921
106,82.98888032009819,67.01428832602785
106,82.99149716998419,67.02448567972465
106,82.9892907842709,67.00314626963605
106,83.02385762418746,66.96573490043458
106,82.99344629267625,66.97660928307354
106,82.99646038588506,67.04573177258897
106,82.99425020941048,66.9752576267192
106,82.99889598314915,67.04162672395223
106,83.00057572377693,67.00270281089595
106,82.99926362087744,66.95556415213984
106,82.98942326260438,66.96311542554493
106,82.99853702501106,66.99641603943554
106,82.99665789690314,67.0403311674898
106,83.02291418472483,66.9992852716056
106,83.00548250092473,67.00294868370317
106,83.01645330808252,66.99847324582443
106,83.00221508118679,66.96655425017077
106,83.0154734034607,66.96016424939906
106,83.0072429046027,66.97790297020693
106,83.0219167151548,67.03557948974277
106,82.98574936451041,66.98517160542778
106,82.98240249810365,67.03113220531975
106,83.02559973093956,66.99427692633009
106,83.01660658950505,67.00382305594097
106,83.00364880783786,66.99304482971624
106,83.04096814593133,66.9911775085943
106,82.9837012953478,67.01587264068932
106,82.9860485069443,66.99248818191877
106,82.98765482108185,66.98412390033626
106,82.96924335553047,66.98124778783307
106,83.01902932551454,67.03100355640376
106,83.02387354711233,66.97149732548236
106,82.98006222734348,67.03466931759719
106,83.00805009032936,67.00482845218733
106,83.03252418857376,66.98506358073091
106,83.0467762865529,66.98785275956729
106,82.98556365432403,66.99036684604108
106,83.02039738354651,66.97363512185754
106,83.01138241228793,66.99523133000386
106,83.03465568439675,66.97829430155141
106,83.02115129294575,67.03975045193953
106,82.99449408937996,66.97066864360362
106,82.98662464837125,67.02671012318879
106,83.02116572045186,66.9752133378948
106,83.02400153883319,66.95689137218226
106,82.97295817880713,67.04117608626619
106,82.98474582487455,67.04517934280399
106,82.99459488865791,67.0266090298234
106,83.00995568080403,67.01808188326198
106,83.00860604474852,66.96672851366971
106,83.02226867987291,67.03226101076525
106,82.99784414804975,67.00090120632058
106,82.98773420615471,66.98372356086588
106,83.00997497204891,67.03490246291425
106,82.99889664127056,67.02004261106468
106,82.994903317093,66.97153360981068
106,82.9960826166953,67.03436493928831
106,83.04056611511527,66.99341675211211
106,82.97099764822877,67.03241269277856
106,82.97403011748158,66.98210747803337
106,83.02718695373875,66.99407993056923
106,82.99939048365707,66.98768324116052
106,83.00844652479097,66.98192356087179
106,83.04103368846093,66.98970264375978
106,82.99860092045105,66.95904234518053
106,82.99818605570958,66.95926964195972
106,82.99091858260024,67.03947109776723
106,82.95923126807678,66.98690255746075
106,83.00588852983986,66.97494108239425
107,83.00315300319919,66.96868096896785
107,83.01830274390021,67.03879631972997
107,82.99100654803581,67.01080567376792
107,83.03894379268692,67.00810074605212
107,82.9695267985202,66.96235127313768
107,83.02783014225962,66.97362672059099
107,82.99870269284438,66.9884164106909
107,82.97266432254338,66.97659967651362
107,83.0086363043918,66.9966827854708
107,82.9746208658514,67.03689159667975
107,83.03721898021365,67.0249195095547
107,83.00057572377693,67.00270281089595
107,82.99289339824237,67.01408937055167
107,83.01152330335162,66.95793355214083
107,83.00012185973354,66.99687858761949
107,83.02773941898604,66.9586807702108
107,83.00720203840343,66.97689266308207
107,83.0200132748492,66.97870959102126
107,82.96010957501159,66.97708577683161
107,83.02235488316306,66.99816189671316
107,82.97588714980307,67.004702980901
107,82.96743831584654,67.03645564309282
107,83.0378890556699,67.01070635639977
107,82.99053860554311,67.01655556480577
107,82.97531047001165,66.96673369034684
107,83.03836499771701,66.9910045328338
107,83.00987176907665,66.96778410901668
107,82.95774205002994,66.97785564219329
107,82.96232261453724,67.02151092836814
107,83.00743656085852,66.98774483795272
107,82.98881662433384,67.0210741736537
107,82.97556520079881,66.98361474437978
107,82.98997147434643,67.0437829459462
107,82.994506146076,66.98607773354827
107,82.97396061553249,66.98139069071564
107,82.978283086432,67.02321914304903
107,83.03402300239779,67.0313640356238
107,83.03223910182751,67.03163360109185
107,82.96808360936402,67.00539218172032
107,83.03800165867746,66.98431869875434
107,83.01385966750392,67.01021852931595
107,83.03017471552963,67.01023655894322
107,82.9738441558011,66.9631438145153
107,83.0060185067737,67.04557439068175
107,82.97627785443196,66.98384872029985
107,83.01801879194595,67.032857857594
107,83.00902648531094,66.9704967094608
107,82.97057232982709,66.99772837989573
107,83.00044936363942,67.01121485647836
107,83.00245924550431,66.95208600305135
107,82.96417787583451,66.98237672725041
107,83.0032750794881,67.04660369300936
107,82.96527565858065,66.99769599574445
107,83.00652595572022,67.01044816303661
107,82.99600218481478,67.02325616496522
107,83.01932685302504,66.99703310502895
107,83.03706665552278,67.00071730497363
107,83.00087097308703,67.03980510549275
107,82.98299745292866,66.98432767568302
107,82.9770063768083,66.97184015221528
107,82.99735175856759,67.0077884318453
107,83.02623270810435,66.99288105154724
107,83.01485860652855,66.9845427801712
107,82.97372418743721,66.97283929602986
107,83.02276524576597,67.00066950932481
107,83.01266508025522,66.97974677420872
107,82.97341760159554,67.01781033265819
107,82.9648560508479,66.97151088823803
107,83.00702170093541,67.03339074328352
107,82.99177571441335,66.97877113705363
107,83.01652148083227,67.02529759560518
107,83.00679366032935,67.0017806358454
107,82.97546785087351,66.96949348220275
107,83.0112868868921,66.96698009205069
107,82.99569790371554,66.97784324693853
107,83.03037898578361,66.99513266037135
107,83.01941865083391,67.01521233233018
107,82.97670704124698,66.97155098456344
107,83.03123684691094,66.98743286139575
107,83.02531998132808,66.99992188822436
107,83.02755551207792,67.03663732130725
107,82.99886642129282,67.01462875194898
107,82.99994511920757,67.01788693335514
107,82.96117634275063,66.97773673202722
107,82.95997475720459,66.99880915470763
107,83.03604653114746,67.02524478483029
107,83.0450785136868,67.01709670865199
107,82.99645264383103,67.00994664564993
107,82.9527617668543,66.9970956653431
107,82.97856389815969,67.03597579743827
107,82.98854181769637,67.01973446201784
107,82.99230670286708,67.01982681386579
107,83.02601199536235,66.96383167119706
107,83.01684090721477,66.9936779536687
107,83.0206034254614,67.01595069844345
107,82.969839280986,66.96931030072938
107,83.02320082069811,67.03397873026377
107,82.9991857967369,67.03892210680314
107,83.01094148449421,67.01166110569737
107,82.97296220968185,66.97266870627301
107,83.0344010079045,67.02287485884683
107,83.01636507483418,66.9817091218327
107,83.00964629669124,66.98061399066839
107,83.00282074652746,66.96503061281939
108,82.96861710854596,67.0273912066287
108,82.99902063152355,67.01243766470242
108,83.02443181052884,66.98030556254403
108,83.01190792497214,67.00987106844977
108,83.00307130724143,67.02354320914851
108,83.03217146082574,66.9711414260123
108,83.00845724293382,67.00338096990295
108,82.99947982431038,67.04752096384415
108,83.02252066919814,67.00361265815587
108,83.00865066253627,66.9966776415956
108,82.97917889224661,66.98193804735881
108,83.00784262271004,66.9922223698231
108,83.0366700926476,67.0237760765013
108,82.98115788024921,67.01030246698446
108,83.03816773858813,66.9963960078621
108,82.98513701144809,66.98784595208292
108,83.00617046862489,67.02979324225753
108,82.9789471982676,66.9754981963733
108,82.95844901878174,67.02369459308403
108,83.02092565575487,66.98637932753766
108,82.97490164570311,67.03007099612473
108,83.01412220193355,66.98176825586431
108,83.03994016901356,67.01500006031678
108,83.00631916508978,66.99683866710878
108,83.00974238042346,66.95641996428036
108,83.00378242810312,66.99590263683847
108,83.02246645875026,66.96976415715518
108,83.04431865256421,67.01440282645135
108,83.03655546451378,66.98321385356019
108,82.9770738039871,66.9934737073492
108,82.99350589828393,66.97772150786301
108,82.99187162217929,67.02714842418374
108,82.96999909415747,67.00046376749246
108,83.02972217723845,67.03535084807878
108,83.01476300311099,67.04573505849724
108,83.04076723442698,67.00694423077363
108,82.99491694548765,66.9756479616041
108,83.01590747998729,67.02261369030552
108,83.01950948400734,67.00413656381411
108,83.00981059843797,66.9779996942032
108,82.9502831114672,66.99565420854407
108,82.96242977378765,67.02231769069589
108,83.0429204026996,67.02245260224915
108,82.99433163936612,67.01798521797139
108,82.9590200606549,66.99249762878776
108,83.02528466063963,67.01052528216532
108,83.00232711556394,67.03541178917332
108,83.03478868875358,66.9762898267093
108,82.96518234865141,66.96859814444615
108,83.01845331360154,67.03467107985709
108,82.98649656662438,66.98269515737893
108,83.00183334152366,67.02073199276849
108,83.0126123653897,66.95232791442918
108,83.01970286024847,66.993966094805
108,83.02076739848954,67.0236116768531
108,82.98793629545717,66.98876950008702
108,82.99392680962882,66.98384205675191
108,82.98631357454737,66.98806492249281
108,83.00998325477791,66.96255912528956
108,83.0366536522164,66.99821395852531
108,82.97262088167048,66.96315328704695
108,82.9996694011444,66.97380271815364
108,82.96376205196391,66.96753393189036
108,82.97937333335786,67.00798582112694
109,83.04771277168976,67.01071595028883
109,83.02622988441964,67.02939103204028
109,83.02717080537069,67.00043697722366
109,83.00342157088198,67.01843577411394
109,82.9656637655371,66.96582132407784
109,83.01610612308559,66.97716628485007
109,82.98699190297206,67.00109170563238
109,82.99748419659437,67.04861470948205
109,82.9994933243904,67.0341476446847
109,82.99475832053358,66.98192627687355
109,83.01538180092898,66.97951426498577
109,83.02656438832528,67.00867569140594
109,83.04751941738576,67.00493133963134
109,83.01586022340756,67.0048471142137
109,83.01447986055531,67.0232039533975
109,83.03646805171051,67.03165980920022
109,83.02789379419646,67.02755106562232
109,82.99351810619096,66.95553989526556
109,83.01815920142843,66.9961054338725
109,83.0402105112064,67.0129098919816
109,82.97941832878219,67.00317502361264
109,82.99423813019142,66.98691061954722
109,82.9557269913129,67.01874711755613
109,83.0178538741106,66.96795245688308
109,82.9855368786556,66.97803749972822
109,82.98497943443323,66.98817938118582
109,83.02862651542522,67.01109370474272
109,83.00599422204006,66.9759599266839
109,83.0184889775451,67.02698799975411
109,82.99701055423625,66.98082901986169
109,82.97058323705805,67.01067063117524
109,82.98539814659736,67.03087550166023
109,82.98756904447764,67.03580969713016
109,83.00195157501454,67.0283098285779
109,83.00697321087173,66.97603981659582
109,82.97900274238248,67.00968042208194
109,83.00604738042273,66.98497753652167
109,82.99217708192275,66.98095193188983
109,83.03689993170656,67.02903202035884
109,82.9953489892448,66.97908907365915
109,83.01248654394547,67.01993154037403
109,83.01293468587102,67.00100134336725
109,83.01609247945318,66.9915774290654
109,82.97311865150625,66.95858125196537
109,83.0332449218594,66.9926733438142
109,82.95363833345937,66.99772312992474
109,83.01212492135086,66.99886065737591
109,82.99062525056807,66.99191265946965
109,83.03225027791731,66.96182809041075
109,83.02298471610456,67.03710712819897
109,82.96230299648673,66.99756287244789
109,82.96366891414662,66.97410176248987
109,82.9535179880325,66.9905004417807
109,82.97192192276864,66.98590963958573
109,82.95913547882273,66.97183777979753
109,82.96540822470241,66.96860194747498
109,83.02830013204506,66.96896811879931
109,83.02907006142405,66.98024142192452
109,83.01212894706276,66.98012707888925
109,82.98700500653955,67.02079042437565
109,82.98703106248051,67.02912932628882
109,82.97245660954299,67.02909737816084
109,83.02176443591479,66.97887899088794
109,83.02304542639372,66.9714496496733
109,82.9739614219661,66.98731244552333
109,82.99534479313174,67.0295844433253
109,82.9941814982546,67.02294948519423
109,82.98737567918714,67.02107958491425
109,82.98610114662898,66.95632586410682
109,83.03857107534813,67.02456165832436
109,82.96513048450211,67.03131435474153
109,83.00696440346294,67.00330433220476
109,82.95141043846216,66.98929207741331
109,83.03426800430186,66.99489917847586
109,82.98717906416175,66.99174158528301
109,83.00790164088762,67.00115534974108
109,83.01115273469591,67.01548721397155
109,83.02956469412372,67.00213926457202
109,82.99429329909896,67.02039292855204
109,82.99864973314062,66.97317990868976
109,82.98107651788175,66.97538445909763
109,82.96233708678866,66.96932230578794
109,82.9903093937535,66.98729449978748
109,82.99598852667529,66.95386385871447
109,82.96601707280917,67.02265068831969
109,83.04133196196246,67.0055443406422
109,83.00512884961162,67.01562858281503
109,83.03011498619597,67.02580466374947
110,82.9796128334846,67.0117352705433
110,82.98922987260956,67.03297011965326
110,82.99557917752568,67.01761374388516
110,82.95891151413817,67.0047825957694
110,83.01778957392305,67.0311075717675
110,82.96985608524615,67.01597455348359
110,83.00008079157477,66.98475441060376
110,82.96250421744453,67.0137571612445
110,83.01893718859691,67.01060327026245
110,83.03837623459812,67.0278600384918
110,82.99522383731521,66.95629454322894
110,82.96703332348172,67.00378421633974
110,82.9754965481579,66.99266472147924
110,83.02046299068991,67.02055394892963
110,82.9594430275598,66.9944640042111
110,83.01984029847536,66.97285994711152
110,83.03847083088434,67.02901585108205
110,83.04056333136224,67.00842643827907
110,82.97583726988073,67.0407455181369
110,83.01041366395958,67.02003980167959
110,82.9858849212424,67.01418161314203
110,82.97177990053261,66.99693785262491
110,82.97918566483852,67.03744094016186
110,82.95539923773495,67.01301889915153
110,82.99303648521781,66.95944193066784
110,82.99412097341394,66.99686334190086
110,83.01941121245171,66.99992805004284
110,82.98431254309831,67.00553422348189
110,82.993804976607,66.96266790874618
110,82.97435780849266,67.00069905808164
110,83.04065531869173,67.00276818590527
110,83.02866268541158,66.978872557945
110,83.01990023899032,66.95890218402775
110,83.01907550570152,66.99116938741969
110,83.01540292746361,66.96698775975997
110,83.02713129978818,67.01843306663778
110,82.95488384313956,66.99111240497199
110,82.99317444762949,67.03601443270958
110,82.9832680077497,67.01173548964339
110,82.95923169419191,66.99397408892337
110,82.99863410301003,66.99187108996085
110,83.00466830085895,66.98935222094218
110,82.99401139760138,66.97515543722747
110,82.97400092197489,66.99449577256082
110,82.97627381773398,66.98258488759362
110,83.01593339206036,66.97350857510787
110,82.95659654949934,67.00121029539271
110,82.96818474506627,67.02695648388479
110,83.01468722610569,67.02139519887209
110,83.00087555663436,67.0232030426049
110,82.98211528791495,66.98271829268432
110,83.00391090302234,66.98956892629137
110,82.95638812899804,67.00059326857615
110,82.99691584851071,67.01985876742344
110,82.96583060052663,67.02846475581853
110,82.99744240530747,66.96571713468326
110,82.98068405725115,66.9922511864506
110,83.04112588442848,67.00147994282482
110,83.04385475632137,66.99391593667633
110,83.01389142155419,66.95395900483875
110,83.04399341589476,66.98064870433811
110,83.01666263670832,67.03160933935357
110,83.02861486321234,66.98064385459227
