gene,x,y
1,67.01127782747515,51.9911493003879
1,66.99407575575563,51.99278255835241
1,67.03124635544278,51.98605355749433
1,66.97193473332443,52.02628149189454
1,67.04442216949543,51.997417121561256
1,67.01686657436797,52.03271919767021
1,66.96185730579377,52.01920886370918
1,67.02194915809646,52.00111315124246
1,67.02510191438762,51.98071317878746
1,67.01138044644797,51.99813760264974
1,66.95729560936587,52.02367433956557
1,67.01896919871422,51.983050938384146
1,67.01746993183086,52.01414591638731
1,67.00556217999718,52.00994217181731
1,67.02235707591247,51.99084735647544
1,66.96351244889357,51.99411758459003
1,66.99714246834708,51.95740868744426
1,66.99756590864887,51.956896710999025
1,67.02742658527553,51.963924506602226
1,67.01317843879906,51.98390970697548
1,66.97773331145835,51.99880707438121
1,67.0313208971665,51.99264362601864
1,67.02614969155975,52.022946800432656
1,67.01382071193594,52.00928736000728
1,66.99871510833067,52.02564895053873
1,67.03538558957922,51.978260395045346
1,67.0333147941664,51.97771847353532
1,66.9695476051238,52.02656756628747
1,66.98418921808027,52.042127566872125
1,66.96552942977922,52.013512821978274
1,66.99711130272227,51.975150944995896
1,67.04159549465271,51.981724424039975
1,67.01123176665429,51.98870384164109
1,66.98442207039795,52.028369347588246
1,66.97138279544833,52.02240540276551
1,66.98813568539536,52.02157204774103
1,66.98565339271978,52.0286019743296
1,67.00778353988335,51.9757847202478
1,67.0038287590981,51.9748775538911
1,67.03741194344943,51.98638906498285
1,67.01031640616317,52.00997783435056
1,66.9830613135112,51.966149424813814
1,66.95126890495703,51.992207868828615
1,67.02142182377803,52.042676144687256
1,66.99545468950521,52.04976069904317
1,67.01914510398709,52.044275819222385
1,67.01783963854129,52.00825401641628
1,67.03829799300458,52.008205144510505
1,66.975096677551,51.9658912664251
1,66.99379581753391,52.017956801195915
1,67.00764539336568,51.95165118677197
1,67.01568322715343,51.963839519797475
1,67.00574091176284,52.02536332101928
1,66.99131233607037,51.95375260155992
1,67.03144440689191,52.02075089147929
1,66.95713439837914,51.980040460119945
1,66.99851532740024,51.98104933764253
2,66.9892403455233,51.99029767655967
2,66.98708891309501,51.993704781118424
2,67.00981522651796,52.01337216552657
2,67.00396668134853,51.99394071445423
2,67.03068749527952,51.96898864651819
2,67.00496450899189,52.012291665946776
2,66.98523981503817,52.04497002411562
2,66.98494869286077,52.004181831577874
2,66.997887653931,51.96068741818355
2,67.02286981115999,52.022232406255974
2,66.99829778956385,51.96956092467066
2,67.009434492915,52.03751482908079
2,66.98477883609085,51.99790212660151
2,67.0105271432671,52.02272451361163
2,66.98986714103945,51.9856572827241
2,67.01086060061846,52.03595715515388
2,66.96808509995556,52.00325337512805
2,66.99564811399662,52.02912563569813
2,66.99335316994473,51.98964286813887
2,66.99210641382894,51.953973673889
2,66.989959728417,51.982404767937986
2,66.98972711845026,51.97505642489293
2,66.96958869171834,51.99046703429315
2,66.97213675690821,52.00918336201729
2,67.0215609731769,52.01772755285105
2,66.97936491142703,51.99144590938331
2,66.97606405260431,51.9840871568587
2,66.98741913956934,52.00042545774168
2,67.00181114439955,52.0106811702418
2,66.99632859666866,52.0095160696035
2,66.99180531781033,51.961827703158065
2,67.00929008289353,52.000441996805016
2,66.99269536438229,52.01169766037685
2,66.97074723419831,51.988902638300786
2,66.99534201409625,51.9858919608664
2,67.03961065325326,52.022601428225
2,66.98023751471153,52.01775304877328
2,66.99921719798755,52.00798776138212
2,66.9976266029161,52.019639502555044
2,67.02394636000955,52.02210332460399
2,66.99610770874538,52.00605411416209
2,67.00189961658407,52.029708370913745
2,67.01311744793385,51.95226132364776
2,66.98645760810668,51.96470579939105
2,66.99370994042616,51.99521121228792
2,66.98906042502685,52.019833878089784
2,66.99040786546648,52.016530372729314
2,66.98005702118341,51.96904376359851
2,66.97193473332443,52.02628149189454
2,66.9949684380115,52.008241793046906
2,66.97542153889135,52.00432282468077
2,66.98635779188191,52.01492835258758
2,66.96773097760307,51.98802298977887
2,66.98795822418474,52.01429932095411
2,67.0305889951004,52.022871138808064
2,66.99157199193367,52.031313278940125
2,67.00039826383471,51.967455158229704
2,66.99126099206009,51.996369409219916
2,67.03241752289732,51.96863390437511
2,66.979302718204,52.01540427159022
2,67.01526624406604,52.01117102584773
2,67.00424419458992,52.004200456598625
2,66.97177926492319,52.01574476439742
2,67.00155797268721,51.99916148086489
2,66.99691558549301,52.00030543440071
2,66.98319205783243,52.01858623077619
2,66.99825830041652,52.01629164817956
2,67.01877553981991,51.99204190115774
2,67.00145667944163,51.994310535510515
2,66.99488834331767,52.04101888064186
2,67.01235067503082,52.03066809127116
2,67.0028164540373,51.97670833883619
2,66.9951192999246,51.998843300362786
2,67.0151272351867,51.978467364267786
2,67.02425272807604,51.98515907433292
2,66.9856078129526,52.00633980886206
2,67.02744902111952,51.993419043021305
2,66.99378291598242,51.995367560447754
2,67.01084940406041,51.99051842569766
2,66.97325053616801,51.9772629301834
2,66.98805875257338,51.989022903691
2,66.98622629431546,51.98068197989723
2,67.04104947575058,52.0074108860045
2,66.9748395332274,51.98201123925329
2,66.99645865585094,52.00602841408406
2,66.97617055390904,52.00441349242809
2,67.03122372215806,51.97692967989803
2,66.97176629884783,52.02873960281052
2,66.99983007015983,51.98479848247875
2,67.0107671264314,52.00917946644599
2,66.9853991854282,52.010740341072676
2,67.00015925898795,51.98278747603107
2,66.97768348660988,52.02776653301406
2,66.99724257509094,51.99284613007928
2,66.98933426145183,52.001520835653
3,66.99103564795325,52.01499085036106
3,66.99733101364981,51.972227071336455
3,67.03066207360611,51.96341703365367
3,67.02586112503747,51.972798497514226
3,66.98546014972712,51.95781733220472
3,67.02267002311378,51.98247781985078
3,66.97914954871781,52.035828152138365
3,67.00559648584216,52.01362077791669
3,66.98361793299594,51.9800333067995
3,67.01126507367032,52.00162795112679
3,67.00355105880465,52.02117610585089
3,66.98212701038287,52.016380703108155
3,67.0482208374556,52.00866054502761
3,66.97907221756614,51.95580124010875
3,67.00532160881556,51.95719727090212
3,67.00413443654263,52.025482323827845
3,66.96655514193478,51.978069130724315
3,67.03476556196784,52.011136524463836
3,67.0118714410891,52.01703733476514
3,67.02961183414673,52.002731432818095
3,66.9764907071158,51.985033209329515
3,66.96611478360104,52.03045576692548
3,67.01785350849784,51.958319549947404
3,67.01699417377502,52.0226428864211
3,66.95801736555484,52.020806050872544
3,67.00903584323187,52.04278907902874
3,67.01434727991479,51.96467469459857
3,66.97904566946221,52.01173630153756
3,66.98252662036684,51.966475170210444
3,67.02054426523107,51.97901808386355
3,66.97974947644049,51.98809687391492
3,67.0430113932374,51.999826236374794
3,66.99060888335212,52.02719261267183
3,67.04611647583909,52.009072309618595
3,66.96525186370529,52.00752120007975
3,66.9999916038719,52.00270316785948
3,67.03131824248734,51.994910335677766
3,66.95647137852386,51.994659175029625
3,67.01484120276541,51.99701889378487
3,66.99267279328693,51.98484296323384
3,67.02970661778333,51.981524700982426
3,66.98830554783312,51.973784307212625
3,67.02601809981357,52.01056980540641
3,66.97965787938226,51.98839466982728
3,66.96061420239857,51.99496318641174
3,66.96395123961605,51.99111230893754
3,66.97730688105364,51.97228217151191
3,66.9893648916014,51.99207745738502
3,66.97368218098767,51.96573605825688
3,66.96683938374262,52.019535347354946
3,67.00743707491601,52.04261308901572
3,66.97321081260307,52.02605729969975
3,67.04815177853268,51.996854456447586
3,66.99659310496597,52.046185639367096
3,66.99973321442873,52.03303061429591
3,66.9870352857038,51.98637644004141
3,66.99946392361981,51.99709435712723
3,67.01139213128671,51.990544269012894
3,67.02194327947448,52.03467012255769
3,67.01730540439267,52.035185901777744
3,67.02630966316796,52.00807529075484
3,67.00938797384073,51.9869650779452
3,67.03829248996271,51.99755403431781
3,67.02132357301501,52.0071403412519
3,66.98020044182545,52.007726397863635
3,67.02986445278907,52.01160391983027
3,67.00510834370759,51.9927247355405
3,67.03511318787916,52.003472871829814
3,66.96880262093734,51.98238305608681
3,67.03017242084638,51.960698420055294
3,66.96674648744505,52.03518288365591
3,66.98556735249585,51.99860828885342
3,66.97497368260497,51.992426455672245
3,66.98146345415493,52.04256597711971
3,67.0380076095598,52.0130545728722
3,66.96022587993004,52.014320518376735
3,66.98006320491949,52.01663807414905
3,67.02645439999708,52.005036363667145
3,67.0087762252903,52.0186132271929
3,67.02476323614538,51.96142818968019
3,67.01858956309054,52.02508630037568
3,66.97250995888581,52.01076761171721
3,67.02896349011178,51.980985541917846
4,66.96764649300506,52.01878402637014
4,66.98114074039388,52.03707293993555
4,66.97653845889009,52.00379251225249
4,67.00802244384502,52.00548194809918
4,66.98439128868193,52.01224097424707
4,66.9798005011107,52.04389499620344
4,67.03583320422261,52.022077065463634
4,67.00828571627733,51.98609838602764
4,67.00874548989147,51.98437964362021
4,67.01792465488516,52.02744669309058
4,67.01029063557473,52.02941657951403
4,66.99857164472981,51.9872200950454
4,67.01289131024136,52.03529462878308
4,67.00994580534923,52.035636695282996
4,66.9663548596482,51.975402893604475
4,67.0066237280698,51.996040937693984
4,67.01392160596383,51.962191377902364
4,67.02970416560244,52.030166086225776
4,67.04507216648392,52.00248117290838
4,66.96140457115054,52.0272040142423
4,67.03196802194769,51.977375406726225
4,66.97462271576941,52.033036854684866
4,67.04666875526831,51.99155226848317
4,66.99121873662006,51.98805954224211
4,67.03675060345176,51.993784478658505
4,67.0272734578357,52.03860010458611
4,67.0415736284304,52.02365661134034
4,67.0002627875607,52.014143430518466
4,67.00456510604755,51.98876547465994
4,66.98445776764743,51.981945939133794
4,66.96562390305797,51.99074861669876
4,67.0115903088875,52.01678953159112
4,67.04791660993918,52.003723682293625
4,67.0017974050108,51.95807774299855
4,66.99012239603438,51.97855024211209
4,67.00632391647672,52.01186807571866
4,67.03587722938306,51.98453674061201
4,66.96922068835661,52.00406296487893
4,66.99406650889519,52.01626744819719
4,67.04229780071996,51.9893074940842
4,66.96938801978635,52.01350057862272
4,66.98002202285868,52.040417800466074
4,66.97425615613069,52.00035810449618
4,66.95413455544677,52.00702162333743
4,66.96884015490382,52.00977335911949
4,66.96219435219345,51.97443673448285
4,66.98182627772184,52.01381772408131
4,67.00768849166121,51.96110869396111
4,66.99316502847385,51.97706900946976
4,66.98484728949425,52.01521078304439
4,67.0280788435493,51.97348457452838
4,67.03640887005564,51.98044106766802
4,67.03740896691487,52.014771246478176
4,66.99641095060787,52.04255636330916
4,67.00263034454954,52.033216020016255
4,67.00137008544783,51.960244015207195
4,66.9859805837964,52.03297801611647
4,66.96866783738487,51.961431607757454
4,66.99139181854338,52.0117833291035
4,67.00799446668353,52.01277923441552
4,67.0430014704464,52.002447112255496
4,66.97362272565363,51.996608458038786
4,67.01213734345285,52.021621642286014
4,66.97165893486795,52.026530000950416
4,67.01715472992697,51.96381209992765
4,66.9831637591787,52.03510347074958
4,67.04265487574791,51.99463827112764
4,66.96428535372347,51.96712808615568
4,67.00743031420961,51.99090101473261
4,66.9660204590919,52.02943828602751
4,66.99078001823058,52.04535162975059
4,66.98152167720639,52.03365180781551
4,66.95755408802506,52.01730060162498
4,66.99936045750371,51.97731302359304
4,67.01303922761663,52.02272724237971
4,67.00648493490719,51.96384721415183
4,66.97046876672614,52.00337567675564
4,67.01813713443376,51.96861919276591
4,67.02565709621771,51.9603795768458
4,67.00633104819494,52.022907943566544
4,67.02100583440722,51.98876510173381
4,66.98121095138607,52.01550616707272
4,66.96528275701839,52.002836064820386
4,66.98014258023012,51.98816996947669
4,66.96151877335217,52.012959391712975
4,66.99879339933925,52.04694864060453
4,67.03219244032738,51.996798929522384
4,67.00641300357422,51.9875533627134
4,67.02394636000955,52.02210332460399
4,66.97434879222074,51.963532089369295
4,66.98374006733624,52.045866299685905
4,66.9576974876624,51.988626719770664
4,66.98728854778622,51.98953129907712
4,67.027899730145,52.00003361801752
4,66.98611759634704,52.046657755047775
4,66.99185586613822,52.0344145067712
4,66.98795822418474,52.01429932095411
4,67.01871779344124,52.02304831823762
4,67.00765180178917,51.999593860630824
4,66.95930245363384,52.01745077944201
4,66.9876845426382,52.00453316952939
4,66.9840463815825,51.996089824707525
4,67.01641204084413,52.028562372927944
4,67.02102319232432,51.9657523451866
4,66.9936886518709,52.04133487456964
4,66.97811062630026,52.01577746904718
4,67.00349347504053,51.97674406494008
5,66.99309024506587,52.00669767521638
5,66.98790242965305,52.0258836085297
5,66.98211576038761,52.045790519834824
5,66.99714897229912,51.98755884988313
5,66.96383688160873,51.97256326292149
5,66.99609457590027,52.017569094340764
5,67.02774227660704,51.97027830452354
5,66.9949684380115,52.008241793046906
5,67.0346797052227,52.020116053071305
5,66.97647707607217,52.01388089209602
5,66.96483532203258,52.000177190509945
5,66.9885907251158,51.962313134559636
5,66.98365539029923,52.001308570437885
5,67.00448424493787,51.98332949761988
5,67.01962971917759,52.00830279826642
5,67.01468401389437,52.00751059121472
5,67.01623649362841,52.00392241221936
5,67.00949544947183,51.98638242999495
5,67.00129311333735,52.013545406947834
5,66.9870148758892,51.96503411290321
5,67.01245055561039,52.039312092409595
5,66.99282269409127,51.95226650252904
5,67.02829428275248,51.95951051350114
5,67.01985190143253,52.00811675077468
5,67.02527972652422,51.96919306200924
5,67.03162356580611,51.978111571535955
5,66.96399696575621,51.99664761686377
5,67.03380996544082,52.01730209717598
5,66.9885254681501,51.952927678133406
5,66.98134224314309,52.03214672050919
5,66.99475361119332,51.96433353650598
5,67.0025240651777,51.95916391443811
5,67.03066996198743,52.01716151860449
5,67.02653048421318,51.989572353786365
5,66.99053662108197,52.04533796415061
5,67.04383102036094,52.00778353386152
5,66.97853759690588,52.040777735749074
5,66.98933757684068,51.98643520763466
5,67.02065723086015,52.003374678757396
5,66.99907111545897,51.98659969729106
5,66.9959492609518,51.98236793752399
5,66.98779682123656,52.01076110635435
5,67.03866636726995,51.980578163534815
5,66.98427808270247,51.982089882312486
5,66.97482103165622,51.96528436147527
5,66.95425755400643,51.9884399798357
5,67.04213512700484,51.98343506434081
5,67.04265230591642,52.00722278650606
5,66.95465230334197,52.00246283752213
5,66.95333052874791,51.9933762207545
5,66.9766491910765,51.96068485591009
5,67.00207510355396,52.02482022806964
5,66.97850633180734,52.0449776743586
5,66.9921911253195,51.99216907125342
5,66.98980042583544,51.99521779692379
5,66.9927735003277,51.95633576440126
5,67.01207120482191,51.95430153102114
5,67.03060870182003,52.008794452243215
5,66.9868069610493,51.967274371032545
5,66.98853967153008,51.9559684746383
5,66.96046758412474,51.98941862436059
5,67.04455707383802,52.01497042510725
5,66.96101696494111,52.02674404016643
5,67.03835208571638,51.97602738134296
5,66.99260479771715,51.99105698648373
5,66.97413401400338,52.011437750770874
5,67.03412394509462,51.96358236262017
5,66.9553850316312,52.006320203079696
5,67.00914324818167,52.00739019452537
5,66.99752679967852,51.95304021832676
5,67.01413532641362,52.044075474940875
5,66.99051721343909,52.0147313266333
5,67.03467149422093,52.03076729595852
5,67.04548903133963,52.00526450547098
5,67.04619134312512,51.981756683634536
5,67.01745588264478,52.04233143850621
5,67.02221382030429,51.966365725779916
5,66.98758022279411,52.01805263545804
5,66.97271101378148,51.97576701487198
5,67.01463394220563,52.00139882191812
5,67.0427683765345,52.01960338208527
5,66.99719594707624,51.96237268473989
5,67.02537450093372,51.96429923977849
5,67.0011585063604,51.95609576854639
5,66.9935393260422,52.00821871863986
5,67.00677903334972,51.97136471878231
5,66.99381476607918,51.96387256743154
5,67.04560418392062,51.99740089949432
5,67.02920437000172,52.02061951255431
5,67.03526396193583,51.982695796831194
5,67.0366817247649,51.99258842281867
5,66.9926172558833,51.97672411468457
5,66.98946893451078,52.01903870570611
5,67.0114136354073,52.00794082175188
5,67.0124915143757,52.008847351305086
5,66.9809181993571,51.98549521229149
5,66.9928535413044,52.01143464915085
5,66.99841713757371,52.04846768521508
5,66.99353840348705,52.01282560841526
5,67.01181172618219,52.02357566560855
5,66.97351954328386,51.99840755592311
5,66.99883780946992,51.95493582994632
5,66.98743940849735,51.978189745755955
5,67.01434900106078,52.03953062187266
5,67.01747588598914,51.983905645002906
5,67.04311745778998,52.008962586572245
5,66.99691537084519,52.02330108269874
5,67.04177192385691,52.00067664536382
5,66.97787266410687,52.01661504827546
5,66.98266956945501,51.96396664359628
5,67.00365412885549,52.03745952626117
5,66.99823062148207,51.998303064933545
5,66.99792434967429,51.98036889546001
5,67.0027574281174,52.02314534223436
6,67.01068979507413,51.95717849324979
6,67.01821863812921,51.96306119688396
6,66.98951262519138,51.964232593651246
6,67.00260750419638,52.02899853237072
6,66.99335316994473,51.98964286813887
6,66.98367911829008,51.959324052592976
6,66.95461048191942,52.00852825551614
6,67.00471959032122,51.98427909850066
6,66.97295808106912,51.99461045760691
6,66.99531167058235,52.0016223456205
6,66.99566738953672,51.971487401276136
6,67.02809348614103,51.98202410803768
6,67.02308063195603,51.97446430997499
6,66.99935020127141,51.98128526175666
6,67.01927684319145,52.0045631348695
6,66.98401789300235,51.992581155922586
6,66.99240913644812,52.01786143417314
6,67.00159436511449,52.022880140828185
6,66.97403008953317,52.033612753137405
6,67.04237489535278,52.00217076707391
6,67.02418735352788,51.98858798129094
6,66.99830273308592,52.010262805978655
6,67.00046839965499,52.03012401051245
6,66.9854292192482,51.972868295886414
6,66.98629063839834,52.013254199379666
6,66.9899894899355,51.98342310638652
6,67.04118504366235,51.992449793523704
6,67.00855658665752,51.99540535276912
6,67.02947095560856,52.03353937847581
6,66.9578448227368,51.97643756173609
6,67.01286828463434,52.02789040488095
6,67.00369748657195,51.99276896460761
6,66.99814851572059,51.976720056305126
6,66.98946357712141,51.956657591187195
6,67.01019751766493,52.02565100010659
6,66.98949186334629,51.99467750508202
6,67.02472544320288,51.98418174181885
6,67.00990112269585,52.00890567044235
6,67.0198486925708,51.955541731118124
6,66.98587443753186,52.007229308733706
6,67.00631633459084,51.97863733867438
6,66.95501032349924,51.98536149091295
6,67.02803769301475,52.03612585129795
6,67.00484847136322,51.98969389308998
6,67.02246374400248,51.99941458302743
6,67.03307624920394,51.97618366999825
6,66.99025855018756,52.03962795643248
6,66.99272996721189,51.99782730126256
6,66.98335169526919,51.96089127327641
6,67.00149907234031,51.99129624449421
7,67.02772931579666,51.99217219043233
7,66.98056805915358,52.02959144791842
7,66.99032446884495,51.98082719867278
7,67.0170689604517,51.974480725060545
7,66.97802868827627,51.98854069063922
7,66.98835452652789,51.99884215252999
7,66.99884613676113,52.018018981279674
7,66.97612937085889,52.03278839582164
7,67.02388666899263,51.96713332619441
7,67.03642446059969,52.019652521964815
7,67.00811817446025,51.995693617912686
7,66.98302645980618,52.03410132773198
7,67.01776777301886,51.95936076980627
7,67.02245936240209,51.97905449544058
7,67.02994675102764,51.966467049113966
7,66.99194271679357,52.00426663144743
7,67.01733007432173,52.04565359413996
7,67.0067305895763,51.9666133635837
7,66.99741637272324,51.96621657078211
7,67.02277942948209,52.01694793429211
7,67.01005168219334,51.97423531712334
7,67.00903356145545,52.016237941366086
7,66.98366348498097,51.968125805149064
7,67.02169774020541,52.03489709158765
7,67.01911928789491,52.00899078847985
7,67.0338164256977,52.016287664878625
7,67.00135796465675,51.980093643415785
7,66.97269161588487,52.01361871953548
7,67.00301609619349,52.0055139343156
7,66.97682882736783,51.956387146231016
7,67.01027299674077,52.043469050179894
7,66.95750846976699,51.98121073419844
8,67.04192223596608,51.985654022916115
8,66.9949853416435,51.96281878745347
8,67.00407597308663,52.00238926764291
8,67.022351501737,51.98582141271661
8,67.00301773235438,52.01576395188373
8,66.99469070116815,52.01754852889671
8,67.03170665463006,52.03256028397607
8,67.01645230910815,51.97867072296009
8,67.02906327121704,51.99709049860725
8,66.99376373842155,51.96982225158013
8,66.97715085695717,51.970200727095936
8,66.98684698558098,52.03650075355564
8,66.97083859364771,52.03573849071565
8,66.988060114547,51.97138658915314
8,66.98132033434977,52.019673073005585
8,67.0096687055516,52.01870392823025
8,67.01994136396021,51.995604217212254
8,67.03935642101638,51.999423547399
8,67.01530431711377,52.03424641781131
8,67.00144572800971,52.01473766867957
8,66.97488310761264,52.002126298977615
8,67.0212424459398,52.00990086460133
8,67.01582393960257,52.03725525538648
8,66.98641095309087,51.98420193420091
8,66.99911786035915,52.028741375559456
8,67.01022952141835,51.983042857904344
8,67.0173197906158,51.98912241804027
8,66.95789881233125,52.00739086300226
8,66.95893130098968,51.97804360122755
8,67.00617485292956,51.99504328102368
8,67.02423953987282,51.96262381929881
8,67.01425090541231,51.984180147036305
8,67.00405865158524,51.955969011235574
8,67.01388415469721,52.039392259204064
8,66.9871664580397,51.96100141296751
8,67.0321120768505,52.033140197321245
8,67.02284030855935,52.00337803478284
8,66.95732400280744,52.01148641006706
8,67.0037490507289,52.02214818590177
8,67.04634564472858,51.99082909476759
8,66.97073440528757,52.03099893497049
8,66.99580741624098,51.977432048842495
8,67.00619572851949,51.980616672223945
8,66.98802219213822,51.99728933809947
8,66.95903017609008,51.98874263913163
8,66.9634363711544,52.00992248978293
8,67.01265120225587,51.982859912737986
8,66.99574630278575,51.98993361039289
8,66.99242336579591,52.03773496846221
8,67.04896619049181,52.00211400208723
8,67.01996758819978,51.990757288121614
8,67.03986828895336,52.017496680077386
8,67.0028545295345,52.016433962455025
8,66.96355333063158,52.01344042650941
8,66.99327682450127,51.99876342726616
8,66.98989074925653,51.99269651893312
8,67.01692138955679,52.03058012809509
8,67.0004300394612,52.04380174365428
8,66.9857059416017,52.02834960111721
8,67.03327059288323,51.98748654408043
8,66.99782671523741,51.96982562041723
8,67.02406092470267,51.97598858374653
8,66.97355834469046,52.03029665677067
8,66.9856607202761,51.99867717802307
8,67.02541633533393,51.99821112239276
8,66.98148499314286,52.04483263026666
8,66.9945674754267,52.00424754534448
8,66.99206706263841,51.968793633860635
8,66.9961428849782,52.00654531669092
8,67.03490807749499,52.035717994080166
8,67.01027743133643,51.95912705605646
8,66.98805875257338,51.989022903691
8,67.00962011738875,52.004671470783364
8,67.03936638419093,52.026900547687795
8,66.97873368378677,51.99496805121138
8,66.98851510805646,51.99997417496035
8,67.04098447259683,51.976171142782036
8,67.01614083607859,52.000930149258224
8,67.03785421411092,51.97323022718626
8,67.01246874367708,52.00860117812344
8,67.01449328606111,52.021921466623176
8,66.97719559795934,52.00004408098337
8,66.99918247041836,51.960195821859315
8,67.04717207173827,52.012762090874446
8,67.03359549303558,52.02192412694811
8,66.99693241576922,52.01913220129152
8,66.98533554342121,52.012905542409506
8,67.02123709496941,51.99382786205111
9,66.98333224987097,51.9578286450227
9,67.00363434489516,51.9866706623654
9,66.99788381083448,52.014379494207574
9,67.0392351951623,51.9693796043504
9,67.00233501717486,52.013201178024886
9,67.00252072811406,51.96138013214006
9,67.02592658980893,51.959432073700576
9,66.97611900713997,51.97637735790626
9,67.02406738565828,52.0374133577549
9,66.99940907448281,52.03916106349408
9,66.97831558417131,52.003409538610484
9,67.02989748081927,51.98171148841936
9,67.02715108232069,51.975833708251436
9,66.98587638202197,51.98043794484376
9,66.99302127801201,52.01012006498115
9,67.0218273940367,51.958600480559156
9,66.98556287738387,51.98695161921051
9,66.98072681470735,52.04612460771405
9,67.01655463319803,52.013168490343226
9,66.99646412238356,52.010383979658705
9,67.01131080183119,52.048675569649596
9,66.98012784111425,52.01052105276695
9,67.02713094339751,51.99781487403117
9,67.04225307947941,51.99425722302258
9,67.02370863178929,52.007055165232934
9,66.98429135388814,51.968091746861624
9,67.02317596674692,51.98844031879644
9,66.98477473756343,51.98474454014178
9,67.04561827533966,51.982562583162924
9,66.96185274138011,51.9736631640912
9,66.97689818716758,52.03860034365729
9,66.97188778256576,51.991250672086906
9,67.03030726803458,52.00931892521811
9,66.9926215646854,51.97128762739401
9,66.99787620917873,52.00152432512029
9,67.03907430052767,51.98809624255085
9,66.95783505555494,52.01057358192697
9,67.02288168841692,52.03251145665594
9,67.00778905477638,52.039217866877486
9,66.95943063368397,51.972769494020966
9,67.0307586056537,51.988227708737625
9,66.9803495564756,51.999464564868674
9,67.04067172077873,51.9776949229777
9,67.004399410856,51.998950733337715
10,67.03563419026042,51.96896947873095
10,67.01570074830663,51.9862130181189
10,66.99872748618179,51.97465651323125
10,66.99079322496225,51.983938969169834
10,67.00587540007062,52.027584485296096
10,66.99828163983996,52.031596232754744
10,67.04541689643627,51.9952353168096
10,66.99534300760239,51.96988787494099
10,66.99410114696435,52.00061273293602
10,66.97728472263265,52.03349074595715
10,67.04419154399115,52.018617211382484
10,67.03544281673807,51.99252231379852
10,67.04138073190761,51.98165065631718
10,66.99393697405667,51.95319660795261
10,66.98532324014569,52.02059254761405
10,66.99373230240677,51.985092740121964
10,67.01012380638352,52.02413228980273
10,66.98683576653947,52.01033948564649
10,67.00316784101545,52.00819251916044
10,67.00228063507576,52.01848528603515
10,67.0249195830798,52.035151057940524
10,67.00065134285113,51.95862057654497
10,66.97635851152563,51.959182501468895
10,67.00922790743739,52.0463073552177
10,67.00191825572173,52.02615192363427
10,66.95303861627616,51.99084727623924
10,66.98504250924137,52.00289359201379
10,67.0401293153225,51.99096072765937
10,67.01481765006841,51.98825818908143
10,66.98855889824357,51.992076829927235
10,67.01883211103406,52.016635104336444
10,66.97794040367468,51.965320462967796
10,66.9679888068425,52.02167187990452
10,66.96429384273587,51.99129371313543
10,67.00649951121983,52.03129457938766
10,67.01832852385942,51.99934945964564
10,67.00068790326917,52.027711017357824
10,67.01514645306786,52.011019297456585
10,67.02586969282913,52.031392053205515
10,66.98258383677687,51.98029695782538
10,67.00192927384374,52.01224588988199
10,67.02809868865273,51.99051780916757
10,67.04212679090955,51.98785219951882
10,66.99584066813614,52.004458628964336
10,67.01776674527756,52.04213168720815
10,66.96170619863435,52.019464689982186
10,67.01431399614815,51.95976966381711
10,66.99026756104647,51.97886462721432
10,66.98872524366469,51.98401009660437
10,66.995422423652,51.99429400266119
10,66.96858778844349,52.0272416114205
10,66.9850001383544,52.001407600224894
10,66.96170661567143,52.013259612198944
10,66.9761769915791,51.99658436297862
10,66.98772986684898,51.986885351038545
10,66.99372197259355,51.994836963838374
10,67.00919394156497,51.99382624746482
10,66.99699388429627,52.02021491197197
10,67.00843338325502,51.98992818509639
10,67.01012175348225,52.002661755783386
10,66.96985955938035,52.01401030290574
10,67.0378647779147,51.978890627202574
10,66.99864031036775,51.98225138759415
10,67.00544004545645,52.016145938227
10,67.00253009429368,52.00728377574204
10,66.97455312492055,51.98929584539499
10,67.0188084632525,51.972631807835064
10,67.02225773120581,51.982031702071446
10,66.99443014844312,52.00565402277436
10,67.04175350775314,51.98372327170863
10,67.01623896369587,51.994887323821146
10,66.99314816475533,51.99659206074608
10,66.98394554570547,51.97831198744672
10,66.9871588720349,51.99520070733556
10,67.00002614611383,51.972025305240706
10,66.99198585431658,51.99623741889809
10,66.9792875567615,52.02595876469813
10,67.00280261990363,51.99565499472573
10,66.96219647151607,52.01226531204692
10,67.00363027621279,51.99973038837855
10,67.04021167175996,51.9805520758153
10,66.97537584861286,51.98573654931434
10,66.98398193148499,52.00509806460246
11,67.0385088792001,51.97610111295106
11,67.03572806832815,51.986140778908904
11,66.99087909839224,52.0329433042536
11,66.97143210576517,51.96388878162521
11,67.00440810577052,52.02956888128886
11,67.04476363202349,51.99834155826446
11,67.03247764313429,52.0029680603944
11,67.01711002172975,51.99994345095014
11,66.95048633438832,51.9931019892042
11,66.99153877867076,52.005546116078996
11,67.03866065748426,51.96838625820107
11,66.95416902187284,51.99303760299853
11,67.02191968986683,52.01101305809263
11,67.0075868152387,51.960503982762305
11,67.00814905804148,52.017112428475116
11,66.95862379763501,52.02463150034517
11,67.00326408784218,51.98056323110115
11,66.9728234013301,52.017392962638965
11,66.96473746251151,51.966627313941515
11,67.00120086933742,51.98606277213264
11,66.98345208258604,52.02524760130969
11,66.98664666652823,52.00550013139104
11,66.99337298776369,52.013815682506255
11,67.01347628929871,52.04222255091424
11,66.99025855018756,52.03962795643248
11,67.03928318260782,51.98288311296538
11,66.97148130967841,52.00205208231931
11,67.01230102220913,51.9625859206271
11,66.99978874635039,52.03590210558466
11,67.0079406788532,52.01155896950525
11,66.95234709037219,52.013348642877034
11,66.98396560008075,51.954403707721276
11,67.02043541047048,52.009052127807756
11,66.98151582895201,51.9771619898103
11,67.01224095461566,52.00488407972709
11,67.04345202766663,52.0202390882611
11,66.9966304525183,52.02318555499388
11,66.98272523416246,52.0024293641944
11,67.01813708872184,52.02551869715167
11,67.03223177434452,51.96745173303478
11,67.03181246660715,52.0131160971477
11,67.02259638894311,52.007847650503734
11,67.0469047920282,51.99157669775493
11,67.02254506082879,51.961218425354474
11,66.98003566743029,52.00744050944452
11,66.99219378424836,52.00226209839821
11,66.99174489685463,51.96390100676067
11,66.99926600042339,51.998715380138044
11,67.01497769594216,51.980181191771585
11,66.98512649811629,51.959198413063746
11,67.01259023130878,52.00664378513565
11,67.00960598705056,52.02847710711336
11,66.99700531766634,52.02553774239272
11,66.98397192349043,52.011914103319995
11,66.99660060841828,52.03237399970703
11,67.0058727904974,52.01672957578555
11,67.03871221795819,52.0187602404117
11,66.98694264694647,52.01549406222274
11,66.98468290701322,52.007228558455246
11,66.95375886378446,51.9847423797109
11,66.96347120525633,52.02576418530708
11,66.9695221507022,51.96700314552998
11,66.97348332422669,51.97479468519888
11,66.95300346530071,52.004100611279284
11,67.01774334867366,51.99775884762651
11,67.01431351327255,51.99874171652832
11,66.98381656252315,52.0053422294498
11,67.02467783800704,52.00338858349593
11,67.0327368658663,51.99594445087102
11,67.03303647820758,51.990035829343384
11,66.98954916342062,51.97800297312153
11,67.03752003758923,51.967648367031906
11,66.99874591316392,52.00246021110366
12,66.97039079412993,51.970990907345126
12,67.04071682344232,52.0053377720679
12,66.96589171574747,52.027166493227924
12,67.02681907818443,51.96333801232843
12,67.01068979507413,51.95717849324979
12,66.99900117558134,52.007718660139915
12,66.98350760914639,52.03430260833453
12,66.98507161228649,52.01778468366939
12,66.97239017229187,51.974644451852534
12,67.00741825179999,52.0001994523886
12,66.95464911783694,51.98330899780813
12,67.0043029759421,51.997545405483166
12,66.98878712299728,51.965665711288175
12,66.95597957247246,52.012208685574116
12,67.02333705148502,52.00896321463534
12,67.00873619712215,51.99160208011846
12,67.02261231053818,51.97299127079006
12,66.98947699872039,52.01701100635733
12,66.97766390170914,52.02231903650445
12,66.99705444072583,51.98404865043859
12,67.02427267778386,52.02479213170714
12,67.00248176577674,51.99710269396149
12,66.98499235845699,52.04602668503898
12,66.97944716094915,52.037114812859194
12,66.9935069413807,51.990112380639495
12,67.00941024572262,52.01928346212981
12,67.02131245880196,51.98100606042808
12,67.03657546044984,52.00397569016369
12,67.01565792775168,52.02097405561536
12,67.01094421477863,52.02254215299907
12,67.0353684109661,52.004839331907405
12,66.9942628578211,52.014659317720735
12,67.02003183320294,52.01436398145577
12,67.03835208571638,51.97602738134296
12,67.03422862766607,51.973779662773104
12,66.99820633405979,52.017353752761764
12,67.0224412287134,51.99502536370795
12,67.02413601641649,52.042466364125424
12,66.95630823001089,52.02339110930783
12,66.9515293059903,51.9891142647588
12,67.02682692570495,51.9990393187956
12,67.00619194250594,52.048145467086
12,67.00480117046027,52.02108536203749
12,67.01680081710346,52.005552017306634
12,66.99933908737509,52.04554850831491
12,66.96682800428461,51.97375198939825
12,67.01912945113799,51.9751520262517
12,66.96399241338085,52.00960182912169
12,66.95832237790134,51.99932837473584
12,67.02435423510316,51.97968595735253
12,67.04155185524516,51.99724512004704
12,67.02883312141897,52.01545263719013
12,66.98390500711524,51.99028670188144
12,66.9818668117857,52.031991397009925
12,67.01189885020875,52.015457080340326
12,66.99487866075519,51.96543008112542
12,66.99389818920419,52.045241089353624
12,67.0059379121336,52.039681337953496
12,66.9505552310155,51.9950872142526
12,66.96527572188715,52.016561212077
12,66.99260479771715,51.99105698648373
12,66.97177105522823,52.00155017342593
12,66.99454499571945,51.99048851224578
12,66.98802028619554,51.959244295415694
12,66.95385593302346,51.99916613499154
12,66.9728451260127,52.012419476503474
12,67.03857002011176,52.01332924010175
12,66.96151877335217,52.012959391712975
12,67.02310705907641,52.013129459597835
12,67.00653256503752,51.965304923662295
12,67.02143599097265,52.005077117887964
13,67.03849983440364,52.01428226739297
13,67.04029304118065,51.97858688023274
13,66.95356751274939,51.98388559639564
13,67.03128969598642,51.97857897097285
13,66.96199938617893,51.987926813284425
13,67.02329954234385,52.008361231401295
13,67.01089789208214,52.045810502068605
13,66.95641616053031,51.994481887558415
13,67.01557595685523,52.00234043586944
13,67.00615035429533,51.98046765814455
13,67.0443912289546,52.0067206455599
13,67.00214670636554,51.975046473899916
13,66.9724166345296,52.03301703589782
13,66.99027399372697,52.0309644924513
13,67.01100086658721,52.032544635284374
13,67.01728990060862,51.99136668232086
13,67.00562022364876,51.96654483548701
13,66.95740093987526,51.99740540481523
13,67.00907107305638,51.96718577491676
13,66.98680955831898,51.96464067034712
13,67.02178617383953,51.965740611594185
13,67.04109248291721,52.00158174222801
13,66.98242131211636,51.981647890837586
13,66.98099214920505,52.01968136779321
13,67.01449395154795,51.95578757337005
13,66.95873670214323,52.01464751857877
13,67.02070504509958,52.01761423454578
13,67.02336243458085,51.96443642801989
13,67.04409846491006,52.012062648143264
13,67.03463947807094,51.99437775463646
13,66.95375886378446,51.9847423797109
13,66.99133128617108,52.00361512086867
13,66.97443303343903,51.983864581193025
13,67.01511797526071,52.0046694576152
13,66.990147395128,52.01249227709772
13,67.03824742456014,51.97412952789007
13,66.98249005105839,51.98979169936679
13,66.99584762955158,52.042841894327914
13,66.99542947422866,51.997132845173034
13,67.03490315493555,52.00671379424502
13,67.00860131943018,51.99568851296875
13,66.96478152607567,51.980959164757714
13,66.96574518147332,51.99763880488131
13,66.98162106263011,51.957141102191116
13,66.98145853423858,51.98560360712616
13,67.00765784941215,52.012732331124965
13,67.01469089569432,51.986777981136335
13,67.02045636169544,52.02409319498512
13,66.98141056569638,51.96133206417912
13,66.9915261667971,51.99910553215598
13,67.01880178361641,51.998253702779536
13,67.01641806466999,52.03447870182568
13,66.98302868168558,52.01169116487311
13,67.02185412535125,51.999952037130655
13,66.97953929980174,51.97178907894865
13,66.99964020487542,51.98059873670268
13,66.9946021039433,52.019405881717944
13,66.98983880411089,51.981193369604945
13,67.00296016558666,52.04505632572919
13,66.98324080236354,52.01058327687137
13,67.00990112269585,52.00890567044235
13,67.02044342096877,52.003534960692065
13,67.00963562608317,51.97779930795259
13,66.9787908101868,52.00135867278196
13,67.00464791924163,51.95369481565337
13,66.99592890627201,51.957531637793
13,67.02865334154559,51.96231225313415
13,66.99538183049964,52.04707281164156
13,66.99226026253261,52.01567274024908
13,66.98177010959068,51.990659609937566
13,66.99385932891524,51.99948919626357
13,67.01517234685363,51.958389630821046
13,66.96596442541917,51.979419341962654
13,67.01379799809004,52.02821880140935
13,66.99159760348758,52.00959745904012
13,67.0188889688516,52.037367985015095
13,67.01352510453324,52.021483251172455
13,67.00828545056645,51.97810682286538
13,66.99215170950123,51.954395134621734
13,67.02886795798915,52.03984763735628
13,66.98859722774742,52.00063691198107
14,66.95254941015591,51.99777682210015
14,67.04178087385759,51.989513124547926
14,67.0369705310888,51.981129229295306
14,66.97774628512774,52.0377355304021
14,66.982580144663,51.957338249237104
14,66.97463079162081,52.042803980207196
14,67.03749239410972,51.967106471611075
14,66.99772299017572,52.02919746798903
14,66.96946964072032,51.985072397031715
14,66.9606691897898,51.97841759887783
14,67.00210140120798,52.04662596591745
14,66.98580362301146,52.01230750595911
14,66.95162316116534,51.993596065530994
14,66.98385947939349,52.04106037941291
14,66.99106470040255,52.02603158394886
14,66.99432065335898,52.01468108665544
14,67.00834573020806,52.01319219066539
14,66.95788855937799,52.00831172272512
14,67.0020797027102,51.97425619136986
14,67.01290793850781,52.012790765796865
14,66.96109970360027,52.0025034612814
14,67.04623465374745,51.98404845707851
14,67.03754834742318,51.975051638777316
14,66.99881597455962,52.01320407072819
14,67.00013846301127,52.03992888707129
14,66.96071888666803,51.97851444009467
14,66.98724431660001,51.996944275266515
14,67.01583801363223,52.00616759961884
14,67.00887782484446,51.96207470317146
14,66.95097358422943,52.00110370256023
14,66.98088769982587,52.00321766822222
14,66.95769294410152,52.003176940747814
14,66.97433432515867,52.00581002403157
14,67.03754910101777,52.01113530190216
14,66.97901511709404,51.985250796415954
14,67.01417031349904,51.98192291840836
14,66.99695593203569,51.986753940112116
14,67.0410769030526,52.01923200012121
14,66.98950368991501,51.952923270532395
14,66.96367747224873,51.972959744972755
14,67.01345339200459,51.981047826161586
14,67.02378394753049,52.0029182198934
14,66.9968990249822,51.956456705920175
14,67.01171445761814,52.043026774800445
14,66.9751620647726,51.96055507032566
14,66.9990594545008,51.96652511427507
14,67.0181360288093,51.969293850432656
14,67.03499900330729,51.96866702523468
14,67.00295579968572,52.02112142165783
14,67.01525547888542,52.00079651067927
14,67.00400956905212,52.02241312939498
14,67.04504907057603,51.98106958593834
14,67.01933816891415,51.9850590847431
14,66.98263066633727,51.99231057744234
14,67.00658299781811,52.020554656465514
14,67.02334931086706,52.03241720220496
14,67.0206560036628,52.019637922866266
14,66.98588004010192,52.012384481605814
14,67.01257096240515,52.01595810651096
14,66.99493779701457,51.954610792771156
14,67.02627414333215,52.006127278282804
14,66.99940529515699,51.9839498624454
14,66.99107053151153,51.97348726206787
14,66.97861584859142,52.04273735949851
14,67.0357202493574,51.9889462921449
14,66.9884671750468,51.98432277655353
14,67.01908270656294,52.02846455105912
14,67.00608411733658,51.980678344186224
14,67.00534362156574,51.96577864969178
14,67.00716689105,51.9778585394011
14,66.99439600951973,52.015578294158395
14,66.97511596732826,51.98995989633621
14,67.0001138393163,52.01985737143107
14,66.96140203427115,52.01590764111034
14,67.0423362489387,51.99089737441295
14,67.02650321510467,52.02541904249168
14,66.97104835453297,52.02587083093212
14,66.9913318112131,52.04158449086591
14,66.98900570621794,51.96216966909967
14,66.97677308322066,52.00396298566652
14,66.9974478128223,51.9882597875324
14,66.98782628307889,51.99445601131991
14,66.99153348225705,51.99130361163122
14,66.99056318622866,51.97395516732298
14,67.03183821050611,51.97265902687486
14,67.02251516027059,52.00144147000196
14,67.00036177833796,52.0132426450513
14,66.98654371733276,51.98825965259029
14,67.02415368908785,52.02032012850855
14,67.0041514760039,51.98739221180359
14,67.0157190210012,52.03220314995861
14,66.97153886118407,51.98245159566516
15,67.0005945965196,51.964645424282416
15,67.02570092968716,51.96395764061649
15,66.95324299699318,51.993726130772224
15,67.02573762499742,51.978964054733495
15,66.98161093523258,51.96683975386135
15,67.03001148943234,51.99166361301804
15,67.02458010998944,51.99970186003276
15,67.0452907817437,51.98918719266711
15,67.00933816866083,52.00277830913466
15,67.0188612623695,52.03665455339257
15,67.0330871667374,51.99516239764389
15,66.9617143027601,51.99402969787393
15,67.01458511917286,51.99531043466223
15,67.00856690596514,52.009752212750904
15,66.98587628349695,52.018467836099475
15,67.0163491512886,51.99841093107512
15,66.96132470373362,52.02203735592953
15,66.98823276104004,51.995451273131756
15,66.96058163820285,51.96952713142679
15,67.00241188504033,51.9557513348411
15,66.97591857855579,51.982734871397234
15,67.0391203593198,51.99757870583489
15,66.96951097493161,51.9912043390329
15,66.98225730090454,52.010159278551335
15,66.98441733090993,51.967075195370185
15,67.02288932078928,51.99441051699136
15,67.00319251499262,51.996341095961526
15,66.97410527264897,52.02975178977745
15,66.99967602161293,52.044329974966736
15,66.98961577160453,52.04272138596217
15,67.01142766635256,51.978921555054995
15,66.99274957457577,51.980263826158286
15,67.00284913361885,52.021669708399166
15,66.95361588297038,51.999168735545254
15,66.96922464766166,52.020231382350715
15,66.9748572557278,52.01008587679211
15,66.9998939840995,52.00448534127719
15,66.95789245052029,52.01102812628386
15,67.00065229567244,52.018724186913175
15,67.00138023410689,52.016880366767104
16,66.99099797861068,52.00010987048383
16,66.99279662937784,52.030586499092806
16,66.98252476558746,52.02969750880826
16,67.02934887312766,52.00218310633557
16,67.0355995813584,51.983819933387615
16,67.0276463376593,51.991714543287436
16,67.0424532690671,52.00910369361394
16,67.0188857059249,51.99154480046615
16,66.99450580643416,51.99345928731013
16,66.98922238611435,52.039928272837706
16,67.01279016370435,52.038813342918736
16,66.96140203427115,52.01590764111034
16,66.97007504421026,51.998212026924136
16,67.03022901030451,52.02846996773335
16,67.03331768827123,51.98098218065259
16,67.03897038702382,51.97350433211958
16,66.95728214378617,52.02335154212156
16,66.97769528534373,52.00160528383588
16,67.00601905067595,51.96246805540606
16,66.9575223583253,51.98184330260127
16,67.02864263087848,52.01885249599466
16,67.01298905796511,51.995876032373225
16,67.00404295540226,52.00743065390162
16,66.95510444968498,51.97989196100627
16,66.98179874285844,51.991893743737094
16,67.03688760632734,52.03176562687142
16,66.99981940060408,52.010123505091386
16,67.04033549392008,51.98780830455281
16,67.02707260312216,51.98639938744809
16,67.00173082194848,51.971724066285375
16,67.04157270417682,52.00592151319127
16,67.0127313736125,51.953680200765035
16,66.99228970122029,51.992477967541014
16,66.97481499843028,52.0087617747275
16,67.00528432684445,51.989326625060244
16,66.99954396719896,52.00722366278827
16,66.97115503731126,52.036318784977944
16,66.98153165817551,51.9918526550902
16,67.0280814379162,52.04122809998698
16,67.02478970497522,52.03197521186431
16,66.99534519538594,52.01455157287814
16,66.95857275109832,51.980680908038565
16,67.04577440339014,51.99135932845651
16,66.98781744461802,52.041393918342095
16,66.98283372058611,52.01599995908342
16,67.01985389399772,51.97217644915428
16,67.03795150764142,51.98750090011421
16,66.98422124080166,52.00966618277687
16,67.01995919409099,51.98709171791351
16,66.98622920826695,51.986917356126504
16,67.0052682702609,51.95776617815012
16,67.02226702983388,52.04139039885823
16,67.0189580965806,51.98432127943623
16,67.01810174029548,52.02068622569742
16,66.98425716428349,51.973980551342905
16,66.95928463385017,52.02273741163363
16,67.0162643020241,51.970029854003016
16,67.0256108754753,52.001353761062845
16,66.98095506602299,51.999369339917195
16,66.97598980865922,51.99188872633436
16,66.95422843666485,51.99871683619908
16,66.99975635774518,51.95428316999537
16,66.9823226478289,51.96538042494069
16,67.00766271206446,51.974484753300885
16,67.01070759844318,51.984868007513185
16,67.00232820690186,52.009286832043905
16,66.996265766819,51.97789362607025
16,67.00977065644904,51.986161579660866
16,67.00216869036086,51.9559782363476
16,66.99056648931791,52.03335211572133
16,67.00995323970226,52.040970381824614
16,67.02909387016557,51.99788779544963
16,66.9954248429233,51.977446548361776
16,67.00953388962039,51.9644631569649
16,67.0325779032712,51.9876772768575
16,67.00646439080003,52.00566774249351
16,66.98442376487256,51.986021356519345
16,67.01496970320025,52.014861067397156
16,67.03928885255175,51.988570026777246
17,67.00492257399748,52.01650180514385
17,67.04630019140397,52.00697768558093
17,66.95680040189882,51.9782951591554
17,66.99476968782257,51.954927615227724
17,67.0104277948109,51.97769827393654
17,67.0244255586919,52.00463475733177
17,67.01202906282182,52.03640268421966
17,67.01038616444107,52.019809448620244
17,66.97598999357047,52.04117205300192
17,67.03558451404486,51.96985400164
17,66.96868473302877,51.994054579404136
17,66.97048985508664,51.962149425617085
17,66.99895960104469,51.95197943770055
17,67.01061556619707,51.967622133451414
17,67.0427683765345,52.01960338208527
17,66.99928102508572,52.019201285908366
17,66.98737849735492,51.9966802388574
17,67.01810732513577,52.02211608644261
17,67.00644258074769,52.03871301171124
17,66.98050554317358,51.995399686621184
17,67.03622920264964,51.96606619393484
17,66.98962628485663,51.95420524909781
17,66.96091839603808,51.98330229095659
17,67.0238170390808,52.043116399909955
17,67.0065293862542,52.04638885089615
17,66.98468232701312,51.99299637657554
17,66.96777898755046,51.98939948838172
17,66.9936903427721,52.01110328389729
17,66.99698510199157,52.01997537307649
17,67.00126012073916,52.031950119468945
17,67.03725527152488,51.99994074107634
17,67.02712985191971,51.97138607855481
17,67.01606830423803,51.998708835265866
17,67.02273484499608,51.99867007041216
17,66.97552586219246,52.034931987899576
17,66.95853638477563,51.9936978600403
17,66.9991692486368,52.00632936220321
17,66.95058242625605,52.006430496405656
17,66.98426028502315,51.97529900459645
17,66.9574157736634,51.99778485619757
17,67.00137305480321,51.96942559357419
17,66.96872597959998,52.013981867022075
17,67.03025445559781,52.02173917177168
17,66.98593078873047,52.03061699671389
17,66.98860439805296,52.01083664010483
17,67.03316714303139,51.98023019690245
18,67.02655206765724,52.027522622943366
18,66.96895018345892,51.97544633169367
18,66.96352644525606,51.984855554106254
18,66.98424529170214,52.022620920325345
18,66.98783182352655,52.01828860339349
18,67.00741825179999,52.0001994523886
18,66.99519888657781,51.97162793873099
18,66.98571718816288,51.979505743663076
18,67.01301069456247,51.95247048635791
18,67.01375799791168,52.03342830922989
18,67.02435171318443,51.96114817772189
18,66.99935745930809,51.96957199583742
18,66.99819111331978,51.99264374531874
18,67.01170191037863,52.022090943625464
18,66.98328097363431,52.0179213807958
18,66.96958869171834,51.99046703429315
18,66.99987357571668,52.00991700969807
18,67.00892677062684,52.01832038790366
18,67.01964300335835,51.997692346896805
18,67.02173601896833,51.98149344991001
18,67.03711357253592,51.99948880423062
18,66.96899613178118,52.03674566836191
18,67.00621406415675,51.989318504405674
18,66.98905065438419,52.00327801260124
18,66.97712177717823,52.001116616616706
18,66.97989724398774,52.02926843282498
18,66.98222166026662,51.977776971434714
18,67.03454638414298,51.990356797095195
18,67.02253349614979,51.962298554676366
18,67.00475667163435,52.01582165440554
18,67.00860131943018,51.99568851296875
18,66.98119448775121,51.97803653174428
18,66.99321573111806,51.97522027241461
18,66.98260318928023,52.021827293806226
18,66.99172569042459,51.96978772168764
18,66.98845557560387,51.958954316882604
18,67.02071193509995,52.03210380788692
18,67.000122102697,51.98433623953295
18,66.96395276209253,52.005124783773454
18,67.0350761527871,52.02094515609946
18,67.0224626767061,52.00278550033528
18,67.02494876507457,51.959184639776446
18,66.98361953746355,52.03555239007322
18,66.96948385149177,52.03448821794247
18,66.99255421218002,52.00162921146789
18,66.97876316655407,52.02256310093668
18,66.97996168711094,51.97534672558723
18,67.03435360950735,52.01873419337268
18,66.97541773361996,51.96618819960204
18,66.98471339882127,51.96539221890827
18,66.97167852376455,51.99091467406844
18,66.98724608078385,51.985423029239975
18,66.98686181141169,52.005781447898954
18,66.9834154047944,52.04052031919856
18,67.01472399111108,52.00781151816894
18,66.96702517576205,51.9998784032684
18,67.0443562445025,51.99749015143852
18,66.9840519460584,51.95520987730211
18,66.99153348225705,51.99130361163122
18,66.97556469964032,51.99450372842187
18,66.99019188750314,52.005648025990645
18,67.0024390947013,52.01783297895537
18,66.98954076324809,51.956600721726645
18,67.01309667131284,51.99620021968416
18,67.01899596200353,51.96738494895927
18,67.00031046214912,51.95704347755328
18,67.00904802656355,51.989641059772616
18,67.00470781082333,51.96987185034443
18,67.01263855660474,51.96480644676781
18,66.99336532354626,51.992333514770955
18,67.03448358028015,52.03336883688293
18,67.01144593480801,52.04720316840575
18,66.97153007367086,51.96243694979114
18,67.00285471343588,51.95354254575656
18,67.01714387717247,51.99106107849835
18,67.04618247537286,51.989978743961146
18,66.98934682460612,51.98622850913828
18,67.00606126637062,52.01772296195333
18,66.99394923564311,52.02286481757597
18,66.99624262752509,52.033914048311686
18,66.95771225876895,52.00674518048125
18,67.0024313214387,51.976299221962776
18,66.98884052241125,52.00903380912922
18,67.03073160436486,51.98369338803739
18,66.98683023610967,52.02871497692057
18,66.98567209400976,51.973214832156934
18,66.98055012166114,52.00848459129735
18,67.01175887570915,52.03889533377724
18,66.96489002783498,51.99420329823803
18,66.97638940062014,51.95923791833548
18,67.01365510075463,52.040165451514596
18,66.95221964280353,51.98729069097628
18,66.96071913064645,51.975174702406896
18,67.01490368197362,52.02526043970682
18,67.01833213789645,51.986792340493004
18,66.9609194477179,51.990924506006856
18,67.00496450899189,52.012291665946776
18,67.01282541660099,51.965231573331614
18,67.04036130146335,51.97054847215178
18,66.98872385247034,51.97791617581154
18,67.0323167036406,51.9941008163258
18,66.9923395185919,52.047038273931065
18,66.95937978888117,52.01399284039342
18,67.02663764745608,52.01046444598651
18,67.02557800284745,52.0120921141511
19,67.00305918614335,52.0270615809792
19,67.00096890599322,52.0118340125459
19,67.00229680692918,51.98978117279539
19,66.98120288490219,52.036443245649174
19,67.03162715487585,52.01306840421684
19,67.02896742256752,52.01084725952741
19,66.9693056313375,52.01032123122895
19,66.97433488713811,52.0184809032799
19,67.04301012295939,51.98017697415373
19,66.984368496269,52.034583394844425
19,67.02026716902628,51.9769376988816
19,67.00682074721115,51.97469826537764
19,67.00218836986772,51.97412169028275
19,67.01935516813303,51.973809078345376
19,67.01427879960507,51.997487026664274
19,67.01428678414223,51.99068690435114
19,67.02024606034908,52.00223989585143
19,67.01210969518029,52.027356733026764
19,67.01807985440216,51.98369730153369
19,67.02597536400002,52.00591914816096
19,67.01416875190466,51.9728492814869
19,67.02726807537441,51.9906501347093
19,66.9900953663175,51.973177462159626
19,67.01201517921375,52.01565544199522
19,67.00986985832466,52.0248695652214
19,67.00541166797319,51.995421227689974
19,67.02599245543685,51.984835185430185
19,67.01384088467597,51.99475974756826
19,67.01528410658938,52.00592348699599
19,66.97693743640903,51.99601069183155
19,67.00759428135805,52.012371025577046
19,66.9899894899355,51.98342310638652
19,67.00857531883074,51.99219177323966
19,67.01586508724957,52.010062707066
19,66.98351843192222,51.992252846810025
19,66.98331246964769,51.96727706043656
19,66.97752599378273,52.03595668041944
19,66.97557730025743,52.01777675123601
19,66.99742028589198,52.019369628438604
19,67.02010442064486,51.96750364786102
19,67.01027551243068,52.00365150027052
19,66.99582758460602,51.98783780983799
19,67.00663435937541,51.982869773783854
19,66.96200637207018,52.00826860587145
19,67.00829185536618,52.03379503972773
19,67.0253392549065,51.989380686641915
19,66.99121391266264,51.97932111942661
19,66.98191648247868,52.03578837370436
19,67.00945675091316,51.991409308761995
19,66.99223544576138,52.03384939822245
19,66.98752212553858,52.000960479730836
19,66.98083871276194,51.97895058120236
19,66.9904808668646,51.99803343346433
19,67.00264844690517,51.96181131994439
19,66.97787468505643,51.99855930057242
19,66.96972492405528,52.00204473716601
19,66.99832067412639,52.00238535635209
19,66.99076258991289,52.01410451469854
19,66.99516721701262,51.96814571809795
19,67.02746061313852,51.96414285904369
19,67.00285768936723,52.04808664417566
19,67.00828962883261,52.02590137946078
19,66.97041411320282,52.03236322547272
19,67.00528432684445,51.989326625060244
19,67.03517917715858,51.98101300964642
19,66.99277106832766,51.989275936268605
19,66.96249324550791,51.997458254333324
19,66.99564855010134,51.97529215892588
19,66.97555898475994,51.993934423252746
19,67.01756930647278,52.02128575797471
19,66.96764034648362,51.97412782903673
19,67.01799200126398,51.988287134150994
19,66.99456150012026,51.99791750942519
19,67.00838735240485,52.01572140750448
19,67.0311316435,52.026855275926366
19,67.00788614382317,52.0237716342304
19,66.98654371733276,51.98825965259029
19,67.01382071193594,52.00928736000728
20,67.0137652976015,52.023981879239045
20,67.00921385492944,51.9808524024939
20,66.96550266443575,51.98224285035901
20,67.01121159727684,51.96826533288853
20,66.96478232637018,52.00457268242718
20,66.98722813672737,51.96542185180277
20,66.99627033305487,51.99100730854568
20,67.03675243564017,51.98009697990024
20,66.9916320667208,51.95459192500239
20,67.02870947051179,52.00012545112279
20,66.99211282227813,51.984915799067586
20,66.98820502683473,52.02723094752642
20,66.99267207619913,52.04220574782869
20,67.00971926035557,52.037562426098205
20,66.97489923127752,51.98028912063997
20,66.97402869040414,51.97815635863558
20,67.03576868690391,51.98090973354513
20,67.02944601698549,51.96564949900264
20,66.99334624868943,52.020759192645926
20,66.98630152880133,51.981200521432136
20,66.96977968312103,52.0109593086134
20,66.97725279681987,51.972368661864664
20,66.98399526201123,51.98586239489386
20,66.99180397325001,52.04757422862309
20,67.02022667099557,52.0304934762739
21,66.99766479919984,51.96278124679465
21,67.01273986119622,51.99129449182741
21,66.97545078368229,51.98453772004873
21,66.95805924249747,52.01880707425599
21,66.98739144042851,51.975116439791606
21,67.00459999358335,51.980702698079035
21,66.99432065335898,52.01468108665544
21,67.04410699305873,51.99472512572862
21,67.01961969457803,51.970088975116994
21,67.00086861176545,51.95118563253593
21,66.99313682848798,52.03390203067336
21,67.00518976796805,51.98783784528305
21,67.00872953437676,51.97347226232451
21,66.99388338539015,52.01431377003255
21,67.01181536884002,52.01534276136621
21,66.98070667750866,52.028208018453036
21,67.03917568930642,52.01358199792194
21,67.02916131245627,51.97185162632468
21,66.95375886378446,51.9847423797109
21,66.98392593532955,51.98055505493653
21,67.01673012189218,52.04301283592093
21,67.04703011781,52.00794309468027
21,66.98733878898966,52.04282143673517
21,67.01501763912762,51.97063386911078
21,66.963480734422,51.98829885074871
21,66.97479634186018,51.97803887329464
21,66.95506473899962,52.014491537870825
21,66.9630391163231,51.97517646449381
21,66.97022469671599,51.97893777940927
21,66.99889777713636,52.01694652681366
21,67.03771386458185,52.00010028790694
21,66.99694718595585,52.028064949702255
21,66.99036631085745,52.03327023936029
21,67.00868299670634,51.98647420011913
21,66.98496641914144,51.9616411690909
21,66.97602841467011,51.99776681224382
21,66.99279898657389,52.023518167452536
21,66.9863987955887,52.02392057343234
21,66.9710262457548,51.97662344334168
21,66.98182603243565,51.98503906399176
21,67.02744283277818,52.008199367144954
21,66.96706780697657,51.9852515143376
21,66.9928662505629,52.017535359063764
21,67.00418819491202,52.044090863877415
22,67.02620051313238,51.98320707355399
22,66.98449533876284,52.03804132675856
22,67.00155210913681,52.02160659439976
22,66.99139182833177,51.979661320287256
22,67.02038728412062,52.02701892083008
22,67.03633845594831,51.978602672450485
22,67.00917083563533,52.01852760012533
22,66.99001406362588,51.98020324765817
22,66.9885429974062,51.99238370023495
22,66.98829357959318,51.99186185349627
22,66.98685513572323,51.989228610844314
22,67.04360911726504,51.98248291082979
22,67.00869778387863,51.9587338609964
22,67.02329954234385,52.008361231401295
22,66.99375007645972,51.968373224856464
22,67.01493628802218,52.00579658683941
22,67.03890026690962,51.97579518968558
22,66.97315003619642,52.039461576769035
22,67.00069533018561,52.01504934972131
22,66.9894241891756,52.00238361064181
22,67.01403241948728,51.99288504453305
22,67.01589380042145,52.03557799816033
22,67.01672790357269,51.95683427104823
22,66.98344548354848,52.01261029020856
22,66.95738768657255,52.02562833165733
22,66.98478418006657,51.98161200728426
22,67.01776199326054,52.003405107662694
22,66.96129653018204,51.99599822345901
22,67.02590807743013,52.004840846633584
22,66.9669479650244,52.00387564251521
22,66.97868997159223,52.00921511727845
22,67.0023386493953,51.9754355837614
22,66.98678324045561,51.993572138390675
22,67.03933888227478,52.01159102491727
22,67.04128927537727,51.984341309193574
22,66.97722319800717,51.99070330141445
22,67.03882803058296,52.000542771831434
22,67.00272155142093,51.991816276389414
22,66.97527135582166,52.00479989941114
22,67.01308545447196,52.012787120243416
22,66.99255742592828,52.00524251677936
22,67.03611086823175,51.97107141584542
22,66.98088226150476,51.96330732065161
22,66.97206562662163,51.97782552033505
22,66.97432282467331,51.98018347555484
22,67.01480471509758,51.95301022787621
22,66.96077557164469,52.00461633947433
22,67.02921662857122,52.03100182860177
22,67.02188833630507,51.99384421724414
22,67.02471386242254,51.981886271499214
22,67.04203078702693,51.97642565593212
22,67.01493951029865,51.98292441505714
22,67.00349922436224,52.026485948117504
22,67.01776655739792,52.019675108969665
22,66.99156882985342,51.98755908789379
22,66.98234672248184,52.03386814026923
22,66.96779575806903,51.9778105709518
22,67.00289978238479,52.04196725365702
22,67.02727992677897,52.027842216344006
22,66.97484917044632,52.030768853578486
22,67.0139557621085,51.9590757904572
22,66.99153044535733,52.01316561087992
22,67.00477239271584,52.01406010874531
22,66.98855889824357,51.992076829927235
22,66.99823300647363,52.03378832929776
22,67.00187554468135,52.008756993302576
22,66.97273586374054,52.01363945453284
22,66.97206765395833,51.97771750133914
22,66.98513573334786,51.98425746666392
22,66.990256366789,51.9557376728197
22,66.99545893898728,51.967262156313936
22,67.04551132735483,52.00525869387016
22,67.03183432404263,51.98083108661889
22,66.97775217863,51.99737007290724
22,66.96115024773201,51.980080548412424
22,66.99916560283822,51.96284817922372
22,66.97654847858956,52.01761337515568
22,67.03521039543546,52.020720580102584
22,67.01741759757816,52.02695509140816
22,67.03669437574486,52.009924264217574
22,67.01046720531888,52.00307884466002
22,66.964617975756,52.0311253969976
22,67.04570408248387,52.01920451341079
22,67.03780241178637,52.028972214470855
22,67.01421953856648,52.020949555410795
22,67.0124193100577,51.98190484633621
22,67.04739069815433,52.010632907298074
22,66.98742313787747,51.971739079862914
23,66.95347714484784,51.986883158983545
23,67.03285947750486,51.99823089741605
23,67.01481146324446,51.99852223422936
23,67.03975148337086,51.97238027833717
23,67.00129658842474,51.95193742908374
23,67.03548885125839,51.98699022365921
23,66.97603369215364,52.03892268843753
23,67.02057041879345,51.98033420732044
23,67.03255362087022,52.01646896184305
23,67.00545397951434,51.96101513512452
23,67.01499487566984,51.98550061142587
23,66.97800089697066,52.02246871887857
23,66.99430623933902,52.00610206399243
23,66.99163520627474,52.01707961874784
23,66.98311062898108,52.02431683045168
23,66.96938836829057,52.0275828193809
23,67.00264844690517,51.96181131994439
23,66.96658316303763,51.98935466194303
23,67.01613656035087,51.97049209117213
23,66.98173862210723,52.009947100644794
23,67.03865689582938,52.01114424389327
23,67.00940854783207,51.977922526335746
23,67.0226889207605,51.97549904186843
23,67.00036023625341,52.01844689938407
23,67.00233757684212,51.96150551248337
23,67.00003410861294,52.00540013643491
23,66.98760800559562,52.0138307991246
23,67.04035507217527,52.02117186700308
23,67.0454992098015,51.98127471444236
23,67.00023726206189,51.99713645250137
23,66.98247684174414,52.01926314216274
23,67.03914462115783,51.98504963285313
23,66.99316502847385,51.97706900946976
23,67.0288423635589,51.97416317155097
23,67.02637653308145,52.01931180315771
23,66.99181861894601,51.96119756307199
23,66.9894015690189,52.03066454077865
23,67.01744501911695,52.018578454164455
23,67.02014252181503,52.04108049948906
23,67.02436469835847,52.01714743313526
23,67.00311214781924,52.01231322196373
23,66.99794226724563,52.009247287720896
23,66.99236338762026,51.99148264054269
23,67.0128794409623,52.009431959272504
23,67.02285015280218,51.97527779166127
23,66.99351857505243,52.02149848574604
23,66.96579752613324,51.9921041224027
23,67.03368029196756,52.006642850507646
23,66.96914911767801,52.021838248122506
23,66.99674645458516,51.994552144928505
23,66.98999990418645,51.99156529043189
23,66.96631598684293,52.03006950028802
23,67.04390763275934,51.98251750570699
23,67.02981361016163,52.00236962870514
23,66.98570147813196,52.011417154215074
23,66.99331878043922,51.98034690407057
23,67.00247493706024,52.03948322029989
23,67.01881917440181,51.967305682876145
23,66.9821476735985,51.99852640198541
23,66.96653282090969,51.973480617385306
23,66.98539807825163,51.95949779173124
23,67.0175766961314,51.99567025621321
23,67.03650068144675,51.984316460500615
23,67.02159882278889,51.98367894073282
23,66.99670674476249,52.005005423092435
23,66.974005598752,52.019471192739985
23,66.97772246286848,51.978939734028266
23,67.0371133704663,52.02775900991502
23,66.96166523579545,51.984461873466465
23,66.99366128916472,51.970798145540506
23,66.96414470700788,52.00768931313053
23,67.00934918633082,51.97662503508804
23,67.03507631623316,52.002900024973904
23,67.01920814470625,52.02362421372391
23,67.01012233758591,52.00862666320928
23,67.00261797975604,52.00915327025563
23,67.0239701460694,51.96095968555314
23,66.98840250138838,52.04728759510023
24,66.97465461863627,51.99311768937007
24,66.95591249153425,51.97974405435746
24,66.9521943799319,52.000472613349736
24,67.01583801363223,52.00616759961884
24,67.00907345196998,52.00850761773304
24,66.99278539946002,52.001032775698604
24,66.96741717435123,52.025327100201864
24,66.98682329931273,51.97525515008244
24,66.98768926357643,52.014789817880136
24,66.98750835383882,51.986865701353125
24,67.02892755936206,51.9844238079352
24,66.98848962815545,51.955320292859916
24,66.99166160646051,51.99029515367848
24,66.95072652221067,52.00484900438597
24,66.97674064450368,52.032659986804966
24,66.99631197670381,52.0232374755629
24,67.0100822627224,52.020754723423444
24,67.01613656035087,51.97049209117213
24,67.00289238505025,52.03254118065597
24,67.022192507125,52.01688180920045
24,66.98081666676231,52.03338398565484
24,67.03946854360112,51.995135073981444
24,66.98271519595954,52.002592666049495
24,67.01110802900467,52.03007718456498
24,67.02367503600433,52.004351923634424
24,67.00406763870124,52.030914264435914
24,67.01852240626638,51.96887514458494
24,66.97359725687825,52.00965888990368
24,66.98664666652823,52.00550013139104
24,66.99388965419116,51.960740700062715
24,66.98415710515391,51.96146565984102
24,66.97614780508933,51.96163476510927
24,66.99393536427345,52.037920175199226
24,66.99537657536756,52.00835233972608
24,66.9820748404741,52.02882415925142
24,66.95733650110691,51.98291095862829
24,67.00168182667134,52.00614256614393
24,66.98305177341966,51.97435763771521
24,67.03733199134797,52.00017922261128
24,66.98332618294563,51.993835040341395
24,66.97700993318543,52.04082750398168
24,66.98342467890076,52.00748081378907
24,66.98472930608645,51.97682812039715
24,67.03931716699249,51.987426058203816
24,66.98040021693596,52.01684156945846
24,66.97282706709424,52.02033166430475
24,67.012495816954,51.957532021670836
24,67.02260656801515,51.957677115581156
24,67.02818367268497,52.029691889439434
24,66.98068606723173,52.03530066044767
24,66.97556605640031,51.98366608467637
24,67.04783719611237,51.990886945660975
24,66.98012784111425,52.01052105276695
24,66.99422945538088,51.98983502421549
24,67.03555243117447,52.011056799483775
24,66.99157456342354,52.038126769293974
24,66.98413134519627,52.032238796221435
24,67.01183326699223,51.98687217225955
24,67.03864030703008,51.97724569523154
24,67.00076998093554,52.035598061990854
24,66.96101696494111,52.02674404016643
24,66.97280737061132,51.98047208186725
24,66.97587068173719,52.001763312164954
25,67.03104562460251,52.01001922680654
25,67.02910645582864,52.03859002276917
25,67.0007632249436,51.990925597080285
25,66.99032015423434,52.00811803642978
25,67.00759024237945,52.006142634756344
25,67.00895106458846,52.02215817553778
25,67.0192407317104,51.96562695733749
25,67.0035889696925,52.01526585813945
25,67.02929002906978,52.03730774413225
25,67.00639381473543,51.980125428126094
25,67.02308987130306,52.0185766284378
25,66.98628697212382,51.99472724063789
25,66.99442958561951,51.95424394328099
25,66.99002480995907,51.98670620723347
25,66.99314194526912,52.01721212324262
25,67.0173355050715,51.97013779312388
25,67.01910692802008,52.02006047553814
25,67.02906414789425,52.01237737464046
25,66.96366670164899,51.99527379775755
25,66.99023148357885,52.03365432564278
25,66.97039278064629,51.99663648842198
25,66.99664203886299,52.0245283617492
25,66.95937979224121,51.981163769921146
25,67.01995858944254,52.02082393474065
25,66.97310959409386,52.031438477814945
25,67.01948769118827,52.003564599471396
25,67.00710448547144,52.047924299220206
25,67.02703064937673,52.01227640856737
25,67.03019998766395,51.96824471766381
25,67.00025004960219,51.95841738527099
25,66.99703309015274,52.0034039447041
25,67.00578388628486,52.00103817525783
25,66.9873196448885,51.97559417908989
25,66.97936255965548,51.963530277284335
25,67.0023386493953,51.9754355837614
25,67.01121460643775,52.01544616281419
25,66.98802675567677,52.04221628509276
25,67.0265335866676,52.015697788662926
25,67.02080100552944,52.010163949990634
25,66.97507020956394,52.00652355857231
25,67.0146957640433,52.02857742171804
25,67.0308898081099,51.976997814548604
25,67.01708334532373,51.97165403561881
25,66.99401664725073,51.958518991357806
25,66.9835908116161,51.991935465959436
25,67.04460713266836,52.00617275025094
25,66.97758468272845,52.006633280754635
25,66.98721545028705,52.02626589299954
25,67.04839806186203,51.99979627275527
25,66.99387083115552,52.0026899559477
25,66.98115405949419,51.994975050336215
25,67.0347808491384,52.018595228538295
25,66.96595170859592,52.00048288815411
25,66.98609473155169,52.002913530157045
25,66.9539688949684,51.99680168997485
25,67.03749999313607,52.01527517896939
25,66.96080448860373,51.98020267151367
25,66.99462566873386,51.999386048935
25,66.99851532740024,51.98104933764253
25,67.03561981665615,51.96961388777642
25,67.02464707408392,51.95967857673225
25,67.02311321867057,51.99961932032067
25,66.98310208324551,52.005575270550416
25,67.0201639172569,51.99917946600088
25,66.98385976953821,52.03958411872642
25,67.02137130488725,51.986810803112476
25,66.99925314516973,51.975393086090364
25,67.01935516813303,51.973809078345376
25,67.00214317253344,52.049549961597194
25,66.99169219605903,52.00036484946461
25,67.00730467121282,51.987718942645216
25,67.0006632105096,51.98654859431196
25,66.95528920299503,52.00627670365662
25,67.02440019157996,51.99229726203218
25,67.00638551166743,52.00157972938726
25,66.97567217323143,51.998852351370104
25,67.03815652733493,51.98155965919144
25,66.97878641807588,52.027110099850965
25,67.00014014713383,52.0215564736705
25,67.02044056548607,52.00846597286163
25,67.00366238535791,52.02272195304829
25,67.01527193291416,51.99838646504969
25,67.03323781969377,51.97463045138236
25,67.03099146069295,51.970474608583785
25,66.99236652029158,52.01190658653143
25,67.01992424369718,51.97790004208827
25,66.96309949299444,51.97147359311054
25,66.97550310697007,51.99690801357004
25,66.9882595797545,51.989731365154576
25,67.03794684555956,51.97413039014543
25,67.01826557686813,51.96849243375234
25,66.97497151966182,52.013464236638264
26,66.98688676676753,52.01747246214097
26,67.04073413102803,52.014202630211386
26,67.0175766961314,51.99567025621321
26,66.96206577429776,52.00723268921155
26,66.97879191392042,51.991565163611156
26,66.98130966309202,51.97562656331917
26,67.01243337341356,52.007690913265336
26,66.9949853416435,51.96281878745347
26,66.99910011574984,52.011839547444275
26,66.9893062156268,52.019708919660594
26,67.02059131285293,52.002206970125606
26,67.03846563573894,51.988210452786
26,67.0178015680689,51.99419503938253
26,67.02762538572975,51.986309434749145
26,67.02125008814178,51.983700652863234
26,67.02276259124483,51.97640414638318
26,66.99488125087994,52.028829756576485
26,67.0485214925428,52.01017786966328
26,67.03719640427761,51.97661676167711
26,66.97665589915513,51.97745716382322
26,67.00584670889211,51.99761449407681
26,66.9682384869857,51.99821333435423
26,67.00440810577052,52.02956888128886
26,66.98177000693968,52.04548825887043
26,67.02458744885415,52.031249397907125
26,66.97854424118782,52.018495293168485
26,67.00922790743739,52.0463073552177
26,66.97013295837824,52.01878002929335
26,66.99297700276318,52.04844260720247
26,67.02517343601336,51.972569538015954
26,66.98478903132371,51.99997724902042
26,66.99678684326962,52.02050717979162
26,67.01069448045209,51.970045536285575
26,67.00231128318961,52.03994796180041
26,66.99082769741887,51.97436157884049
26,67.03333737696015,51.993777905978305
26,66.95595774668956,52.012749941214715
26,67.0248309811061,52.017407080486805
26,66.97193271174315,51.989367802031374
26,66.99619813827904,52.01829894567292
26,67.0029850893787,52.04659895677938
26,67.00348656098085,52.02427701425372
26,66.97375843968739,52.005465887910646
26,66.97773331145835,51.99880707438121
26,67.00030330411514,51.96615745381895
26,67.00882585801357,51.97061167708487
26,66.98874895741238,51.98954002328979
26,67.01373717758125,52.026780129424345
26,66.98094936236528,52.01005403823107
26,66.9802273232404,51.956828101635324
26,66.9732924864434,52.02325396434454
26,66.97449000013441,51.96759325366887
26,67.02390627775617,51.9723388256936
26,67.00724933026486,52.035643663653644
26,67.0151794141031,52.02856804419745
26,66.99537182424885,51.961592015917894
26,66.96707729781656,52.00855907439114
26,67.02752626656911,51.969469980140936
26,66.95311451265633,51.98297664795006
26,66.95549258513762,52.01355654056239
26,66.97496713000595,52.00750284075221
26,67.0203741844627,51.987406373128074
26,66.9763551386401,52.00541728418468
26,66.99793425269124,51.97648388965177
26,67.03742600970719,52.00302801466686
26,67.01836851372815,52.02978922716687
26,66.9843268833509,51.98533983648564
26,67.01425090541231,51.984180147036305
26,66.97664951924625,52.023461973471605
26,66.9887158218065,51.96498753151467
26,67.01984076124795,51.99652292084707
26,66.95573594459624,51.97898288438394
26,66.9839497228557,51.96044217560668
26,66.97339644869729,52.01989357453796
26,66.99350637864154,52.02983307582541
26,67.01417516968732,52.040280638585244
26,66.97651143348666,51.96720091569911
27,66.99456631901118,52.00907785029926
27,67.0337895886561,52.0184638106124
27,66.99746064243503,51.95236332032616
27,66.98666147836043,52.03240865891468
27,66.95950923513506,52.01488325541185
27,67.01695237084519,51.99565898576797
27,66.97224296353764,51.97336684132869
27,66.99503513704764,52.027423961946724
27,67.02684279730784,51.989370824294696
27,67.04405647401022,52.012613307686
27,66.98887782257457,51.99440325772049
27,67.0350117826714,51.965218431628436
27,66.9986118036838,51.987520363090574
27,66.96832733310411,51.98152664307788
27,66.99418388387706,51.98424279647228
27,66.96031675922923,51.973174946884185
27,66.96975678287761,51.99256022095842
27,66.99034405095931,51.97166298729787
27,67.00559648584216,52.01362077791669
27,66.98849951359256,52.00588016511633
27,67.02093563652082,52.02853879958207
27,67.00354277856788,51.99056093512521
27,66.98054416861966,51.970547808715004
27,66.98555388500239,52.02654074223198
27,66.98512649811629,51.959198413063746
27,66.98572285259938,52.00728907109016
27,67.00055458723311,51.991171131533626
27,66.9974911484674,51.956425156025766
27,66.98895904001165,51.982500635002914
27,66.99810365044004,51.99120061178695
27,66.99339062051567,51.97629305682548
27,66.95787351114276,52.007177537961766
27,67.011725687573,52.03202534826991
27,67.02691588171214,51.971581928741564
27,67.00036102803084,51.99818361343624
27,67.02197970189236,52.03094175394111
27,66.99113456564545,51.95820632223599
27,67.023566549843,51.99385482489845
27,67.00227658483848,52.049559076156676
27,67.00844487386648,51.97891914501561
27,66.98267534320779,52.015127290366074
27,67.04193659155453,51.99551588703228
27,67.02596010095733,51.95796545829193
27,66.9810027380247,51.95533316551747
27,66.99548115815635,52.01393024913188
27,67.02231403641272,52.041623537227515
27,66.99627409195718,52.045303234321615
27,67.0009522510348,51.98041041185614
27,66.98978946395786,52.03293692308937
27,67.00862123763845,51.95874717177806
27,66.97120114192116,51.994112895316086
27,66.99699213877034,52.04601402503517
27,66.97553246401164,51.99339679503271
27,67.01955037672462,52.02760929967019
27,67.03573430442697,51.97393668376551
27,66.96408367448348,51.9943547955732
27,66.97182321068898,51.96008065806777
27,66.99085450171899,52.01201940847669
27,67.04023704166381,52.016974632128075
27,67.01043452023032,52.0469131130484
27,67.03442610588557,52.006945744490224
27,67.02976417395604,51.97744694840078
27,67.02072845152094,51.986703098693184
27,66.97537743188879,52.0242095419421
27,67.02141316757093,51.9764614241394
27,66.99140219410201,52.01783368716726
27,66.96335878895576,51.99131876273422
27,66.99514088811583,52.009720737777904
27,67.01227127577079,51.99375002403016
27,66.98124505545098,52.04481654657414
27,66.97115454732662,51.9805149274241
27,66.98539935442264,52.02151244921443
27,67.0314384429773,51.97691676630513
27,67.04237784150472,52.015697231383434
27,67.00350201168584,52.02799191690203
27,66.97512611078514,52.00896049514199
27,67.00327294176579,51.98130310430292
27,67.00502488498209,52.04823336296173
27,67.0391203593198,51.99757870583489
27,66.96995667339503,52.03489513242716
27,67.02682159458561,52.03411255380011
27,67.04137354242515,51.986625368997416
27,67.03804193481831,52.00339083546069
27,66.99373669716648,51.95878715575182
27,67.03029582767061,52.016815262881465
27,67.01957996155686,52.01177687881548
27,67.0298102003006,51.976540122882504
27,67.00781810764298,52.00337197783404
27,67.01251165545403,52.045285602044274
27,66.97168782367558,52.04092769562954
27,66.98894642614002,52.03819006722095
27,66.97903643359649,51.99255423025813
27,66.9830134636531,51.96622413571332
27,67.04294678566694,51.99483109907102
27,67.03000392380763,51.978498241753044
27,66.95983804523927,52.004085852786034
27,66.99074365161945,52.04269318178019
27,66.98695025576575,52.02372619102749
27,66.96344945049843,52.007940266840905
27,67.0148389022086,52.01765810650042
27,67.03726599861251,52.0139232964242
27,67.0014987285307,51.97965777161435
27,66.9892746645531,51.97437532441154
27,67.01161655484597,51.994111194794385
27,67.00478975580718,51.993767738163996
27,66.99238600880554,52.00066149966726
27,67.0151394951152,52.03079957513665
27,66.98635926311435,51.97690924631726
27,66.97642655204663,52.011821647037316
27,66.99567141258827,51.98654248841558
27,67.0307774399209,52.02784088706072
27,67.00043598726775,52.03538248813772
27,66.99415741463037,52.0108673175558
27,66.9799923213822,51.97497650438453
27,66.97981711502987,51.98514358374263
27,66.96197935535871,52.01909669846392
27,67.0093846708682,52.040443579016696
27,66.98733548060967,51.997424150554465
27,67.01890930876216,52.003549878808414
27,66.96839517609607,52.000059747103485
27,67.02173904474007,51.98007639441451
27,67.01501924241923,52.02214326791046
27,67.04201806612734,51.9915889167795
27,67.00233195729155,52.040896329616345
27,66.95464911783694,51.98330899780813
28,66.9873385678067,52.02495019503017
28,67.03198908604224,51.98152837118776
28,66.95645381509792,51.98708367788353
28,66.97409395903857,51.96800660751775
28,66.97149087609762,52.03067267933555
28,67.02924269531856,51.977727775393944
28,67.0151394951152,52.03079957513665
28,66.99143488849657,52.02196084384066
28,66.99224842239016,52.016481897292785
28,66.98894455797384,52.03571426503609
28,66.99911869110805,52.00982168685474
28,67.02365449371933,52.030524721136715
28,67.0220902372079,52.00551577773772
28,66.99396715754756,52.007083808614
28,66.99590320419682,52.000406630220425
28,66.96572674370756,51.97142730962655
28,67.01589767589338,51.995136494291536
28,67.01281502568582,51.98824796139182
28,66.9939947301251,52.01405886261938
28,66.95786826771169,51.981058244337106
28,66.99397603177415,51.988880599929765
28,66.97479623881596,51.99342149720342
28,66.99147915385629,51.99560621491
28,67.00135310133174,51.996964625731096
28,66.98368323022282,52.02495781088539
28,66.99779496566994,52.004333821135525
28,67.00839779984103,52.04160109496469
28,67.02799545181298,51.96210938521609
28,67.01495056007013,52.00321411296783
28,66.99009447497549,51.9692944146346
28,66.98207644884944,51.987596110252746
28,66.99678682429301,51.99632157516368
28,66.95911490718593,52.001429185268364
28,67.01214994390196,52.01074421464636
28,66.97952407334581,51.98582197011713
28,67.02377916838583,51.96251609729938
28,67.0316344178622,51.969937910596755
28,67.03230548114125,51.96262585161475
28,66.98724090777132,51.98057203801395
28,66.97509837473059,52.03306049707403
28,67.02487711645011,51.96122427777551
28,66.99187417959044,52.04834543208525
28,66.95722725871352,52.02154822846507
28,67.00700602912731,52.00201120146039
28,67.02864047277235,52.005249561496804
28,66.96093143987606,51.9693553071718
28,66.99122192036766,51.9919948925432
28,66.95206198397872,52.00808776526968
28,67.00363434489516,51.9866706623654
28,67.03219867348288,51.964777996895705
28,66.98704627180312,51.96087631471593
28,66.97175295705209,52.03802264847195
28,67.03309621366509,52.03050239942661
28,66.98702820418455,51.95587557698829
28,66.99983917643998,51.99152299664316
28,67.03950836938621,52.00291431914907
28,67.01729017894253,51.984842099085036
28,67.01750642356926,52.005612328012525
28,67.01317928914223,52.02605583409711
28,66.99092925621758,52.036168477770005
29,66.97529917420398,51.980429803142556
29,67.02726770069343,52.005973063377425
29,66.98807565890507,52.047285699668095
29,67.03084089747856,51.99166182554899
29,67.02799662222007,52.027117840801914
29,66.96707885792533,51.97617134561769
29,67.04657323383111,51.985267891890835
29,67.039379897969,51.97627529752238
29,66.99133310339843,51.980344677614696
29,66.96120546399867,52.02687884580025
29,66.97320044359971,51.9967114360221
29,67.03515292934804,52.008182071443144
29,67.02127774289788,51.973672602562246
29,67.03729311083713,52.00930694452481
29,67.02680498607987,52.0256217687944
29,66.97098621373485,51.96995105680132
29,66.99064090644706,52.030057131707366
29,66.97626486980327,52.03680507984644
29,66.99349110109526,52.04601687516583
29,67.0185313548495,51.95533196493628
29,66.96574902941855,52.026152554190325
29,66.9526361451245,52.00135115023319
29,66.95334460117816,51.98258928408758
29,67.0171676962877,52.01790625401748
29,67.01313988985817,52.026693057149174
29,67.04276611077417,52.00727839458952
29,67.04530496051866,51.9874936801808
29,67.01638945369184,52.03646372850553
29,66.9525839446185,51.99807038354095
29,67.00933663318281,51.98305676816694
29,67.03557867952706,52.03413200554093
29,66.97349841136432,52.00587601555871
29,67.03902559737408,51.9747969923538
29,67.03217621619078,52.005860272015006
29,66.98940480125519,52.02229418492855
29,67.01018564438097,51.98066398992803
29,66.95572227724969,51.99196675717073
29,67.02773519553979,51.997607866065195
29,67.0293470629152,52.024937740286994
29,67.00669333216065,52.00065047691686
29,67.0203881679063,51.99120917042409
29,66.9890635706671,52.01623166981264
29,66.98628697212382,51.99472724063789
29,66.98850964916977,52.00735160691725
29,66.97951897117518,52.040298817628084
29,67.0048580100352,51.996447462352165
29,66.99968934770042,52.047676555682344
29,67.01022396504594,52.01127390804897
29,66.96253063529336,51.974538213605356
29,67.02602344750116,52.03909378786739
29,67.00042553170995,52.01117853674024
29,67.02637229076836,52.01613074764415
29,66.99661737942168,52.00776055363614
29,67.032245650114,51.97432365048196
29,67.00550091875863,52.01319557136658
29,67.01110802900467,52.03007718456498
29,67.02971145689237,52.03888201807593
29,66.98609953263832,52.04776593034482
29,67.01055980359625,52.00167353092219
29,66.99982247521427,51.958564015989026
29,67.03753734407569,52.02400571813371
29,67.00561645785207,51.99254857854661
29,67.00014605782768,52.02067156012737
29,67.03005608313578,51.97752477620267
29,67.04598643353347,52.01047600151857
29,66.9805312214116,52.019045352639424
29,67.01235909722088,51.98191213422157
29,67.04131183698517,51.98335734718742
29,66.98586671324986,51.98294957967334
29,66.99975635774518,51.95428316999537
29,66.99564988801221,52.02258743086273
29,66.98969761463744,52.0257431442484
29,67.01310170950336,52.012502819096554
29,66.96243367488816,51.998952326686265
29,66.9602649411404,51.99899930873327
29,66.96224883679646,52.01423700144718
29,67.01019751766493,52.02565100010659
29,66.96143381316779,52.01922518549563
29,66.99150038305152,51.958775081122766
29,67.02967518397305,52.01024895569345
29,66.98782140999518,52.040650500311834
29,66.96541806072707,51.96709708483085
29,67.0007467330716,51.96876142955333
29,66.96698108117948,51.96256133636847
29,67.00728942518482,51.99868519095047
30,66.98555589145326,51.98249836198891
30,66.95739264918407,51.991064056390144
30,67.007420355363,51.98531306483998
30,66.9922893052009,52.02147331371985
30,67.01311270152593,52.0171394591955
30,66.9621426930492,52.0098189545821
30,67.0252652046778,52.02064616196895
30,66.98772255762212,52.01556507547882
30,67.02987604023147,52.00927523537768
30,67.02423953987282,51.96262381929881
30,66.9696226074717,51.97389801769123
30,66.97293623590068,52.038998455647345
30,66.980070440679,51.99382776108523
30,67.03360711580595,51.984748833990665
30,66.96755082730284,52.002626375583176
30,67.01916422296216,51.99401712985799
30,67.0095972540123,52.01584173345003
30,66.96779025814708,51.98101732550441
30,66.96884015490382,52.00977335911949
30,67.00318440206338,51.955980143825926
30,67.02845526530669,52.02487232003883
30,67.0060987992052,51.97870382553227
30,67.00828571627733,51.98609838602764
30,67.04409450315818,51.980540533994784
30,67.04126371403053,51.97648185039503
30,66.97987799754625,52.01390998176367
30,66.99592104353465,52.016270871986755
30,66.96799477862376,51.98227125590303
30,66.98803689192094,51.96247961975289
30,66.99635230532172,52.014035084680145
30,67.04543119263435,52.01080827095225
30,67.0051163847596,52.02151325650486
30,67.03555243117447,52.011056799483775
30,67.00868523228726,51.97743907667296
30,67.00931296097174,52.02037560804743
30,67.04222786220484,52.01345609475273
30,66.96726158302518,51.97282702837254
30,66.97884530669651,51.9960431285296
30,67.00221389866911,51.95626405235533
30,66.99085808598198,52.001613407110646
30,66.99117492614145,52.01730374070181
30,66.96098159021088,51.99877890402579
30,66.98070100485243,52.015545153989905
30,66.97822054012484,51.990879811516365
30,66.96576318619195,52.02468147118868
30,66.98512064960791,51.97443239209866
30,67.00376117853541,52.024101234362895
30,67.0330626352814,51.97519711398648
30,66.9955256267486,52.011032772231154
30,67.04576382005921,51.98861655902993
30,67.0121152107916,51.964917945083634
30,66.99967149103662,51.9933443785993
30,67.01670769650026,51.96420479320263
30,67.04147012954948,52.0161549665145
30,66.98361154355922,51.993598506714505
30,66.99523134379656,52.02768368038974
30,67.01844557193401,51.968282556873504
30,66.95556535035155,51.99418360077852
30,67.03767331538907,52.00555374799843
30,67.04194559550372,52.0055900306132
30,66.96359952231887,51.99611201461058
30,67.02701185678309,51.98201871085495
30,66.99968934770042,52.047676555682344
30,67.00232820690186,52.009286832043905
30,67.04020965655064,51.982545534562604
30,66.98603780604556,52.003033712196576
30,66.999515779563,51.997086109768425
30,67.02138038052158,51.99750450210476
30,67.02678505005956,51.979890405259866
30,67.02176812085403,51.95717075535112
30,67.00658299781811,52.020554656465514
30,67.0097182461792,52.03709131395679
30,66.9688101522669,51.97637895953286
30,66.9864052343065,52.037644967261535
30,67.02348783602058,51.966327657695885
30,66.98710771806218,51.96331026770403
30,66.978418738507,51.98550749562071
30,67.02435124589739,51.9795085668254
30,67.0272467678999,52.00755770648327
30,66.97182791569038,51.98536910456512
30,67.0192575850892,52.04472227837371
30,67.02340639081238,52.01386239762958
31,66.9899557755584,52.031603972489734
31,67.01254263719295,51.97141765230626
31,67.00400266104266,52.02493506827459
31,66.95906734563604,52.013754600332504
31,66.97996143206483,52.041000914772496
31,67.00474072309838,52.028518659886515
31,66.98520280623742,52.02318700339908
31,66.9790381113098,51.966527816424986
31,67.04323442009733,52.00385734610554
31,66.99443014844312,52.00565402277436
31,66.98456323608033,51.98376628633346
31,66.9719907430826,51.990165604620195
31,67.02092498779999,51.973014502665016
31,67.0414658349786,52.01223685127335
31,66.99165126289296,51.986213762677245
31,67.04421785561038,52.0054668061534
31,67.02041502487998,51.981487303353546
31,67.03739444998044,52.024314541221834
31,66.99146445802339,51.953502939202934
31,67.03686632226174,51.983154470035416
31,67.0326403777983,52.00802399808226
31,67.00872275131943,52.0209833460912
31,67.0405273474743,51.972627102872174
31,67.01350939464979,51.995231218987264
31,67.00059647890629,51.98500537752679
31,67.02381120234799,51.964125697386436
31,66.97325839657204,51.9646182463377
31,66.98102646756135,52.022888270593164
31,67.00195358414994,51.970862113932064
31,67.00809318981966,52.02651634094643
31,67.00335369849545,51.95922815006613
31,66.96145179878135,52.025221701615656
31,66.97529917420398,51.980429803142556
31,66.97406089542368,52.03456613253196
31,66.97792331300836,52.01919886935067
31,66.99961008183436,52.00836415706668
31,67.0347059351082,52.02335546495549
31,67.00920586578087,51.956688920256
31,66.99089476222973,52.01677186008999
31,67.00291834284725,52.03018292277023
31,66.98978946395786,52.03293692308937
31,66.97031093202617,52.01330787059219
31,67.0439318611089,52.013355597942564
31,66.99948764326463,51.97163963057762
31,66.98000842093788,51.96105331156572
31,66.98940360188271,52.02269116305917
31,67.00798763833194,52.033776560758824
31,66.95274678792829,52.01454334865808
31,66.98939659422359,52.042993052190404
31,67.0220902372079,52.00551577773772
31,67.04004527393337,51.984022968891956
31,67.00667445955602,52.013189855889784
31,67.02657149712928,52.02134225136638
31,66.99383416371514,51.95042116819274
31,66.97686479197193,51.99308794211987
31,67.010112060007,51.988828536331326
31,66.97710521678422,51.989071901219255
31,66.97512611078514,52.00896049514199
31,66.9691232482044,51.97446889622372
31,66.97849741234832,52.03136661238434
31,67.00548561995838,52.00306777434164
31,67.0227417427301,52.00678135280401
31,67.01954219497733,51.99495979845616
31,67.0004420735124,51.99607731256848
31,67.00194181856253,51.9760071523381
31,66.95555454842405,52.01174274832238
31,67.0137711065276,51.971972568409235
31,67.03778029289825,52.030952407954565
31,66.99702648593531,52.0384235776391
31,67.01238648801882,52.009347302499606
31,67.03957398690507,52.015832790345414
31,67.00091304651654,52.02354714288671
31,67.01626416967939,52.01093838415896
31,66.99019956223705,52.00287922807528
31,67.00483770700511,52.00568378689206
31,66.98932773426452,52.0460099900849
31,66.96217953821291,52.02744521176599
31,67.02267122614585,52.011873175348654
31,67.02262816684839,51.97868057714194
31,67.00360784668074,51.99856616336301
31,67.02130137142916,52.01858630361006
31,66.96599575268903,52.03234813098948
32,67.0187736847613,51.99453621277471
32,67.01794637351482,51.957057940147735
32,66.99352946308571,52.02048862247594
32,66.99858081970486,51.95807818807324
32,66.99889394751135,52.01710154732171
32,66.98779404601066,51.99201995654851
32,67.02457506498519,51.99135301078891
32,66.98910960163504,52.03055370805268
32,66.96901742880742,51.99603759761748
32,67.00920519145588,52.0406349865824
32,67.01730208100173,51.98405551876099
32,67.0363701828293,51.990047123896495
32,67.03112119331556,52.020632228195
32,67.00295388153107,51.98512046356252
32,67.03617786058076,52.02467985112157
32,66.97653136989486,51.97189441488736
32,67.02256851909823,52.02477846705769
32,67.00829185536618,52.03379503972773
32,67.0055610398445,52.01377248082288
32,66.98391510590419,52.01183093868449
32,67.00816051523077,51.97297132849858
32,67.02502958377796,51.99287422219011
32,66.99428913045813,51.99254941774627
32,66.98302964409719,52.005440437257775
32,66.98310208324551,52.005575270550416
32,66.97894685400642,52.02741560854913
32,66.99618488633595,52.01668272374188
32,66.99010366617648,51.98608247462794
32,67.03032560258437,51.96321339560054
32,66.99099854714086,51.96934667800203
32,67.0152306999942,52.03751604062436
32,66.99060111991035,51.96488868711204
32,66.98355437727044,52.03516908051268
32,66.98651864690572,52.014931733335615
32,66.963759133543,51.979663577876764
32,67.02574876795421,51.98782006376921
32,66.97592303266204,51.97755244334166
32,67.00885540759815,52.02169664414357
32,67.0161147929898,51.98641691550956
32,67.01724771260277,52.02372209119017
32,67.01566455594352,51.95564962459857
32,67.02485097819213,52.03160901174008
32,67.01455708935592,52.01002289578545
32,66.97639337540612,52.012013965693775
32,66.99997210529234,51.97116918773618
32,66.99923508949297,51.96897445650278
32,67.00291017807845,52.012568259802265
32,67.00041332424757,51.97607366314704
32,66.98603897426317,52.00274471151247
32,67.03443317227776,51.986477871859066
32,67.02211261014548,52.03647489295072
32,67.03563489531834,51.99128179386921
32,66.97489967926364,51.97327562832932
32,67.01860285021132,52.000663935147124
32,66.96819696654937,52.02422339923266
32,66.99565683118065,51.990407849615146
32,67.02969938212594,52.00283071291463
32,67.01870889237804,51.99554532011071
32,67.0052749433149,51.99749362094836
32,67.01780037094515,52.00557944340282
32,66.99583259107443,52.03940773785776
32,67.03513136951659,51.99328652083547
32,66.99433426920213,51.986815117211755
32,66.97972148915115,52.01059241764848
32,67.00870000377593,52.03623170621612
32,67.03412394509462,51.96358236262017
33,66.99365442457848,52.04255337919717
33,66.99734774242417,51.99574548289982
33,66.95951362548566,51.99840413642085
33,66.98013007506594,52.044787763009865
33,66.99159922450076,52.012667480637504
33,66.97293623590068,52.038998455647345
33,66.9796067668609,52.0137914085942
33,66.97268113074095,51.98241955229307
33,67.01098150575315,51.99397278381597
33,66.99741690635884,52.03127223638662
33,66.9876899781227,52.04498484934624
33,67.02308987130306,52.0185766284378
33,67.00089429464043,52.04476666728499
33,67.02415760415812,51.99123813744982
33,66.98267534320779,52.015127290366074
33,67.00439200659712,51.99810126742684
33,66.9956042125213,51.98191893860894
33,66.9968252344289,51.97057952909501
33,67.00289223039269,51.98487247555662
33,66.97707046491166,51.989700839005415
33,67.02231525062633,51.9948177711611
33,67.01813620498578,52.0173766606018
33,67.03687778354063,51.98729176558863
33,66.97160011211622,51.974608042227004
33,66.9593346822668,51.98986905194793
33,66.99668552162869,52.04080411615613
33,67.01037717571273,51.96998141670159
33,66.98030458696421,52.04515130555298
33,67.04827769485182,52.000750091247795
33,66.97038043143903,52.00329025161992
33,66.98294477713179,51.98241312446631
33,66.97776367836498,51.97398677397393
33,66.97082569768965,51.99265559193895
33,67.00706674652353,51.975002359057605
33,66.99407875430033,51.98181811699102
33,67.03895607599205,52.0024210402509
33,67.02464484323379,52.02886189813983
33,67.03625601092735,52.024905026729776
33,66.9684704757021,51.98298180233848
33,66.99833215317791,52.008733726709245
33,67.04046478407855,52.00635294800238
33,66.98808931880711,52.0120046319731
33,66.99358158926385,51.968854428143
33,67.03104820042869,52.013636453230355
33,67.03934208701031,51.97970276353618
33,66.9615378156861,51.96838737110553
33,67.00084036290711,51.99050951988292
33,67.00719795463021,51.994454997418494
33,67.01048311422949,51.96638836260478
33,66.99851914017187,51.995281714899455
33,66.97366196413336,51.98456648501652
33,66.97772934976898,51.981620393847905
33,67.00755959377454,52.02431359743956
33,66.96922416380743,51.97387287640703
33,67.00548561995838,52.00306777434164
33,67.03981122773655,52.01444871984118
33,67.03323247640913,51.99439576763217
33,67.01618772983387,52.00416567110905
33,66.98632860241803,51.95355061280084
33,67.03302737464989,51.99877351387756
33,66.96995667339503,52.03489513242716
33,67.04387850832067,51.99859294144777
33,66.95545332801159,51.99133016577309
33,66.96201268073658,52.01537856856926
33,67.00751509297476,52.01957663691604
33,66.99163319639408,51.96054792312925
33,66.98719013922589,52.00841000322518
33,67.00339401765709,51.996815394939894
33,66.97605183652257,51.982473865708904
33,66.96223368365544,52.00697396024899
33,66.99724256518857,52.044367764717656
33,66.98895904001165,51.982500635002914
33,67.0372955921113,51.98258980230391
33,66.97863827956964,51.995795723273254
33,66.99043262450364,52.00785336356814
33,66.96499312978021,52.02642104775543
33,67.01381727129655,52.0040217470777
33,66.98458617117585,52.01327469353353
33,67.04333771424409,51.98959682580145
33,67.03590652613511,52.02004042250085
33,67.0307586056537,51.988227708737625
33,66.98531175191694,52.00420149244481
33,66.99723413872296,51.98392256549755
33,67.02477664367179,52.029779364272976
33,66.97639978018148,52.033494869946985
33,67.00415136147217,52.01255970590233
33,66.97164979420768,52.02781550905018
33,67.00647200811063,52.04365770375122
33,66.9873810859302,52.00774507555392
33,66.9666875221966,51.99361950969147
33,67.00271686008934,52.01367123952616
33,66.99136349550147,51.99645432837592
33,66.97004009465316,51.99528977875285
33,67.00460171819434,52.01977117290133
33,67.00026238079207,51.95526522752347
33,66.95555454842405,52.01174274832238
33,67.01844461599327,52.01029477931684
33,66.98210901660303,52.02898575731771
33,66.97246714572059,51.9786746310105
33,66.98072632764807,52.019964984557454
33,66.95864484799684,51.986174810731264
33,66.96552838264927,51.9821881552792
33,66.98492386968304,51.989763980183284
33,67.01468401389437,52.00751059121472
33,67.01660631074927,52.01548327198027
33,66.96840170858638,51.96514247742112
33,67.03858109899666,51.99798417832083
33,66.99886051351966,52.033600820333575
33,66.97857182088742,52.01426177262049
33,66.97954051684124,51.97388740773213
33,67.02339352137756,51.95917246171224
33,66.98362377313752,51.9936524559161
33,66.99991653498421,52.00166501162222
33,67.02077629139063,51.99919310055509
33,66.99636863518437,51.99107007426208
33,66.999556947045,51.98985594553611
33,66.99866975194938,51.958644298601435
33,67.02037380561582,52.01160562565227
33,67.00807243956514,51.9947004834903
33,66.99727212115417,52.00974835045173
33,67.0416126228152,51.994941505593935
33,67.01304583693705,52.035775066243694
33,67.04335765598643,52.023311437038785
33,66.98487443103426,51.96831984163357
33,67.02204180785365,51.95599795096464
33,66.98435595903003,52.02542370919811
33,66.97848542910567,51.97597326510238
33,67.03271663352939,51.992871508353645
33,66.9877206680228,52.00206034589658
33,66.97833272411951,51.96135127780691
33,66.97410764617675,51.985929994861195
33,67.02287837502074,51.99872928721246
33,66.95809215108746,52.02611108799927
33,67.01608853825715,51.98794673113074
34,66.98812518425744,52.01749268211767
34,66.98954603758858,51.959075812451815
34,67.0181742514078,51.9928684633421
34,67.02934880301262,52.01566552197619
34,66.98637648385096,52.013695633417434
34,67.0126679390297,52.027588007952446
34,67.04799825408651,51.987095824801656
34,67.01634412607206,52.006024837346324
34,66.96909115353026,52.00024056014969
34,66.95598576835155,51.97793655072373
34,67.00531645914079,52.01658208205122
34,67.00335120808683,52.01174709602955
34,67.04616036982108,51.981194077420156
34,67.0219895973232,52.03629977324666
34,67.01693899126414,52.015863646394905
34,66.97380575551763,52.02599615208261
34,66.98110368192526,51.97012648894677
34,67.0367102547325,51.98717899155485
34,66.97185787492512,51.966822201884746
34,66.99840663898665,52.003058191033794
34,67.02661010010272,51.968163640179554
34,67.02347694902063,52.01391733461224
34,66.95323134618276,52.006916881360546
34,67.00263207601485,52.04866207867585
34,66.9662997079208,52.03094091654386
34,66.97949292671079,52.002193073656166
34,67.03622228240171,52.000168466259176
34,67.00681058809607,51.99392370358826
34,67.03517518173034,51.993672102201
34,66.99542078517024,51.951292042944715
34,66.97950481583491,51.9657028329005
34,67.01619178342564,51.98367901038948
34,67.02506433882452,51.95750021707689
34,66.96430587107515,52.02376041317572
34,66.97515200535231,51.96841430695639
34,66.99789161882839,52.03255408264263
34,67.00164588819761,51.97533304375709
34,67.0479561572236,51.99975767088408
34,66.98787153397845,52.04618190515456
34,66.97665577591445,51.99458994618437
34,67.00324630941823,51.97990273704192
34,67.01807985440216,51.98369730153369
34,66.96027150530209,51.996466529721864
34,66.97329199449992,51.95831813405769
34,66.99573042804198,52.001794776461466
34,67.0059548209862,51.98440147289376
34,66.98926778744956,51.98799459493463
34,67.02183431209257,52.00966306918879
34,66.97549140918682,51.95955678095837
34,67.02398742933491,51.98363479806813
34,67.01132070603086,52.001041205004405
34,66.98216362886056,51.9720982880883
34,66.96968817194046,52.02654851627323
34,67.01359558171568,52.002410865377314
34,66.97090609110818,52.00206372960545
34,67.00930170704413,52.01925671392854
34,67.0062485646357,51.99768273590909
34,67.01528410658938,52.00592348699599
34,66.98152167720639,52.03365180781551
34,66.99002480995907,51.98670620723347
34,66.95533392073149,51.993574233711776
34,66.98382259652755,52.017358070196885
34,67.01973698430413,51.96694799359456
34,67.01977722383056,52.013345220369615
34,66.98368044835216,51.997066403721035
34,66.96702195548086,51.996188088826024
34,66.96820116948123,52.0152109940899
34,67.04419154399115,52.018617211382484
34,67.03323781969377,51.97463045138236
34,66.99122481023124,52.00393782968757
34,67.01928983671067,51.99147547317332
34,67.01629051654385,52.018014752523456
34,67.04483142615959,51.98428165612141
34,66.9970826187534,51.9716561556518
34,66.98499897734531,51.95591321084269
34,66.99812123277987,51.99079876772233
34,66.96214986364649,52.0177368204348
34,66.95673243915145,52.015940145836744
34,67.02926468993064,52.02054792250787
34,67.00855073051072,51.99660000105632
34,67.01240832099639,52.026640541395786
34,66.9905300063864,51.99326784198371
34,66.95755895011105,52.025301591234715
34,67.02271957557672,52.00728897871144
35,66.95826479037784,51.98542668795747
35,67.02418333597647,51.99568239649779
35,66.96608128680616,51.99458043736907
35,66.96221604007684,51.99965911624616
35,66.9979072003762,52.002889022167295
35,66.96979245192176,51.977067012956674
35,66.98864837006792,51.98909622332426
35,67.00682749348685,52.04315170755902
35,67.01185101791724,52.03475531978563
35,67.01983838256494,52.02185952979195
35,67.0009070976061,52.03846607637449
35,67.02464707408392,51.95967857673225
35,67.02641110738749,52.00703187416783
35,67.04579092370834,52.015236493638334
35,66.98637819990117,52.00868232439809
35,66.99647639439587,52.02185892012066
35,67.00535105508074,51.95831825574983
35,66.9609298747236,52.01826580476289
35,67.02444362303079,51.962822879136674
35,67.01031603657513,51.96159876403017
35,66.97702334169624,52.03871862423876
35,67.04384629582327,52.01770722719524
35,67.01780070522867,51.979874027046655
35,66.96165085538861,51.997968358319774
35,67.04042983194756,51.98957475127396
35,66.98812823739298,52.00666976042544
35,66.98414541451635,52.02870038342685
35,66.98592135800479,52.034580793251486
35,66.99515923531395,52.01770347329798
35,67.00932508461517,52.002363355017486
35,66.96978919346364,52.03734403554466
35,67.01745515843568,52.00170096246154
35,67.01189738166272,52.0199724429535
35,67.0316147636406,52.03145215819717
35,67.00122542174644,51.99657116384136
35,67.04043678066581,51.97896479979558
35,66.98033281944501,51.95512026399307
35,67.03646871824027,51.97536093209185
35,66.97879363135802,51.98289831370664
35,67.00509776164293,52.04076866788376
35,66.97736827333588,52.04332326202218
35,67.01354751191215,52.01891701685627
35,67.00253009429368,52.00728377574204
35,66.98896427880128,52.023384606081166
35,66.97843216152218,52.03973044491762
35,66.99404588229466,52.00038589958691
35,66.99164733107128,52.046722759530724
35,67.00370518529851,52.03952182238074
35,66.9640217676103,51.981870967762276
35,66.99704665563539,51.96300411335887
35,66.96497150745512,52.00442555402334
35,67.0203699171184,51.967063408346554
35,66.99557806057221,51.98122106904227
35,66.95651654462475,52.015849103347186
35,66.98812541058517,51.961936276491095
35,66.97497151966182,52.013464236638264
35,66.98302645980618,52.03410132773198
35,66.97050850052081,51.974159687017156
35,67.02279605798142,51.9701660605799
35,67.0462611065766,52.01618235847869
35,66.96165131340365,52.00492947547703
35,67.04867815370702,52.005967319666816
35,67.00104250856364,52.013141387958754
35,66.96142728502346,52.0103415117632
35,67.02266639025687,52.001287265198584
35,67.02123361277098,51.99963622765965
35,66.95862505916419,52.01320674803547
36,67.01898876662626,51.99792135948663
36,66.99662868726679,51.983898702243515
36,67.01765412600909,52.00750774698311
36,66.98307839121219,51.99729726558361
36,66.98980637403695,51.99579121300865
36,67.02175961242187,51.977846172767805
36,67.01573361371283,51.99980699372573
36,66.96912345920336,52.03506492360052
36,66.97504520113188,51.99794787007509
36,67.00594556323725,52.00847561236528
36,67.03073559550195,52.033010760844064
36,67.02455300428564,51.99214498330361
36,67.00832864949693,51.96717364748385
36,67.00361089230994,51.985567512905995
36,66.96697495929396,51.97053550382921
36,67.00329443599705,52.016093988409274
36,66.99631197670381,52.0232374755629
36,66.99049579214115,52.03756496838426
36,66.99372046429875,52.00897889959012
36,67.01914626502,52.026471426344436
36,67.00274963400851,52.02355779882136
36,67.0235786367864,52.000254286981296
36,67.01762051016044,52.01033157129134
36,66.9982896531079,51.97993429612395
36,66.9665598061304,51.9716323770992
36,67.01549807508201,51.98632364817313
36,66.99224978165601,51.97994250391294
36,66.95771225876895,52.00674518048125
36,67.02875938309698,52.01270989666983
36,66.9797167534815,52.01814977981034
36,66.96707566584396,51.988714747706084
36,66.99762881843544,51.965893149652956
36,67.00372962580087,51.981553342304586
36,67.00870000377593,52.03623170621612
36,66.97672444587903,52.03196659259985
36,66.963400516408,51.97590854251963
36,66.95453964432659,52.009267941401475
36,67.00482394329029,51.95080318082364
36,66.95410332047328,51.99213081621385
36,66.98217697108466,51.99231490537549
36,67.02006258697344,52.000278021325876
36,67.00668322614875,51.97677595012492
36,66.9945674754267,52.00424754534448
36,67.0231692620254,52.03944164204813
36,66.99157199193367,52.031313278940125
36,67.02150163596211,51.99117181324479
36,67.00898523348576,51.95519908793672
36,67.01837429019707,51.98093793070952
36,66.98528397614636,52.04586372577539
36,66.98860439805296,52.01083664010483
36,67.04544938228771,51.986208435555284
36,66.98413137944087,51.96681269297662
36,66.96254181753895,51.98286373661921
36,67.04565049422973,52.008654584644674
36,67.01703405063594,51.99479008983544
36,67.02645367851134,51.9954084888615
36,67.01675373614691,52.00692832688098
36,66.96896036461814,52.03640405310761
36,67.00413443654263,52.025482323827845
36,67.0436604109521,52.01747489532307
36,67.04164329149916,51.99068351320447
36,67.04223984425079,52.02459027904051
36,67.03500039876178,52.00469222578015
36,66.98059457259544,51.989160196232795
36,66.97625314509006,51.96499647975332
36,67.00598947382055,51.963862333341325
36,67.03590172165768,52.03293803131709
36,66.98758137718629,52.01627454721792
36,67.00287417556648,51.99675756925361
36,66.99301339187033,51.99756044736657
36,67.00632191538253,52.007788913517494
36,67.00494164003189,51.98171891935368
36,67.02678684641556,52.029592426134016
36,67.00238519004388,51.96170505695165
36,67.00750345385711,52.00690986853248
36,67.0277626495407,51.98965238598027
36,66.986175810897,52.01631305147961
36,66.98622502595839,52.03787976221405
36,66.97689227986382,51.99728346723862
36,66.96611669370391,51.96483892772348
36,67.00649010712169,51.972841028411636
36,66.99317415601726,52.01064257827153
36,66.9929436101454,52.04471431533214
36,67.03335236098695,51.981048216027766
36,67.04279132901006,51.98704160852522
36,66.99820125918411,52.04810037578827
36,66.9999711538927,51.956933401647476
36,66.99074037201372,52.026786129595386
36,67.01334784879913,51.954275555545394
36,66.97735893944294,51.96707372264998
36,66.9864293523143,52.042092044145434
36,66.97636411221859,51.989869576064336
37,67.04044892559891,51.98837411905309
37,66.99902889772416,51.99338093498185
37,66.98666822014307,52.044893393840056
37,66.98119074763,52.024593644085435
37,66.97315003619642,52.039461576769035
37,66.99541606334958,52.000723905446684
37,66.99967390976755,52.04355079705525
37,66.98517840805583,52.00257019738648
37,67.02463956358582,52.020526447431095
37,66.98651016577845,52.03445376210208
37,67.00630140203002,52.00625299986077
37,67.0392351951623,51.9693796043504
37,67.03790152321375,51.97396987750781
37,67.02880978130439,51.97006444860569
37,67.01359972308768,51.97330143638805
37,67.02874505093779,52.02154950802476
37,66.99378730989922,52.02875361025362
37,67.00050600736859,52.0082867194245
37,66.96666415057601,51.98769948752106
37,67.02106352354484,52.03814893974167
37,66.9683177465708,52.005239995110806
37,67.00064937248455,51.98240544794068
37,66.96510053067982,52.01099227342557
37,66.97554234840172,51.98839769322087
37,67.01086060061846,52.03595715515388
37,67.00080420867748,52.03908326440826
37,66.98911594359728,51.96066669728734
37,66.99182436316742,52.041433687606954
37,66.97585881664143,52.03477877470483
37,66.95580990228018,52.018215144587536
37,67.01271640307907,52.02125511670421
37,67.02506362434336,52.00003454508449
37,66.95727363091395,52.02122041201027
37,66.96937103781168,52.01161981531803
37,67.00357623128592,51.99367159714685
37,67.01223775435948,52.0119649181847
37,67.00295999946171,52.01120391782918
37,66.96500383387689,52.02991011686104
37,67.01363329784925,52.04771587243656
37,67.01496461807118,51.96177907716095
37,67.01414127783568,51.958383487043015
37,67.01185648222128,52.03410537177941
37,67.00479284154052,51.99334980360554
37,66.98366348498097,51.968125805149064
37,67.04557984231424,52.01775898376547
37,66.95733650110691,51.98291095862829
37,67.0454832896935,52.01082434417397
37,66.96387326805585,52.008544909410936
37,66.96780670645346,51.9961817700268
37,67.01335941998373,52.01620166017337
37,66.97407822424277,51.99987772418367
37,66.98790688089238,52.017763868084415
37,67.00454402765303,51.95999444472047
37,67.00579210618191,52.00678351419358
37,66.98033164263953,52.025465151438034
37,66.9779947794591,51.99575269681294
37,67.02442752715525,52.021863088444974
37,67.00164069916974,51.966391093318485
37,66.98815570427719,51.96729531515804
37,66.98258687969688,52.02254946813862
37,66.97425633845764,51.97341834900777
37,66.99722246460142,51.97097177334509
37,66.97017773204922,52.02265853822594
37,66.96302690169544,51.98502368857253
37,66.98491301111899,52.033539250049344
37,66.99374550347814,52.00382084128586
37,67.02187392562095,52.03722646174496
37,66.97623360910242,52.00115552123637
37,67.02558923450928,52.032216479087154
37,67.00710168500748,51.987053453275294
37,66.97528395309008,51.9666146552687
37,66.97401142298516,52.015741547811274
37,66.97786932979666,52.01992503545517
37,66.97644783968273,51.993577928512494
37,66.97886359360618,52.043602223586845
37,66.99140219410201,52.01783368716726
37,67.0117337834848,52.047321499149255
37,67.03873319499036,51.98147546397358
37,67.02484352509032,52.02161342410539
37,67.02055643404918,51.98821024522437
37,66.98452842348365,52.01782515338021
37,67.00674352420869,52.00311759800189
37,66.9989793856386,52.02324513341118
37,67.03295536122477,52.03038267505413
37,66.99642555058392,52.02257611482497
37,67.00438333962943,51.990351639169994
38,67.0034496574573,51.984353638173054
38,67.02814597611578,52.00323472547941
38,67.0005570472058,52.00946802897535
38,66.98374006733624,52.045866299685905
38,67.03206970482559,52.0237217552566
38,66.98335169526919,51.96089127327641
38,66.95341823325892,51.98965939258465
38,67.01558513830163,52.01173786384115
38,67.00720424808996,52.03721176242536
38,66.9985649990388,52.00172130643812
38,67.03345031726253,51.97841943107717
38,67.01578114962997,51.96991412137537
38,67.00047479539387,52.034276220975
38,66.98391496573899,51.97577163222636
38,66.9564790864964,52.01695127440711
38,67.03742600970719,52.00302801466686
38,67.03459367882698,52.01024240550796
38,67.00564062462925,51.994145893762
38,66.99467616521916,51.996471795091615
38,67.01579040320009,52.038964571458294
38,67.03663334383072,51.974726420701195
38,67.00781471747233,52.013812185709305
38,66.99465055075898,52.04722631177799
38,66.99023286950856,51.98516092160352
38,67.02685685780857,52.011790487781326
38,66.96861840321753,52.030006543422694
38,66.96673831090793,52.035561409119715
38,66.98224477668151,51.9630179742015
38,66.95784056336508,52.01434775805675
38,66.99336289181262,51.97954831230199
38,67.00147529813714,52.040608012849276
38,67.00867183656084,51.96701363699052
38,66.98049425562982,51.956390153636356
38,66.98243126216666,52.00994846559147
38,67.0178048224454,52.00052383969155
38,66.9752335590627,52.013647416991624
38,67.0351294744361,52.01697181657389
38,67.04845392816567,52.00824241076476
38,67.04258217331532,51.98502903878451
38,67.02486883155512,51.95732958756588
38,66.9866131465479,52.04511852375299
38,67.02420594390948,52.03506790736122
38,66.98355017690807,51.99650680663792
38,66.9869785727829,52.01840722430537
38,67.0290975969845,52.02163756010819
38,66.99068720101951,51.99116179313779
38,66.96132470373362,52.02203735592953
38,66.96623103254032,52.005796727896715
38,66.98145853423858,51.98560360712616
38,66.96880262093734,51.98238305608681
38,66.96390088807783,52.02171545346658
38,67.00417993925078,52.00220114874321
38,66.99712783304672,51.98633038595501
38,67.01132666890373,51.97887244417219
38,67.01414226403708,51.982749792803894
38,66.98461093012264,51.99916153485081
38,66.97649897494648,52.025473982523614
38,66.97294621891007,51.99576678746626
38,66.99498289213645,52.02851720335557
38,67.00745089042582,51.97196222273377
38,66.9991363700025,51.9647556467439
38,66.98779496737778,51.98575072443844
38,67.03566107117956,51.997697094740104
38,67.0200295683834,51.99819799929068
38,66.95052592913021,52.00212450302075
38,66.96314401936505,51.9992028256352
38,67.02741286797028,51.97040338107869
38,66.97417904491493,51.983044955714014
38,67.01433439657885,51.986840830688045
38,66.99378338176597,51.99437094943256
38,66.99837280287481,51.96274099764905
38,66.97853747089485,51.99419087667975
38,66.96415918243784,51.993995317557065
38,67.0412331040368,52.00010301550286
38,66.97314490172326,52.00096885300339
38,66.97136081122576,51.97484508896652
38,66.99146029859229,52.006915289195796
38,66.98399526201123,51.98586239489386
38,67.03684620774358,52.01662823261683
38,66.98429283072699,51.98973895337232
38,66.9955429482364,51.98917010865271
38,67.00299646077171,52.00174805908358
38,66.95465171763595,51.98963613502302
38,66.98221162635626,52.00547855118081
38,67.01618443991228,52.03039073089615
38,66.9946750365524,52.01507942482307
38,66.95827213449638,52.00243929918034
38,66.9553835592794,52.0084813251875
38,66.9952922765189,52.04949225313822
38,67.00673534172815,51.99496931855492
38,66.98197887576124,51.956419778311094
38,67.04557613413037,51.99720317994991
38,67.03257071351771,51.98627561335647
38,66.98740152503433,52.02054621100475
38,67.00118523061012,52.007111447497074
38,67.04683466463219,52.00784664089223
38,66.99835616217388,52.03462897607238
38,67.00073724046364,52.02537566803069
38,67.0137079591212,51.95756659224482
38,66.99793079101859,52.00907709778763
38,66.99405348126461,51.996582496625635
38,66.98259154474648,52.01990934891027
38,66.97616711150229,51.96288964276088
38,67.0117482432591,52.035797158835635
38,66.99632748088705,51.993612331027606
38,66.99314453283172,52.0029253627286
38,66.97335879909309,51.97027096975919
38,66.98335840479021,51.97328567074884
38,66.99188815553107,52.00131399857137
38,66.95072652221067,52.00484900438597
38,67.0208448864491,52.03492171593279
38,67.02646117991716,51.96405015536282
38,66.96311655551956,51.9978702483197
38,67.01773678912879,51.96743038382754
38,66.9934313781667,51.986315194437005
38,67.00542748704663,52.01467475853249
38,67.0051846293092,52.00826718439123
38,66.97321147040918,52.03441539910656
38,66.9894241891756,52.00238361064181
38,67.01047105076506,51.99451385650819
38,67.03731650187795,52.00030525044358
38,67.0052004918658,52.020285095979254
38,67.0090047754902,51.97820642994849
38,67.03592280679156,51.99653387507551
38,67.00963035128704,52.04696226787905
39,67.03867183361284,52.02748669784086
39,67.0124213079197,51.98233677468313
39,67.02285562920984,52.00659820002203
39,66.9888920059081,52.0338999302474
39,66.99626675585199,52.036627250484884
39,66.95151722434893,52.00470536250552
39,67.03388266034459,51.97216299820912
39,67.01669230718379,51.991009211639486
39,67.02449168961331,52.0050995974629
39,67.00918303223897,52.039633739059056
39,66.97948458645871,51.959094065846614
40,66.96049733295757,52.024268138014754
40,67.03826311858782,51.984697938353534
40,67.00589662695167,52.013272203646615
40,67.0068785516905,52.00661313498664
40,67.0015893468331,52.000098111941
40,67.03381732969159,52.028001886136806
40,67.0241960110163,52.00983015755828
40,67.0060645660121,52.006068964865655
40,67.03183584051558,51.964145827446984
40,66.96052208811449,52.00806376590824
40,67.0108192175492,51.97505141310248
40,66.97618661160101,52.029848477320634
40,67.00819750445737,51.96433861112537
40,67.01270815938705,51.98244930328409
40,66.99470093553717,52.01196566144938
40,67.04150289218141,51.99135966692677
40,66.9954019813574,51.977314516820904
40,66.96231326076112,52.029164215378664
40,67.02556489510097,51.9732502335778
40,66.96753184033845,51.98333305833259
40,66.95351690790665,52.00071341082254
40,67.03373762448423,52.01626365794624
40,67.03675243564017,51.98009697990024
40,66.98038911056759,51.983662124397355
40,66.95264070479132,51.995419884592664
40,67.03865130714534,52.02988108313426
40,67.01638159184157,51.982907287957964
40,67.02793838018107,51.97396823265388
40,66.97104835453297,52.02587083093212
40,67.03652573992554,51.98921931378121
40,67.00863407501345,51.98696912151464
40,66.99661252831329,52.04742086687015
40,67.01257096240515,52.01595810651096
40,66.97907713861584,52.03764808370808
40,67.0294345002442,52.03737252207667
40,67.045353212062,52.02085597185679
40,66.97859970267466,51.9934002162579
40,67.01192790189288,52.04124093193809
40,66.95762460908666,51.99011623137445
40,66.97722319800717,51.99070330141445
40,66.95528920299503,52.00627670365662
40,67.01289431241163,52.03116856016363
40,66.98994149915681,51.99581655158259
40,66.98906363933027,52.0185415637128
40,66.97417030596579,51.97915399073492
40,67.04641868434871,51.98992866183146
40,66.99765876555365,52.03755448255484
40,67.03227654585069,51.989962627063264
40,67.0234033801858,51.986103081475356
40,66.98600242234558,52.004884193160876
40,66.96145398328017,52.006263126433474
40,66.9809975364709,51.96384124278612
40,66.96816550655014,52.03518718699556
40,66.97275945865339,51.99262252546907
40,66.96664067776527,51.96677060947453
40,66.95906366786944,52.023763324751485
40,67.00650602748547,52.009783284423435
40,66.9909559535653,52.048419181756124
40,66.9786094101482,52.040977682665755
40,66.99719669215743,52.034736630281785
41,67.02937631054874,52.01841865467324
41,66.99529295400669,51.96761213722414
41,66.99292877350088,51.99650924868664
41,66.98562212029934,52.03389982121837
41,67.00044540405457,51.97307543264742
41,67.0405439855061,51.99528092423165
41,67.01659851582718,51.966179499072595
41,66.98316679350732,52.00139507636508
41,67.02290741657924,51.98100558292557
41,67.00995152823101,52.00272299763526
41,67.00574198000612,51.961667352197615
41,67.00567676392114,52.03301464551792
41,67.01769480305573,51.97078655243764
41,66.99503358816628,52.023679760001635
41,66.98004781133034,52.01044403426045
41,67.0308648852442,52.02669841376752
41,66.99458250618432,52.04497496186442
41,67.01421027960313,52.00782471133516
41,67.00212919028641,51.985558720218584
41,67.04184982148834,52.006664552922835
41,66.99784212796668,51.99947057139277
41,66.99874582403964,52.01903748223767
41,66.97586950989677,51.99786830028737
41,66.98047643288227,51.98588383644972
41,67.01078727780377,51.97972500475503
41,67.02383405640879,51.987327296244324
41,67.02264275101993,52.02045239860601
41,66.97444922259305,52.01216795082187
41,67.0353417800673,51.97940553627773
41,67.04812120433186,51.989594061556836
41,66.98986299774546,51.996061224199615
41,67.037354507807,51.985158265295546
41,67.0028131787503,52.03787875763681
41,66.95423982377466,52.01882456223757
41,67.02043117125875,52.02215607203933
41,66.98335510783245,51.99845753094057
41,66.98783572280657,52.019691654412476
41,67.00985323836149,52.011000897602116
41,66.96764649300506,52.01878402637014
41,66.96920525123888,51.9928866177377
41,66.99446807753719,51.96923110863641
41,67.0087243115412,52.008676475662156
41,66.97991729352506,52.01355618454539
41,66.96076725282079,52.02542309672494
41,67.0041728435954,51.988962943552586
41,66.97359725687825,52.00965888990368
41,66.96367360396965,51.994057008707884
41,66.9705883254823,52.01096719390785
41,66.96854654145086,51.975064774433214
41,66.98338929150468,51.99680473767909
41,66.992047288156,51.96822323433988
41,66.98441257925383,51.99664659662351
41,67.00627369396125,51.98975039853559
41,66.99177213560414,51.984721504850846
41,66.98870948730466,52.01884563857211
41,67.00205083520899,52.01138893717324
41,67.00742012876921,52.004548202504225
41,66.99107805831355,51.99494175222408
41,66.96727422642144,51.98628825681893
41,67.01954219497733,51.99495979845616
41,66.98909933074283,52.01401107155769
41,67.00552685747493,52.020861525571696
41,66.96839517609607,52.000059747103485
41,66.9898228359487,52.02830942334393
41,67.03528863694704,51.967040809282594
41,67.00839969490148,52.04099695862749
41,67.01443118298845,52.01668007952893
41,66.9805801401457,52.01727818565457
41,66.96007743982625,52.0239673946161
41,66.97094335392259,52.01297258218871
41,67.02007262429785,52.03344826954521
41,67.04253442370934,52.01941643352941
41,66.96450475619378,51.97861593042349
41,67.04084631747229,51.998704985749555
41,66.99378159349739,52.01931009200095
42,66.98037403616034,51.96398243422026
42,67.023566549843,51.99385482489845
42,66.98345603474226,52.02852173387424
42,66.95821288202403,51.98047015205582
42,66.9823411516406,51.98263404614962
42,66.99291363773352,52.031472325480976
42,66.98666795574235,52.01073655971353
42,67.01699979079123,51.96616524458375
42,66.99785620171598,52.011899313604566
42,67.03235212502663,52.027934513931676
42,66.96156695153192,51.984571302705916
42,66.99156882985342,51.98755908789379
42,67.04350566789316,52.021024914310686
42,66.9538997015307,51.992905096605334
42,66.98255516806097,52.03736970206892
42,66.97452709586689,52.00217196183743
42,66.98301975835216,52.034405047670916
42,67.02218537686878,51.985982262305804
42,66.96931912628254,52.009365529599634
42,67.03134325004193,51.99198439958004
42,67.00669589843433,52.04081851417095
42,66.97046382548912,52.03222870967968
42,67.01711105365747,51.95898480581276
42,67.03067040605974,51.96291875804938
42,67.00131178805863,51.983473064227276
42,66.97267509027294,52.01170949291949
42,67.03014448872466,52.00017543807151
42,67.02124477166362,51.97403949553052
42,66.98089712874031,51.998854310887204
42,66.97133713420008,51.984726720179964
42,66.99405348126461,51.996582496625635
42,66.98654014915375,52.04126126122719
42,66.96186767403879,51.97745851354922
42,66.98095064654777,51.97825157263395
42,66.96305816153934,51.977479491612364
42,66.97364069548804,51.98249709889437
42,67.03996419388376,52.002619699949115
42,67.0076126095881,52.04450999669824
42,66.97172630480219,51.993766437285544
42,66.99895960104469,51.95197943770055
43,66.99431550073469,52.03348435003266
43,67.04599411338286,51.983030631906175
43,66.98345208258604,52.02524760130969
43,66.97246323901054,52.008907129090446
43,67.01202604594303,51.95682938217682
43,66.99241108488297,52.011053681597886
43,67.04031191478146,51.99675919493172
43,66.99284850598167,52.02525671161746
43,67.04023569556706,51.99768613000812
43,66.9535322449291,52.004203774577576
43,66.96038142592454,51.999029106579854
43,67.04092740857482,51.98126871098197
43,67.0023386493953,51.9754355837614
43,67.01156281939066,52.00732444672549
43,67.01373973192922,51.9964466346625
43,67.04507748970511,52.014341730033856
43,67.04192000966745,51.98195821366458
43,66.97959067097399,51.97474842780356
43,67.02336243458085,51.96443642801989
43,67.00743067807086,52.035947392859846
43,67.00992960235078,52.0227563553029
43,67.01046213224436,51.992904577123696
43,67.02222318654741,51.97046424643649
43,66.98216532967824,51.98348592893756
43,67.01851819735936,51.962104824193524
43,67.00180866508214,52.04564261855664
43,66.98705657841855,51.95482376845863
43,67.03073196919298,51.998029729835054
43,66.9879497100906,51.960447169005775
43,67.04207156898245,51.993014020458986
43,66.99130877505051,51.99716443625895
43,66.99266995462162,51.99331770427832
43,67.03766579433537,52.017563113484506
43,66.95218170555984,51.99048976009014
43,67.00534084327293,51.98741868610904
43,67.0395931201113,52.01284008885678
43,66.98332618294563,51.993835040341395
43,66.99100697078948,51.952186299633
43,67.00528884777933,52.02132799358697
43,66.98484728949425,52.01521078304439
43,67.02316445101921,52.027843335284615
43,67.02357277183825,51.97431668528437
43,67.0137215284128,51.97544672054526
43,66.97722783292399,52.00542322729719
43,67.02390569632357,52.00517931655115
43,67.0145102308911,51.961228110386045
43,66.99771589887565,51.99326758055779
43,67.00202107068488,51.99501068264294
43,67.01511302744854,52.009394680587825
43,67.0000554118458,51.987873578884894
43,66.99915455666414,51.99418621058877
43,67.00043622317509,52.010124311098004
43,67.0118627213637,51.9862550660727
43,67.02690350851057,52.01551872260357
43,66.98302645980618,52.03410132773198
43,66.99727996231678,51.95909553986012
43,67.0096796891727,51.97722294788251
43,67.01594385363624,52.00805030878239
43,67.02012103166163,51.97675136644888
43,67.02579901565954,51.98165728066447
43,67.04557758768546,51.988716957702124
43,66.96446533021432,51.97477430839293
43,66.9831637591787,52.03510347074958
44,67.00114144267336,51.95603386907258
44,66.97095941196217,52.0184315391806
44,66.99402496637683,51.98160585602138
44,66.95530135752773,52.00488618094693
44,67.01178914116936,51.95823601331741
44,67.00983468306356,51.976869969769
44,67.02441109405842,52.022060211984495
44,67.00377143013864,52.02577052771881
44,67.02388020981678,51.977039966640994
44,67.03165063855857,51.996206846382044
44,66.9855564195865,52.004541691700815
44,67.0100822627224,52.020754723423444
44,66.9940769765456,52.045871118895974
44,66.9626019498178,51.99894623998829
44,67.01093968229252,51.99747259319143
44,66.98105044223013,51.96679169737967
44,66.96108345737922,52.018704967284684
44,66.97678550979052,52.02669225206886
44,67.01545375249859,52.01934695366394
44,67.01151065714929,52.02558242829616
44,67.00454462208297,52.0005269472585
44,66.99158201198014,51.975183327771056
44,66.99911869110805,52.00982168685474
44,66.99599824696061,52.01638077438032
44,67.02307355573583,51.99877159775218
44,66.97919145793658,52.04033533535171
44,66.99515923531395,52.01770347329798
44,67.03327705017395,52.03626349949376
44,66.99566766974723,51.95347685143182
44,67.02211277665305,52.008410140626836
44,67.03978196882173,52.00316955727765
44,66.99004782454128,51.9887341851751
44,67.00243774358934,52.03175950915642
44,66.99869754817144,51.995587065825426
44,67.02585212091267,51.99113124406397
44,67.03406823163431,52.00572010641401
44,66.98527922159653,52.019146615281024
44,67.0315757705008,52.020097147483426
44,67.03382278451872,52.01739774245466
44,67.03295947607741,51.962803259681976
44,66.98621483506827,52.00091323901987
44,67.00641300357422,51.9875533627134
44,67.0054824600777,52.043338390387916
44,66.95496742699932,52.00150337069665
44,67.01080228812368,52.00458906101926
44,67.00315989446433,51.9780444537005
44,67.01029172045631,51.96494731989706
44,66.99640808424799,52.03863431484187
44,67.02526636215323,51.98473167825112
44,66.99363748370469,52.01897617146047
44,66.98617716011427,51.967018336401225
44,66.99954396719896,52.00722366278827
44,67.02777120326245,51.96459368648359
44,67.04071130988983,51.99552353725699
44,66.97679203827774,51.95888000780525
44,67.01910711382318,51.9964963374357
45,67.0289089585722,51.96243551937561
45,67.03826159479449,51.999881287078445
45,67.03881031487431,51.97911185527436
45,67.02709521171917,52.00845208562049
45,66.99332890563376,52.04218118333994
45,67.01531854906804,52.00782132206002
45,67.03586669291032,51.97484524394346
45,67.04784474076794,52.01344141917715
45,67.00797452672958,52.020272795266735
45,66.996265766819,51.97789362607025
45,66.97731254592637,52.02602481579061
45,66.99539897888108,51.99129226602666
45,66.98558097755607,51.96107823043473
45,66.9928304733664,51.96226108250008
45,66.98679239050573,52.02068756854629
45,67.0334686450843,51.99306995729324
45,66.99973170130826,52.04257914471933
45,67.01564769373583,52.002734547343806
45,67.00135776996515,52.00123840994125
45,67.02007546712822,51.99760615469821
45,66.96542150895081,52.008707622475804
45,67.02580554655673,52.03885601712755
45,66.98679623816008,52.04652915716886
45,67.01200315509696,51.97409682397786
45,67.02265287195576,52.028361875559895
45,67.00147756037832,52.013747013265174
45,66.98190578300914,52.01389877518767
45,67.02779388394961,52.00003271321378
45,66.98426742255484,52.01045740537856
45,66.97218740186457,51.9953805610529
45,67.0403609174495,52.0080855218257
45,67.04148185526107,51.986957488418795
45,67.00978908111391,52.04800660953249
45,67.02392342224547,51.968994543846314
45,67.01421953856648,52.020949555410795
45,66.98721965216428,51.955362576631266
45,67.0205435795886,51.95761766757332
45,67.00652068306903,52.025715054320514
45,67.02207573088668,52.02228006439359
45,67.01116642438295,51.98264311073086
45,67.0294051433448,51.98601764374692
45,67.03771545833176,52.000831059834304
45,66.95777753206843,52.013509918931945
45,66.96525186370529,52.00752120007975
45,66.97765163478664,52.02112882298076
45,66.96064619815907,51.981992970993176
45,66.97765932680852,52.012040970292986
45,67.00415035711652,51.9640380588808
45,67.00408916066162,51.9904741114563
45,66.97744235267976,51.97958074056829
45,66.97593142692989,51.98352207484418
45,67.00810394112841,52.01421873354277
45,66.98879253353438,52.03166501095643
45,67.02109118793685,52.00253352464126
45,66.95554439936542,51.98829343058376
45,66.97592820366458,51.96056297512914
45,66.97001702972443,52.00781822316393
45,66.98643770724895,51.97718852326415
45,66.97706359389467,51.99821875426951
45,67.00943153234563,52.03463387190143
45,67.01335118961497,52.019308668066245
45,67.02176812085403,51.95717075535112
45,66.9581719507312,51.98010769414128
45,66.97626604160855,51.997931654431966
45,67.03405267660392,51.99688696105556
45,66.98320067850007,52.038333847757514
45,67.00569907200308,51.99428401525813
45,67.03826244543009,52.00565948268193
45,66.97728009163315,51.98743602520027
45,66.95807397076928,51.98617031206814
45,67.00555340697727,52.001076897648296
45,67.01820435055576,51.98894731932088
45,67.01173088751503,52.04273477681568
45,66.97499538535364,51.997417737776615
45,67.00946851271715,52.016123261231215
45,67.02493964312947,52.0318153149322
45,66.99278363163351,52.00475550890053
45,67.02056345009734,52.03945974888512
45,67.0416587982783,52.01901441804881
45,66.98980637403695,51.99579121300865
45,66.98792159598622,51.99196909147689
45,67.02185620326588,52.01716783720263
45,67.00492769978544,52.04757669330814
45,66.98787555200909,51.98635640961926
45,66.96249151049663,52.00570619835848
45,66.97027230345171,52.015163450035814
45,66.98489178540461,51.98773607513205
45,67.0383465674037,52.015748810768024
45,66.96714996717444,52.03377469395281
45,66.99342219444318,51.960743856341075
45,67.00102058892033,51.96034526251196
45,67.00533646417497,52.03343352855585
45,67.04714801307537,52.00467855959389
45,66.96303043128094,52.03031312148233
45,66.96653282090969,51.973480617385306
45,66.99511192367349,51.98918326786814
45,66.99376163801445,51.95656228172177
45,67.0182741195557,51.96121808362695
45,66.9936903427721,52.01110328389729
45,67.00109288611625,52.03239082375543
45,67.00556386395803,52.024679623654414
45,66.97595156919071,51.96641154517875
45,66.99010425611466,51.95290761520595
45,66.99091975802457,52.01941249468594
46,67.00477893312592,52.043784265594226
46,67.01734011885975,52.01572287442448
46,67.00345633503974,52.044636770965205
46,67.02273800472766,52.003033322493806
46,66.99192629208875,52.01165440852403
46,66.95292259052098,52.01538300897848
46,67.0157190210012,52.03220314995861
46,66.9578388819597,51.98995391112343
46,66.99674877398219,51.95674872402996
46,67.02654321237156,52.00143432702234
46,67.0041938080268,52.019227695922694
46,67.02895570666547,52.00425007735912
46,66.99879114738498,51.99038009135826
46,67.0273134062917,51.982993932189984
46,67.02022012901625,51.99266431360518
46,66.96578188509092,52.02013113360805
46,67.02992829971309,52.03191235746045
46,66.98041876775436,52.02451933332401
46,67.01155341647818,51.97969404378755
46,66.97964073587906,51.96740050331025
46,66.96358390607936,51.97260425443165
46,66.97411688223359,52.04041497447186
46,67.0243874093775,51.98061585187189
46,67.01321085385092,51.962613156422854
46,67.00422336478647,51.966919302957336
46,66.97004009465316,51.99528977875285
46,67.01551020425985,51.97376046863165
46,66.98606095037658,52.00730866285412
46,66.98937188969894,52.03928975277462
46,67.00187655778203,52.03695507594751
46,67.01314630649371,51.979354437572255
46,66.9972386786625,52.02125467354876
46,67.00062054209185,52.006489905304676
46,67.01661708985026,51.95647371248825
46,67.0289971595938,52.02232035044857
46,66.97790700226057,52.001059164522
46,67.02572389652238,51.99802954646037
46,67.0199110672679,51.974792632447645
46,66.99813555000672,51.99309148967068
46,67.02442918226332,52.03335018672697
46,66.987302877747,51.991079576368875
46,66.98492909385226,52.003321072967346
46,67.01802823905521,51.95793360831059
46,67.01324073636604,52.04756471628518
46,66.98823107101471,52.02445313329456
47,67.01217603129594,52.04525447954221
47,66.96441150752081,51.98072563690883
47,67.01327461940906,52.02235336064586
47,66.97546621241199,51.964760969294844
47,67.01234796278425,52.03664669987805
47,66.97976860847112,51.986336064293624
47,67.01138044644797,51.99813760264974
47,67.03677878959014,52.01906379650487
47,66.98550839966657,52.01425834153207
47,66.98063649466525,51.99267565683905
47,67.0353943074978,51.999863957167
47,66.96762697963007,51.97473463405892
47,66.98501371567876,51.98483890928886
47,66.96602346264183,52.024962271574125
47,66.95598887646143,51.991889265525586
47,67.02611761250033,51.95827875090987
47,67.0307586056537,51.988227708737625
47,67.00613078115376,52.016664055080156
47,67.01422573513341,52.00878374814226
47,66.96116837461453,51.999348845492676
47,67.0003480863011,51.96492654818127
47,67.01509575841439,51.99027654391146
47,66.96116837461453,51.999348845492676
47,66.96841022404595,52.00861066170748
47,67.01628866893297,51.98099456054643
47,67.02376233040407,52.04229145761553
47,67.03590002980562,51.98422404037807
47,67.02176381014222,52.00744160447993
47,67.00577060264064,51.99246672529094
47,66.98341800135492,52.03348341592868
47,67.01784494562015,52.0098076386784
47,67.03160312218144,52.0011452641392
47,67.01145043389387,51.99459169938412
47,67.00153310849545,52.03343853531257
47,66.99485166792938,51.97708915039727
47,67.02746496779406,51.959110734241804
47,66.98848037763571,51.99318797243589
47,66.98843252358031,51.96701687910577
47,67.01658648827424,52.02274603524094
47,66.987983780284,51.96465493505421
47,67.03854906206416,52.02556095280779
47,66.973172875675,52.0306580201723
47,67.04104947575058,52.0074108860045
47,67.04136108799268,51.99979122436702
47,67.01779783016194,51.98734230397626
47,66.97249199063972,51.96030118483949
47,66.98137461270827,52.03247260526397
47,66.99866255813143,52.03648760053388
47,66.96395123961605,51.99111230893754
47,67.01149336445887,51.96691148688426
47,67.0142022132107,51.9958038018404
47,66.99876185165365,51.99173447723297
47,66.9783479290919,51.99367535061175
47,66.97467429225567,51.96290315876328
47,66.97529087395277,51.96990751345984
47,66.9611333106524,52.00350876970101
47,66.99553910144883,52.00647166123724
47,67.01938566787285,52.01108900243524
47,66.96877232772933,52.03551304441598
47,66.9881403653465,52.01929952754954
47,66.97716472597143,51.96832980936877
47,66.97978776966451,52.024159752575635
47,67.00815970885765,52.04375765118957
47,67.02575718120289,51.983443774464156
47,67.00459205675601,51.98091959306294
47,67.02768506698273,52.02034753311864
47,67.02506362434336,52.00003454508449
47,67.01352720869357,52.021358121329314
47,67.04030172894166,51.98313099591923
47,67.01257415461546,52.04086401044495
47,67.04785710292579,51.99702742323829
47,66.96023901494203,52.02364784103272
47,66.99439600951973,52.015578294158395
47,67.00992308975246,52.01019718169697
47,66.9919343070002,52.048961815740014
47,66.95299460094783,52.008603695882755
47,67.03866065748426,51.96838625820107
47,66.98094311404617,51.96654312490434
47,67.03400566297579,51.98438384739314
47,67.02279873846818,52.023325031305816
47,67.04697703921987,52.002595517238305
47,66.98167008659459,52.0192879206596
47,67.00770814351748,51.974669696156845
47,66.98302868168558,52.01169116487311
47,66.98942508937857,52.00070444544125
47,66.95430428100822,52.01453448477121
47,67.0155877273069,51.98477798025411
47,67.0007033807442,51.9845188030249
47,67.02903571856231,52.01778346421157
47,67.01205165759534,51.96856805476232
47,67.02230030766455,51.95945310501034
47,66.99517874941853,51.9913191950542
47,67.02279873846818,52.023325031305816
47,67.00315738880411,52.03423131025475
47,66.97920043522771,51.95551482252494
47,66.97900499261976,52.01330221923583
47,67.00338476819893,51.985271422974805
47,67.00960681163409,51.95510616679692
47,66.99202290046325,52.03509345402754
47,66.97321147040918,52.03441539910656
47,67.0007740469181,52.033578253120666
47,66.96048722543959,51.993234111570196
47,66.99866935628546,52.02800038460167
47,66.96157162910377,51.99423251379082
47,66.9562430893281,52.02030890972088
47,66.99841158109727,51.953017211635895
48,67.00651950580927,51.98063510932253
48,66.9741961762448,51.96643367740629
48,67.0120626256624,52.01621491104392
48,67.00946129934573,51.97723612354545
48,67.03673379008377,51.978699740040646
48,67.01757630129951,52.00948475397739
48,67.03541062623408,52.02120019206486
48,67.01006749222766,52.002701451459785
48,66.98663988127082,51.95312059732498
48,66.9822764921566,52.004867872071166
48,66.99874582403964,52.01903748223767
48,66.98357341313577,51.99121975770138
48,67.02732466304805,52.02634026010738
48,67.04785710292579,51.99702742323829
48,67.02893011989241,52.03748865259188
48,66.95813238662602,52.00492757155735
48,66.97072855327832,52.0253009665168
48,67.02858783300309,52.018220027844286
48,66.98163572966368,51.988208448913845
48,67.01712568253144,52.00704462478021
48,66.9760853094561,51.9756959194473
48,67.03705766411588,51.99324584864312
48,67.03437215733344,52.008537494418164
48,67.04461837035625,52.01524472699148
48,67.02965758760767,52.03048275586857
48,66.9781019096599,52.031567138942066
48,67.02292632357674,52.02720956201192
48,67.0084602550311,52.01693577022457
48,67.02251383243627,51.95752305115497
48,66.96597517715429,52.016506721505195
48,66.96157311009343,52.02419384078624
48,67.0066285805091,52.024921391390414
48,67.00429760260252,51.95257057777851
48,66.97553246401164,51.99339679503271
48,66.97797285847933,51.97154798705094
48,67.01406662263123,51.95409969406164
48,67.02824744173576,52.00929778054206
48,67.04871828907596,51.99971543667581
48,67.02144686240251,51.966950514859306
48,67.02831099254216,51.95994311831334
48,67.00688993094063,51.97729970728409
48,67.01795076583427,52.01385210997928
48,67.01528410658938,52.00592348699599
48,66.99778578026904,51.955209085040686
48,66.98295820143652,51.974168779312514
48,66.96724567697593,52.03662768154593
48,67.00581360882235,51.96747551926833
48,66.96206359941344,51.98905494605752
48,66.95552974566318,51.97921364282766
48,66.99371696662438,51.95362394532664
48,66.96847786923699,51.97198298835173
48,66.98069609167878,51.99631047123696
48,66.9890578067261,52.03450149070067
48,66.95854360962649,52.02016981776902
48,66.97467324458935,52.04161072643335
48,67.01126915006907,52.0379177502038
48,66.99219948581296,51.95215138818094
48,66.9929622039459,51.95421245316104
48,67.00746377251738,51.95082378652753
48,67.00733471105838,52.02370785102013
48,67.00194181856253,51.9760071523381
48,66.99491242620861,51.99808472687177
48,67.02895226682274,51.96993366398628
48,66.98878637609326,52.02422916060967
48,66.96896118900735,51.98120095256962
48,66.99718111602884,52.04202749459604
48,66.99841276554379,51.9751027709726
48,67.01998257796043,51.97490808149475
48,67.00531399773034,52.02826658017181
48,66.95580990228018,52.018215144587536
48,66.96542845343136,51.99710677736123
48,67.00837387796261,51.97161496700736
48,67.01342800502677,52.021115094180054
48,66.97700993318543,52.04082750398168
49,66.9691232482044,51.97446889622372
49,67.03064780934558,51.99021803819779
49,67.00042230636414,52.0249516685332
49,66.98627351662826,52.01382263175893
49,67.00204746718799,52.03297028884631
49,66.99713729550056,52.00532390643864
49,67.04262820226424,51.99014005115869
49,66.98074305711411,52.01598297101419
49,66.98515543694045,51.97532241170878
49,66.97259929820021,51.980497980424765
49,67.03866636726995,51.980578163534815
49,66.9796673613855,52.01156142667434
49,66.96335899931275,52.021888464123315
49,66.95432377700168,51.98714932213971
49,67.01803813901631,51.9786779733669
49,66.9856208033638,52.04642875773739
49,66.97861520495502,52.04104073252783
49,67.00842394121074,52.03111603890342
49,67.04264109840278,52.00839435136379
49,66.96453181405504,52.03105838092259
49,66.97933676809926,52.02926493397248
49,66.99219862380369,51.98340855754271
49,66.99763727525978,51.996297616456964
49,66.96523591450142,51.98249434447071
49,66.96035410333035,51.98293334375837
49,66.96249106629062,51.97638414579721
49,67.01539261081541,52.03870215575243
49,67.0045195846059,52.01236038435508
49,67.02889065040553,52.02667342942589
49,67.03484615348107,52.01061911620173
49,67.01508742570438,51.99817704836431
49,66.96599575268903,52.03234813098948
49,66.98340264987036,51.97204259190879
49,67.01941210612162,52.023590996273164
49,66.96967413002304,51.97473783014416
49,66.96167378938638,51.979359753009895
49,66.99255742592828,52.00524251677936
49,66.98007036001232,51.974779629801986
49,66.97287412135401,51.999533325656266
49,66.98586330079281,51.990769709711685
49,67.0253397886352,52.01700221448195
49,67.01505553491536,51.97761852476334
49,66.98078628461249,52.00501475004068
49,66.95706140763842,51.99669626077638
49,67.01502593422195,52.03138096952277
49,67.01041281071943,52.03616230017429
49,66.96733135236272,52.01034533597771
49,66.99154198364369,51.99513223389251
49,67.02184132273747,51.98003830441153
49,67.02406267834493,51.983106203017094
49,67.022557127975,52.04346216717944
49,67.01468084095569,52.01505016370097
49,67.00471341823634,52.03119787575179
49,67.01709012728067,52.000319852782425
49,66.98957892230214,52.038459323068366
49,66.98063649466525,51.99267565683905
49,67.01423671524357,51.96964517992479
49,67.01094060811498,51.99184804653809
49,67.00597589258157,51.99911739761311
49,66.97414648386066,51.96236196491935
49,67.00884408381991,52.03585659133954
49,66.9830613135112,51.966149424813814
49,66.99389674429409,52.01729070260081
49,67.03532236550255,52.02521773674024
49,67.00950293583195,51.97850427007445
49,66.98903588970373,51.975581851858855
49,66.98301068803494,52.01274523875772
49,66.98474365480654,51.97232518514116
49,67.01977220978627,52.00998514727751
49,67.01702275855178,52.01859797460582
49,66.96297351156878,52.03088339124705
49,66.95497357610861,52.01617786928558
49,66.96180655066453,51.982141335079525
49,67.00520194176235,51.994243036860304
49,66.96399810780372,52.00123890758795
49,67.02336410358164,51.98599242888768
49,66.98445935308817,52.014040671893255
49,66.97808072342696,51.95707690638282
49,67.00602650295069,51.98908088012214
49,66.9552793876129,51.99859510150214
49,67.02714511500234,51.975190091680794
50,66.98135366260158,51.97758365827249
50,67.01277792899015,51.98725949513926
50,66.95517537537664,51.99739944502408
50,67.03868703319029,51.98268453744379
50,66.96545354125743,51.964142238246424
50,66.9587363038923,52.00248168805827
50,66.97953934262384,52.0005873670103
50,67.03367141768445,52.00700398104186
50,66.97461975458167,51.97002884163532
50,66.99632859666866,52.0095160696035
50,67.02978479280911,51.98021591217673
50,67.01423856205356,51.9832344611797
50,67.04209224242221,52.00022868350521
50,67.00817772816683,52.0420170056121
50,67.0103986335823,52.03866567594665
50,66.96056621146896,52.02000713765562
50,66.95885639036885,52.02745767858252
50,67.03586278234627,52.02337906725158
50,66.96044950523616,51.97880690601611
50,66.98186142295805,52.031460404777015
50,66.9890909354722,51.9673201111106
50,67.01291245076321,52.023287771198724
50,67.02441046772167,52.027191486422645
50,66.96622040876174,52.0181739308102
50,67.01175309661052,51.974696456196824
50,66.97527964046074,52.02539580266681
50,67.00290599984962,52.03117057022724
50,67.00253414288899,52.03470861934088
50,67.00044044658532,51.99055987526476
50,66.98496641914144,51.9616411690909
50,66.97769797810399,51.97048015477489
50,66.9850906655171,52.009448333760936
50,67.01501764956451,52.01314731211462
50,66.9696512835119,52.00856048514897
50,66.98528380282372,51.97606474919201
50,66.98486448757343,51.98711427836259
50,66.99776284507423,52.021552413149756
50,67.0197723337489,51.996860877048704
50,66.99461452568758,52.0338718419432
50,66.99140569947211,51.95362944785988
50,67.04298523281211,51.99423857413757
50,66.97051008226552,52.013589091819576
50,66.97630766024467,52.00865197276289
50,67.0055514490864,52.03148896447992
50,66.97639870410623,52.012399830043705
50,67.00884304049217,52.00310907623875
50,67.024167915931,51.95815730327662
50,66.95548021793,52.011922623332715
50,66.99570965562557,51.97683293460821
50,67.02151334589377,51.990775624559895
50,67.0060946256957,51.99977179637283
50,67.02542386541786,52.03296083896956
50,67.0296532224634,51.98208358070451
50,66.95880806862989,52.00626972262891
50,67.02544541708878,52.03374109662133
50,66.9975731913161,52.015796144057276
50,67.01621786396983,52.01479363995563
50,66.99590301959054,52.021582005044465
50,66.96180429427584,52.014637937339
50,67.00382136806266,51.97906175328067
50,67.00044540405457,51.97307543264742
50,67.0090216936306,52.038687261480256
50,66.96446533021432,51.97477430839293
50,67.034399699028,52.034582197565406
50,67.01675094449531,52.01497990271415
50,66.97646975283486,51.992966470256825
50,66.98637281737032,51.98248667535779
50,67.02470762509783,52.026866802963575
50,66.99131578995902,51.95338760000738
50,67.02590807743013,52.004840846633584
50,66.96669335106384,52.018646064335904
50,67.0199737781256,52.02696043702462
50,67.00468583452792,51.99705054708902
51,66.98252328128432,51.991143894745605
51,67.03582780778143,52.02190989044086
51,66.98939659422359,52.042993052190404
51,67.04835192751791,52.00677428028708
51,66.98201190520314,52.0121123454381
51,67.04492711039512,51.98528572365605
51,67.03276311658902,51.97963523578196
51,66.9877206680228,52.00206034589658
51,67.03972195735699,51.9982246970315
51,67.02864263087848,52.01885249599466
51,66.98559795002053,52.035287770170044
51,66.98066797940578,51.98177668969816
51,66.98322411381656,52.03813187728828
51,67.01881698811121,51.99746371894885
51,67.03019998766395,51.96824471766381
51,66.98077172814516,52.01226934201364
51,67.03321237736277,51.976735211591496
51,66.9844558972772,52.02043598827125
51,67.01085397121399,52.01785383015146
51,67.02959465474764,51.96511954953967
51,67.03576628540819,51.97730346937863
51,66.96025935903423,51.97825371040891
51,66.98546410176921,51.98008086724062
51,67.00589510170443,52.003303206603725
51,67.0187623094021,51.986119619528424
51,67.01779845363039,52.03127290143691
51,66.95999011478281,51.993405438297266
51,66.9910224954321,52.01656451066289
51,66.9809181993571,51.98549521229149
51,67.00879407339865,51.989123910588646
51,67.00295835421517,51.991424392379564
51,67.0114696579251,51.96697914021018
51,66.96342346127335,52.032313631136475
51,67.00931158030424,51.99399785197313
51,66.98717061405554,52.04539703609821
51,67.0300365437429,52.02823201549248
51,67.00111930797108,51.9528906452609
51,67.04019498712903,51.97456494331247
51,66.99043006509669,51.9610797048686
51,66.98681017729578,51.983334526157726
51,67.01449635664919,52.03759587471077
51,67.02494646492705,52.03437023048278
51,66.98187007988957,52.034939106764064
51,67.03399867917273,52.03423022460904
51,66.98466894573622,52.00561367643282
51,66.95907910771447,51.973566669845304
51,67.00035773132923,52.04517728106609
51,67.01688705559427,51.995846670999065
51,66.98126280111337,51.98355904434493
51,67.03139303726391,52.034212073654274
51,66.95183941916567,51.99215757926816
51,67.0440369348002,52.013037879327804
51,67.00477893312592,52.043784265594226
51,67.02599245543685,51.984835185430185
51,67.00741496551383,51.965810529684845
51,67.01908873589055,52.01067236650824
51,67.02124520553495,52.04391244577041
51,67.02956097112282,52.039576424796174
51,67.0331228131837,52.01909987038996
51,67.0197227373761,52.02202219426876
51,67.03273242974132,52.026228136962914
51,66.99420238668198,52.02340055457146
51,66.969666557783,52.02076680807994
51,66.9858168567376,52.03464269474156
51,66.9830189144188,52.02039870339657
51,67.00584061988572,51.96515027173249
52,67.04228061536094,51.98077804908939
52,67.03340814126831,51.978316820576744
52,66.98723525695672,51.98885343171589
52,66.974864216791,52.01402757009866
52,67.03048221722172,52.02641792656237
52,66.98060438033133,51.9823340499031
52,67.00287822278526,51.95559561093625
52,66.99560781451481,51.977184825704704
52,66.9836429651752,51.96257714562063
52,66.97929341413608,52.005654719062925
52,66.95074834672268,51.99763371232413
52,67.00900156811174,51.99606196152792
52,67.00991262615624,52.02847745235148
52,67.00159436511449,52.022880140828185
52,66.99564988801221,52.02258743086273
52,67.04570136362265,52.00138420924531
52,67.03612368338676,52.01152646523933
52,67.01972188387532,52.03035572643413
52,67.01105513237029,51.97583502570772
52,67.03630392182923,51.97930211886266
52,67.00591572432647,51.96949497694744
52,67.03426274028648,51.99464162463722
52,67.02328965725142,51.96172221640086
52,67.00189235230366,52.03219219464317
52,66.99301056281062,52.016365672500015
52,66.96938801978635,52.01350057862272
52,66.99007588951933,52.02502579418138
52,67.02934887312766,52.00218310633557
52,66.99849231878689,52.01206913581162
52,66.95343452146396,51.990894800661074
52,66.9861888852614,52.002833910360856
52,66.98955053445104,51.97133045258073
52,67.04339533261017,52.014656966262294
52,67.0279303125379,52.02182544332186
52,67.011154817956,52.020275401813386
52,67.00273350396047,52.043270169762884
52,67.01462673345691,51.977341233411344
52,66.959604804873,51.98025198662004
52,66.99330845754493,51.984983818765045
52,66.96998714194983,52.026852100364316
52,66.9755874424713,52.00606265837891
52,66.98806403106494,52.025691982940124
52,66.99585735289729,52.018444166036744
52,67.00390082370302,51.95497754428155
52,66.97942839710706,51.99221495489715
52,67.04658321559695,51.98354488749497
52,67.00314773512748,51.97831557046207
52,66.98625183743236,51.9780676451355
52,67.03690158740669,51.99917929709551
52,66.98946824152614,51.978889699809486
52,66.96987434320506,51.98283362655322
52,66.99244506255887,51.98372727773498
52,66.99426778654443,51.96821256302658
52,67.03097404305954,51.96517020329316
52,67.01833233616951,51.992950787380785
52,66.96705048017265,51.97880458873657
52,66.99074697128185,52.03609776872279
52,67.01426144330054,51.996270657138595
52,67.01866131278331,51.99235983133029
52,66.98662787917405,52.035671177727075
52,67.0055221992994,51.976548067518124
52,66.96492791713118,52.007555317875585
52,66.98776154252893,51.992971023846366
52,66.96823039337545,52.00616747623439
52,66.97411688223359,52.04041497447186
52,66.99193175664726,52.00793528450039
52,66.98940476738662,51.98413080973911
52,67.00578122748016,51.99690096622285
52,67.02680921456819,51.97735507915551
52,66.965321852355,52.03010784213377
52,66.9623714113735,51.988729346544396
52,66.98153301131318,52.03342639973729
52,67.01181536884002,52.01534276136621
52,66.99880486371192,52.022266647701485
52,67.0073351012532,52.0487420895724
52,66.99823062148207,51.998303064933545
52,67.03986030321522,51.97407436581621
52,67.01026492509443,52.01827519567131
52,66.97417030596579,51.97915399073492
52,66.98678583121593,51.96524961404837
52,67.01337278475651,52.02778526878786
52,67.00808303465989,52.008978419165004
52,67.00210663278716,52.00228961041443
52,67.03160000000108,52.01071727969173
53,66.98834739390232,52.04686646927844
53,66.9652360782423,51.96540769360034
53,66.99351857505243,52.02149848574604
53,67.0044518255077,52.02948707541644
53,66.97393082803822,52.01646357246462
53,67.03709331654824,51.97782251987418
53,66.9979509033927,51.95696485825911
53,67.0113480059588,52.03567549331985
53,67.01155970652925,51.984593434823694
53,67.02399927077352,52.02729567061046
53,66.97001405351617,51.96766570762731
53,67.01487311540954,52.04385747174839
53,67.0147412999124,52.01579247025993
53,67.00155132983811,51.95374531598438
53,66.98068242058545,52.01228539227245
53,66.95439597375812,51.98516108451284
53,67.02360762086269,52.03579924691696
53,67.03333233327285,51.96962538558141
53,67.02460372875663,52.03712643779562
53,67.00757616007128,51.96360013149868
53,67.03051271315309,52.0256725761596
53,66.9973240410788,51.9772226400645
53,67.03499456744998,51.97364770285337
53,67.01535427324784,51.964961224890416
53,66.98450673564814,51.96822651183856
53,67.00922126704018,52.0477444706326
53,66.99146641994145,52.01989110720801
53,66.99367179860046,51.96110570187903
53,67.03000175715148,52.035248511290646
53,67.03875757468471,51.9953462290211
53,67.03399405636577,52.00054755967113
53,67.00988074557418,52.040836961782915
53,67.0237140822641,52.01504640413311
53,67.03636284292116,51.98372986981989
53,66.9737441088629,52.0087943948136
53,66.96933818089347,52.01969689532331
53,66.97730688105364,51.97228217151191
53,67.04311154374246,51.98290758099501
53,67.01223775435948,52.0119649181847
53,67.00641300357422,51.9875533627134
53,66.99289831660046,52.01886922988802
53,66.99385757338395,51.985469239833414
53,67.03211228966745,51.97712620842947
53,67.01047396979922,51.95273752409962
53,66.99615246227278,52.002885687501106
53,66.99674877398219,51.95674872402996
53,66.9975728575078,51.99891699636863
53,66.98798012818796,52.02295273504885
53,66.99085361614934,51.968647986052204
53,67.00668970223217,51.95888619855649
53,66.99283692231317,51.9718502504145
53,66.96744444801276,52.00602733742998
53,66.98492289956667,52.03772944642398
53,67.0409879259051,52.00702323231779
53,66.98580986313256,51.9781322272128
53,66.99596202755502,51.986395745180644
53,66.95750555342941,51.988664707378994
53,67.038739944824,51.972882035827205
53,67.02581075277432,51.97470523812519
53,67.0266812239238,51.9622096204221
53,67.00878816732364,51.996532876667175
53,67.01528756894263,52.01768809542285
53,67.04903792340616,52.00694635464842
54,66.99120013304601,52.02188687551331
54,66.99777691375382,52.010887489975495
54,66.96427659479524,51.993668112722666
54,66.96063641535228,51.989028340664504
54,67.01207368745935,51.96551368495512
54,66.95905019237648,52.022545415575664
54,66.96183796032227,52.02608807068635
54,67.02081882573776,52.026191382670504
54,67.00901021351096,52.008834409365434
54,67.00418819491202,52.044090863877415
54,66.99862993329344,51.99703071028612
54,66.97917513776498,52.04097804727779
54,66.99126588352388,52.04164382042879
54,66.95867011526391,51.99911164270478
54,66.99981999553926,52.01152478691604
54,67.01577312718972,51.95549409699524
54,67.02542956383374,52.02026670849485
54,67.02948450291028,51.965540012298725
54,66.98128394959554,51.98173443544109
54,67.00011925973433,52.00802902663903
54,66.97111749919726,52.00183172803166
54,66.97292122123672,51.96411332169906
54,67.01430275616417,52.033595489372004
54,66.95929579532809,52.02876316233861
54,67.00264702917187,52.013013346464035
54,66.97662188229799,51.98227904169007
54,66.98612491379802,52.04222915936448
54,67.0361684613885,51.98174610714352
54,66.99065315430093,52.043153061710285
54,66.96127875780928,51.9805200499584
54,67.00530015373586,51.95761355589109
54,67.00878010064432,52.02275027788916
54,66.99709829425352,52.013841607506194
54,67.02465221759081,52.03499146030289
54,66.99793628257245,51.973245488794234
54,66.99203612545547,51.988763097747174
54,66.97195024677083,52.041344131942466
54,67.01549022094532,52.00012120713007
54,66.99692458126792,52.04711379349078
54,67.01888755159494,51.999344965145134
54,66.96745772468735,51.9747605183633
54,67.01860285021132,52.000663935147124
54,67.02708666919342,51.97679675799321
54,66.99132030514224,52.022118996494434
54,67.02390569632357,52.00517931655115
54,67.01001613258627,52.03003898537102
54,66.99325851893376,51.9564017592439
54,66.97595227992541,52.026331439218616
54,67.00108539128068,51.98062585022973
54,66.98301975835216,52.034405047670916
54,66.99670006037476,52.021868253774436
54,67.01852240626638,51.96887514458494
54,67.01431399614815,51.95976966381711
54,67.03318531787698,52.03662096216893
54,67.01054979885099,51.97552236857985
54,67.0321030302787,52.034943348125495
54,66.99230627484754,51.99021937201086
54,66.97647615197648,52.00562802475425
54,67.00931296097174,52.02037560804743
54,67.02527345726124,52.03165310308318
54,66.97768348660988,52.02776653301406
54,67.01957728532655,52.036060871897774
54,66.99303909057602,52.03226232190371
54,66.97558038370894,52.04048538594992
54,67.0037972492924,51.97875211625378
54,67.03849412220404,51.97008494953234
54,67.02994905052502,52.036398923270774
54,67.01099452015578,52.00935984045427
54,66.97067062904638,52.020516086096094
54,67.00221433541495,51.951274430449516
54,66.96291670343258,51.969511434538106
54,67.00747996777127,51.9742933261823
54,67.03032182095991,52.03741486470637
54,66.97339482965712,52.01715291085916
54,66.99181861894601,51.96119756307199
54,67.03709629033042,51.9754505565326
54,66.9797167534815,52.01814977981034
54,67.02035953962566,51.9824664332911
54,66.98302964409719,52.005440437257775
54,66.99964020487542,51.98059873670268
54,67.0110584161212,52.04670069395538
54,67.04323129183913,51.98939033515794
54,67.01953136913214,51.997490990295155
54,66.97738842084735,52.020015975816946
54,67.01453354476918,51.955905856590505
54,67.0113004054811,51.953675062438705
54,66.95509221065336,51.979300624605685
54,67.0112538537514,52.02061090267789
54,66.96126690022056,51.994982844151316
54,67.03786162704479,51.96914188276316
54,67.04841567154183,51.99873635233853
54,67.03458272024709,51.996229595190435
54,67.00887410653567,52.039831348191285
54,67.0136251296631,52.02605639153926
54,67.0080900695872,52.020620041795716
54,67.00212774526287,52.007441784975114
54,66.99239560774384,52.033805681285884
54,67.02953354508107,52.0158821787708
54,67.03887693465295,52.020164254597866
54,67.00062840120242,52.01456553764227
54,66.97016345570776,51.96894310450328
54,66.96891916202318,51.999670750773326
54,67.01074015882328,52.031423815528
54,66.98298705440845,51.96207475175302
54,66.99482774890514,51.98604721619773
54,67.00080050606628,51.950619133683794
54,67.04313474608507,51.98092322676127
54,66.98320067850007,52.038333847757514
54,67.0330565399958,52.00340568434659
55,66.99122475728043,51.96832108038904
55,66.97044331411233,52.01366335785902
55,67.01133425270625,51.96905221357034
55,66.95647579294386,51.990437324904185
55,66.987527673648,52.01636252163451
55,66.96096129562851,51.97751486926747
55,66.9679990948087,51.992701331917026
55,67.0006450738661,51.98629220046083
55,67.02886452423891,51.97648787927147
55,67.01010900222481,52.02697124651129
55,66.96406060443886,52.02987886054047
55,67.00602439178186,51.99835635644643
55,66.99133052399156,51.96875316783225
55,67.0166505043949,51.95740584205602
55,66.95737788482617,51.98706467542953
55,67.03620120666338,52.02231232615529
55,67.01672024874877,51.96186114565633
55,66.99798871645643,51.95455040023779
55,67.01683596205973,52.03795774657033
55,66.96286005143892,52.02672224912699
55,67.03039502636838,52.02206489568504
55,67.00632630275854,52.04957546673945
55,66.97965710394861,51.961880593582706
55,66.9951441657953,52.039437232018045
55,67.03639558496306,52.02066215788964
55,67.04450334754699,51.98390285070906
55,67.02828392027145,52.02089827108103
55,66.97753188709615,51.98983103505459
55,66.99339665866442,52.009448964076064
55,67.02946497074679,52.025515520607954
55,66.99056840640849,52.03543742569979
55,67.01576114950542,52.0370351813567
55,67.01960275152453,51.994746713398015
55,67.02123709496941,51.99382786205111
55,66.99421362520535,52.030040732813745
55,67.03381585503733,52.03048157382515
55,67.0206035520592,52.00218525971828
55,67.02973216439891,52.030847145333304
55,67.01578114962997,51.96991412137537
55,66.99465904704888,51.97064304150228
55,67.01528756894263,52.01768809542285
55,66.9827633317707,52.046808657571084
55,66.96916201275089,52.026777708391315
55,67.00613163742506,52.04528900333559
55,67.01844350156183,52.030793853246514
55,67.00126050193055,51.96472449436481
55,67.01191925469368,51.963736366899816
55,67.02610226559248,52.024472469165964
55,66.9597782243878,51.97706515155704
55,66.9739442763376,51.97314313596513
55,66.96282027151109,52.01823575571376
55,66.99373616672213,52.02295597529351
55,67.00867919131998,52.00060220648671
55,67.03082126531045,51.964034865357945
55,67.0098640186554,52.018455886302796
55,67.0173312209413,52.020993781838484
55,66.99804908195411,52.025966722642586
55,67.04521882252375,52.002046809498644
55,66.99609457590027,52.017569094340764
55,67.01070965940322,52.032080175497974
55,67.02240181114523,52.027640825292536
55,66.98090163715844,52.032175124971545
55,66.9885429974062,51.99238370023495
55,66.96221372443951,51.98030456381685
55,67.02777120326245,51.96459368648359
55,66.99255717446047,51.96621014638333
55,67.01273299337431,52.01260067901307
55,66.99288668308766,52.02041572839685
55,66.97697093866861,51.98435210781277
55,66.97269537712769,52.01881719931998
55,66.98177000693968,52.04548825887043
55,67.01909340204323,51.987912888279325
55,66.99890441820041,51.97657220839576
55,67.00915665656076,52.009663409856245
55,66.9881383149125,52.02724264173855
55,66.97767451775121,52.026810907499645
55,66.99846194661777,52.03866163019045
55,67.00498944807006,52.00957647623475
55,67.00130395123297,52.00459474486735
55,67.00205083520899,52.01138893717324
55,67.01497869276336,52.01376313317071
55,67.03548511591809,51.96812496930918
55,67.04619134312512,51.981756683634536
55,66.95648198632072,51.98953384581965
55,66.97655175045305,52.015206850497464
55,67.0005725479098,51.99390743914555
55,67.01601424261786,52.01540471462626
55,66.99672362331157,52.02771020570309
55,66.97788117440886,52.00785424292218
55,67.02608503211954,51.977950381455734
55,67.03099146069295,51.970474608583785
55,67.02733695605306,51.993312692159236
55,66.98283372058611,52.01599995908342
55,67.0241256184086,52.03177214304802
55,67.0068547493462,51.99573612048097
55,67.0107671264314,52.00917946644599
55,67.00765784941215,52.012732331124965
55,66.95439454285744,52.014231136356955
55,66.9689772195204,51.9980277697498
55,66.9781969887999,52.03369656369632
55,66.98128613000164,52.01490550542732
55,67.00202239037266,51.97274927634174
55,66.98622751786465,51.98199463405841
55,67.03936628398378,51.99198444021891
55,66.98809165489997,51.96386759033167
55,66.98214764304143,51.99020886886708
56,67.0081551433871,51.99434150033483
56,66.99036465024712,52.027707619424454
56,67.01995356621914,52.01145355685032
56,67.0412331040368,52.00010301550286
56,66.96651368653455,52.00949308397032
56,66.9923529514915,52.029185719994445
56,67.02554114676721,51.962078145623025
56,66.99435247525386,52.04708582218521
56,67.0208926556566,51.97582852206091
56,66.96231326076112,52.029164215378664
56,67.01095351252474,52.03564986862529
56,67.02342069914971,52.01235061063721
56,66.97804113656953,52.02050432562142
56,66.96284890155947,52.00672654414109
56,66.96924671369428,51.99837034680945
56,67.0107000458947,51.98772047102609
56,66.9951599019576,52.011983568571004
56,66.99117224630217,52.034239928788985
56,66.98765165962095,52.01182335028399
56,67.04288649227429,51.977366135074405
56,66.99035012119248,51.98144375709603
56,67.04084841720469,52.00645061095905
56,67.01670850718787,52.017392031177934
56,67.00600363826453,51.963871532078855
56,67.04698790468782,52.01603181727186
56,67.022192507125,52.01688180920045
56,67.00084563595733,52.02569021186636
56,66.97127603766509,51.99582813849648
56,66.99980132810968,52.03209030296639
56,66.98333501998161,52.03937509461289
56,66.98014258023012,51.98816996947669
56,66.97272514633536,51.991801728366184
56,67.03023147093701,51.98678252412765
56,67.0270398206446,52.02187248006765
56,67.01620534960941,51.98292615945017
56,67.00888437446328,51.98697610584889
56,67.00740289641094,52.00626461901392
56,66.95169806157095,52.00146523885925
56,67.0190510648133,51.96531837331906
56,67.00043244437684,52.02787761885174
56,67.00773486617379,51.96647768068821
56,66.96943712893786,51.98461359156342
56,66.956783121456,51.98212892119632
56,67.01132070603086,52.001041205004405
56,66.98308006387514,52.030283488437185
56,67.0112538537514,52.02061090267789
56,67.01269986416321,51.954464182677015
56,67.04144117187884,52.004947201983114
56,66.98221162635626,52.00547855118081
56,66.98880930368568,52.037358568862714
56,67.04019429018912,51.9866191985217
56,66.97294156730538,51.99877422831322
56,67.00092142280111,51.95062592705977
56,66.95135805577924,51.995412018341895
56,67.03933888227478,52.01159102491727
56,66.97416139403906,51.95824382648594
56,66.95547357454976,51.9931753856625
56,66.98676514428934,51.97540325957727
56,66.9798282055893,51.95981205885794
56,66.99214872683616,51.96123039860273
56,67.0023402941019,51.96686435137255
56,66.97664951924625,52.023461973471605
56,67.00291842888463,52.016908592835975
57,67.00236731596468,51.981444611206896
57,66.99472205870957,51.983595276570114
57,66.96677500624132,52.01034455135805
57,66.99589536957315,51.98825874675353
57,67.0247334644509,51.97321705572522
57,66.98912944585939,52.03789598090485
57,67.01555279675782,51.96459928764761
57,67.00046612907738,51.9780120380563
57,66.9860594102498,52.00039914899518
57,67.03073408210756,51.98398201044401
57,66.9980922404842,51.984136970970894
57,67.03797237117698,51.99989427948896
57,67.01457960321704,52.01602075836784
57,66.99861324823098,52.02208512089394
57,66.978983889262,51.96019744589169
57,66.9996224663972,51.968721012583586
57,67.01908270656294,52.02846455105912
57,66.99552317986021,51.99384528100705
57,66.99757039588165,51.979779106865486
57,67.01442315360477,52.01261703711605
57,66.97970734297775,51.96382255919641
57,66.97944992887618,52.0062321541896
57,66.98083678862831,52.010603165513544
57,67.01020529937522,51.99194074081754
57,67.00368558191249,52.014504256568195
57,66.9841006879811,51.98216818400915
57,66.98389293999335,52.037578069128315
57,67.02182913988091,51.96406349573631
57,67.03558902188699,52.02749523088432
57,66.99670674476249,52.005005423092435
57,66.9553880487283,52.015372852911746
57,66.97748250639636,52.00203282757916
57,67.00915101895875,52.005651678605055
57,66.9934313781667,51.986315194437005
57,66.98867163977404,51.97966369132695
57,66.98701724492211,51.97122337523471
57,67.0114136354073,52.00794082175188
57,67.02347889401126,52.024320979069486
57,66.96832707902422,51.969558423932284
57,67.03604355577265,51.98876854192806
57,67.02080091434193,51.99567681949991
57,66.99221472756398,51.95651202387561
57,67.02443783879222,51.97795561877413
57,67.04657323383111,51.985267891890835
57,67.02370863178929,52.007055165232934
57,66.97825056007906,51.977973877033676
57,67.00098556437598,52.01191020041459
57,67.00242622457775,51.97819005708728
57,66.98038900328868,51.96565179233385
57,67.00360891912838,51.98073273134429
57,66.9712740165492,51.97771328709618
57,66.9921412971333,52.03906093234939
57,66.95395814109116,52.00641699490777
57,66.98711636626011,51.99792532390621
57,67.01867989818594,51.95697787976557
57,67.0212579230119,52.03197618506771
57,67.03679668437232,52.023503658498946
57,66.97737837666071,52.03459566539686
57,66.97943855956761,51.973905882083024
57,67.02334689051733,52.006327513935446
57,66.97131366126847,51.97794273942266
57,67.02035543922234,51.97730709796722
57,67.0126290156994,51.96438702003596
57,66.96027006787726,51.984550616665864
57,66.98450673564814,51.96822651183856
57,66.99549547748414,52.01976367725299
57,66.99981618116168,51.953113218287086
57,66.96540144223356,52.02315982525186
57,66.96515611492954,51.967005159128604
57,66.98973476963023,51.952439058813276
57,67.03735440803783,52.001680400244105
57,67.01580576470919,52.0308615624988
57,67.01646675378655,51.980547141985866
57,66.99454134070959,51.996508616484604
57,67.00228225401978,52.045533122418306
57,66.9705208092129,51.979151932162885
57,67.00528432684445,51.989326625060244
57,67.04768969334887,51.987671023323244
57,67.02033914385812,51.99963904579155
57,67.0178048224454,52.00052383969155
57,66.98782103178262,52.00075834013889
57,66.96672561850139,52.00266456167115
57,67.04035099005361,51.973967611592684
57,67.02259298123235,52.0073145258007
57,67.0259257813301,51.99124954530518
57,66.9771567940467,51.96669288777869
57,67.03149399685894,51.961879806646316
57,66.95162316116534,51.993596065530994
57,67.02122286332848,51.98467694105331
57,67.0153244100673,51.98692153204882
57,66.99936590411409,52.00367566562125
57,66.99126099206009,51.996369409219916
57,66.99819481637867,52.02577283059613
57,66.98805106185237,52.0299615761041
57,66.98721225264313,51.99152869685218
57,66.95616496123245,51.9794801799169
57,66.98905101415119,51.987482941424666
57,67.02065256398522,51.96821339361664
57,66.98138971285276,51.977093360811374
57,67.01549462547237,51.97517540540264
57,66.96173397770333,51.96863470967919
57,67.04641868434871,51.98992866183146
57,66.99803310424322,51.983594442134944
57,66.98850506472951,52.0443923593114
57,66.99372635187879,52.006323983886176
57,66.96115256149885,52.00635893460529
57,67.00041904120758,52.03465098122458
57,66.98554543298634,52.01025181792698
57,67.01877804787635,52.026229794901525
57,67.00214974997199,51.977504429823206
57,66.98954635593206,51.9947402049854
58,66.98252571269057,51.993086328632934
58,66.9579373379163,52.018376698146504
58,66.95709004702736,52.01789927826923
58,67.04454868307535,52.000188590973984
58,66.99691537084519,52.02330108269874
58,67.00859840850846,52.01170866384703
58,67.00016971740516,52.02579485554657
58,66.95737463335867,51.99180308608342
58,67.00103334077342,51.95790810403587
58,66.96256584520951,51.97646212977417
58,67.03579275197573,51.97689295487873
58,66.98605471131047,51.964553386524344
58,67.01237285499772,51.99753073672001
58,67.03731169283172,51.99684922503497
58,66.98964935955794,52.02650623796883
58,66.96810189975315,51.995701984155886
58,67.02154628542745,52.00798104481087
58,66.98460321307999,52.00379012847329
58,67.045353212062,52.02085597185679
58,66.99460849412795,52.032784207690845
58,66.99518065795138,51.96883968275634
58,66.9785207104856,52.02298784559011
58,66.98600594729187,52.0202624484485
58,66.98946772026777,51.977428935104605
58,66.99561596442047,52.00253665618924
58,66.96323111985987,51.97105184726083
58,67.01565004828292,52.01685906263109
58,67.03589660186135,52.02818437390342
58,66.9890635706671,52.01623166981264
58,67.04162398283466,51.980398913561444
58,67.0036425807935,51.990467950413816
58,66.98894710157171,52.018692749077935
58,67.0071127399064,52.03842041643893
58,66.98346689581099,51.96388212641091
58,66.96647071110887,51.96780252575352
58,66.99333276542929,52.0259892944008
58,66.97075964438946,51.961265727610446
58,67.01473107288734,52.02899375832093
58,66.98894103882112,52.02398449120723
58,67.02446542501704,51.97501568482909
58,66.98023999981103,51.991972098759284
58,67.00067897609098,52.02580492727735
58,67.03337317450143,51.97450772367091
58,67.01161655484597,51.994111194794385
58,66.97913946416595,51.9985898292183
58,67.02972725349744,51.99634573842724
58,67.008577453242,51.953144291032565
58,67.03384087385544,52.01725905545567
58,66.9636021428794,51.973590212312516
58,67.03190245950627,52.01208709877061
58,66.95191449470201,51.98923291176335
58,67.00258968581329,52.01112839658957
58,66.96939459196415,51.96416083650747
58,66.98103571780497,51.99100394579615
58,66.99068720101951,51.99116179313779
58,67.00869230381714,51.97547788550263
58,66.97572513295941,52.027417941443915
58,67.023230917317,51.989637515672364
58,67.02295362060562,52.02027248764274
58,67.00596089170398,52.00047339881269
58,67.01036935851488,51.97805366906794
58,66.98189475846533,51.97985666686153
58,67.00941332466792,51.994543309249835
58,66.9836750034593,52.01639103292825
58,67.02522746537275,51.9791374734379
58,66.99727626337855,51.98254067241886
58,66.98682020046145,51.99855119540505
58,67.04849480616585,52.0105191205174
58,67.00781877251862,51.99289600519816
58,67.04913805302147,51.99156967192546
58,67.01139384512845,52.04013203165515
58,66.9862361071986,51.960753752928404
58,66.97520913458173,51.97161513283203
58,66.98836624908984,51.95579134463405
59,67.03460003790305,51.99506295465698
59,67.0182501744562,51.96166114905815
59,67.04530651073709,52.01049265150401
59,67.03651320221273,52.0068796022233
59,66.97072941312088,52.03436321100484
59,66.95752606150172,52.00941054307466
59,66.98300693870199,51.96946994015582
59,66.95492500918917,52.003858184013104
59,66.96810870453179,51.98744882752632
59,67.01000544474972,51.964503726310554
59,67.04110261553544,51.9813880065712
59,67.01984076124795,51.99652292084707
59,67.01009621052488,52.04009649794128
59,66.96715636413713,51.99261690933761
59,67.02079226496474,51.968771235704544
59,67.00386939212508,52.03346357645015
59,66.97284025420736,51.99413731475327
59,67.00385876325822,52.01319589974056
59,67.01136221654939,52.04735557755799
59,67.02353660817602,52.00721758596253
59,66.96201092182469,52.00412576179326
59,66.96643880835198,51.979020919793896
59,67.01158702236555,52.00353777007545
59,66.99855962475114,52.021302864038915
59,67.02656919844704,51.96445508490991
59,66.98317920052924,51.99406754020244
59,66.99494510384206,52.04658197717684
59,66.97114927697703,52.03912186348419
59,66.9876845426382,52.00453316952939
59,67.01010337463399,51.97404097667668
59,66.99681489839625,52.02633106229339
59,66.95766302405261,52.01966150943202
59,67.00266505260605,52.002650410699125
59,67.02845526530669,52.02487232003883
59,67.00786379399538,52.00526748489164
59,67.00992308975246,52.01019718169697
59,66.97488644658831,52.005151839861576
59,67.02133158317157,51.97848122316625
59,66.98250267761146,51.97109259378848
59,67.03507631623316,52.002900024973904
59,67.00258222135174,51.98821042512724
59,66.97218740186457,51.9953805610529
59,67.03385890780456,51.981820610136936
59,66.99187679055026,51.98821561398073
59,66.97497151966182,52.013464236638264
59,67.03321237736277,51.976735211591496
59,66.96682800428461,51.97375198939825
59,67.01225999008184,51.954355752501435
59,66.98870858354525,52.006627772574895
59,67.03237885192584,51.97471027941057
59,67.03030520590885,52.01807249129218
59,66.98045941235047,51.9893783845983
59,67.01683376223656,51.96845059337481
59,67.02212884948354,51.96269673098013
59,67.02254758898286,51.96679846934006
59,66.95397757216163,52.01291587330129
59,67.00477082499509,51.979430330220865
59,67.01899358216365,51.955707255966
59,66.98411198299515,52.03323464647099
59,66.96351622340009,51.974552077619045
59,66.99789161882839,52.03255408264263
59,67.00429422050358,52.007215104420894
59,67.04134404659177,51.980336675506116
59,67.01373733815436,51.96447584807579
59,66.97666022838685,52.01216219626246
59,67.0178899010287,52.00250699042437
59,66.98591010057902,52.03451702260447
59,66.97180306002592,52.014855806749026
59,67.01957728532655,52.036060871897774
59,66.99443415197507,52.01924831104971
59,66.98313279574558,52.01145503070141
59,66.96707647230205,52.000911501771974
59,66.97595586186544,52.02606599807359
59,66.99177213560414,51.984721504850846
59,67.03599040803583,51.99517096567545
59,67.00919394156497,51.99382624746482
59,66.99591423078965,52.01297386977839
59,66.9841865291861,52.03332709687131
59,67.0197723337489,51.996860877048704
59,66.98471941347763,52.00058354603713
59,67.00395784129641,52.047388630954224
59,67.04611903532225,52.00372661451779
59,66.95755895011105,52.025301591234715
59,67.02952025472494,52.02499652873944
59,66.9606097518093,51.97870134199103
59,66.98552412766487,51.9703428698576
59,66.98055923610997,52.00067542311299
59,67.01010704921256,51.958734862179945
59,66.98852489756808,52.035053834550716
59,67.04498500048234,51.98675862778877
59,67.00682854315137,52.04893711976952
59,66.95107745604597,51.993626094881535
59,66.99819481637867,52.02577283059613
59,67.02532590003835,51.998734839423456
59,66.99900494001106,52.029733770455884
59,67.01864000012014,52.003902048529966
59,67.01977722383056,52.013345220369615
59,67.02574025935277,52.02535884333432
59,67.00478076629771,52.028502239672385
59,66.97748457736701,52.01803131063634
59,66.95260779243257,51.99369613118139
59,66.95350793042026,52.00909661258494
59,66.96552942977922,52.013512821978274
59,67.00263034454954,52.033216020016255
59,67.03494719912597,51.97003243586948
59,66.95642557455233,52.01353307251135
59,67.01453243312916,52.026547421280426
59,66.96450853757764,52.0040150079575
59,66.99739088648734,52.01390145722095
59,66.9888205825811,51.988395326844206
59,66.99708000345137,51.97707957706511
59,66.99487409351607,52.025736988291236
59,66.95356751274939,51.98388559639564
59,66.99429830222797,51.95826838215087
59,67.01645732044157,52.03738103809259
60,67.01717412470785,51.96925239116783
60,66.96730778961165,51.96274372406018
60,66.96441213668425,52.02239027136573
60,67.03063247617662,52.01687986180038
60,66.96308404923832,52.02445138063051
60,66.95799393878684,52.0000544418264
60,67.0022709908356,51.95242286728235
60,66.96784840457009,51.97624176457912
60,66.98811064848176,51.982523370567236
60,66.98552769323715,51.99597496776792
60,66.98834391730763,51.99557193502473
60,67.00667763305,51.9627194346582
60,66.99778978465207,52.022776530635284
60,67.03001148943234,51.99166361301804
60,66.97370426523393,51.98552510985903
60,67.00205752875709,51.972828859201655
60,67.0367392299269,51.99386830044028
60,66.98215277680801,51.95953997925024
60,67.00020601263095,52.04558898573477
60,67.0271775986049,52.02781814191809
60,66.99714582133028,51.99621287927664
60,67.00881196969983,51.983216662778844
60,67.0264812034907,51.9646719664654
60,66.98206548828148,51.9740682161068
60,67.01222109577849,51.962233343488734
60,66.96233836420492,52.0095280855695
60,67.04445783764695,51.98195777592613
60,66.9888236770656,52.04109027883723
60,67.00828294095611,52.03306514278094
60,66.96651701598536,51.96393676624866
60,66.97635404457337,51.95633927293889
60,66.98619265633874,52.002557419132025
60,67.00570371020973,52.03741971026946
60,66.98265900955737,52.04310498632411
60,66.96858778844349,52.0272416114205
60,66.98128959317846,52.02775702030501
60,66.96429839201548,51.97498961039855
60,66.96478901411673,51.96742212621524
60,67.02704581177001,51.99572466481114
60,67.03749999313607,52.01527517896939
60,67.01905033677814,51.99704629167244
60,67.02648207209997,51.95760785335969
60,67.02136176894393,51.96439050130336
60,66.97239406262605,51.96962013264297
61,66.99340874041405,52.025837540961234
61,66.96331914256398,52.02729090075781
61,66.99789341323542,51.99683038483917
61,66.9697443233115,52.024225812838246
61,66.97452493820666,52.02396473331418
61,66.99549365842941,51.99116803806635
61,66.9783253198078,52.00586083757182
61,66.9679990948087,51.992701331917026
61,67.03774643914406,51.986045932979415
61,66.97038043143903,52.00329025161992
61,66.99257631980866,52.00877258900338
61,67.02694554775206,52.031892214161154
61,66.95436231822534,51.9808978126336
61,67.01554305363506,52.00772661342395
61,67.01842644092474,51.98117797128115
61,66.99859060524203,52.02333140382804
61,67.04353130511724,52.01099499919277
61,66.9987637928549,51.95736483094161
61,66.98725202528865,52.01119830689365
61,66.9531699168446,51.99669915040089
61,66.98622250342237,51.96386448668796
61,66.96143324366201,52.0061035310841
61,66.98450616445554,52.01376356242086
61,67.00892677062684,52.01832038790366
61,67.01009820382745,51.997745545623985
61,67.03100384845763,52.02466194167399
61,66.99633358212795,51.99008249580829
61,67.00745089042582,51.97196222273377
61,67.02401096130538,52.01388308066285
61,66.95664527215678,52.02490114534095
61,66.99880225863095,51.996511536720995
61,66.99384887848866,52.044105426360225
61,66.99967230064787,52.03974629759314
61,66.96571501791593,52.006927875770735
61,66.99519888657781,51.97162793873099
61,67.01387529933258,51.96388152931964
61,66.99118735237687,51.99558388142138
61,67.03670134852378,51.97602068034258
61,66.99349597677529,51.951725273337026
61,67.02829901480386,51.967983449899634
61,66.9940707765346,51.98984340407544
61,66.96230221431,51.97036206139784
61,67.02965138494896,51.9749562137948
61,67.02463697490226,52.00872864331069
61,67.0124921991907,52.03365948668444
61,67.00673155489343,52.01995719703454
61,66.95366869295792,51.99888220648463
61,66.98176714801983,52.003545146439265
61,66.99313731380897,51.966846878264
61,67.03018895904087,51.99883954388274
61,66.99985639487863,51.954198727629155
61,67.03742143188649,51.99844695225301
61,67.0133782839357,51.99510089620579
61,67.03132883900223,52.037883666912784
61,67.02754518120462,51.965376913648484
61,66.98372326650649,51.9973214524358
61,67.04073413102803,52.014202630211386
61,67.00989109553946,52.00563038499732
61,66.98056626615698,51.9912681273917
61,67.04329191698295,51.996506554607016
61,66.9827846131136,51.98087677564583
61,67.00214477830822,51.995045949870764
61,66.97191687034828,52.035692863924126
61,67.04599411338286,51.983030631906175
61,67.02956097112282,52.039576424796174
61,66.99376373842155,51.96982225158013
61,67.03196348100838,51.9877386116784
61,67.0216080409693,52.032759929161664
61,67.00245195480609,51.994110403979924
61,66.96614134839947,52.0131339165414
61,66.99865589555621,52.02697032829886
61,66.99590566010093,51.980845969026326
61,66.95906807928947,51.97170718827574
61,67.01347068046184,52.000107196799306
61,66.96549731432698,51.973862126979775
61,67.01639432750866,51.964887638174964
61,66.98601102924205,51.97332498587682
61,66.98550236706711,51.986523214437526
61,67.00500441031352,51.97256608931759
61,67.02406738565828,52.0374133577549
61,67.02085568071311,52.0075795434051
61,66.96176960179984,51.96848186880546
61,66.96963486580147,52.023370179788344
61,67.00198274126844,51.99701115462173
61,66.97580581563199,51.976613295483816
61,67.02464226331197,52.002679610693946
61,66.97548852817495,52.00806749560818
61,66.98696950390058,51.96089736750689
61,67.00969560992495,51.97730764173195
61,67.01895090363405,52.0112240417362
61,67.01536122832094,51.982458587103686
61,67.03094914573349,52.02911363316908
61,67.01335941998373,52.01620166017337
61,66.99447679679808,51.95211728248503
61,66.99183306617356,51.96743733543627
61,67.00285201248494,52.034048222315086
61,67.03311906891972,52.02819352513818
61,66.99341663146674,52.00436493396303
61,67.02302713594082,51.990844093739526
62,66.95675167720688,51.99961222807543
62,67.0078412432235,51.996706892902566
62,67.04183704199734,52.00096394015009
62,67.04548520941071,51.99285192022398
62,67.00282603567969,52.00986720625161
62,67.00873737499846,51.97597890256357
62,67.01568857635544,52.003154918827896
62,66.98627243138073,52.04261633645773
62,66.95875163349397,52.00202038326228
62,67.00368558191249,52.014504256568195
62,67.01692068648207,52.0173866217091
62,66.95466603188031,52.01501994887947
62,67.03797588585044,52.030559624705425
62,67.00959607091504,52.00122495993557
62,66.96944988305158,52.00093355765415
62,66.99909349010628,52.00806326734837
62,66.98968475972647,52.033759263730836
62,66.99900812622694,52.02999838249855
62,67.00597589258157,51.99911739761311
62,67.01623896369587,51.994887323821146
62,67.04025498601943,52.024213635472194
62,67.00204168402594,51.98772375363381
62,66.9976085904143,52.00436174840246
62,66.95335240515473,52.00187085845466
62,66.9986118036838,51.987520363090574
62,66.97109758968466,52.00376257142265
62,67.03176389831255,52.03391312678261
62,66.9885429974062,51.99238370023495
62,66.99681489839625,52.02633106229339
62,67.00122542174644,51.99657116384136
62,67.01243321957551,52.0103704647063
62,66.99409231898147,52.00171823462953
62,66.97074873847926,52.01490663714132
62,66.97416970203648,52.02370330997566
62,66.95752928940962,52.005933402526274
62,67.00402508267602,51.97779127487136
62,66.98766437185947,52.03174249600139
62,66.96565518240399,51.989927817100885
62,67.017443433179,52.02461849233725
62,66.96587598721761,51.99952467546672
62,66.96850732158444,52.002323455915146
62,66.98701607901046,51.97201321439346
62,67.00803138851126,51.952864661322764
62,66.99609142767555,52.029642496082175
62,66.9651078933817,52.02060087517775
62,66.97524124525063,52.03799124958835
62,67.00468038839769,51.99163149529688
62,67.00890015866277,52.030606219363214
62,66.97501369756311,52.0250722361178
62,66.98929977074077,52.02049084707274
62,66.99655080839736,51.987708099067234
62,66.99396611508507,52.024044365165956
62,67.03507318752258,52.00174927180928
62,66.99204876702674,51.988434095797636
62,67.0401293153225,51.99096072765937
62,66.95567250566063,51.98818970925429
62,66.96010312622262,51.99662030780271
62,66.9856952352506,51.981559393735665
62,66.98472545247067,52.04306713818503
62,67.00833964435965,52.0278687062407
62,66.993137569619,51.957991365996634
62,67.02223358715243,51.99324299927769
62,67.04222377057329,52.011086891194914
62,66.98701039877677,52.00508609728283
62,67.02102976368263,51.98562767875472
62,66.99568995252028,52.00736233485442
62,67.02335318294807,52.04109245873172
62,66.9971780583123,52.024401295189584
62,67.03077235318537,52.009632213749455
62,66.964321817893,52.01884196576021
62,66.97835977692499,52.0228646329466
62,67.02810732279849,52.02196832343902
62,67.01609489567919,52.01490496700909
62,67.0281901687071,51.97903685346568
62,67.01670769650026,51.96420479320263
62,66.99404588229466,52.00038589958691
62,66.97811062630026,52.01577746904718
62,66.98381306591642,51.97316705744524
62,67.03893443003649,52.0306353985872
62,67.00145081153607,51.99053354356233
62,67.01123799863277,52.026796910587244
62,66.95678514982959,52.00254378275721
62,67.02615741472673,52.034308858415294
62,67.0030208673945,51.97586389869106
62,66.99574191235021,52.03620087200059
62,66.97853747089485,51.99419087667975
62,66.99348010466484,52.00560695884715
62,67.04156570595124,52.019524933949675
62,67.04112057177008,51.99455258191506
62,67.01253874827225,52.03731202148971
62,67.03302391382422,52.02574263320834
63,66.96519385990946,51.99079163187934
63,66.96667898266371,51.99998589410972
63,67.00347058501846,52.03316239946235
63,67.00653914308383,52.00538210571638
63,66.99956035010305,52.02961185172078
63,66.9751095925597,51.96638627126112
63,66.99965517473048,52.032503621884786
63,67.00856690596514,52.009752212750904
63,67.04740622508474,51.99740622696432
63,66.9930507660825,52.0392576994583
63,67.04110261553544,51.9813880065712
63,67.01552485629273,52.03638538324153
63,67.01765412600909,52.00750774698311
63,67.0195410655138,51.991963764668434
63,66.976873746136,51.99822482651542
63,67.03217621619078,52.005860272015006
63,66.97209456616753,51.972234184801266
63,66.99120013304601,52.02188687551331
63,67.00318066506286,51.95693154799894
63,66.97109892340134,51.96364000144826
63,67.00841164352602,51.97221249442238
63,67.02960816842739,51.96408523111212
63,66.97899136199692,51.992390780319354
63,66.97978776966451,52.024159752575635
63,67.02081234991755,51.998804417293755
63,66.95579846758137,52.003057134342114
63,67.00889251877783,52.04012414625163
63,66.97258925705721,52.02037587879425
63,67.03987945761234,51.988539990175184
63,66.95535817576989,52.01843517512654
63,66.99631756574037,51.98846496415887
63,66.98885004084713,52.000641565028424
63,67.01033412000506,52.000948755942595
63,66.98739268259804,51.989257402520906
63,67.04242800125174,52.016103844675015
63,67.02881027203986,51.97716311297013
63,67.01868955855024,51.979674738554024
63,67.04923909487665,51.99865427699667
63,66.96230221431,51.97036206139784
63,67.0348146297882,51.9651385535691
63,66.98714603887173,51.983875817814656
63,66.99874582403964,52.01903748223767
63,67.04554346282563,51.98415153367323
63,66.99182997051683,51.954387209509
63,66.95877398598823,52.02205742883245
63,66.95906721571356,51.98680288963026
63,66.99660060841828,52.03237399970703
63,67.00277859321861,51.97733312952245
63,66.99802158174828,52.0279370665707
63,66.99704844735047,52.03513906851915
63,66.99069264130667,52.016005795746096
63,67.00395522291424,52.03139664019426
63,66.99462454225673,51.99357448549773
63,67.02264275101993,52.02045239860601
63,67.0029815817919,51.9520495034734
63,67.0022709908356,51.95242286728235
63,66.95715945633259,52.01356423164298
63,67.00871844725309,52.02358044560973
63,67.00162524372095,52.01149198714294
63,67.0294345002442,52.03737252207667
63,67.00409268356968,51.966833596245074
63,67.03218928909129,51.98475886559886
63,67.01851819735936,51.962104824193524
63,67.04372778942754,51.98090801069676
63,66.96893986593925,52.001309469183134
63,66.95151722434893,52.00470536250552
63,66.99640565471331,51.980620440944875
63,66.99014015850294,52.01509180804178
63,66.98552760515892,52.01302755643221
63,67.02209982979288,51.983862205252215
63,66.97470093013897,52.00102850071076
63,67.02014252181503,52.04108049948906
63,66.9723372025274,52.000959798698965
63,67.02092317474403,52.01938028941009
63,66.99807956701741,52.00471025059784
63,66.98760024884962,52.0343331613729
63,66.97144831095707,52.020348640490326
63,67.0018781143799,52.007905238251794
63,66.99105094686578,52.02515416287079
63,66.97672444587903,52.03196659259985
63,66.98477969758378,51.95659885819206
63,67.00926094599473,51.98627909191746
63,66.97137086252448,52.03134307959977
63,66.96449828791914,51.97304225963856
63,66.95977964351529,52.00363468073567
63,67.0011972447623,52.02598408720961
63,66.96796458390617,51.96346722335642
63,66.99942199950931,52.020216161607095
63,66.96921383255639,51.96201248485676
63,66.98175894146755,52.019331921413254
63,67.02807952860687,51.98038044823854
63,66.96997248384892,52.02489851541196
63,67.00474741520452,52.03892888194528
63,66.97828006152145,51.99697149952322
63,66.98865952743792,51.97301926854452
63,66.98360173684051,52.01403020502725
63,66.95697262301339,52.02350313623973
63,66.99114190245156,52.019020079670085
63,66.99189367332448,51.99786259544278
63,66.99705289199964,52.041231522371426
63,67.00526680594923,51.967861394142815
63,67.01822756898545,51.993427930748005
63,66.97446335614724,51.98593343194991
63,66.9920944459893,52.04672842587586
63,66.98981809713035,51.99287089290222
63,66.9519850692877,51.992974546872794
63,66.99334624868943,52.020759192645926
63,66.97623583579681,51.98021574040408
63,67.02988185215345,52.0116166750806
63,66.96352885030375,52.0306770729585
63,67.01310547865845,51.99493396249332
63,66.9871924000552,51.964987458537166
63,66.95888547378247,51.974140715496375
63,67.00804277516447,51.9885637960087
63,66.96942727138811,51.99186147203925
63,67.0152542576304,51.987827231493554
63,66.9795002253002,51.960809689297
63,67.02738131125734,51.972289853763655
63,66.98834463497182,51.968947423554795
63,67.01095351252474,52.03564986862529
63,66.99805765513878,51.99177272548598
63,66.96623025003146,51.98532807344771
64,67.02767552181508,51.98076947246443
64,67.00423394919196,51.9972738885449
64,67.02878426716653,51.96481036507154
64,66.97797017761916,51.97841327763389
64,66.9887164948707,52.04174095822587
64,67.01406746256868,52.01356225878853
64,67.00768393763387,52.01865989871594
64,67.03099504649838,52.02431587290468
64,67.03354319105362,51.97712283824559
64,66.97259929820021,51.980497980424765
64,67.02233189588263,52.04100688074015
64,67.01282349237727,52.01816320648518
64,67.04662501104296,52.00582114791588
64,66.97243891375676,52.02481242631676
64,67.00305411206145,51.98022666512117
64,66.96890372535184,51.98427901178705
64,66.98660933045936,51.962563327556985
64,66.97421562272456,52.01589748997959
64,67.04143767061646,52.00593867064618
64,67.00452057789968,51.97773139768162
64,67.02687639294365,51.96858315061434
64,67.00116967193928,51.99879428424846
64,66.97861189222934,52.028171201064005
64,66.99180261269773,52.03487882490808
64,66.98741321674349,51.98773193138786
64,67.01971589222921,51.978034161173184
64,67.02799149029289,52.018001047256305
64,66.99783450110147,52.03186731494964
64,67.00358558348927,51.98254781853512
64,66.99742436662382,52.01568634793244
64,67.02207940209415,52.01663845630801
64,67.01168233955069,51.9899754251128
64,66.95846846597209,51.98845817664627
64,67.02344544127476,52.02140559502928
64,66.98209578950132,52.00601414691703
64,66.96552838264927,51.9821881552792
64,66.97056785609443,52.01858231421855
64,67.01360874865094,52.00103314292136
64,67.00354277856788,51.99056093512521
64,67.00867545916927,52.00732331251933
64,66.96630918850737,51.96956279127161
64,67.00522146558673,51.98913788511618
64,66.97390493153358,52.02468938265313
64,67.00802908665341,52.038404590671234
64,66.97367832283189,51.98470190026722
64,66.99616888052816,52.045696770835825
64,67.01467420054287,52.00817329084131
64,67.02886795798915,52.03984763735628
64,66.99471173568078,52.021823232015954
64,67.01846339837898,51.990799771632865
64,66.97887477704124,51.98310026797002
64,66.97322433859887,51.97876256957235
64,67.00480655022298,52.02770685710806
64,67.01237227717881,52.03128929112807
64,66.98389797278803,51.97334284778146
64,66.97556972903055,51.957754269574714
64,66.99523202977771,51.966821629228626
64,67.000120859354,51.9989760706552
64,67.02029472853036,51.964942989529646
64,67.0356078313196,52.01032285357233
64,66.99476567108877,52.01065234077724
64,67.03656788859186,52.00202978866144
64,66.98486820580969,51.9948483355019
64,67.01504676457516,51.98960154541295
64,67.025693356396,52.02406775008184
64,66.993239901426,51.953386894724936
64,66.98088769982587,52.00321766822222
64,67.04712411679758,51.99372030709918
64,67.03286049098283,51.98732070411097
64,66.99784381154193,51.95498787786599
64,66.9566502533362,51.987516204102306
64,66.99007616172189,52.03642094196197
64,66.99982206691048,51.981251468857295
64,66.96000411423834,51.99835840466505
64,67.03959105640698,52.01534595082867
64,67.02431873993102,52.02149612863159
64,67.02372990760162,51.98182548122528
64,67.00476802662193,51.9748142929267
64,67.04147597021135,51.9845969569368
64,66.99100065698681,51.964462009272296
64,67.03702685378776,52.024485771994726
64,66.9820479950127,51.972143552372096
64,66.962792353778,52.00564054199746
64,67.00050288282593,52.02356230034982
64,67.01371769495192,51.973528071581455
64,67.02314188732521,51.98897917020616
64,66.9606097518093,51.97870134199103
64,66.98932208311898,52.01729219875174
64,66.96798055431394,52.032041533168716
64,67.02478582399995,51.99367871798429
64,66.98295129621725,52.01490410918697
64,66.98968906777866,51.99375365830456
65,66.98808931880711,52.0120046319731
65,66.98790280025928,51.96884472784207
65,66.99854109751612,51.99367669269217
65,66.9798005011107,52.04389499620344
65,67.03543416827836,51.99913691553174
65,67.03437717748724,52.02458121203751
65,66.97996771634759,52.014507589580305
65,66.99719878880383,51.978836931666194
65,67.02364006474801,52.006898157057094
65,66.98314627169155,51.95487417867198
65,67.02643462691672,52.005907150051094
65,67.00162213355725,52.04141962347079
65,66.996027916889,51.96373275101753
65,67.02300649409237,52.02521220078608
65,67.0171000105592,52.021153432399785
65,67.01829040564618,52.003970742251745
65,67.00775356583918,52.041464270284685
65,66.99631901290094,51.97850156326116
65,66.97605708805492,52.0387490725742
65,67.01048370536289,51.960533918768064
65,67.03766579433537,52.017563113484506
65,67.03500821282938,51.96838099713845
65,66.96114483292367,52.01933156731593
65,66.98346736071771,52.00710081731458
65,66.98322414856264,52.02581943434373
65,67.00281988740697,51.955981018281804
65,67.04282913374537,51.98290326235246
65,67.00581145856492,52.02070809999607
65,67.01195997044945,52.00046834225897
65,66.99720033495602,52.036133734726874
65,67.01452828755009,52.01678164291236
65,66.97337766797281,51.97239297525673
65,67.02613265343999,52.00656829386711
65,66.99900898924753,52.04091635834412
65,66.98130878587641,52.00058559766301
65,67.00847583387932,51.956805047755275
65,66.97600368798062,52.02527193593191
65,66.99612804124223,52.01262282146482
65,67.03997191305959,51.98013236558174
65,67.0115903088875,52.01678953159112
65,67.01160684997967,51.98020040588291
65,67.00363027621279,51.99973038837855
65,67.0041553812035,51.999427503331894
65,66.98276425077655,52.011985177247986
65,66.99592361280243,51.993304190093326
65,66.97602177872186,51.96357381428279
65,67.01638338335599,51.999982712112484
65,67.03568593607186,51.9801970313456
65,66.96269151933693,52.005032112813694
65,66.96856624342146,51.98170650549197
65,67.0016332886416,51.97628063437806
65,67.01054328223833,51.964676303953766
65,66.97466704718973,51.99958876877354
65,67.03333226723046,51.985534693212486
65,66.97600269675162,52.023010340163665
65,67.04089441603278,52.001991188635344
65,66.98985230140521,52.012885582975024
65,67.02194536945517,51.98930034820127
65,67.0168467576649,52.00165571499035
65,67.01655151195186,51.98913860198023
65,66.99671929993491,52.023473261391935
65,66.99678793560997,51.98491264320536
65,67.0143252057773,51.97374841685578
65,67.03373911255359,51.9662946498465
65,66.95598668889912,51.99783677468115
65,66.99409263553243,52.010138000095935
65,66.98046324490663,51.96593841697888
65,66.98333501998161,52.03937509461289
65,66.98942657627357,51.98621679685491
65,67.01023459952506,52.02383879503966
65,67.033385208007,51.962846534732776
65,66.99983151913568,51.959586944050095
65,67.04176217140684,52.026966122484986
65,66.9988020951933,52.00776523927173
65,66.99064090644706,52.030057131707366
66,66.96376903303782,52.00786891834939
66,66.99816360787811,51.962520074190934
66,66.98400139239094,52.04009935654135
66,66.99549365842941,51.99116803806635
66,66.99807956701741,52.00471025059784
66,66.99776284507423,52.021552413149756
66,67.03163080764264,51.9885041483961
66,66.95352781424552,51.98310184219777
66,67.00446208149897,52.00800340788477
66,66.98105828605676,52.02304641656611
66,66.95427923134531,52.000063893097575
66,67.00069328958845,52.020350780181246
66,66.95421035996117,52.01792560461851
66,66.97764006889844,51.95667302513601
66,66.99034405095931,51.97166298729787
66,67.00925833933758,51.97870097684286
66,66.98820406162221,51.99088291272311
66,66.95207002503297,51.995691014253076
66,67.04493369069715,52.0152696751048
66,67.01362480238909,51.96884183067834
66,66.97577926885151,51.98800872087766
66,66.97547250254753,52.027403257037136
66,67.0285653059289,52.02917902658623
66,66.98089061587648,52.038592434792605
66,66.97958776966627,52.01506762346268
66,67.0185062490251,51.98501920004099
66,67.02687507987203,52.017716596790436
66,67.04656260095493,51.99108385357229
66,66.95581194734758,51.98067319594643
66,66.97018633613288,52.00657095693916
66,66.97509087491474,52.005223154248775
66,67.00555150246984,52.02870741148526
66,66.98501379003339,52.02563927637472
66,67.00601777902753,51.97263504300452
66,67.03990633887302,51.97185283192013
66,66.96916201275089,52.026777708391315
66,67.01656639452922,52.02480860546158
66,67.02573658346249,52.02960191192276
66,66.96446497833745,51.98435815799572
66,66.99004249143009,52.01512834425414
66,67.02081841363545,51.98891313934358
66,67.01302118403433,51.997334749663615
66,67.02795950310241,52.00626565376874
66,66.9939901128438,51.985804642015935
66,66.97375315284864,51.9950567807717
66,66.97061024661316,51.981155837976836
66,66.96645746186444,51.977763064849505
66,67.02109165101395,52.04149467368256
66,67.01992823753699,52.02511604204331
66,67.00752937026024,51.95853249331103
66,67.0067397326504,52.03954071654927
66,66.9876348762035,52.04287038524384
66,67.01960614114488,52.00040122896327
66,67.02001199158589,52.00903051167428
66,66.97242289824763,52.02484949111191
66,66.97307852550168,52.01506979391193
66,67.00327294176579,51.98130310430292
66,66.99687680226917,52.02724363075355
67,66.99136808841351,51.98031094099772
67,66.98505255558683,51.97794269730115
67,67.00372742635285,52.024010331933724
67,67.00626845120347,52.0282762610158
67,67.03032471422043,52.02173490737188
67,66.97638228997288,52.01902281008234
67,67.0071538981368,51.96884086951229
67,67.01338093012433,51.98518904575087
67,66.9572245396921,52.02438221742827
67,66.98331246964769,51.96727706043656
67,66.97094325105333,51.99738236130694
67,67.02856823733592,51.99133202672255
67,67.02043035381826,51.99104660253642
67,67.01133347384683,52.001953773042736
67,67.04492714152259,51.98377038254253
67,67.01544234022671,51.98463853815291
67,66.9632970106466,52.02857361053711
67,67.00337103502481,51.999261656762535
67,66.96657535054854,51.98596438868056
67,66.97860688227374,52.027001016855266
67,67.00731737008758,52.041849534676025
67,67.01952288741367,52.020096848642936
67,67.00532095271613,51.958035685269735
67,67.01367189981201,51.98171490916916
67,67.00850151393719,51.95206092415385
67,67.02969449215725,51.96673855569648
67,66.95024403598337,51.99817014263414
67,66.98463910443344,51.96225278774205
67,67.01274646653738,52.02427483310639
67,66.95713473999776,52.02245277047366
67,66.99019303703703,52.005308938317576
67,67.02860970520271,52.01338727384569
67,67.01489273101926,52.00273819940055
67,66.95938021075956,51.995263958723555
67,66.99465273796083,51.988264078731746
67,66.98460619963362,52.03730989909876
67,66.9986363795271,52.00209975297191
67,66.99189260290058,52.00923954750629
67,67.04830991025598,51.99458164504548
67,66.97194980296553,51.99817972814921
67,67.03371383769225,51.99334303276415
67,66.95580990228018,52.018215144587536
67,67.02206192310868,52.04307872011248
67,66.98886705119278,52.0186785613397
67,67.01925907259542,52.013247715479125
67,66.97665368694832,52.04198276066286
67,67.02914675911529,52.00129655707806
67,67.01659576564417,52.03162102950207
67,66.97593221739642,52.0392242044335
67,66.99283692231317,51.9718502504145
67,66.99782692989521,52.02118091712177
67,67.03975069143075,52.0086553716699
67,67.03290688620993,52.03177353470766
67,66.95645316377171,52.00009152796867
67,66.97071853961101,51.97602317927347
67,66.99056237516632,51.96798457578113
67,67.01887200802966,52.00359261515878
67,66.99198330710394,52.00573514820674
67,66.9600129341583,52.01034682496599
67,67.01435847222594,51.996407330403486
67,67.01458736759233,52.015677609844964
67,66.96681066049548,51.98955788504929
67,67.0344883301575,51.99943187656432
67,67.01904590924613,51.99264756408456
67,67.04566482154928,52.01159016906086
67,66.99106302857604,51.9951900940252
67,67.01103546249357,52.014606626243015
67,67.02304570608356,52.027351679396695
67,67.00881196969983,51.983216662778844
67,67.02159239921389,51.978595299030864
67,67.02188341067402,51.9559989135836
67,66.99286880582092,51.996162604623755
67,67.02712985191971,51.97138607855481
67,66.99543374246903,51.9791457176381
67,67.0369705310888,51.981129229295306
67,66.98581565173191,51.987161331411336
67,66.96445735752604,52.00398111657519
67,66.99169071679185,52.023108284844305
67,66.98060216797926,52.032797932539225
67,66.99869785388078,52.00880612348026
67,67.02101002013639,52.005593725615135
67,66.96841923518474,51.99189159301566
67,66.96157414422659,52.01053462683972
67,66.99835916210792,51.992737509449455
67,66.95531232847271,51.99565734646313
67,66.98300334524308,51.987068822423204
67,67.0341584599446,51.964058453171695
67,66.96413345035909,51.98733155795922
67,67.03410387140649,52.011761532205405
67,66.95611486575369,52.008025644680465
67,67.01319189188281,51.982779375421416
67,66.99094467015763,52.015590681447726
67,66.9514402282548,52.00907632587595
67,67.03610659806698,51.96822063700018
67,67.03976697154627,52.02958073217708
67,66.9572681658665,51.99771076622595
67,66.99064568646611,52.033191115920175
67,66.98963615421502,52.01916077234245
67,66.9723613898755,52.015264131765406
67,67.03028494307502,51.97837675296237
67,66.99700606750478,51.985068914959626
67,67.01905023413578,52.01609223992672
67,67.03266403596096,52.01717353168767
67,67.00430337797023,51.988163620692895
67,66.98767441347039,51.99812018519103
67,67.02713094339751,51.99781487403117
68,66.97148116212982,51.96803296845351
68,66.97206765395833,51.97771750133914
68,67.01340520565356,51.98614174476915
68,67.01282429306804,52.01745268627298
68,67.0017533318254,52.00142432726472
68,66.96679183134829,51.99944453594005
68,66.98943492165864,52.01579209780598
68,67.04378538868015,52.01973651514941
68,66.99433172523443,51.9606540939069
68,67.03194891579837,52.01459020137873
68,66.97899099675892,52.00792363482859
68,66.96568257223906,52.01757925707938
68,66.97476754380244,51.98164061859269
68,66.9851529439284,52.017673297897055
68,66.98659600511304,52.01382473382068
68,66.980247040128,51.99512989578616
68,66.99642423127948,52.00756448848864
68,67.00994580534923,52.035636695282996
68,67.00852653007767,52.000025479432985
68,66.98141642870272,52.03391812003185
68,66.98597999864958,52.02873797039537
68,66.98591010057902,52.03451702260447
68,67.02586626615259,52.03186800836987
68,67.04101243576045,51.97396252785453
68,66.97146134739411,52.01081869283671
68,66.99596909665298,52.03009177117792
68,66.99753296920574,52.00721031750691
68,67.0289434487034,52.013207678493956
68,66.954810720003,51.99422576363899
68,66.95813365486549,52.012606115272966
68,67.0025240651777,51.95916391443811
68,66.97130515932005,51.99273797371378
68,66.97423901103674,51.98620224190548
68,66.95936263969016,52.020349519452836
68,66.95600055544179,52.01043559547558
68,66.99420231701254,52.04362350624991
68,66.98628227425378,52.02136063460913
68,66.95620483387333,51.999536224592
68,67.01952154947993,52.00620818622212
68,67.03942011034754,52.023766025298
68,67.02289920860576,52.007110098278034
68,66.99464428728885,52.038415439072075
68,66.95521453483498,51.98014710545738
68,67.01264642193189,51.96804303836386
68,66.96695351702192,51.99051865899048
68,66.98697768746193,52.014968477149104
68,67.00675945516747,52.032179672391216
68,66.99074365161945,52.04269318178019
68,66.97339774136366,51.960901087366366
68,67.03257788188412,52.017871774641215
68,67.01122166825506,52.032980093284884
68,66.960950210445,52.02214973562125
68,66.99662100542096,51.9607425029931
68,66.95646379994531,52.006301972507764
68,67.00436568245101,52.003995446377516
68,67.0124213079197,51.98233677468313
68,66.96008142558868,51.991439046314
68,67.0274376680428,52.03860243385021
68,66.9923229478699,51.96092122839705
68,67.0038342648817,51.962809943209535
68,67.03362261069049,51.971967733071196
68,67.03488081487947,52.03532840423523
68,67.00043622317509,52.010124311098004
68,67.04445971287122,52.014539380554595
68,66.97678061577889,51.970445154003286
69,67.00700602912731,52.00201120146039
69,67.00223493181176,52.04524348399893
69,66.97960521695194,51.989254403812744
69,67.0123248923292,51.97374248522693
69,66.99211531706952,52.04724401168408
69,67.00555150246984,52.02870741148526
69,66.99566755091386,52.00693294201882
69,67.00246048085603,51.97715300847576
69,67.0356068507591,52.02867208816025
69,66.98088226150476,51.96330732065161
69,67.0008869410007,52.031339921059924
69,66.99556477897274,51.96894118932872
69,66.96275641878603,52.00783927770159
69,66.9761850054357,51.98466462016506
69,67.03333238705657,52.02095735250809
69,66.9815222492408,51.9565473836928
69,66.99311228265263,51.95559448995049
69,67.0291867062701,51.96631631485032
69,67.00871844725309,52.02358044560973
69,67.04505964322772,51.98864666177252
69,67.01206172569623,52.00893549562417
69,67.0464821680043,52.01688199014095
69,67.03577648330347,52.00492458568797
69,67.03630392182923,51.97930211886266
69,67.03234429663407,52.018226227081
69,66.98734305162466,52.00314729603507
69,67.0104506961597,52.0487943636143
69,66.97292392929708,52.00916374614725
69,66.97017773204922,52.02265853822594
69,66.98428556870691,51.98084210618076
69,67.02322516590445,51.975012335238524
69,66.98703755494046,51.958549549627485
69,67.04475575978606,51.97885115759903
69,66.99010201327263,51.95928253815569
69,67.01677184418745,52.0065791406836
69,66.97368218098767,51.96573605825688
69,67.01438816380139,52.010072619750225
69,66.98895292921682,52.04274357192553
69,66.97014842970653,52.007393310384614
69,67.00314894087842,52.03365331113276
69,67.01124826081302,51.982028985689
69,66.98360173684051,52.01403020502725
69,66.9745335610579,51.97887123083207
69,66.99172569042459,51.96978772168764
69,66.98678072701153,51.99406242292559
69,67.00052347598572,51.957427793759855
69,67.0103490304013,52.00791097370797
69,67.00022589043844,52.02095626857416
69,67.00274963400851,52.02355779882136
70,66.98860439805296,52.01083664010483
70,67.03241796735172,52.010693479604754
70,67.00710168500748,51.987053453275294
70,67.04438853199716,51.979583044306835
70,67.02055963518917,52.01914558085825
70,67.03277367475664,52.0087164935885
70,66.96380623215141,51.96950566892945
70,66.97040882243266,52.028689463726316
70,66.98052798661118,52.02803792455519
70,66.9867299118328,52.03240871949581
70,66.99016408225187,52.015551542900454
70,66.98265481270454,51.985295388444754
70,67.03573362235434,51.981981758974
70,66.95548021793,52.011922623332715
70,66.9991683871882,51.99817774647104
70,66.97869486520199,51.96994386815831
70,67.03248873754784,52.02970539209789
70,66.99684426929483,51.98380744471576
70,67.04709244188307,52.01064274640238
70,66.99089165145035,51.98055167975623
70,67.02086376860633,51.99335456111801
70,66.99340769938127,51.96293609701228
70,67.01754457258181,51.96056788405886
70,66.98520280623742,52.02318700339908
70,66.98695169276006,51.99036984694307
70,67.02554811121024,51.96411535604993
70,66.99344217778139,52.042356387488226
70,66.98679239050573,52.02068756854629
70,67.00120298616406,52.045473277908826
70,66.96734361206175,51.99437550784284
70,66.96897264067654,51.98134389504237
70,67.03162100359714,52.03820760759947
70,67.01684942948697,51.96465300744198
70,66.99619787824636,51.99633717753697
70,66.980559220588,52.0038872187865
70,67.0330402449523,52.02637679681837
70,67.03160285441558,52.00842466508831
70,66.96704320341077,52.03031517822904
70,66.9671954231134,51.99747375393534
70,67.02100583440722,51.98876510173381
70,66.99631756574037,51.98846496415887
70,67.02095610786343,51.96438842718612
70,66.98826866097401,51.97791424380166
70,67.02604439084111,51.9651477226011
70,67.0069565766093,51.96117902273106
70,66.96770247562624,51.9650093756373
70,67.01723001271019,52.01825523286254
70,66.96581335981949,51.970357686981984
70,66.98022650502966,52.01584861581135
70,67.0041514760039,51.98739221180359
70,66.97945511785686,51.9638959763261
70,67.01906067067638,51.96748794885159
70,67.02223358715243,51.99324299927769
70,67.00867882802638,51.99485063495198
70,66.97153007367086,51.96243694979114
70,67.03763175696099,51.97201507474647
70,67.00447502638937,51.96711074925012
70,67.00840918625315,51.99675708947106
70,67.00878275294096,52.00172159080546
70,67.00231794964989,51.952824560490185
70,66.95507054512147,51.997506492301085
70,67.02003336252257,51.99465540968791
70,66.99641818146691,51.98320713300023
70,66.9721699390098,52.017340194676976
70,66.95119241811797,51.99926909577526
70,66.96912345920336,52.03506492360052
70,66.99691728821371,51.96845438740002
70,66.97685231493026,52.01855360832597
70,67.00162132002453,52.04754196193845
70,67.02320217857564,52.04164075519905
70,66.997451853669,52.00726537186349
70,67.01808412333298,51.99540304060809
70,66.96895339398316,52.034011890338206
70,66.98781216938795,51.96397932963641
70,66.99047591741076,51.990308315612566
70,67.00462969140746,51.99317890501061
70,67.04302390495896,51.981615037446055
70,66.9780504398816,52.011809878601404
70,67.03440838322524,51.96643047192447
70,67.04221913287921,51.99215459377535
70,67.02494962623958,51.958859727914636
70,67.0318713346713,52.02369275044741
70,66.97868997159223,52.00921511727845
70,67.03493806296014,51.98621578307388
70,67.03163084991755,52.01480242994562
70,66.96666381644773,51.993783576216536
70,67.00477798535151,51.98241846474701
70,67.04482675653884,51.99340420556944
70,67.00590126336681,52.00595022843932
70,67.00533646417497,52.03343352855585
70,67.02055708461452,51.95495618643272
70,66.98373954815047,52.04276561975172
70,67.00825316683266,51.97316885714036
70,66.99859563458351,51.957437227787786
71,66.95518026608522,51.996858918125405
71,67.0236384532934,52.04089441982911
71,67.01673068734823,52.02134955467772
71,67.03341454228408,51.98007786338547
71,67.04192223596608,51.985654022916115
71,66.95409453286902,52.000522722480014
71,66.99195579853004,52.01518044278411
71,66.98385931894796,51.965166780143676
71,66.98531249017717,51.98126206234418
71,67.01405076292147,52.01022480013792
71,66.99212666315901,52.032016189209514
71,67.01730658179575,52.028421380869126
71,67.0127926970873,52.01750666520805
71,67.01134660843357,51.985144918977454
71,67.01227540609207,52.03617812280317
71,66.97410527264897,52.02975178977745
71,67.02681907818443,51.96333801232843
71,67.02582459116951,52.03147517356104
71,67.04715068320651,51.9903775920928
71,67.0157398875822,52.00402236807137
71,67.00058424140501,52.02043498898341
71,66.95755895011105,52.025301591234715
71,66.98885004084713,52.000641565028424
71,66.9856565681344,51.97419936429647
71,67.02605666694714,51.96044860391066
71,67.0114696579251,51.96697914021018
71,67.03261986718461,52.016472713815254
71,66.99973593101066,51.95613645950929
71,66.97573519174249,51.97083636341607
71,66.98012917931399,51.96011832136711
71,66.9731184528524,51.99995827961582
71,66.97761786483697,52.00539153817922
71,67.04299326808372,51.9901598556205
71,66.9801579209723,52.03651358012512
71,67.02944901475372,51.99204386717334
71,67.0127926970873,52.01750666520805
71,66.97033760135365,51.991209455497255
71,66.97342749518126,52.03625791223826
71,66.99208124908047,51.961118767239064
71,66.9799902823292,51.96987187157659
71,66.98662787917405,52.035671177727075
71,66.97508485255034,52.03512432038397
71,66.99331151546674,51.952335185410206
71,67.02700915132456,51.99434208350188
71,66.98838384530502,51.96813516957192
71,66.99074697128185,52.03609776872279
71,67.01067095360123,51.96903895267829
71,66.98225730090454,52.010159278551335
71,66.99716625773867,51.97575028913405
71,67.00466158691711,51.97688911742686
71,67.02369727480338,51.98028793576311
71,67.0102054196208,52.035735382981855
71,67.00358279352282,52.04328760920379
71,67.0234058920497,51.999271361895616
71,67.0207681089607,52.01944693416085
71,67.00967612170601,52.02781239883064
71,67.01096615515306,51.984846786813556
71,67.00819021424219,52.02917871973377
71,66.96321511277559,52.025013476792026
71,66.9904291030698,51.987682014695494
71,66.99465726045665,52.039369914394975
71,67.02376065059723,52.00352651254764
71,67.00686672104032,51.956583217278876
71,67.00007284001468,52.00468852771084
71,67.03435360950735,52.01873419337268
71,67.03324534639845,51.96656779113143
71,67.04481352454232,51.992012728915
71,67.02502958377796,51.99287422219011
71,66.96400352539065,52.033809034365746
71,67.02967862402775,52.0253489625938
71,67.01352510453324,52.021483251172455
71,66.96761014951947,51.99021220586206
71,67.02463173771358,52.00671576803931
71,66.99702624588518,52.01263470861971
71,67.01987474307994,51.97280100197715
71,67.00003002704531,52.0095641236197
71,67.03688760632734,52.03176562687142
71,66.97959067097399,51.97474842780356
71,66.97854639118997,52.02365272299994
71,67.00368558191249,52.014504256568195
71,67.03422052708784,51.99137862132015
71,66.97035457704621,52.02892225043758
71,66.96453307974348,52.01894278475086
71,67.01656833225135,51.9586141698419
71,66.99525869031521,51.96543975511495
71,66.96424205436996,51.97587932218231
71,66.9631386288517,52.02116548042934
71,66.98491948658248,52.04621025966345
71,66.95435687122428,52.0182724321404
71,66.9634491175932,51.9707231289453
71,67.02986445278907,52.01160391983027
71,66.96561775773228,52.00912362879785
71,67.04187737861864,51.979534425537366
71,67.02492865358262,51.996633521667796
71,66.99339943020814,51.96538836682458
71,67.03556548183023,51.994167227798904
71,66.9856565681344,51.97419936429647
71,67.0159279325526,51.9645612978751
71,66.96165085538861,51.997968358319774
71,66.95135805577924,51.995412018341895
71,67.01473632324983,52.0382463328317
71,67.01310441118605,51.9979001478793
72,67.04128968139796,51.972419911634596
72,66.97108220937449,52.018250976467996
72,66.98489139334376,52.00159241794898
72,66.9975731913161,52.015796144057276
72,66.97437907883373,52.026862777580035
72,67.02341817798082,52.013505932016066
72,67.01433964120278,51.982741635456925
72,67.0139963111727,51.98500073329525
72,66.99943556044319,52.04505727516411
72,66.9884201390759,51.96226230638127
72,66.98269770780914,52.000705246763864
72,66.99260600104697,51.97871153442591
72,67.04222786220484,52.01345609475273
72,66.9601557196352,52.00830830008025
72,67.0071837952544,51.95327957425183
72,67.00120424491584,52.02486909374736
72,67.03204262379118,52.031551771638554
72,66.98089405596761,51.99644329611593
72,67.02468162625,52.036389870007916
72,67.03321080992147,51.99301466125299
72,66.98702426832169,51.98523791747551
72,67.03884552590544,51.98804907973603
72,66.97215411085512,52.011533862323496
72,67.01046720531888,52.00307884466002
72,66.99983276856629,51.98439041960731
72,66.97065546045522,51.97642116575465
72,66.97143347046959,51.97070952887577
72,66.97092817065207,52.01772735142479
72,67.0017962084851,51.95064914012924
72,67.04147834940584,52.01160974772807
72,67.00218226275932,51.98542436062873
72,67.0219385017872,51.980475244574826
72,66.96399810780372,52.00123890758795
72,67.0425831399311,51.985095763485106
72,66.98312335132378,51.99150659844728
72,66.99472655353664,51.96959613521907
72,66.97665135225554,52.02331648929399
72,67.00815970885765,52.04375765118957
72,67.00272518256364,51.984950131115035
72,66.98887357000542,51.99121979814849
72,67.00378157863604,52.01917436105441
72,66.99012239603438,51.97855024211209
72,67.00199694799278,52.01595692052323
72,66.99031995418585,52.01780809661238
72,66.99174168369582,52.01104833618978
72,66.99115180521402,51.96980826465403
72,66.98514657860404,52.01266094089751
72,67.03207671604407,52.018869712699264
72,67.0157363930269,51.97243361596316
72,66.96535027667205,52.01326429092543
72,66.97802868827627,51.98854069063922
72,66.95637123891677,51.991286522889226
72,66.97769968100215,52.01740623173235
72,66.98835321043187,52.0117134737409
72,67.03636824459107,52.003336889836234
72,66.97552586219246,52.034931987899576
72,67.03532180683602,51.96838875118213
72,67.01890930876216,52.003549878808414
72,66.99813555000672,51.99309148967068
72,67.0227362348489,51.960216017771685
72,67.04390763275934,51.98251750570699
72,66.96148343125404,51.99178619559225
72,67.03279741887647,51.98951838062396
72,67.00316994635914,51.9919266926854
72,67.04525143262039,52.00771168548509
72,67.04164713025065,51.97933411905861
72,67.02043270726911,51.984175815731675
72,66.97719812386505,52.00171141100158
72,67.01616077675503,52.01354719328673
72,66.98138971285276,51.977093360811374
72,67.00679386630058,52.04163879065141
72,67.00940087323562,52.00354487594218
72,67.01937095220185,52.03622569915544
72,66.99428669329919,51.991539788911446
72,66.98171074835193,52.022692699171856
72,66.96308860612491,51.98895004119516
72,67.01833213789645,51.986792340493004
72,67.0248155276261,51.980396219305185
72,66.96987809038956,51.98196885339068
72,67.02126659245255,52.01440426793947
72,66.99574131952195,51.98817262938945
72,67.00930383678,51.99985379279204
72,67.00033421365171,52.030374159456414
72,66.98768926357643,52.014789817880136
72,67.03390544537469,52.02450825629611
72,66.96250495959576,52.0260060457098
72,67.03844658528051,52.00103347087947
72,67.03129129798405,51.98698592548445
72,66.95977602107962,51.97699323548681
72,66.99957849912715,51.984486433807355
72,67.00046839965499,52.03012401051245
72,67.02026792292799,51.97599656661927
72,66.96882461902169,52.03540597401429
72,67.01644297419493,52.03887387971629
72,66.9939277970041,52.00714730509348
72,66.95934487393879,51.9747950634255
72,66.9627415815143,51.983207425721126
72,66.99056237516632,51.96798457578113
72,67.00291699760719,52.04460923208324
72,66.97028694287302,52.017199742568586
72,66.96875409586045,51.97646017932823
72,67.01928359922742,51.99721693834886
72,66.98387966002585,51.984890645008086
72,67.02970661778333,51.981524700982426
72,67.00664615709347,51.9596280677836
72,66.98132073538218,52.03374766593622
72,67.02280475148916,51.976796345012616
72,66.99932312992132,51.967903001992916
72,67.01426144330054,51.996270657138595
73,67.01672441013208,51.95498948020302
73,66.99518086074603,52.013194031308714
73,67.01302118403433,51.997334749663615
73,67.01248340734489,51.995121988355834
73,66.98811441796988,51.99809932344831
73,67.01090038815624,52.02200365359502
73,66.98178622648406,51.98078153982747
73,66.99166402764588,52.04865139849939
73,66.98865248625366,51.998398365345004
73,67.02728845923971,51.97004098669578
73,67.02013323501644,52.02833474571907
73,67.03945088444081,52.012391647622294
73,67.0160079734819,52.01330283212559
73,67.03822772823659,52.03162816013761
73,67.03146217499926,51.99569696332754
73,66.9703982260635,51.9655305507611
73,67.01343566467766,51.98930442919212
73,66.98291323432093,52.00826039837331
73,66.97997362012757,51.96533281250572
73,66.98619997804894,51.97422976955791
73,66.96327994510231,52.02493480341379
73,66.98496641914144,51.9616411690909
73,66.95298574917756,52.00025885483367
73,67.00233450314585,52.02959820014604
73,67.04944057685564,51.994257311142746
73,66.97476637391924,51.96675355492575
73,67.00229161284273,52.026437341303065
73,66.99417294997696,52.02003494357193
73,67.00549484752437,51.95086239084281
73,67.02734021704633,51.9689997648237
73,66.99610497589426,51.95581147928776
73,67.00262449084724,52.01603941754668
73,67.00670546143334,52.00544155331303
73,67.0312292061533,52.03618760279799
73,67.00471020899008,52.029312020496185
73,66.95499686543036,52.017940876588234
73,67.03712517950157,52.02767710616316
74,66.9708649662979,52.03578671841223
74,66.98402247803395,52.04255673687952
74,67.04411752032439,52.01484824713858
74,66.96308860612491,51.98895004119516
74,66.98337707573174,51.97924686926203
74,66.953899528884,52.00994713615461
74,67.02268692329177,51.98823037831764
74,66.98018850410969,52.0089784674604
74,66.97082958391339,52.00182640261243
74,67.02685685780857,52.011790487781326
74,66.99759328855136,51.982612091723766
74,67.00250842501016,51.9802859981149
74,66.9520876413732,51.99049941579773
74,67.00212833653605,51.9695392639214
74,67.00085443790798,52.019568596266716
74,66.9893965026444,52.027489489905946
74,67.01132648099056,51.98570635176166
74,67.0133998589462,51.98043953983433
74,66.99519616799563,51.989301289940315
74,66.96735004972206,52.01945321125211
74,66.97233342187513,52.03392220496126
74,66.97610339474147,51.98896272399601
74,67.00926094599473,51.98627909191746
74,66.9840475797222,52.016732511067204
74,66.95888453090109,52.02579048528093
74,67.02321315611003,51.98620171693858
74,67.03382499769289,51.96889107390189
74,67.02554179619989,51.95730781384985
74,66.96079021772941,51.99244315257036
74,66.9707667934335,52.0043303378347
74,67.0079767844179,51.97638305097442
74,66.99131015956144,52.00648120736093
74,66.98934620927453,52.02204799017501
74,67.02745868140256,52.01509869555207
74,67.03540730330432,51.967819832549274
74,67.02836211506396,52.04104569496262
74,67.00660483746383,51.98315811066576
74,66.99093342917254,52.013381482865306
74,66.96022587993004,52.014320518376735
74,66.99375398119315,52.04545203757376
74,66.99917003311052,52.00795498509837
74,67.01985702487372,52.03161669283477
74,66.98852634080556,51.96449033803702
74,66.99630563825419,52.01166438945671
74,66.97664815062632,51.98476178061128
74,66.9930136196164,51.97665436817129
74,67.00941024572262,52.01928346212981
74,67.00868523228726,51.97743907667296
74,66.98173862210723,52.009947100644794
74,67.01186424699648,51.98864480318315
74,67.03751149138189,51.974095516370824
74,66.97284025420736,51.99413731475327
74,67.03873127322183,52.00005348122735
74,67.00201753856166,51.96218262721
74,66.99645367369155,51.99344224567675
75,67.01529522966094,52.00979916878639
75,66.96986365920813,51.9861863339197
75,66.96375073789952,51.99842927269971
75,66.95846296027754,52.010592001675896
75,66.95675310303452,52.01167288498667
75,67.00325851134625,52.03758483634026
75,66.99691229740118,51.960149164139395
75,66.97490004472549,52.02739067719081
75,67.04205169849465,52.02075002171063
75,66.9579373379163,52.018376698146504
75,67.00727778679345,51.97691570104574
75,66.98551324356436,52.016675290999956
75,67.02847809860909,51.96132644491441
75,66.98668722599749,51.95393386753882
75,66.99100065698681,51.964462009272296
75,66.9893509508071,52.01405118398235
75,66.97914628303046,51.991297914563134
75,66.98971185302861,52.0027783342705
75,67.02267804576523,51.96988495641334
75,66.99407875430033,51.98181811699102
75,67.02583859603929,52.00292992559922
75,66.96833307743974,52.03451720180718
75,67.001866157696,51.977768386246915
75,66.97117215010479,52.0004349105809
75,67.0078036291118,51.98758807328534
75,66.98897409700508,52.01245614738199
75,67.0003620924036,51.96432166697818
75,66.98407667427618,52.03748122177027
75,66.99988235204617,51.99496045452954
75,67.01281821165374,51.99647119332041
75,66.97827087927152,52.04123155446674
75,66.9969713932466,52.008365270339375
75,66.99463417689552,51.964480490133
75,67.00934235774402,52.01591630047091
75,67.03500510822202,52.02332803781896
75,67.01084940406041,51.99051842569766
75,66.95217473713225,52.00713801589663
75,67.00535105508074,51.95831825574983
75,67.03677033148155,51.97286397570057
75,66.97241285711468,52.00690833390457
75,66.9863646317365,51.978366421383036
75,67.01914486731708,52.005815877416595
75,67.00745089042582,51.97196222273377
75,67.02950349465193,52.00619172871283
75,67.00818659371858,51.97753152887671
75,66.96334907760017,52.00491521965021
75,67.00238329274774,52.01570074813511
75,67.02142556613835,52.02120416361695
75,67.01825470241403,52.02827614921098
75,67.01239039632917,51.956921263615705
75,66.97198320005064,51.98641032246923
75,67.01039092906518,52.02303286827571
75,66.97884935660633,52.0232307954133
75,67.03221648066597,52.00890259615799
75,66.99215399028924,52.03254679873395
75,66.98603734381634,52.04733233974615
75,67.04799825408651,51.987095824801656
75,66.96967509473065,52.00046246277484
75,66.96839115113092,51.96942356117139
75,67.01140689282195,51.95315681703297
75,66.96538282731451,51.98457067200677
75,67.00396668134853,51.99394071445423
75,66.97541914338086,51.98326516458397
75,66.98373615182845,52.003556711395916
75,66.97271884128621,52.033289759969506
75,67.00195145199935,52.00541740935889
75,67.03425493233019,52.028130329646174
75,66.95449401767668,51.99702866929752
75,67.00157793879787,51.961108413510296
75,66.96979847038398,51.99930539149423
75,67.01135459481847,52.00470850115312
75,67.00297551555029,51.95142125787353
75,67.0100020735915,52.03973625280218
75,67.02306029853506,51.98222738513462
75,66.96324452787741,51.98063309979838
75,67.01081392623358,51.97716133233196
75,66.97954196925926,51.99793743822207
75,66.99889777713636,52.01694652681366
75,67.0139813344873,52.046029906324655
75,66.98715315629555,51.98010852151071
75,67.01423671524357,51.96964517992479
75,67.04241712313916,52.00641469832392
75,66.98986299774546,51.996061224199615
75,66.97705128723901,51.96686469538604
75,67.01508943734518,52.04370235320334
75,67.04138189499484,52.00134317338538
75,67.01992601375115,51.99499670306703
75,67.01671444637148,52.02554375238339
75,67.0227417427301,52.00678135280401
75,66.98407667427618,52.03748122177027
75,66.99844861746868,52.01031220013408
75,67.02708345109733,51.96753339203379
75,66.95013545657855,52.00008440458192
75,67.00855073051072,51.99660000105632
75,67.01421468474389,52.033704642905754
75,67.02722466981076,52.021303838667066
75,66.99472147674695,52.04948200035328
75,67.00290644239772,51.95631102581716
75,67.04087409816599,52.01729765761837
75,67.01097993947583,51.973366157032935
75,67.02113697812301,52.01172862512699
75,67.00806072932973,51.97424251082536
75,67.03655385725556,52.02654997844053
75,66.98183226170903,52.00638176407175
75,67.01967654333954,52.04122843514788
75,66.96664363376398,52.03508003897518
75,67.0375473991977,52.022278951481624
75,66.97585881664143,52.03477877470483
75,67.02130909598432,51.99206719940246
75,67.02211372205545,52.002555600273865
75,66.95793381688934,52.01346486631118
75,66.9683307735432,52.020794742609525
75,67.04616645534018,51.99099403170283
76,66.97585124635316,51.99554983259437
76,66.99742028589198,52.019369628438604
76,67.00325539641152,51.97082777961522
76,66.98128613000164,52.01490550542732
76,67.01545375249859,52.01934695366394
76,66.9557658803186,52.021048506402664
76,66.99496828309594,51.96291825721686
76,67.00874588280998,51.97662285287835
76,66.95584034839082,51.988377416836464
76,67.02091853989883,51.9710459084488
76,67.0161147929898,51.98641691550956
76,67.03297773199483,51.96308154642726
76,67.00018216823574,52.012224258434095
76,67.00932074630775,52.04269625564198
76,66.96932374858085,52.03536177266377
76,66.99934009535689,52.003650854749814
76,66.96246581848155,52.027770740663904
76,66.98787555200909,51.98635640961926
76,67.02123791388883,51.97123752576726
76,66.97903643359649,51.99255423025813
76,67.0106098830517,51.996144707626556
76,66.9954511784589,52.02524432395861
76,66.96941790492264,52.00087719685415
76,67.02331256114987,51.966993751058894
76,66.95857417770875,52.018327426690135
76,67.02289687574172,51.99174106095766
76,67.00790190512261,52.018951923699966
76,67.0443209842318,52.02066777282935
76,66.99704923703052,51.98181571318411
76,67.03123073885386,51.98546561649774
76,67.0422954662703,51.97457010208062
76,67.01201517921375,52.01565544199522
76,66.98168427689926,52.02739679824483
76,67.00299806839682,51.96004573963342
76,66.9939566857761,52.00007011994799
76,67.02326757962359,52.042456456222176
76,66.98758007674466,52.00351916508563
76,66.9642136341952,51.96722454743469
76,66.9840811278599,52.01570265469512
76,67.01888122775274,52.02225518481716
76,66.97649897494648,52.025473982523614
76,67.01880351370882,52.03814172887374
76,66.97433044079989,51.98495547276654
76,66.99744734008372,51.96539543259032
76,66.95920915203193,52.024806614088114
76,66.98074305711411,52.01598297101419
76,67.02425972125187,51.968809079931646
76,66.99306896149191,52.030661658782726
76,67.04171650296145,51.99603820955748
76,67.03128603123606,51.9800129261806
76,66.97673717045163,52.03838656528047
76,66.99802958329366,51.96940452198827
76,66.97386283988347,51.98805295568996
76,67.0068547493462,51.99573612048097
76,66.99631632973113,52.048160226602185
76,67.02662005978658,51.9853365146076
76,66.96334722596511,52.03018454289725
76,66.9956040682976,52.04838345623856
76,67.00828545561211,52.01665946776195
76,66.97238102725296,51.99439616036432
76,67.02398386489241,52.03654996863838
76,66.99496271228601,51.9512537090848
77,67.01592357533725,52.030697376328646
77,66.95948687694374,51.9916163386436
77,66.96596664719893,52.006453303139644
77,66.95970051794822,51.98259722833282
77,67.02525084965104,52.036392348317044
77,66.97766598809659,52.020379555537666
77,67.01366652874724,51.99884959709165
77,67.02297780484494,51.964179530886135
77,67.0462611065766,52.01618235847869
77,66.99926512416467,52.002044189573446
77,67.00711104968468,51.95640515289654
77,66.98666234503979,51.95883688586212
77,67.01716986087114,51.99757424973524
77,66.96248660343468,51.991711341991156
77,67.01569323525125,52.03047515695802
77,67.03778871210534,51.991407146468255
77,67.03177338520051,52.01588060327134
77,67.02626229271921,51.96050793558737
77,66.96071980990969,51.9709013099073
77,67.02097388343216,51.987472868255196
77,66.95933182716571,52.00090573516126
77,66.96376862921151,51.97429511035549
77,66.96115796401705,51.99356268605703
77,66.97345812421749,51.983927087683625
77,67.01560057458678,52.04178403298048
77,66.97405145921452,52.01011360834606
77,67.02298227281811,52.00274051350978
77,66.99897140951843,52.01272087109773
77,67.0458678695577,52.008159286109944
77,67.00632846997425,51.98619168255638
77,67.04526205866703,51.9969683303945
77,67.03875728208192,51.97185490527134
77,67.04499477192003,52.020874209204756
77,66.95588847439325,52.01028132090857
77,67.00074757185247,52.027715578150925
77,67.00046839965499,52.03012401051245
77,67.02590720674557,51.97755595981871
77,66.99065315430093,52.043153061710285
77,67.02326900757042,51.98347421307091
77,66.96273334528144,51.976425976479284
77,67.03124343274393,52.013896165834936
77,66.99034837513418,51.99068388327167
77,67.00251229374543,51.98217566005705
77,67.0054824600777,52.043338390387916
77,66.99789429307184,52.00984398191525
77,66.99886607800137,52.016628315394605
77,66.98036062246082,51.99587077851622
77,66.96781472074886,51.97995899433959
77,67.04522632762573,52.012687384678316
77,66.9786922780942,52.001659875589965
77,67.01564632831771,52.032636083611216
77,66.9948282106767,52.00275601859654
77,67.0331189565269,51.998171191648304
77,66.98971790559972,52.01967379046591
77,66.98389797278803,51.97334284778146
77,67.00281989364218,52.01931336949004
77,67.00512769167831,51.990108472456264
77,66.9815146573295,52.00074071767786
77,67.00639171877629,52.0084181906071
77,67.02417205881348,51.990651082068055
77,67.0350117826714,51.965218431628436
77,66.97447831012882,52.01520336011545
77,67.02904364025288,51.99694097254172
77,67.02236362284373,51.96289573100431
77,67.0057715433222,51.954646438595326
77,67.02798460085175,51.97903640349583
77,67.00019058268204,51.95934975247598
77,67.01816130336108,51.98289629793944
77,67.00551450484531,52.03580949181853
77,67.01181387377355,52.00206278232364
77,66.98770993132466,51.99409789273409
77,67.04931722020807,51.996087656666866
77,67.00111649786818,51.975550884824976
77,67.00733471105838,52.02370785102013
77,66.96027996546684,52.00159916442016
77,66.9712865905314,52.024296302217714
77,66.98095724198575,51.97161795934239
77,67.01490499485175,52.0010442672274
77,67.01479539266452,52.00848147034773
77,66.9869785727829,52.01840722430537
77,67.01985190143253,52.00811675077468
77,67.00876336898506,52.04511500885487
77,67.04493003753014,51.98927133226589
77,67.01278212861689,52.003386842344675
77,67.02422433947847,52.013706130763154
77,66.97187638500353,52.014145634560606
77,67.01230102220913,51.9625859206271
77,66.96348405224464,52.002038068333455
77,66.98214764304143,51.99020886886708
77,67.0308661869874,52.019248975939234
78,67.00560226066196,51.97084898499924
78,66.99539665800546,51.964168686760694
78,67.02303811867208,51.97571231447928
78,66.97946422220221,52.02224066291612
78,66.96227933000135,52.0171013248303
78,67.02610561702127,51.9851495883905
78,66.96337586079846,51.984407171049014
78,67.03560905816369,52.03362930486327
78,67.03495112411986,51.983014496517804
78,67.0238960875769,52.003469231265065
78,67.0285326642144,51.99303867295597
78,66.96866826827687,52.02906327414711
78,67.02289831798355,51.9881872710678
78,66.96857107716208,52.01111511943786
78,67.04510863739739,52.02078179723827
78,66.9864402680149,52.015526461906255
78,66.99791118735317,51.979600414861046
78,66.99855962475114,52.021302864038915
78,66.96424281869372,51.99057084052657
78,66.9883307540749,51.99826053079893
78,66.99903110781413,52.049237718064056
78,67.02423628854879,52.04221737803227
78,66.95224035830685,51.98953743161546
78,67.01209874089054,52.03603228745779
78,66.97687863785623,52.00464439158172
78,67.01033230804867,51.98946187018944
78,66.97382459464397,51.98280102857829
78,67.01633062932815,51.9955351975276
78,66.97908494735316,51.97566104960219
78,66.95569183751425,52.00048191999871
78,67.02576661137597,52.03754962350745
78,66.97586239429295,51.9746565541283
78,66.97448791219057,51.96187555201182
78,67.0024714157395,51.96262199721497
78,66.97776213453236,52.027615683687614
78,67.00557577768632,51.99616654220774
78,67.00162594331753,51.97886378631959
78,66.98852835118684,52.01097251984543
78,67.0124831843182,51.99020285643253
78,66.97033760135365,51.991209455497255
78,66.96551182981871,51.965033531830485
78,66.97993618027013,51.9660359087659
78,66.97925209814115,52.03354340704797
78,66.98991679560837,52.03935047733213
78,66.9557658803186,52.021048506402664
78,66.98300142372493,51.989793608848174
78,67.04576382005921,51.98861655902993
78,66.99752679967852,51.95304021832676
78,67.02867628121535,51.99076791822545
78,66.95591972705579,51.98550381837086
78,67.02746496779406,51.959110734241804
78,67.01883574272546,52.02452623868763
78,67.00111649786818,51.975550884824976
78,66.96391846997321,51.97897356132525
78,66.97615921452385,51.96889853782023
78,67.0086152918528,51.977180322365314
78,67.04196596855259,51.996269549800644
78,66.97986307404857,52.019185383116906
78,66.97085967822395,51.976913476856794
78,66.9780504398816,52.011809878601404
78,66.99911248866152,51.999578415825425
78,67.02872527934781,51.98997288800852
78,66.99027570614042,51.959962802792724
78,67.01204585354765,51.968736769517385
78,66.97690191941092,52.03170661097526
78,67.03189648052528,51.965413410125784
78,66.9561806090207,52.005605782892566
78,67.00858733641641,52.02437251224283
78,67.00806925968062,52.02881544252747
78,66.99099797861068,52.00010987048383
78,67.00393638407931,51.95379218946667
78,67.02716991612435,51.987646629753606
78,66.95074754902643,52.00263898307052
78,66.97206562662163,51.97782552033505
78,67.02405365305123,51.98018727618638
78,66.95353869595819,51.98220502784963
78,67.00975038051799,52.01384235719284
78,67.03287018128104,52.03385517727381
78,66.97870448256266,52.04234351964982
78,66.97447998119054,52.03959488491851
78,67.00712730142926,52.011354160706944
78,67.02897001866324,52.018637847665005
78,66.98853300055237,52.04507491772023
78,67.02707284408214,52.03344634756605
78,66.95858676671722,51.99063195022553
78,67.02658442299867,51.96752230393037
78,66.97450893116923,51.98231577464614
78,67.02682318798252,51.986829794641864
78,67.01324234430717,51.95636547607878
78,67.0057053065463,51.97727836840328
78,67.0353224393522,52.02852888771563
78,66.98167008659459,52.0192879206596
78,67.0351628176967,52.02261510606643
78,67.02858858888744,51.98637855312871
78,67.00750858789947,51.962497218527616
78,66.99388377620767,52.024126966760996
78,66.99248694272926,52.02183758136091
78,67.02796143839409,51.964350226232135
78,66.99137593554896,52.01858568589752
78,66.96861064978214,52.014932072724726
78,66.96182843785614,52.00658774562423
78,67.03705766411588,51.99324584864312
78,67.00143355004019,52.02478363463135
78,66.97089600537268,52.03678067604165
78,66.98989963356387,51.99001327416533
78,66.98510080221877,52.02181184911238
79,67.03667224373406,52.00530339798397
79,67.02342560133403,52.01061816096548
79,66.99015382633011,52.04432856498032
79,66.98882901248662,52.01529136289841
79,66.9711006417932,52.001423656175014
79,66.96912247511753,51.994962843533315
79,67.00412867146348,52.01968431810693
79,66.96643966815972,52.03345732344634
79,66.99890441820041,51.97657220839576
79,66.9782348607951,51.976323216912284
79,67.01154417677625,51.966562495186594
79,67.04027253830472,52.00747429906831
79,67.02473095909319,51.96899410469116
79,66.98153868823503,51.98907801246614
79,67.0369598618999,51.99858218157129
79,67.02819628849575,52.03866262700177
79,67.00767188808706,51.95177598983969
79,67.00903584323187,52.04278907902874
79,66.97404876829724,52.015201821282666
79,66.99631244647058,52.02885421829299
79,66.97138279544833,52.02240540276551
79,66.9991525446563,52.01960422576566
79,67.04845843119905,52.00764047420512
79,67.01033230804867,51.98946187018944
79,66.98902225893886,52.00713460469079
79,66.97577500519874,52.007043647314106
79,66.99231880472476,52.02158924027779
79,66.98669614345654,52.007077490483155
79,67.0189045520126,52.0153132086713
79,67.00945979108651,52.01622099598292
79,66.9861729205993,51.99733051372325
79,66.99852888065011,51.99278079044071
79,67.01928686418844,52.023903826300504
79,67.00404295540226,52.00743065390162
79,66.99713729550056,52.00532390643864
79,66.99785340509374,52.04137459381456
79,67.0236734180228,51.962232076416626
79,66.99043215956937,52.0356080645696
79,66.98264347821676,52.03153632727976
79,67.03768164512918,52.005764735314465
79,67.03826244543009,52.00565948268193
79,67.01031975936853,51.98903473513865
79,66.9960614099025,52.02464427895387
79,66.98380517355703,51.998653632310955
79,66.99828268421656,51.95579436269688
79,66.97552053942906,51.97355474444383
79,67.00990505610183,51.980120285820945
79,67.0160749810532,51.96573857471806
79,66.96719123373622,51.98508472678808
79,67.02444362303079,51.962822879136674
79,67.0200295683834,51.99819799929068
79,67.00451562474296,51.980078803691036
79,66.97958776966627,52.01506762346268
79,66.97746256612777,52.01999935108019
79,66.99026600729745,52.04112768393028
79,66.99240474789667,51.98483732467221
79,67.03992913568622,51.97616820469465
79,67.00162533462098,52.00792293288626
79,66.99513199909953,52.01128451561761
79,67.01982104561448,52.010294438127374
79,66.98839790804315,52.011086043497116
79,67.01089551286707,52.036980209323694
79,66.99029610951295,52.00853052520954
79,66.98143835438582,52.033679210990606
79,67.01192280158831,52.02096373114372
79,66.96491581804595,52.02748744424757
79,66.99415873141263,51.992314453230215
79,67.02681876668237,52.014459245628274
79,66.97151219714458,52.03613221795622
79,67.01639107002904,52.0094644021064
79,67.01393030312708,52.03772077004194
79,66.99880486371192,52.022266647701485
79,66.96126704626406,51.98423586838876
79,66.99910493031693,51.995858479490664
79,67.02114205344087,52.00453298153113
79,66.9759441064085,51.957904895778086
79,66.98894587478688,52.00592505489725
79,66.97653906452456,51.965999345130804
79,66.99284683327723,52.02763541116077
79,66.97248777494345,52.01757251416893
79,67.01149222978394,51.98871142773355
79,67.00839098010728,52.033684461446086
79,67.00756783305977,52.02671017314412
79,66.96583976354988,52.001782625502806
79,66.98192123824208,51.981252056653226
79,67.00742449065855,51.9575059554097
79,66.99230748918318,51.99651593709211
79,66.95459419543823,51.997658824933445
79,67.02607918817559,52.04110649827837
79,66.97347824317121,52.0134104487355
79,66.96583427741581,51.97341259695568
79,66.9714087887044,51.95924052338332
79,67.0151394951152,52.03079957513665
79,66.98910717662619,52.01419075981266
79,66.9961428849782,52.00654531669092
79,67.00666777263892,52.04452039028169
79,66.99741543198711,51.954892207357226
80,67.01123798734301,51.96484770218496
80,67.03012559702933,52.014064678718846
80,66.98486184033203,52.02754058966549
80,67.0401041251857,51.9988929691592
80,66.99074839729134,52.00474214811177
80,66.98796167355157,52.01238684556551
80,66.95641851044951,51.9883398721234
80,67.0200295683834,51.99819799929068
80,67.01442113247117,52.033774809020095
80,67.01564769373583,52.002734547343806
80,67.00028921890377,52.00319887921335
80,67.03831630337893,52.00770959429406
80,66.98357139775287,52.00410108085418
80,67.03556548183023,51.994167227798904
80,67.03527181791975,51.98975676889678
80,66.9968137839788,51.98141123926182
80,67.00561492284531,51.96372300637244
80,66.99487523471691,51.96726599567606
80,67.02121577230257,52.011317697590435
80,67.02967862402775,52.0253489625938
80,66.96459279886241,52.01721140746067
80,67.00594556323725,52.00847561236528
80,67.0106098830517,51.996144707626556
80,66.98985230140521,52.012885582975024
80,67.00402508267602,51.97779127487136
80,67.00605610830299,51.98989257804459
80,67.03953930457337,52.02837526671181
80,67.01406746256868,52.01356225878853
80,67.01001656416597,51.97945085369214
80,66.99527092034906,52.028208036093794
80,67.00152046337473,52.045265432751755
80,66.98222166026662,51.977776971434714
80,67.00460671650347,51.98945644386957
80,66.98227528203148,52.01923469411684
80,66.9671063232239,52.02427555359721
80,67.00815459890939,52.041438041064445
80,66.98590746785288,52.01141586517792
80,67.02126875935895,51.974731975753215
80,66.9770147912903,52.0124381062844
80,67.00509481248059,51.98985068750814
80,67.00297831609276,52.03796639883234
80,66.97479623881596,51.99342149720342
80,67.00052801803766,51.98275486411485
80,67.01280963004889,51.97852903844277
80,66.98365539029923,52.001308570437885
80,66.98638462870312,52.00088689637545
80,66.98938984221856,52.000638526759936
80,67.04089441603278,52.001991188635344
80,66.99537898754032,51.96509693008099
80,66.99238600880554,52.00066149966726
80,66.9770932393317,52.0441403397892
80,67.01867589119075,52.01530878043974
80,67.00456196380298,51.99700602385893
80,66.98723071873005,51.99432205609555
80,66.95833900283547,51.98793328539877
80,66.97954095219855,52.018380290316685
80,66.99635565548056,52.02705028232307
80,67.02403004919637,51.961256605933336
80,66.99811553728404,51.98978302254657
80,67.0081186520192,51.978227559507424
80,67.0372288163193,51.98232652954134
80,66.96306365090054,52.01971978673217
80,66.99415846985248,52.03757602934368
80,67.00309604402138,52.024995951136894
80,67.00911958592744,52.018101854965245
80,67.00817772816683,52.0420170056121
80,67.0032415091264,51.996510816507836
80,66.99444238301488,52.007000559718875
80,66.99649469180501,51.95299825584002
81,67.01180528385751,51.96895771923497
81,66.97645251141239,52.040131046083175
81,67.04031229229855,51.97784397173858
81,67.04576382005921,51.98861655902993
81,67.02123791388883,51.97123752576726
81,67.02817962942378,51.96326058328306
81,67.01458228455496,51.96616028299281
81,66.97869956270564,51.96606466883361
81,67.01168653917614,52.04748176131672
81,67.04049541330006,51.97394050654094
81,67.00850566800791,52.038408720638216
81,67.0342108709743,52.018146722557894
81,66.96856624342146,51.98170650549197
81,67.00926542945362,51.975682055399055
81,67.020658777768,51.97050242903612
81,67.04882995903903,52.00509501426566
81,67.00518685484477,51.963462753662576
81,67.01046404028264,51.9946361582706
81,67.02560661639723,51.98628955948578
81,66.97843216152218,52.03973044491762
81,66.98205002488649,51.9651103622448
81,66.96297351156878,52.03088339124705
81,66.9872077459843,51.97520912034942
81,66.99890810278421,51.96321869035596
81,67.02097337781241,52.04070914358913
81,66.95188325678718,51.99050271504254
81,67.00315738880411,52.03423131025475
81,67.00006411012052,51.99682308727531
81,67.04574611606621,51.98487105444053
81,67.01213329406352,51.95293375546132
81,66.99312094935483,52.00383869818045
81,67.03388266034459,51.97216299820912
81,67.03275591944822,52.01254788959908
81,66.98467034775183,52.036637907233406
81,66.97971531038574,52.03740179255001
81,67.02308586518541,51.958084583594356
81,66.98156080162087,52.00876484794087
82,66.98322541657467,51.95531270905312
82,67.00680940421972,52.025526537145275
82,66.96794500183036,51.96934083972672
82,67.00781954640946,51.96334359435108
82,66.96657410095472,51.99129820409992
82,67.0047901577976,51.98924203266862
82,67.03826505098174,51.981030467506955
82,66.98313650873396,51.957098971305456
82,66.96613881611061,52.006465926986024
82,67.00947940511398,51.98030850898333
82,67.00601400502516,51.986048078876145
82,67.04038685929665,51.98465760277072
82,66.98441505271565,52.01309735163965
82,67.01171708363054,52.00772388603533
82,67.03770402612938,51.98431279286165
82,67.00257189746301,51.960822220259594
82,66.99664872531201,51.96692979813355
82,66.9625474995207,51.98870437069227
82,66.9722991706828,51.994269671307244
82,66.96599918806501,51.99813500933063
82,67.0412145033052,51.987159681940604
82,67.03045475121121,51.99035584118144
82,67.00578397673524,51.963949143647135
82,67.00923244472379,51.99715289623218
82,66.95636379794357,52.00745226605842
82,66.9973729446151,51.985162495040925
82,66.96868632939807,52.00104282526923
82,66.988015333025,51.95172173044397
82,66.96872785576814,51.98410745267109
82,67.02755499360438,52.01271526150152
82,66.99226850641145,51.9806787687616
82,66.98896391925884,51.961403267429986
82,67.00903072119203,51.98837470005266
82,66.96585750956392,51.974910612499286
82,66.97873770992761,52.03204341046472
82,66.95866048168936,52.00109575660392
82,66.96065842089008,52.01188485494874
82,66.96922007868943,51.96403653695066
82,66.99597853464505,51.996923720932045
82,67.01496855173987,52.010159782386815
82,67.0041180233361,52.00921885712157
82,66.98212701038287,52.016380703108155
82,67.04038685929665,51.98465760277072
82,67.00331523320476,52.03955372471784
82,66.98213860761363,51.95613241800945
82,66.95294322271778,52.00483226045542
82,67.01857395247902,52.04549959115603
82,67.00748902727459,52.008728849101075
82,67.00985260233342,52.00717224291049
82,66.9881360078051,51.9683240699943
82,67.01318782871454,51.988080870950675
82,66.96851930978373,52.01878450640804
82,66.98823431918316,51.966785429964645
82,66.98596759919646,51.995720547627
82,66.9882117372448,51.978486776037855
82,66.96829152273368,52.016776239250866
82,66.9989402488072,51.977994717524325
82,67.00454462208297,52.0005269472585
82,67.00585213129337,52.00645569257745
82,67.03173383036119,51.97445674700459
82,67.03181111792107,51.976398264745
82,67.01569950574057,52.0110505819754
82,66.98472914447007,52.0236000091721
82,66.98004781133034,52.01044403426045
82,66.98399010650893,51.95584972685829
82,66.9871226934505,51.99736121604071
82,66.99313247909106,51.99792197799618
82,66.96487738606073,52.02130093250714
82,67.03860056724564,51.9712013184389
82,66.9841138097949,51.96340991916327
82,67.00136396738631,52.01330971172246
82,66.99709070610989,51.990781680598914
82,67.01172302318054,51.988114192070405
82,67.02522082076959,52.00809925789396
82,66.98938765948569,52.02583876596997
82,67.00596759976499,51.98916900861043
82,66.98791487101964,51.97765745556425
82,66.99279863387156,51.98143419647913
82,67.03555243117447,52.011056799483775
82,66.99835969987441,51.957307636455255
82,67.0007632249436,51.990925597080285
82,66.98716340215543,52.02264053228563
82,67.03361267919702,51.98377463495875
82,67.03187380991521,51.96314572936298
82,67.01092709620202,51.988923219095476
82,66.97689818716758,52.03860034365729
82,66.97598866099696,52.00173347742011
82,67.00059356270691,52.03290689287273
82,67.01727066273558,51.99180364258687
82,66.98743938534516,51.99370538884423
82,66.95797972678754,51.98743207100681
82,67.03008941773417,51.98005296904216
82,67.02946497074679,52.025515520607954
82,66.99506600116175,52.03121650134968
82,67.03735310093613,52.01263052310201
82,67.02942959609109,51.983728144916704
82,67.03479615026531,51.99312062370504
82,66.99435247525386,52.04708582218521
82,66.95911490718593,52.001429185268364
82,66.99072754703433,51.97830937106611
82,66.97524020172246,51.970343309514426
82,67.0335936579976,51.96639957355082
82,67.03961445474476,52.030341945615035
82,67.00910070481285,52.007572953670895
82,66.9787707250637,52.005426593360305
82,66.99587940692322,51.99619687126297
82,67.01659490794607,51.98925790345495
82,66.96267267860554,52.00151422064109
82,66.9736807330769,52.040590171963544
82,67.01233366786734,51.98243881148558
83,66.96297921400746,51.985365347332234
83,66.99195579853004,52.01518044278411
83,66.96829672196225,52.01881022880501
83,67.01473632324983,52.0382463328317
83,66.97894449114952,52.004238333755296
83,67.02406158570582,52.03918543652631
83,67.02943474988646,52.01284741715602
83,66.97416631242648,51.98356660235391
83,66.98129233744754,51.960062362452064
83,66.99690036471385,52.00540816853513
83,66.98116150652874,52.02909702303389
83,67.04252527348413,52.00258596262517
83,67.00909333871215,51.99369782235662
83,66.99554384490551,52.01555360387395
83,67.02981420110947,52.0209880558347
83,67.00491677936945,52.022122819506286
83,67.00610123942842,51.962066537764805
83,67.03999437662189,51.975399661147165
83,67.00781333601421,52.0107070066631
83,66.9769031853742,51.97923339889346
83,66.99235038496455,52.025502660279244
83,66.99422945538088,51.98983502421549
83,67.00354471500303,51.993157120739035
83,66.97581594137327,52.00192294635398
83,67.04265230591642,52.00722278650606
83,66.99337555676385,52.005385181629244
83,66.97923870299024,51.998852507763026
83,67.01341299969849,52.0271107092354
83,67.01483019462887,52.0140211816233
83,67.03382278451872,52.01739774245466
83,66.95503348114426,52.01618879439302
83,66.96503447733393,51.9866762962884
83,66.96252532992264,52.003541468035905
83,67.04303212178908,52.011792175366445
83,67.01769430808766,51.975075904094986
83,67.00750060852806,51.96421552902421
83,67.00844556470976,52.005490200611
83,67.04776682322986,52.01338151028003
83,66.95957160293517,51.9928056328144
83,66.98689441427274,51.965573354785555
83,67.03504363077813,51.98685447029414
83,66.97624523821376,52.04209022715784
83,67.04291878117726,52.00315294476101
83,66.99522876039133,52.00030432520298
83,67.02775304098806,52.03888820403892
83,66.99464928065736,52.04682624107426
83,67.03946854360112,51.995135073981444
83,66.95786145542667,51.97846481414209
83,66.96707456453764,52.00434224210283
83,67.03131192662201,52.013789280341655
83,66.99480811003346,51.99323569685843
83,66.9968990249822,51.956456705920175
83,67.01009820382745,51.997745545623985
83,66.98733569935129,51.96434847663074
83,67.0179289363569,51.99656348285766
83,66.9929622039459,51.95421245316104
83,66.97177105522823,52.00155017342593
83,67.04137679779832,52.023600526402575
83,67.03512710173612,52.02694050607442
83,67.01416390107491,51.96018558557122
83,67.03863590796533,52.01172889444855
83,66.99434394557002,52.00633256767244
83,67.04876723444427,51.99741439149341
83,67.01551839700714,52.01933742813562
83,66.99610756657239,51.985654451985376
83,66.99620033004521,51.97238430809254
83,67.02506761751626,51.9632578897009
83,67.02648207209997,51.95760785335969
83,66.97372577068433,51.99073584552607
83,66.99097915329168,52.03865554683892
83,67.00594236077293,52.013339626825314
83,67.01062181105671,52.03455927632169
83,67.03398388746048,52.022434518803536
83,67.00443235210952,52.01666401332375
83,66.96857022694086,52.03020713830173
83,67.04379357050065,51.99431972365115
83,67.04685289837877,51.988565958349916
83,66.98143480698377,51.97794699598572
83,66.9538678988732,52.009481536354336
83,66.98367324777202,51.95723115592906
83,67.02742837427303,51.9618729690487
83,66.98123807000279,52.0085077043468
83,66.99603888453153,51.98663366579667
83,67.03552245369188,51.988392475723714
84,67.01311270152593,52.0171394591955
84,67.00796214188776,52.008171806833126
84,67.00350571546272,51.991823417589465
84,67.045353212062,52.02085597185679
84,67.02773519553979,51.997607866065195
84,66.97733941291406,52.03088541346682
84,66.95892240394848,52.011391538101925
84,66.9578388819597,51.98995391112343
84,67.04511847929861,52.01706195013546
84,66.95165420461018,51.99644057271635
84,66.99117389446104,51.95221381560532
84,66.99476452417393,51.96043846021264
84,67.00394201244293,51.994664619330074
84,66.97157556569677,52.00049007441865
84,67.00016971740516,52.02579485554657
84,67.01214453167746,52.01669760858735
84,67.00412867146348,52.01968431810693
84,67.01881698811121,51.99746371894885
84,67.0036919085408,51.98243983964816
84,67.03543416827836,51.99913691553174
84,67.0093987232457,51.96365821839708
84,67.01293844657937,52.01228713424785
84,66.98805813417862,52.034419790077976
84,66.98458476549054,52.03292608739063
84,67.02223705146524,51.97679723329794
84,67.03862184750513,51.96980927628282
84,67.04907398150306,52.008209571382835
84,67.02143599097265,52.005077117887964
84,66.96914787221145,52.02439932854274
84,66.97144831095707,52.020348640490326
84,66.99010214727333,51.954253504959766
84,66.99404754495191,51.981312734088576
84,66.9862865265061,52.032218375854036
84,66.9699430958142,52.02090703631837
84,66.98542480274061,52.012275303593235
84,66.9789626373706,52.03271107107956
84,66.98819138260129,51.99290939651308
84,67.01985368220005,52.02885740715944
84,66.9885277534717,51.97939831647887
84,67.00655970548058,51.95863697541492
84,67.03875728208192,51.97185490527134
84,66.97789111246294,52.03056310968512
84,66.98770070302506,51.962241474190584
84,66.9880828898583,51.98907200078229
84,67.0207099866098,52.035747334818275
84,66.98331595953952,52.00767301739366
84,66.98316725031427,51.982869779495104
84,66.97465514910384,51.995812756309924
84,67.02815648259512,51.98184725667061
84,66.98531240066085,52.0148920785584
84,66.9651796137894,52.006357202127624
84,67.0219045289607,52.03187463746231
84,67.00661029905562,51.98020606438182
84,66.9694649562578,52.00601337766779
84,67.0318713346713,52.02369275044741
84,66.99122192036766,51.9919948925432
84,67.0354151358085,51.96796640881984
84,67.00302527266209,52.00835930403837
84,67.02458246558605,52.00646626959058
84,66.96372806621856,52.02251138078261
84,66.97624149083283,52.013271362066334
84,67.0351149027255,52.03091199640312
84,67.00569731751737,52.04304907188719
84,66.98496103939937,52.02989198014469
84,66.99716625773867,51.97575028913405
84,67.00258222135174,51.98821042512724
84,67.0077507569532,51.989619743499055
84,66.99954396719896,52.00722366278827
84,67.00569148442965,51.990068758172164
84,66.96385341356441,52.01531518008835
84,66.97221828056797,52.00960836050697
84,67.01354291063252,51.95448569255018
84,67.03154155583707,51.99928853071285
84,67.03526314687102,51.98304139581032
84,66.95678032896132,51.994679305301126
84,67.00128917832455,51.95536271108655
84,66.98251628488805,52.03742189822376
84,66.97802826162203,52.00785289193262
84,66.96184311805115,51.98142093444537
84,67.03154574475596,52.01363165641817
84,66.95200964780328,51.986359234525274
84,67.01881211962652,51.96922749524969
84,67.04240123101964,52.013561717051516
84,66.97273406718371,51.965381301673936
84,66.97380575551763,52.02599615208261
84,66.98263445405388,51.96531103829843
84,67.00422149169167,52.01429603368163
84,66.98637281737032,51.98248667535779
84,67.02853578305746,52.03469468269269
84,67.02947496093438,52.022197632539914
84,67.00814021462894,51.986754290660514
84,66.95760618803817,51.995205923040196
84,66.9754161896158,51.99700321032516
84,66.96265654980763,51.98157540024387
85,66.97108220937449,52.018250976467996
85,66.98915257833808,52.003563507861195
85,66.9767954783376,51.965368372326346
85,67.03480394558052,52.02004292857259
85,67.00080050606628,51.950619133683794
85,66.95613097144046,51.98935283644101
85,66.9774769558266,51.97977871526453
85,66.9871871768657,51.965183957735434
85,67.0337470758925,51.99300329089231
85,66.99504998461137,52.000511331252255
85,67.0006529188651,51.99979472186626
85,66.96536407671546,51.99181059438793
85,67.01645938705151,51.987211668989104
85,66.97512887947079,52.01603289174362
85,66.96425006791088,51.98003152972507
85,66.99273447126838,51.96451030974407
85,66.98137461270827,52.03247260526397
85,67.0133782839357,51.99510089620579
85,67.01172302318054,51.988114192070405
85,67.01271145565013,52.03170283338682
85,67.004147824662,52.048506240221585
85,67.02137665248067,52.00954745722738
85,66.97969515875221,51.993018020727
85,67.02350203766728,51.987942657855285
85,67.04605101829611,52.0048333413555
86,66.96917106116321,51.97363959613094
86,66.96933955498866,52.0301328725048
86,66.97617564942212,51.9933009312581
86,66.9733634779473,51.95816579404074
86,66.9754218127064,51.97813641207387
86,66.97422280437246,51.986162919526
86,66.98328971287471,51.99454549593464
86,67.01307699855982,52.045280961681
86,67.00874902806129,52.00331791478794
86,66.98954603758858,51.959075812451815
86,66.98061497428242,51.98515629040035
86,66.97592353959601,51.95950642616159
86,66.98110703706955,52.017102070448985
86,66.9787908101868,52.00135867278196
86,67.00543873788895,52.042285618204644
86,66.99312083154844,51.98075376053678
86,67.00436854321994,51.990944254153305
86,67.00006278796789,51.97108521129361
86,67.02114854532233,51.992287057233256
86,66.96024364948276,51.99593393777057
86,66.98826365020123,52.0189622065025
86,67.00581145856492,52.02070809999607
86,67.0114396815912,51.962365150224294
86,67.00214294209583,52.03673194770309
86,67.04464666083781,51.98309465815736
86,66.9881674760184,51.98903395594086
86,67.02448401328304,52.00035460496999
86,66.97380441719835,51.97727556565997
86,67.02308061812668,52.04136568929943
86,66.99787902762996,52.00305503725394
86,67.01858515754118,52.01772937709346
86,66.95782643448315,52.01351739455518
86,67.04268986999662,52.00115901333874
86,67.0276057263726,52.03359889790661
86,67.04091138996604,51.99159097690761
86,66.99599824696061,52.01638077438032
86,66.99505332547153,52.01652387799507
86,66.99954602740208,52.00530808356534
86,66.98184470479748,51.971807627194245
86,67.01238846659172,51.9820211559755
86,66.99546187071319,51.98974877178062
86,66.99761602329562,51.957278091514006
86,66.98752309423897,52.012673730652544
86,67.0184887514898,51.9933763195355
86,67.04179113098623,52.02263361896709
86,67.00405224934026,51.956059437815505
87,66.97519145869013,52.01551968603217
87,67.00212774526287,52.007441784975114
87,66.95811250002718,51.97556843273827
87,66.99092889112745,51.9538744034081
87,66.98729325570034,52.03900399888312
87,67.00851986749008,52.01384759896724
87,67.01942294151003,52.02624334884142
87,67.01390989761185,51.96647404738094
87,67.02411777536537,52.00950479792985
87,66.95244624800767,52.003671650884705
87,66.99522435743236,51.98750858914156
87,67.04628704926671,52.00442290978686
87,67.03861946759628,52.00919298756313
87,66.95623700030224,52.015231247785145
87,66.99315189174726,52.02606844917852
87,66.96641462756321,52.01914143640493
87,67.02053112147219,51.95817819802748
87,66.979051298588,51.99800576268151
87,67.00450941191718,51.99200733274275
87,66.97654166197381,51.95799794889826
87,67.01107246547315,51.98740902858615
87,66.9962152857357,52.029563496549535
87,66.9643238834542,52.02751890475423
87,67.01634822936958,52.02895473165458
87,67.00949544947183,51.98638242999495
87,67.04601608536754,51.997072872881915
87,66.98529990960908,52.01272840679389
87,66.98909855793138,51.97409005551682
87,66.96912345920336,52.03506492360052
87,67.03722192998461,52.02318139128968
87,66.96504184904376,51.99896857527952
87,67.01187350803389,51.95486393234267
87,66.95875062752002,52.016447012007376
87,66.99422404043455,52.0312858701497
87,67.03487330494274,51.97948115724374
87,66.9733015649373,52.01746504131293
87,66.99732228562283,51.96173620057014
87,67.00080050606628,51.950619133683794
87,66.98041694194394,51.976791607536676
87,67.03050215871005,51.98975018273497
87,67.00605610830299,51.98989257804459
87,67.00667445955602,52.013189855889784
87,67.00798763833194,52.033776560758824
87,66.97256289994105,51.990640986647385
87,67.00052370702507,51.95952758954745
87,66.96888153069311,51.96368086203749
87,67.0192575850892,52.04472227837371
87,66.98594967310294,51.99914707022527
87,66.99910984948544,52.022334259510615
87,66.98387420716216,51.99307826886885
87,66.99917003311052,52.00795498509837
87,66.97460831065075,52.01062810993805
87,66.99663653570833,51.96830722812117
87,66.99405307608586,52.0198654575102
87,66.96958178107413,52.00431180471327
87,67.03001148943234,51.99166361301804
87,67.00248696480084,51.98580701343238
87,67.02833286856644,52.02008047168176
87,67.01696098747543,51.98834383602597
87,67.02612068808725,52.02450177581466
87,67.03826258908501,52.010616258084085
87,66.9663548596482,51.975402893604475
87,66.9934024657837,51.95469837540603
87,67.03183584051558,51.964145827446984
87,66.974864216791,52.01402757009866
87,67.03559569671566,52.03322687833113
87,66.95843199839949,52.00121174784808
87,66.99384208746883,51.96506526131547
87,66.99334025071244,51.96338074320041
87,66.96890372535184,51.98427901178705
87,67.03981790167697,51.97549227225614
87,66.97824744695383,51.95642635762231
87,66.97611629671619,52.02029633677967
87,67.01500232027236,51.99168044990114
87,67.03329977145255,51.97610114518044
88,66.99907205432851,52.01459507034463
88,67.00601654460974,51.97667351201184
88,67.00584061988572,51.96515027173249
88,67.01657851037864,52.03131288033195
88,67.00300567371828,51.95104524838049
88,66.9904808668646,51.99803343346433
88,67.04526205866703,51.9969683303945
88,67.00141434901076,52.00237046317682
88,66.95908417490922,51.98246524883607
88,67.01472660150111,52.00610777606579
88,67.01165853183656,52.00186438138416
88,67.00750338623111,52.031432497386746
88,66.97601131439595,52.02743649768563
88,66.99903116701167,51.96900548413478
88,67.01907258858819,51.953994652714435
88,66.99321573111806,51.97522027241461
88,66.97355834469046,52.03029665677067
88,67.01523945970767,51.99468847851617
88,66.95890644993744,51.98780280456233
88,66.98432384845304,52.02020271207034
88,67.0236953977506,51.976248165102334
88,67.00973729247755,52.03669389471713
88,66.99036571790842,51.994170109986285
88,66.98991239455407,52.00219883061957
88,67.03348917633565,52.01478709098975
88,66.99454134070959,51.996508616484604
88,67.00755751822759,52.01370968143193
88,66.98772986684898,51.986885351038545
88,66.99296368474896,51.98294200742766
88,67.00803579672514,51.95741952913455
88,66.96508794320157,52.020576857658035
88,67.04664584328448,51.99867082806604
88,66.98132122426559,52.04092131671941
88,67.03851236825415,51.99136765750993
88,67.01843122900304,52.021428035713214
88,66.96574048622008,52.00930647800428
88,67.03269764398195,52.023480469927215
88,67.01472309260512,51.992250901653705
88,67.0292287087103,52.02869365227186
88,66.97759815431111,52.03505395498077
88,66.99523200119984,51.983402183823
88,66.993682205368,51.97143170948883
88,67.01247157144438,51.9662314284315
88,67.04494024805828,51.97873075011984
88,67.02337639660435,52.005681005508926
88,66.9821452956984,51.9967434916073
88,66.99768333480387,52.02220019696835
88,66.95875062752002,52.016447012007376
88,66.97426932488294,51.99356532443266
88,66.98401006615296,52.01483273636444
88,66.98995648065127,51.99687133120817
88,67.03506051348278,52.011036170828824
88,67.01731791594865,51.9959637791191
88,66.96347120525633,52.02576418530708
88,67.00070447474832,52.017995312153744
88,67.00088741379807,51.970067561455764
88,67.0358502151675,52.03366417457922
88,66.97274679801197,51.96012927929852
88,66.98701236623855,51.98756556264892
88,66.9786922780942,52.001659875589965
88,67.03379255051962,52.0125520323294
88,67.03353977758152,51.96808126969785
88,67.02794812136747,51.97535964371601
88,66.99830596468996,52.000243326370374
88,66.99353962624653,52.01895925446228
88,66.99724938941989,51.95143620210951
88,66.95281170802517,51.99813619815805
88,67.04316235775609,51.98625071812902
88,66.98928919423571,52.00746893180657
88,67.02610374357639,52.00155806707814
88,66.9795002253002,51.960809689297
88,67.01824795422007,51.961093930534915
88,67.03730549140771,51.991910676454864
88,66.9656282704133,51.972441129905015
88,67.0098464401981,51.979601951165435
88,67.00995175364004,52.01489297787496
88,67.03535242621848,51.997938567676776
88,66.99450393958718,52.00496641244866
88,66.99920385923502,51.978424179690364
89,66.99282956468443,51.97918886007422
89,67.01845658602608,52.02299315620131
89,66.9812161244797,51.97313478743888
89,67.0183286202989,52.040549181605115
89,67.04486562766104,51.991532837231766
89,67.0162536492458,52.04416313438855
89,66.97303581745525,52.02478919573082
89,67.02608411507313,52.02765782805587
89,67.01169033290255,52.00841832316759
89,66.95352781424552,51.98310184219777
89,66.97853947166732,51.97786961208438
89,66.95426980322564,51.99903264221778
89,67.01870889237804,51.99554532011071
89,66.9978412309953,51.970376964875044
89,67.0441671757552,52.00535823967463
89,66.98077361491403,52.03853665879594
89,67.01471202266794,51.95613256742515
89,66.96671006870557,51.988684400208406
89,67.0149714047947,51.985919273352245
89,66.99988655932805,51.99667091434046
89,66.96664258952605,52.03582075266699
89,67.01834119208372,52.005334013151504
89,67.00890368091792,52.02202707113416
89,66.97385708385329,51.962319058486344
89,66.9894757484438,52.01947211185585
89,66.95311451265633,51.98297664795006
89,66.99447370012773,52.048558935003044
89,66.96637336049966,51.98257845919905
89,66.96975467366538,52.010245556403596
89,67.01902230033785,51.98469640147907
89,66.99753569468425,52.009170508533245
89,67.00727248808907,51.97538867473121
89,66.95827213449638,52.00243929918034
89,67.01469938668413,52.03278998910597
89,67.01806535341777,51.956741143499514
89,66.99646925706281,52.00766706184884
89,66.99801189536015,52.01045514727655
89,66.9976450716372,52.021651476543546
89,67.00262523058298,52.009434891036314
89,67.01323830694875,51.99182428193754
89,66.98047643288227,51.98588383644972
89,67.03561511727861,51.99857209451034
89,67.0058609119514,51.95627677917144
89,67.00278264198182,51.95253656294745
89,67.03743805000055,52.021982395057606
89,66.98410576109973,51.98364114284751
89,66.9617634255914,51.99656423889966
89,66.99507930780915,51.979599175400764
89,66.97769528534373,52.00160528383588
89,67.02854333457114,52.00192066186866
89,67.03743805000055,52.021982395057606
89,66.95497984883448,51.999121325497505
89,67.0058635451785,51.99611271719863
89,66.98787572989868,51.99903419978363
89,66.98069387964148,51.9872655512986
89,67.01142989546138,52.02248543168965
89,66.95153080391644,51.99852127909129
89,67.00885841905243,51.96488815311569
89,67.0005090385413,52.01818261712961
89,66.99589239936897,52.00680407823658
89,67.01360673945948,51.96050197053385
89,66.97725721410647,51.9890302458257
89,66.96124639987214,52.01348459297725
89,67.00155121051424,51.98860222290441
89,66.99366294183402,52.04749393357568
89,66.99205260397304,52.037720854566366
89,66.99317829789814,52.036739940077524
89,66.99379558298058,52.03201383245514
89,66.96269999684219,51.98054325722732
89,66.9860594102498,52.00039914899518
89,67.00633817925625,51.96400384315557
89,67.02923448807674,52.022842326799044
89,66.9788742507588,51.95735304928087
89,67.0276057263726,52.03359889790661
89,67.00987582184062,52.043299617798795
89,67.0330451314062,52.00451855518051
89,66.98677662736627,52.028781688215616
89,67.000244716679,52.00263004363261
89,67.02351020019347,51.9679563496078
89,67.0318472103638,52.02197323656343
89,66.98387439135928,52.00371278322562
89,67.01562319738626,52.01060816803814
89,67.03170665463006,52.03256028397607
89,67.02136176894393,51.96439050130336
89,67.0019297079083,52.00162898901623
89,67.02516791297708,51.95902917761726
89,66.97153007367086,51.96243694979114
89,66.98497412864094,51.97903605929288
89,67.017511116825,51.97423838859518
89,66.99857776776908,52.00434313557365
89,66.9921395216618,52.01603250332285
89,66.96140203427115,52.01590764111034
89,66.96691278499368,51.97094179422234
89,66.98928729887531,52.00262601416814
89,66.98107489737018,52.025548876182945
89,66.98703230242707,52.01526283807661
89,67.02019315642858,52.01227488391148
89,67.02122513985026,51.99323836419534
89,67.04331674126203,51.978281428948335
89,66.98790864845697,52.02203528876716
89,66.99446590727825,51.985370811418434
89,66.98773500350677,52.03584722697583
89,66.99860816411626,52.0134536864909
89,66.98989065119919,51.97830129323333
89,67.034821036882,52.02243005753853
89,67.00065356913296,51.973358911326905
89,67.00295999946171,52.01120391782918
89,66.98934794369437,51.96186974464725
89,66.98885355890461,51.966917139407606
90,66.99389282297889,52.047763332074865
90,67.0081551433871,51.99434150033483
90,66.95969693533495,51.98104142287712
90,66.97482202135828,51.99811257772174
90,67.02233516527544,51.96839733989187
90,66.99180944802127,52.03498833371476
90,66.96299899915162,51.99398365587632
90,66.98548960270602,51.963709831183074
90,67.00214958470166,51.99069301962635
90,67.01832396459335,52.04136131639177
90,66.99840663898665,52.003058191033794
90,66.96305866854897,51.988384625846706
90,67.03183584051558,51.964145827446984
90,66.99435702535264,51.97468683268869
90,66.97463336799973,51.98907614463239
90,67.00825849016033,51.9953274060592
90,67.00089684022606,51.95344364691438
90,67.01909947481657,51.99858174648148
90,67.00949518227574,52.031603514850524
90,66.98539024832614,51.97496298442122
90,66.98179874285844,51.991893743737094
90,66.9796355282792,52.036367606192165
90,67.0311052177311,51.96804546510608
90,67.00499069006837,51.99429252713747
90,67.02037380561582,52.01160562565227
90,67.00290644239772,51.95631102581716
90,66.99010201327263,51.95928253815569
90,66.95338763601153,51.983202460894645
90,66.99497508097852,52.01478809401012
90,67.03349817620185,51.963009437729596
90,67.01156281939066,52.00732444672549
90,66.98482040256636,52.00689337340492
90,67.02302130270762,52.01450030525328
90,66.99738184301026,52.03957553635648
90,66.95074754902643,52.00263898307052
90,67.00792970670412,51.96287497512467
90,67.01134660843357,51.985144918977454
90,66.96907678741681,51.98757151026647
90,67.0185062490251,51.98501920004099
90,66.98589858258383,51.97623943245215
90,66.95380766332383,52.01676984594811
90,67.02122767986057,52.00732834588868
90,67.00229680692918,51.98978117279539
90,66.98222482339561,51.96864362848427
90,67.02052208536362,52.00603353287229
90,66.9878265859947,52.015367308589106
90,66.9754748286512,52.01621411993739
90,67.00164565249251,51.9930131385192
90,66.99789429307184,52.00984398191525
90,66.97266984841106,52.03471686369795
90,67.01820737123687,52.00510823592464
90,67.02461397347135,51.99666602642829
90,66.97626486980327,52.03680507984644
90,67.00888437446328,51.98697610584889
90,66.99609142767555,52.029642496082175
90,66.9979440476397,52.03445424277725
90,66.9620816103455,52.01775176885048
90,67.0185057061642,52.00244193100343
90,66.97814852340036,52.01927853426606
90,66.98466378181523,51.97191608933091
90,66.98955830156672,51.98361267106028
90,66.99120295499014,52.04649254262333
90,67.02168084934335,51.98916331195718
90,66.99122379883616,52.02055317567003
90,67.02746061313852,51.96414285904369
90,66.96552942977922,52.013512821978274
90,67.01995858944254,52.02082393474065
90,67.0320792574622,51.96325295760348
90,66.99190066446104,52.01190515804199
90,66.99983005458496,52.01259952046934
90,66.98056626615698,51.9912681273917
90,66.99658525021752,52.03881901469604
90,67.01018564438097,51.98066398992803
90,66.95944965020045,51.97480803964426
90,66.96673746692974,52.004024088419335
90,66.9636528080681,52.014066895986154
90,67.02122767986057,52.00732834588868
90,66.9576228152858,51.985029818860795
90,67.00632191538253,52.007788913517494
90,67.0137079591212,51.95756659224482
90,66.9582786128016,51.97448958416614
90,67.00971926035557,52.037562426098205
90,67.00487561273097,51.95573175576599
90,67.00104250856364,52.013141387958754
90,66.98336978880427,52.01845228696833
90,67.02212884948354,51.96269673098013
90,66.96962460021489,51.99613896578053
90,67.03023388638798,52.035893718141054
90,67.02958338199078,52.02582481844689
90,67.02128606758556,52.01874948504912
90,66.99798184038461,52.04350485174238
90,67.01814598584302,51.995634086332565
91,67.0283139622509,51.96085266275937
91,66.96003731361188,51.98791160483942
91,67.0187767649233,51.97288642971806
91,66.99901872454075,51.95951554119589
91,67.01295409792772,52.02272330732176
91,67.00454462208297,52.0005269472585
91,67.03091109327566,52.010734170894025
91,66.98178622648406,51.98078153982747
91,67.02354691248738,52.036414086351925
91,67.00700726337263,51.976588345989676
91,66.99566556869361,52.04025438552805
91,67.03199151159535,51.99177384988699
91,67.01511797526071,52.0046694576152
91,66.95267796680572,51.98937983434983
91,67.00200392829213,51.972980365425585
91,66.99806396390795,51.97781209402546
91,66.9983175157821,51.9836070221269
91,66.96870683555251,52.03446864670862
91,67.02151720829039,52.006107881726706
91,66.99419696505271,52.0094082631981
91,67.02692504469302,52.03321030146195
91,67.01152236288965,51.984617219498695
91,67.00416025147089,52.01845311178056
91,67.03090994404953,52.03341646697858
91,67.03831232421301,52.02563438793875
91,67.00218836986772,51.97412169028275
91,66.99447681169568,51.99353028404407
91,66.99274307235167,52.01671970998588
91,67.00176979129733,51.98378355591348
91,67.00286965757404,51.99811897930629
91,66.99524434936325,52.01792573376983
91,66.98863153537387,52.001308669838174
91,67.01055980359625,52.00167353092219
91,67.03348335829988,52.01024064902604
91,66.98319195096286,52.01601522133848
91,67.02023909675789,51.98079004225048
91,67.0123069444061,51.991136618677054
91,67.00500219808048,51.99595004094639
91,66.96367747224873,51.972959744972755
91,66.98884444069864,52.015155995853306
91,67.01898201906046,51.98880818924465
91,66.98170175572918,52.01819593759668
91,67.00767543936671,51.977005879187864
91,67.01745515843568,52.00170096246154
91,66.99985639487863,51.954198727629155
91,66.98175089047692,52.01615954853996
91,66.97426932488294,51.99356532443266
91,67.00578388628486,52.00103817525783
91,67.0047505618137,52.000085570885446
91,66.97204931141559,51.99177447891332
91,66.96532025087356,51.9938470808922
91,67.0046022937027,52.00052754560179
91,66.95853308812167,51.97881528056332
91,67.01933816891415,51.9850590847431
91,67.00202783615117,51.98727368094778
91,66.9874204940003,51.972828178758824
91,67.00229924526069,52.01090985469979
91,67.01020709471258,51.997105932398455
91,66.97602841467011,51.99776681224382
91,66.97259125332774,51.98371343630814
91,67.01150112202608,52.00856246751115
91,67.01888043576469,51.96615181279539
91,66.99667751006432,51.978152950075796
91,66.97287935605658,52.02286613981577
91,67.00007284001468,52.00468852771084
91,67.00290599984962,52.03117057022724
91,67.00597565907088,51.98497580033607
91,67.01610057774737,52.04333996444253
91,67.03190321764102,51.969212293337144
91,67.0066237280698,51.996040937693984
91,67.04666147343255,52.0023764716918
91,66.95670963371639,51.99465111099776
91,66.99945779975155,52.00864627919184
91,66.99056781828328,51.98057401658252
91,67.03497826810491,52.007391891463236
91,67.01426862742913,51.96671919023198
91,66.99959954405485,52.03356746397724
91,67.0048580100352,51.996447462352165
91,67.00154454298497,52.00019044345292
91,67.02123709496941,51.99382786205111
91,67.01122755042898,51.99660304217996
91,67.02950580542128,51.98805817060018
91,66.98484895711066,52.04137210395347
91,67.02406971201307,51.972613852121626
91,67.04010584418943,51.970305344054225
91,67.00888486247565,51.9960267842265
91,66.98723441715843,51.981062837560614
91,66.98046166159155,51.97699387318137
91,67.0020363946625,52.02494554604625
91,67.00441732249894,52.006914901398446
91,67.01341299969849,52.0271107092354
91,66.97421551913739,52.01816094391622
91,66.97880451909442,51.98177960424072
91,66.9623335805561,51.978112881105034
91,66.98756608388588,51.97030621556583
91,66.96224571211873,52.019058525169996
91,66.95796009011742,52.006836931605385
91,66.99415653043884,51.970897228371896
91,66.99936457435692,52.01756158640891
91,67.02275723636045,52.00185294838263
91,66.97614635749305,51.99257919701903
91,66.98086151561648,52.002648462492
91,66.98486820580969,51.9948483355019
91,66.98299057970219,51.97609274411528
91,67.03132358993655,52.018796913921854
92,67.03614271579316,52.0069512393053
92,67.023566549843,51.99385482489845
92,66.97451114944012,51.97163505243442
92,67.00524302844757,52.038643395991215
92,67.03365167336207,51.96361619920097
92,67.04481404904071,52.015530620148574
92,66.96649894600522,52.011212618420515
92,67.04607802404834,51.98674041316573
92,66.99570470308097,52.022797946330996
92,67.00738189435955,52.02998134675973
92,66.97668979127603,52.00755393008669
92,67.02329761983096,51.997910605822725
92,66.98440748320354,52.022905599562684
92,66.9967949443564,52.04327930033554
92,67.01282076549333,51.98548612983722
92,67.02549295678992,51.96208103276943
92,67.01383875311254,52.022234735222284
92,67.0071538981368,51.96884086951229
92,67.03431971775828,52.00659270486204
92,67.00691023915311,51.980343276981344
92,67.02448697270998,52.04353471970172
92,67.0236260048941,51.99103816695697
92,66.97328575099922,52.02859555942476
92,66.97816500685028,52.026103330707855
92,67.0292287087103,52.02869365227186
92,66.96330335423447,52.02084785654858
92,67.00246048085603,51.97715300847576
92,67.02210936346358,51.961251098499616
92,67.00521297745323,51.96667503071183
92,66.96669609986539,52.00233071804408
92,67.00664398720356,52.01020714227961
92,67.02742837427303,51.9618729690487
92,66.98685513572323,51.989228610844314
92,66.99006304900438,52.006467230331566
92,67.00630061670537,51.96757928447796
92,67.00005029908328,52.00557702363301
92,66.99137593554896,52.01858568589752
92,66.99669144188188,51.999533324179104
92,66.95919006893024,51.99795150298439
92,66.98609595745674,52.04559706327843
92,67.03460661949295,51.96876555301279
92,66.97077150459543,52.01495901097557
92,67.03831398984983,51.984310805497884
92,67.01031640616317,52.00997783435056
92,67.03914462115783,51.98504963285313
92,66.9920774890502,52.034284038852476
92,67.00836575131201,51.982751144337264
92,67.00214911079387,51.9544342162757
92,66.95943065669114,51.997644099562486
93,66.987917333093,52.02395230691435
93,66.9789244842086,51.98700875878285
93,66.98496641914144,51.9616411690909
93,67.00038525865597,52.00837727850793
93,66.99334323363327,51.95737494285363
93,67.03297773199483,51.96308154642726
93,67.01029063557473,52.02941657951403
93,67.00261797975604,52.00915327025563
93,66.96716255466147,51.998802204798125
93,67.02033812600699,52.029972522981346
93,67.04036130146335,51.97054847215178
93,67.01888817368828,51.98846199250125
93,66.99251177190163,51.999434045180934
93,66.9580350843479,52.01497458157857
93,67.04173474767319,51.99361984027598
93,67.00641063679649,52.00576942528433
93,66.98782628307889,51.99445601131991
93,66.97063138119888,52.024681969302506
93,66.99319493986987,52.029552737823366
93,67.02974518759696,51.97129171713094
93,67.02250677277955,52.00152406054587
93,66.96011235873114,51.9816817099817
93,67.04658206813019,51.991444211380674
93,66.95183192232042,52.00145346563528
93,66.98180552350469,52.0124970889733
93,66.98928729887531,52.00262601416814
93,66.95867011526391,51.99911164270478
93,67.04942154646243,52.00369238887884
93,67.00211222128146,52.02197617873292
93,67.04027753953599,52.00204382625847
93,66.966522767578,52.001291424119316
93,67.00751929019809,51.997218907782155
93,66.97488644658831,52.005151839861576
93,66.99133260049894,51.97905401652453
93,67.02822255930809,51.997106601039874
93,66.95702417148867,51.9871870678678
93,67.04654542821174,51.990934955485955
93,67.03576628540819,51.97730346937863
93,67.00317566838773,52.000653143252904
93,67.02874369921103,52.0219905342018
93,67.00630406190152,52.02293544457196
93,66.98303740537777,51.99455936078645
93,67.03689508165482,51.97218588244591
93,67.00749433186631,52.02235448249432
93,66.98224475509468,51.96359139562473
93,67.00702258164665,51.95702743854309
93,66.99282269409127,51.95226650252904
93,67.002548628529,51.98302822231398
93,66.99149302924761,52.00113484165222
93,67.03081296266633,51.971038421315576
93,66.99818844785473,51.992366119451844
93,66.97192157607937,51.98935230809071
93,67.02470762509783,52.026866802963575
93,67.00735451829028,51.986097239151725
93,67.00334529114345,52.03816250552753
93,67.03400313092398,51.99679708097652
93,66.97675459441363,51.972587930988155
93,66.99988453211746,51.96269194145174
93,66.99281563221138,51.97855419590587
93,66.97466751674142,51.99253741959772
93,67.0234033801858,51.986103081475356
93,66.98900357762182,51.953721979786714
93,67.01760611816209,52.03981758694711
93,66.9945145869031,52.006059168401194
93,66.98745115487276,51.995991947256364
93,67.00354916392993,51.98467978970357
93,66.97220005911915,52.03782223905572
93,67.03944888396249,51.982748103011176
93,67.01465900465335,51.95413260107582
93,66.95248432304452,52.00565431737212
93,66.96518123288519,51.98307502686939
93,67.01001283475206,52.007591597814574
93,67.0036165538011,51.97096483572569
93,66.97440228365318,52.03373695140441
93,66.96311853331706,52.01073920786547
93,66.98374006733624,52.045866299685905
93,66.96089473974823,52.01747374770832
93,67.02335610679381,51.99872473087687
93,66.9658276997064,51.97144526544444
93,66.9591695986992,52.0251583916089
93,66.99466904825255,52.02953829205104
94,67.0295891034671,52.03906087538304
94,66.99479763573449,51.9625371362202
94,67.03833592651006,51.97954886406819
94,67.03935642101638,51.999423547399
94,67.03766808890563,51.98397173369698
94,67.04754519061844,52.00781053873267
94,67.0202204644066,52.014915567256686
94,66.98813833701607,51.988450019078634
94,66.98830554783312,51.973784307212625
94,66.99587940692322,51.99619687126297
94,67.02375090114762,52.03555766189662
94,66.96912345920336,52.03506492360052
94,66.98718956483816,51.99117515272769
94,66.97501190245127,52.037287669834
94,66.9715076804815,51.98583635390087
94,66.96764645348071,51.9793440922088
94,67.00843238185831,52.027088594473994
94,67.02836211506396,52.04104569496262
94,66.97387103577385,51.99678892335721
94,66.99064127475872,52.01796287944365
94,67.00309364024412,52.00895536323658
94,67.0093102476468,52.00958340224919
94,67.01443263818757,52.00727792905351
94,67.01228809938787,52.02325705606425
94,67.0135739171891,51.990361671708
94,66.98719620681638,52.014527288427054
94,67.01724771260277,52.02372209119017
94,67.01626416967939,52.01093838415896
94,67.00048782819034,51.998374911310556
94,66.98906918194105,52.01542565206936
94,66.96494546798674,52.00775941177093
94,67.01594385363624,52.00805030878239
94,67.02952889981131,51.990211541458194
94,67.02543904581619,52.039491423065016
94,67.02650045813725,51.96195190290937
94,67.03009029815914,51.96187669878575
94,66.98820406162221,51.99088291272311
94,67.02186832307004,52.002315093690534
94,67.00576342552345,51.997528730225326
94,67.02443108659699,52.03955298610691
94,66.96766272870114,52.015208793797335
94,66.99431967144375,51.99318695150554
94,66.95562219838334,52.004378857035114
94,66.96638640117084,52.018071224861444
94,66.99023550362747,51.95764262550131
94,67.00650246000467,52.027804445283586
94,67.01583801363223,52.00616759961884
94,67.00199950051979,51.989643927102726
94,66.99321088663217,51.986172304208644
94,67.02246454271308,52.020425338337915
94,67.0290274891167,52.020498258427125
94,66.9913345563329,51.98642574744503
94,67.04304347690906,52.00687154928555
94,66.96881399874286,52.03188865679467
94,66.96995885410584,52.022895211252376
94,66.96121136465567,51.97553061941387
94,66.96889120596259,51.98408079724075
94,66.95095172734663,51.9999482642542
94,66.99671293189445,51.98001031689909
94,66.99936590411409,52.00367566562125
94,66.97779421239716,51.99656131950131
94,67.02927120940967,52.006201637855206
94,67.00048418821405,51.96082479091181
94,66.99214596613083,52.0293242939918
94,66.98832075982644,52.04066781392833
94,67.04319375684614,51.98438973850122
94,67.03764189982134,52.01766154213984
94,66.96312607632971,52.01432304809884
94,67.00968147498403,51.968488111252384
94,67.02136872181418,52.00935801652389
94,66.99611811331712,52.04028227932578
94,66.9799923213822,51.97497650438453
94,67.04637669802456,52.0068460079321
94,67.00289004117928,51.996492203415876
94,67.0231692620254,52.03944164204813
94,66.97962358941032,51.99451121641092
94,66.978394306293,52.03244602159663
94,66.9823434441736,52.01676014998678
94,67.00363000725785,51.96872479879226
94,67.00020119974972,52.008136149371666
94,67.01126989666403,51.98058759770815
94,67.03864469770615,52.00104761805804
94,67.01833391710771,51.98980349531026
94,66.99197967386812,51.96629773129326
94,66.98107815038058,52.02976390309703
94,67.01575022176817,51.997171141013716
94,66.99257567168846,51.98048963772485
94,66.9912411835309,51.95716583127465
94,67.01629279461388,51.95820739898805
94,66.9787908101868,52.00135867278196
94,66.99736133708218,51.98692498802633
94,66.96287937656773,51.99933949460652
94,67.03333587246455,51.963873911427406
94,66.98174237077099,52.01175115296445
94,67.0159848340736,52.04710754114869
94,66.97986307404857,52.019185383116906
94,66.97870379727355,52.03081979505523
94,66.97642688332853,52.019713114852614
94,67.0184716277152,52.007475248209666
94,67.00566147818564,51.975028298091146
94,66.99660320723264,52.01052017669145
94,66.99787902762996,52.00305503725394
94,67.01171708363054,52.00772388603533
94,66.99462042551947,51.99304645310917
94,66.99706567223087,52.01489372781465
94,66.98986320280468,51.98528295276004
94,67.02880978130439,51.97006444860569
94,67.04199093592335,52.02377239870265
94,66.99487316841937,51.99794594541219
94,66.9775325046238,51.95570155239243
95,67.01842644092474,51.98117797128115
95,67.0107429159816,52.00609781839581
95,67.04381130027271,51.98153237069709
95,67.04567138201365,52.00806945801095
95,67.0038342648817,51.962809943209535
95,66.96419834232819,52.008645134751006
95,67.0351628790572,52.002255175648976
95,66.96127132559955,51.98959019777507
95,66.96995609805684,52.036098407355574
95,67.03623971274783,51.97515538799678
95,67.02976417395604,51.97744694840078
95,66.99076699589496,51.96565051353612
95,67.00779289900737,51.97848933595222
95,66.99236652029158,52.01190658653143
95,66.99241792728067,51.97068042973167
95,67.01692810235089,52.0261371514979
95,67.00614000986103,52.00012496016873
95,66.99306148457123,52.04493955850169
95,66.97941327690181,51.97446885400772
95,67.0115219408601,51.96089390687002
95,66.98195852484432,51.97114010473468
95,66.96702156992872,52.0055672040148
95,67.01756617664482,51.99640076748901
95,67.01571772848382,52.04379380693769
95,67.01851819735936,51.962104824193524
95,66.96764250965099,52.02167321541071
95,67.00889059835345,52.02464911987289
95,66.99738089880344,51.982720254394906
95,67.0373932573622,51.99379989158056
95,67.01898876662626,51.99792135948663
95,67.0299085916676,51.998479172886235
95,67.00479451579722,52.01460604943646
95,66.98786778074427,51.99836761778271
95,67.0149714047947,51.985919273352245
95,66.98350940293291,51.98778720017193
95,66.98024278943049,51.99421934304718
95,66.95620483387333,51.999536224592
95,67.00534300781658,51.975724760111056
95,67.02363783046,51.959434695638414
95,67.01625108447195,52.030059730658245
95,67.0309023064472,51.98183541552973
95,67.00408633858912,52.044628571512895
95,67.03484532690106,51.977742259173866
95,67.00920586578087,51.956688920256
95,66.96681425163851,51.96792612712986
95,66.99689512312167,52.013534689120185
95,66.99687013118694,52.037724853179554
95,67.04124478995669,51.997966277632
95,66.99512098246416,51.970548198167315
95,67.03158661530557,51.991305957033305
95,67.00100866790368,52.02235161116276
95,66.96459279886241,52.01721140746067
95,67.03977065749491,52.015938866852856
95,66.98913865252172,51.95334636730647
95,67.00963765786733,52.04420133347526
95,66.96290105656404,52.011625357174744
95,67.00398046621008,51.9532599316556
95,66.97679179942422,52.00632570190898
95,67.0156089540768,51.9925235586336
95,67.03536142448955,52.02185963438991
95,66.97185561101705,51.98212581824121
95,67.04097608696553,52.02037966863288
95,66.95394649337223,52.016672305559034
95,66.98294018316768,52.01558871166244
95,66.97460677268757,52.01702617295238
95,67.02726197480129,51.97235661739342
95,66.96426838291475,52.02148188650962
95,66.97213643062084,52.03523208976684
95,67.03256029693529,51.981496513496225
95,66.97772246286848,51.978939734028266
95,67.02515100378452,52.0384626806837
95,67.0099861900937,51.983877201498544
95,66.96505493910246,51.98104961465787
95,67.01984780531065,51.99420832059
95,67.02998882866915,52.03472893187202
95,67.01334503504795,52.046163913407874
95,66.9925406375661,52.030461587717205
95,67.02231403641272,52.041623537227515
95,67.04791270350879,51.989338860921016
95,66.99769929737373,51.97206851195131
95,66.95277369477661,52.01068400442106
95,67.03935173914446,51.98926646710896
95,67.04076882247156,51.97292874218797
95,66.98864837006792,51.98909622332426
95,67.02511194656545,52.042253904981266
95,66.97614780508933,51.96163476510927
95,66.99939086573907,51.98078999797855
95,66.96025935903423,51.97825371040891
95,67.04403040372647,51.9937810502637
95,66.97900687269289,51.959685761856385
95,66.95411780719427,52.000780312614225
95,67.02584577803262,52.02302182761563
95,67.04317674995985,51.985248446583654
95,66.97135712784575,52.02059259491381
95,67.02927498220761,52.0376439355559
95,67.00522385731709,52.02262078017318
96,67.04288829723292,51.998770047050925
96,66.99851963664213,52.026927352778024
96,66.98674706198138,51.98466147526782
96,66.99953938505641,52.013253269855795
96,67.01057417822342,51.966979101359485
96,67.00643974239904,51.991818572896584
96,66.97051008226552,52.013589091819576
96,66.96249725524235,52.003188989970646
96,67.0209364158325,52.002316721209475
96,67.00057617339627,52.033803717791066
96,67.01590037243395,51.96080091341744
96,66.96162894478314,51.987889659834195
96,67.03666158081771,51.973660417419254
96,66.9509213768186,51.99362917150529
96,67.03843214923855,52.00004315597863
96,67.00622475862595,51.97588296940131
96,66.99152757966758,51.98124663311885
96,67.0107095577749,52.0302639585067
97,67.00369748657195,51.99276896460761
97,66.99389885994776,52.03035509775514
97,66.97269317030187,52.03401701024273
97,66.97931657360239,51.99345031215294
97,67.00390592784397,51.9771412055747
97,67.03349983810718,51.98752338505289
97,66.99959682922076,51.97943519614653
97,67.00057617339627,52.033803717791066
97,66.97865296523895,51.985845112384304
97,67.009346401173,51.99544699170686
97,66.98113804809245,51.98074585424295
97,67.01783234235104,51.98731289308722
97,66.98163936580035,51.977308583028986
97,66.97063680729661,52.03540399288727
97,67.04242514643532,51.978271749954764
97,67.00363215660431,52.02329986959029
97,67.00092703160259,51.983370694965245
97,67.03069555374324,51.98270404689094
97,66.97407018484574,51.99171220840468
97,67.04835192751791,52.00677428028708
97,67.01647931947006,51.981904762910105
97,67.00331013319686,51.979844645801
97,67.00621779638315,52.024748475992915
97,67.00441732249894,52.006914901398446
97,66.99095537211493,52.02680531058653
97,67.01969416191457,51.95988182783047
97,66.96727843409754,52.025943416315215
97,66.98466599247548,51.99665692489653
97,67.00031836001882,52.023363784181456
97,66.98421421845181,51.9985188309481
97,67.03651513204082,51.994923953048
97,66.98136473526571,52.02279974677991
97,66.95350371433224,51.98858522702316
97,66.9979178622419,52.02586691759311
97,67.01870889237804,51.99554532011071
97,66.99485166792938,51.97708915039727
97,66.99325851893376,51.9564017592439
97,66.97402329456942,52.032887271725066
97,67.01591717130565,52.00552135355697
97,66.99685133620494,52.01596605671406
97,67.00120086933742,51.98606277213264
97,66.98072953626045,52.00412873317697
97,66.958994885602,51.980771979147555
97,67.0044518255077,52.02948707541644
97,67.03355265780371,52.03136661925289
97,66.98796120311884,52.0096505443297
97,66.97008549210045,52.00042899166398
97,67.01253016977553,51.986037753698184
97,66.97874008168617,51.95567828139884
97,66.97212250708277,51.99254994127958
97,66.98200438010026,51.960763712570674
97,66.95537312313314,51.98799529386157
97,67.00294437884905,51.9911060578507
97,67.04315971196392,52.021881579498256
97,67.00509698264504,51.954731264450466
97,66.95863306319755,52.01078745628994
97,66.97448911343105,52.03991368007507
97,67.03632933923238,52.01325512572229
97,66.99325450803151,51.96144519502874
97,67.04206308187385,52.0192669279233
97,67.0058853620057,51.97182166901128
97,67.02236362284373,51.96289573100431
97,66.98992229058675,52.01104796836664
97,67.01909097442918,52.016865962216386
97,67.01385028246308,51.97668365182077
97,66.99415285292675,52.008882645845055
97,66.95668001640661,52.02210306485839
97,67.00858733641641,52.02437251224283
97,66.96098159021088,51.99877890402579
97,66.97827087927152,52.04123155446674
97,66.95886682349875,52.00196367428789
98,66.98510081849216,51.981906949211314
98,67.0287459538498,52.02779336830424
98,66.99687013118694,52.037724853179554
98,67.01545676821024,51.96663233801703
98,66.97146127576958,52.02963472682577
98,67.01898453419153,51.9847610962066
98,66.96793668619688,51.98562264136761
98,66.9800372372772,51.9987538618731
98,67.01814388881427,52.02579906106276
98,67.01579761315469,52.02812593445375
98,66.99690769139701,52.01755008638543
98,67.03561139774042,51.996300676649575
98,66.99321980988795,51.97060601548887
98,67.04530496051866,51.9874936801808
98,66.95769824173804,52.02528259167776
98,67.02504795859083,51.99723919489485
98,66.99958115054137,51.99508709039827
98,67.00694168029423,51.99143559822796
98,66.99096449967584,52.03058754365851
98,67.03580387480697,52.00839025765521
98,66.99194268109282,51.981418047268676
98,67.01493346418529,51.993055644164336
98,66.97023542471612,52.00469655074572
98,67.02478177617621,51.99906845155714
98,66.99128891905063,51.99958519382708
98,66.98168615639311,52.039063287235116
98,66.99406857892762,52.02063595358352
98,67.02930496767017,51.971998175427984
98,66.99398588281231,51.98901838868812
98,66.99589424446233,52.02504423489431
98,66.99929775500007,51.95258496937795
98,67.0009506119367,51.97741137464492
98,67.01881755318381,51.96688109290939
98,66.99925589296664,52.021524895892675
98,67.00629529303943,51.98633684834368
98,66.95295965559154,51.98329771463737
98,67.03668324688815,52.006733101592474
98,66.99211091772817,51.98847396368017
98,67.02427884292239,52.02798017087719
98,67.03784222579291,51.99434801735329
98,67.01084680562833,51.951705264386725
98,67.01298905796511,51.995876032373225
98,66.9963942087938,52.011520404716045
98,66.99750481410032,52.01363415437171
98,66.98731238283126,51.98008419351238
98,67.00274734978606,51.99761860995075
98,67.04637467596707,52.005908372163326
98,66.97618661160101,52.029848477320634
98,67.03677652625733,51.982498652624
98,66.97668631691167,52.0425105167636
98,66.97724832990127,51.99655818415432
98,66.9827890494168,52.02532522284759
98,66.98380522825565,52.01272532529995
98,66.9905862958464,51.99707069365844
98,66.99735033699554,52.03031926037238
98,67.00302527266209,52.00835930403837
98,66.96883311136148,51.99374251474692
98,66.97688752874005,51.993099872519814
98,67.01735299334365,51.97767647394907
98,66.99857053878344,52.01839136147585
98,67.01029063557473,52.02941657951403
98,66.97099595970423,52.00407741559767
98,67.02275804618685,52.02870495868941
98,66.96225641821114,52.00576241929948
98,66.95848610878953,51.98548991094422
98,67.04372887263654,52.004125827320976
98,67.02328965725142,51.96172221640086
98,66.99462454225673,51.99357448549773
98,67.02972725349744,51.99634573842724
98,67.02747530359738,52.021450310462704
98,66.95824501409669,52.00470587600523
98,66.96000818816864,51.99982414733504
98,67.00726280373301,51.99383766360188
98,66.98676514428934,51.97540325957727
98,66.98934391882068,51.996678598509284
98,66.96586939519453,51.997772921967304
98,66.97298690286,51.97346804615178
98,67.02994559472808,52.030629788763584
98,66.99838579992459,51.996570339699375
98,67.00898384723482,51.969806155273375
98,67.0202481981057,51.99743673424886
98,66.97101398654814,52.03435371911986
98,67.02881027203986,51.97716311297013
98,67.01985702487372,52.03161669283477
98,66.95538538181638,52.0043107338981
98,67.0235128023898,52.02350367463718
98,66.9804639255282,51.958567423341705
98,66.98385607895463,52.02113323659613
98,66.98903588970373,51.975581851858855
98,66.96876890976922,51.96447022327902
98,67.00397295250234,52.04367300450297
98,67.00999230616718,52.01140985503763
98,67.02417222015784,51.99446305977712
98,66.95634204982201,51.98230809884511
98,66.96410362500096,52.000280325683036
98,66.99673462373178,51.95902286252773
98,66.98561675366074,51.977087913317455
98,66.99035675615602,51.98639913566797
98,67.01615439530612,52.04493063935325
98,66.99190066446104,52.01190515804199
98,67.02371891926207,52.02126899816878
98,67.02532076186161,51.959159206668495
98,67.00642903967412,51.987894611908736
98,66.99467837261733,51.97362559777899
98,66.98457419457118,52.018204503217596
98,66.98789071726733,52.010637378200116
98,66.97377746186328,52.00707973660177
98,67.0376260074936,51.995210784587414
98,66.98955053445104,51.97133045258073
98,66.98723181758922,52.023780319139306
98,67.00441732249894,52.006914901398446
98,66.96313799821306,52.005976637385515
99,67.00258222135174,51.98821042512724
99,67.02302380816836,52.04062573842553
99,67.007433170369,52.021705260678445
99,67.00252802137489,52.033968190165226
99,67.04682470005997,51.9892764524806
99,66.99032609910806,52.04299705692787
99,66.96257700608643,52.00680276547472
99,66.97096602961663,52.01040887064017
99,66.9571138024154,52.01660077104363
99,66.98721529826221,52.008924270831365
99,66.9873204141867,52.02744744081186
99,67.00730631595881,51.97573555464405
99,67.01022846231967,52.00196295282571
99,66.99155521251618,52.00477352145775
99,67.0281186128273,52.00428144970053
99,66.9700116162051,52.01835893070706
99,67.00159168776135,51.96737745335289
99,67.03822772823659,52.03162816013761
99,67.03973806727953,51.98643936255233
99,67.02074437622149,51.99624006210797
99,66.98847817136394,52.02294229234772
99,67.02987054437315,51.98597781069447
99,67.00282488719468,52.041083410627884
99,66.99792487950607,52.02075596867624
99,67.0123253842458,51.981552609567835
99,66.99934237818627,52.007060903276795
99,67.0371133704663,52.02775900991502
99,67.01176969199093,52.014038445990835
99,66.98551121930336,52.03831121238137
99,67.00605788581036,52.0229587437097
99,67.0079763598095,52.018338845309586
99,67.01384088467597,51.99475974756826
99,66.96647086189402,51.96793137317683
99,66.95523808593708,52.01188665445259
99,66.98360488630992,51.99673648134569
99,67.00133090092584,52.040671730405236
99,66.98149696753391,52.04251556186388
99,66.9720178376958,51.97276416777379
99,66.96681323126194,52.00273708246109
99,67.0011377180506,52.04281001145135
99,66.9955197601047,52.02191771891033
99,67.00077951506842,52.020762828713266
99,66.96580971388437,52.01875260698021
99,66.98676514428934,51.97540325957727
99,67.00955339369844,52.012545854095414
99,66.95581194734758,51.98067319594643
99,67.01155970652925,51.984593434823694
99,67.00987780101326,52.01431977598219
99,67.02260367407193,51.97902041673805
99,66.9954089032887,51.97056104088557
99,67.01857642999671,51.999438153082785
99,66.98573300006697,52.01693179601343
99,67.0106212091653,51.990446089642866
99,67.00337118686362,52.01962112551702
99,66.9905977554882,52.03611587556866
99,66.97974465458739,52.01308445269071
99,66.98982160357717,51.97638619754197
99,67.01059941441699,51.98702447536656
99,66.99547198574639,51.95491326478882
99,67.00291010226297,52.00443232018778
99,66.98516909214779,52.005058516606276
99,66.9921395216618,52.01603250332285
99,67.04357740780017,52.00861979679749
99,66.9934658754419,52.046591491404385
99,67.01269986416321,51.954464182677015
99,66.9884620031726,51.98955008098231
99,67.03449672865982,52.00147174866437
99,67.00791102729454,51.9617835023697
99,67.01404370759109,51.989770182718
99,66.96933818089347,52.01969689532331
99,66.95675299065957,51.97709008696488
99,66.9795002253002,51.960809689297
99,67.04591587888481,52.01367282897313
99,67.00353091415099,52.0079454628469
99,66.99942199950931,52.020216161607095
99,67.01332217324529,52.039241127926964
99,67.0285725590805,51.96153226567559
99,67.02035953962566,51.9824664332911
99,66.97218208924555,52.03379656214307
99,67.00926867923309,51.99643554863889
99,66.97569549524783,51.99634277764455
99,67.03300018864712,51.989325424149506
99,67.00221568383284,51.99504456998837
99,67.01227565792135,51.98717567848222
100,67.01624582934663,52.04215365007494
100,67.03373762448423,52.01626365794624
100,67.01340961599955,51.973971625406975
100,67.00370518529851,52.03952182238074
100,66.98769480195159,52.01978755228041
100,67.03076057978978,51.99200402046384
100,67.03753279508338,52.01450738477091
100,66.98407967310538,52.001784451446206
100,67.02895226682274,51.96993366398628
100,66.9814002136452,51.98121325310966
100,66.98964537448035,51.96248496127852
100,67.01540493052099,51.98870457368161
100,67.02962142212563,52.02049986179252
100,66.98124814707857,51.96376816755351
100,66.98197651140694,51.96911408707586
100,67.02134490198516,51.98749735022191
100,67.00296337210226,52.03850387692225
100,66.96110968481949,52.02273580747319
100,67.00798170051146,52.04847274545206
100,66.96724745987214,52.03347842500974
100,67.01195856200162,52.04043219319209
100,66.97636332414862,52.03157881139557
100,67.01404950878414,51.97482692067975
100,67.01403982813892,51.99941487694483
100,67.01952246601847,52.01172042462388
100,67.03359627272484,52.002352601615996
100,67.00075773035857,52.04942095090174
100,66.98900512763444,52.04735865131796
100,67.00479650280727,51.987056915226205
100,67.0005410234355,52.0276319511723
100,66.98158586115608,52.017582001192544
100,67.00753732451899,51.95842633209845
100,66.9619343653733,51.97463379775163
100,66.98407548794924,52.0014715154411
100,66.99709710207911,52.03468145904427
100,66.96489056481226,52.01911431161461
100,66.98239213283371,52.00172549886958
100,66.98348893455285,51.96729475397634
100,67.01090442136254,52.0149660213403
100,67.00332221755782,51.993142190935544
100,66.99486856716247,51.997298828220025
100,66.98031808393341,51.96350236818852
100,67.01090055206402,51.98086848567768
100,66.9998689276754,52.01128287175311
100,67.02259638894311,52.007847650503734
100,66.97853471532713,51.993969655347286
100,67.0254436102333,51.97677350071919
100,66.96973745692802,52.0247132227444
100,67.0116052345236,52.00666289211176
100,66.99012685678326,51.998327984019625
100,66.99032466540804,52.00720542916853
100,66.95590832253276,51.9830423592639
100,66.97419576357211,52.04197238634261
100,67.01334503504795,52.046163913407874
100,67.02310250926685,51.988284020255925
100,66.96660375234529,52.015197987906326
100,67.00362126824733,51.99154525466814
100,67.02044976515086,51.99542229787915
100,66.99094306815282,52.03912072352285
100,67.03259472516798,52.007029255389945
100,66.99310968954627,52.02643950605633
100,67.01711460709578,52.04617437178336
100,66.99558828421577,51.97241350827057
100,66.96428535372347,51.96712808615568
100,67.03699621173932,52.02933198965666
100,67.01659212767373,52.0328252894825
100,66.95344855082195,51.996606296329546
100,66.96623841803984,51.986767685914735
100,66.95944563115708,51.996457087845535
100,66.98504497159881,52.01351866081601
100,67.01879354921954,52.040098526365234
100,67.00344895412461,51.9833061120967
100,66.96022165306039,52.01484477802427
100,66.98910717662619,52.01419075981266
100,66.97132849305007,51.96565816614307
100,66.98440673058235,52.005565185574746
100,67.0146340457768,52.01865501845138
100,67.00181309419399,52.030056627638224
100,66.97991701144684,51.99586902099778
100,66.97023995938945,52.03107476104512
100,67.0198038515565,51.99318110222335
100,66.97529032207518,51.96169788327948
100,67.01159045792147,51.95588495756813
100,67.02605671719586,51.97858888562329
100,66.95811250002718,51.97556843273827
100,67.00893401833022,51.96264113337236
100,67.04621067471238,51.992549690902806
100,66.96983036455136,52.03833825763237
100,66.99310755693865,51.952615324871786
101,66.97611203833587,51.981928184468124
101,66.99881294653306,52.02706396435614
101,67.0123253842458,51.981552609567835
101,67.01423119640582,52.003134246633394
101,67.01979488706017,52.02546977093746
101,67.02453356841376,51.96397709294613
101,67.0289003077126,51.96613026224773
101,67.02449163381807,52.00892049052024
101,67.01568998060415,52.02959594331153
101,66.98324929331291,51.998855809234925
101,67.01362770937668,51.95359732655681
101,66.99674170850807,51.98300730840499
101,66.95430428100822,52.01453448477121
101,67.01428758655118,52.04064766436571
101,66.9813559005671,52.00010820570242
101,67.0005161240447,52.0449560240137
101,66.98802675567677,52.04221628509276
101,67.00564214162651,51.98297036156934
101,67.02851511524861,52.00784592508862
101,66.96485646756288,52.00581130435465
101,67.03846563573894,51.988210452786
101,67.02920863286485,51.990542394369086
101,67.04420754888153,52.001027803869526
101,66.97459482731098,52.03327912559808
101,66.98472914447007,52.0236000091721
101,66.97861584859142,52.04273735949851
101,67.03629620419863,52.02327106957287
101,67.01443446305284,51.96410178087628
101,67.00018493276673,51.99340418649488
101,67.04531657925547,51.986378464918545
101,67.04567571583596,52.00404971113202
101,66.98113974199342,51.96288964975543
101,67.00550657031658,51.99492589127553
101,66.98520310647113,52.01157987409116
101,66.95078440626418,51.99797905634119
101,67.00076912053562,52.0409140530986
101,66.96401195653229,51.9986269594729
101,67.01597044008132,52.014411654782315
101,66.98994815756286,51.95738401269885
101,66.98601905679901,52.0151625436766
101,67.00248646569318,52.04126173249713
101,66.97585124635316,51.99554983259437
101,66.95936263969016,52.020349519452836
101,66.98508896792404,51.993595713360115
101,67.0044125456943,51.99899332464166
101,67.00664028209049,51.98153951161211
101,67.02026492159186,51.963960144329604
101,66.9968990249822,51.956456705920175
101,67.01882922034201,52.018613291590604
101,67.04142884831788,52.002319258794216
101,67.03176349084659,52.03037910500052
101,67.00955339369844,52.012545854095414
101,66.99199676805543,52.03817885462852
101,67.01966881624884,52.03986695869747
101,66.99212660389044,51.965784933037476
101,66.99311876968531,52.00577048970359
101,66.97218208924555,52.03379656214307
101,66.97075474966918,52.012558882943935
101,66.96080448860373,51.98020267151367
101,66.96192832540657,51.97502048247213
101,66.9732752853141,51.98902071902487
101,66.9678648754481,51.99757241968297
101,67.0452907817437,51.98918719266711
101,66.98554906640898,51.977675479478144
101,67.00519241817743,52.04944533517097
101,67.01044428051947,51.99990509180716
101,66.98005354866255,52.03906907467424
101,66.95347224272291,52.015240631810656
101,67.00934695873823,52.03790688729254
101,66.97468818664214,51.998941114473354
101,67.03763175696099,51.97201507474647
101,66.9787908101868,52.00135867278196
101,67.01891800409598,52.00469667418054
101,67.00781333601421,52.0107070066631
101,66.97999836701706,51.97634694290244
101,66.97912671143321,51.993908422816084
101,66.97969553542254,51.97387407578634
101,67.03906190104652,51.97964460941224
101,67.00133692791934,52.00123108023598
101,66.96988964079232,51.97555365746796
101,67.02208521701418,52.007236571966835
101,67.01346416320568,51.973042301007055
101,67.01903119702837,51.96945972694467
101,66.98146260975189,51.95863044570197
101,66.97672848815944,52.00371057054005
101,67.00915871228212,51.99962971134514
101,67.00604354130873,51.95724487478021
101,67.04321422079715,51.976632292416596
101,67.01129376958042,51.98360347462376
101,67.0147224647992,51.9538896316701
101,67.01511862697225,51.96706238708888
101,66.98920551229085,52.02208321567966
101,67.02282258296323,52.021911366449814
101,67.01756442130541,52.038431669518104
101,66.99874546719813,52.03528616196225
101,66.97895391982314,51.96876442491094
101,66.99624156895365,51.97804645428745
101,66.95938742788252,52.024813912321065
101,67.02036189514563,52.045451851065835
101,66.96645642124392,52.02067666703447
101,66.98320411927735,52.006049277273284
101,67.0080900695872,52.020620041795716
101,67.03637637116076,51.978171267624695
101,67.02745868140256,52.01509869555207
101,67.02522240535752,52.00267824776722
101,66.96770247562624,51.9650093756373
101,66.9761850054357,51.98466462016506
102,67.028465243622,51.960878180521995
102,66.99798871645643,51.95455040023779
102,67.02231946556932,52.005912438088636
102,67.01114360672503,51.96694364132475
102,66.95559762633165,51.98239084029565
102,67.04012263796966,51.99958208963236
102,67.02836688151314,51.98871473373038
102,66.98069442763881,52.020088874221486
102,67.00627369396125,51.98975039853559
102,67.02441109405842,52.022060211984495
102,66.97702512055986,52.04355356167822
102,67.03333205664903,51.98674626260104
102,66.96569385727298,51.96977261001486
102,66.99991241720726,52.03529761657873
102,67.02532713988788,52.009341471680216
102,66.99965517473048,52.032503621884786
102,67.03214412343794,51.99142497938566
102,67.01919609148842,51.96589387573614
102,66.98565102369717,52.00637744461097
102,66.99278363163351,52.00475550890053
102,66.95985898857917,52.001799486235804
102,66.96629002318711,52.00479689583151
102,67.00778353988335,51.9757847202478
102,66.96671006870557,51.988684400208406
102,66.98665582725566,52.019024811948064
102,67.0041728435954,51.988962943552586
102,67.0188612623695,52.03665455339257
102,67.04841567154183,51.99873635233853
102,67.02022576218722,51.97900179294447
102,67.01769947540792,52.01366148112254
102,67.02668022759708,52.02033853120568
102,66.99139140622565,51.992625851218584
102,67.01510761672377,52.04676140494408
102,67.02154136883364,52.0341094968218
102,66.9547926772955,52.00605111493215
102,67.00623789056812,52.00187918190623
102,67.02937631054874,52.01841865467324
102,66.96576318619195,52.02468147118868
102,66.98933426145183,52.001520835653
102,67.00228887854591,51.97716268329605
102,67.00833578837947,52.01437508471726
102,66.96662376904938,51.966276824399685
102,67.00530002982526,51.97773623668495
102,67.04173660395078,51.9921508596224
102,66.98326730879353,52.01370344061146
102,66.99097801176579,52.03697148393946
102,66.97535083355436,52.03217095858418
102,67.02681864414292,52.030903921686814
102,66.96131457332994,51.99557429004963
102,67.01363329784925,52.04771587243656
102,67.04221403235483,51.986337411990206
102,66.97856507931725,52.00503714491055
102,67.00749020988789,51.991420793085254
102,67.01012233758591,52.00862666320928
102,67.0186064874113,51.96373549936986
102,67.02913521901856,52.01637791520968
102,67.00664144864187,51.988576116753535
102,66.96377816768536,51.98392956754053
102,67.00227658483848,52.049559076156676
102,67.00528432684445,51.989326625060244
102,66.95896162345176,51.999795170897954
102,67.01583018068617,52.04555272136894
103,67.00690672385909,52.038950823015206
103,67.01100086658721,52.032544635284374
103,67.0077387227308,51.985495237723434
103,67.02266251405658,51.99004197825016
103,66.95126081230693,51.99742948490055
103,67.01628440200963,52.0056093179788
103,66.95343452146396,51.990894800661074
103,66.99158195718648,51.962931629915786
103,66.987917333093,52.02395230691435
103,66.99592889269752,51.99035916031062
103,67.0175766961314,51.99567025621321
103,67.03306989773978,51.99734864026178
103,66.99030931428061,51.97749028900037
103,67.03294594532154,51.9887009732226
103,67.04635325257354,52.00174829592207
103,67.03300968640252,51.97279100081851
103,66.96869363479455,52.03519754344071
103,67.02683422870777,52.01759751147912
103,67.03157484172024,51.98189702257951
103,66.99712100813366,52.00087934779571
103,67.0413778278494,51.98821273335637
103,66.98367126837071,51.97535494641299
103,66.97433044079989,51.98495547276654
103,67.01992823753699,52.02511604204331
103,66.95940752901275,52.026953553756435
103,67.03679683977467,51.98513550738409
103,67.03714035043419,52.00089206194538
103,67.03429556929758,51.9858531065743
103,67.00693668354236,51.9921238870738
103,66.97486596478056,52.04117683487983
103,66.98308006387514,52.030283488437185
103,66.99875288940382,51.98397615218444
103,66.98288907219623,52.01222755307515
103,66.98693619066722,51.981891856323166
103,67.0353224393522,52.02852888771563
103,66.96833833874162,52.01412966451279
103,66.99244582193745,51.95465188113625
103,66.98851297374219,51.958912004232054
103,66.9844957495588,51.98803727113393
103,66.97185787492512,51.966822201884746
103,67.0348146297882,51.9651385535691
103,66.97490004472549,52.02739067719081
103,66.98573640852017,52.00622920510855
103,66.99825037139333,52.009423271173226
103,66.99061817726842,51.984860471324986
103,67.01549022094532,52.00012120713007
103,66.99806613081441,51.996267248049364
103,67.02742461452175,52.02756925063734
103,67.02295362060562,52.02027248764274
103,66.98571718816288,51.979505743663076
103,67.02898591193596,51.99570085818913
103,67.00848622766851,51.97336239007346
103,67.03024885831323,51.961707231221055
103,66.98323988138863,51.98665345945232
103,66.98100827278058,51.97471710565839
103,66.9864158872351,52.026426498122106
103,67.0187736847613,51.99453621277471
103,67.00829230995849,51.970900710193845
103,67.04610863315213,51.99108234358673
103,66.98037403616034,51.96398243422026
103,67.00064894727714,52.003941874296146
103,66.98933560549735,51.97850584314471
103,67.00046709477841,51.97360778642012
103,67.00077442065361,51.986190258667996
103,66.99417228087711,51.98647348611617
103,67.00259499785093,52.030286470860595
103,67.00551494908507,52.000902797966475
103,66.95769294410152,52.003176940747814
103,66.9591695986992,52.0251583916089
103,67.04114729215338,52.025214248938155
103,67.01248307119891,52.00804459599005
103,66.98129753633614,52.034825471349556
103,66.9945238511885,52.005822287912174
103,66.97615986137373,51.969437540625336
103,67.03134325004193,51.99198439958004
104,67.02846645052688,51.996156820962824
104,67.03721446060754,51.97256871961424
104,66.98852751069612,51.97392827253185
104,66.98668350311664,51.99692885675083
104,66.96561000157844,52.02518821726371
104,67.00079444737385,52.04819108535933
104,66.98255677929963,52.00660842526171
104,66.97375315284864,51.9950567807717
104,66.96495158150931,51.98931080577177
104,66.9621886921134,52.010837329082655
104,66.98749848032708,51.95641957808158
104,67.03470647646361,52.02818872314592
104,66.99889394751135,52.01710154732171
104,66.97079875399832,51.96125113316398
104,66.99073327993507,51.991084099833195
104,66.9854292192482,51.972868295886414
104,66.97672213011126,52.03927227600612
104,67.02929002906978,52.03730774413225
104,66.99015382633011,52.04432856498032
104,66.97307331903552,51.973933410621186
104,66.98989074925653,51.99269651893312
104,66.97137320674813,51.99580299001508
104,67.00662016202516,52.02893255543238
104,66.95730991383591,51.98424752086836
104,66.99939086573907,51.98078999797855
104,66.9890994282681,51.96730259823111
104,67.00361038634085,52.040261466064436
104,67.03280679710885,51.99814852868262
104,67.04797287158482,51.99224722026609
104,67.03176389831255,52.03391312678261
104,66.97241437528969,52.032161307980225
104,67.01748430448833,52.011850966440726
104,66.97413159566256,51.97519654333786
104,67.02219373795596,52.0049307300885
104,67.00447827924843,51.98960613598907
104,67.04134978063627,51.98846550226114
105,66.98407836540324,52.03497143324682
105,66.98935803613792,51.98464391759574
105,67.03356416867616,52.03228195020086
105,67.01873641612742,52.03429868881099
105,67.01599067325817,52.033559720204366
105,67.00784330092625,52.045003268008884
105,67.03713884312756,51.97317250666741
105,66.99237842355238,51.976434442971474
105,66.97451646752378,51.982353532805526
105,67.01517652067277,52.01417600789286
105,66.99336532354626,51.992333514770955
105,67.01257505745191,51.9872015533189
105,67.00982922559189,52.007751923078146
105,66.96986365920813,51.9861863339197
105,66.98731997103874,52.01637572063686
105,66.98014324445936,52.01894557610413
105,66.9821476735985,51.99852640198541
105,66.98167398297359,51.9900439758976
105,66.99038770459379,51.98856400537888
105,66.99748836426366,51.969198768672946
105,66.98430956856912,52.02508085102797
105,66.9904776925206,51.97971675474918
105,67.02767552181508,51.98076947246443
105,67.02828175600042,51.99810900404923
105,67.00208487278319,51.9510625120611
105,66.97526503233608,52.01322394580107
105,67.04687711162849,51.99982717854409
105,67.04337136411455,51.98807724932962
105,66.96378419193209,52.02347905295533
105,67.01870889237804,51.99554532011071
105,67.03973806727953,51.98643936255233
105,66.98848037763571,51.99318797243589
105,66.99076699589496,51.96565051353612
105,66.96324452787741,51.98063309979838
105,67.03970705372504,52.0059772991265
105,67.03162100359714,52.03820760759947
105,66.99094856889518,52.032037766634716
105,66.98323444710596,52.03182094167532
105,66.96561775773228,52.00912362879785
105,67.02287134240204,51.97865565466434
105,66.96243508897868,52.02702935779681
105,67.0241579367122,51.97156873565171
105,66.9654976781167,51.99892206218281
105,67.00566263890974,51.9958746257058
105,67.01165720744665,51.974260542287304
106,66.98100827278058,51.97471710565839
106,67.01066914248048,51.95983928102991
106,66.98242605906762,51.98661774118051
106,67.04196424366097,51.99788798521885
106,67.03797806034216,51.985099826325694
106,67.00079579793639,52.005771204400034
106,67.00327871530668,51.98835899340241
106,66.96515645982582,52.00442473180717
106,67.00736684590102,51.96080302004748
106,67.00312977560755,52.00589264218393
106,67.0250268640345,51.96226169886266
106,66.9505552310155,51.9950872142526
106,66.99167034495638,52.01821014885515
106,67.00160694924833,51.9912434223844
106,66.97908146036197,52.01810817240301
106,67.01342686216054,52.03685438439445
106,67.00981082675055,51.96971184463949
106,66.98769480195159,52.01978755228041
106,67.03545719327482,51.977552861259916
106,67.01930484460753,52.0211922558352
106,67.02693775413744,52.01796616314138
106,67.0027161690892,51.99198923933918
106,66.985185266581,52.00216319752522
106,66.98723525695672,51.98885343171589
106,67.00753821619044,52.005766214639394
106,67.02074347587096,51.95945333220722
106,67.03484510917161,52.00302503708343
106,66.97629387274519,52.00820854554676
106,67.04883668404595,52.00387406183794
106,67.01025739093942,51.99905819605039
106,67.00660647989908,51.96405375550841
106,67.00937249075217,51.95283524890972
106,67.00652051212903,51.989199953795826
106,66.98681225097037,51.99548867218425
106,66.99724585248234,52.03371804792371
106,67.00559648584216,52.01362077791669
106,67.0202154472516,52.01094619136467
106,66.99826060572543,52.00568223539025
106,66.9831025711638,51.989435708718005
106,66.96952418791645,51.96567289879981
106,67.02804420137488,51.98238250813734
106,66.97671439101302,52.03878557670443
106,67.00909943438599,52.03580546928699
106,66.95632236712537,52.013987935967045
106,67.04220282042367,52.019171603833975
106,67.0341210144915,51.975270202427104
106,66.99517928918566,52.026486775345646
106,66.98725202528865,52.01119830689365
106,67.02041540887629,52.033773236649296
106,66.99489401803602,51.98214097083927
106,66.95864239771684,51.985953874980254
106,66.99547431980216,51.98496631549792
106,66.99987357571668,52.00991700969807
106,66.9646793181022,51.97760118358882
106,66.9933583909761,52.01417845198515
106,66.96909743480906,52.0186661227528
106,66.98639194258614,51.98817516449284
106,67.02432016592786,51.98061133916595
106,66.98526628931457,52.00940717333973
106,67.04570537513965,52.005186652268534
106,67.00944764840015,52.023340376688104
106,67.01335118961497,52.019308668066245
106,67.00367166181272,52.01990548213803
106,66.98712640501846,51.98479633328498
106,66.9955197601047,52.02191771891033
106,66.98155416419245,52.03256113220803
106,67.0149502791457,51.99705045630463
106,66.97955044240047,52.03971787503688
106,66.987505111854,52.046853939065464
106,66.98207792641013,52.04368996752692
106,66.99725911426908,51.98052994303046
106,67.01928432873365,52.00838569380637
106,66.99180397325001,52.04757422862309
106,66.96721351124637,52.0138577472597
106,67.04445783764695,51.98195777592613
106,67.00642903967412,51.987894611908736
106,67.03062667754914,52.02277816682237
106,67.02081234991755,51.998804417293755
106,67.00601449482188,51.97686936543529
106,67.01449633135736,52.029889145011325
106,67.00596089170398,52.00047339881269
106,66.98390441175212,51.98553886643086
106,67.00299840793046,52.01652121888825
106,67.04761225611284,52.00702319843194
106,66.96303043128094,52.03031312148233
106,66.99497447171329,52.0305636771915
106,66.99551573595463,52.043084946870735
106,67.0253157753344,52.021992609991905
106,67.0000770329743,52.04630495083511
106,67.00478330945157,51.98365357095319
107,67.00478330945157,51.98365357095319
107,67.03532180683602,51.96838875118213
107,67.01414226403708,51.982749792803894
107,66.9926417265325,51.99260236255221
107,67.0034898899886,51.98796676609684
107,66.98402497190564,52.04591758992034
107,67.0009506119367,51.97741137464492
107,66.97556972903055,51.957754269574714
107,67.02542386541786,52.03296083896956
107,67.01463394220563,52.00139882191812
107,66.99875288940382,51.98397615218444
107,66.95944563115708,51.996457087845535
107,66.99337555676385,52.005385181629244
107,67.01583477538345,51.955775289809615
107,66.99252597179301,52.02828116709106
107,66.97584229824439,51.96239544012827
107,66.99311901289774,52.04256236210871
107,66.9850710770082,52.00426104209679
107,67.01096539653753,52.015307943028986
107,67.0071837952544,51.95327957425183
107,67.01854611652408,51.95800888995767
107,66.99648191229849,51.98476566704037
107,67.00128917832455,51.95536271108655
107,66.99428205129307,51.99005814610232
107,67.01117201934056,51.97659288296509
107,66.9868176219109,51.95999667850379
107,67.02173625819287,52.01753007762694
107,66.99653902177772,51.972205361368744
107,66.95048633438832,51.9931019892042
107,67.04656260095493,51.99108385357229
107,67.00345231004557,52.022991752265035
107,67.0333680808141,52.03248331056363
107,67.04775280038142,52.008891180772416
107,67.04009942317582,51.9790597629075
107,67.03014785631186,52.013468087694484
107,66.99316414709745,52.04898316751963
107,67.02151357100094,52.03942271226904
107,67.02944324794196,52.00756908041676
107,66.97668323537427,51.97676788969642
107,67.0178899010287,52.00250699042437
107,67.01960073604812,52.00983933623734
107,66.96616320366999,51.986426015846796
107,67.02954089683332,51.98821077550018
107,67.00905889941284,52.000937596234664
107,67.00866400822474,51.97092751237087
108,66.99806082674793,52.04883020857562
108,67.01004489865146,52.010263795977814
108,67.01142989546138,52.02248543168965
108,67.00907723064499,52.02352492835269
108,67.01085490686926,51.98255416886447
108,66.99849231878689,52.01206913581162
108,67.00480117046027,52.02108536203749
108,66.98542576366835,52.02112950557807
108,66.96333393659403,52.019248450569705
108,66.97875119337021,51.988051448128324
108,66.96967090705365,51.97757001122851
108,67.02556765549484,52.01198782265012
108,66.96139302087275,52.02310518590021
108,66.98224641920558,51.95486305719442
108,67.00029333073586,52.00186582827794
108,66.98531249017717,51.98126206234418
108,67.0169281320682,52.03093054647158
108,66.96677914513961,51.98946826864229
108,67.02387073562977,52.03685056097853
108,67.0162379997053,51.95485902573082
108,66.97253546776713,51.99854870037776
108,66.99383416371514,51.95042116819274
108,67.00359293496037,52.007745591785095
108,66.97908924775525,52.02735673823769
108,66.95553847355934,52.00806187187536
108,66.96993688843077,51.99372291231294
108,66.98968475972647,52.033759263730836
108,67.01310547865845,51.99493396249332
108,66.97417571783753,51.99510975914067
108,67.00219424037245,52.011524196115104
108,66.96572495148104,51.9861148742405
108,67.02458971355688,51.98066824515416
108,66.99345954977218,52.00790716698518
108,66.96240190757601,52.026645175772835
108,66.9713190878992,52.01270695482175
108,66.97166668341856,51.96872827739314
108,66.99876415192992,51.957513829503114
108,67.03538425168117,51.98389997147161
108,67.00028997263743,52.044599397815894
108,66.99407875430033,51.98181811699102
108,67.00780590479381,51.9665691921103
108,66.95081321570703,52.003038838445754
108,66.95896429691382,52.01762399258465
108,66.98590191184208,51.95859320450809
108,67.00681058809607,51.99392370358826
108,66.99483039658676,52.01198193250679
108,67.02917537967859,52.002994385507485
108,66.97214861241423,52.026023218187824
108,67.0146004964037,52.012189832722285
108,67.03403499992505,52.0054546992451
108,67.00941332466792,51.994543309249835
108,67.0124499658176,52.003925553471255
108,67.02467783800704,52.00338858349593
108,67.02911065816103,51.96529745214938
108,67.00300616263871,51.966246028120004
108,66.9562943269874,52.00917906227395
108,66.98296050513382,52.00194785707778
109,67.02708052868651,51.98235936456136
109,67.02682692570495,51.9990393187956
109,66.97696993748548,51.995627161903414
109,66.98969836899444,51.977633956044855
109,67.03384385642734,52.01230968800621
109,66.97327853047567,51.96511373485045
109,67.01290077582799,51.96277014498887
109,67.04477476536294,51.98173997338751
109,66.95802201713651,52.0205149208926
109,66.99038261671471,51.97265108847666
109,67.0186886008036,52.0205769562083
109,66.95387318592167,52.01038591744148
109,67.00734494648788,51.976873321272414
109,66.99670327703684,51.999342734256246
109,67.00450732865971,52.03559264624981
109,67.02085233562106,52.006848107335195
109,66.97061719555515,51.99475013964109
109,66.96767609416906,52.00841309536711
109,66.9682476059795,52.018132140729946
109,66.96051277352808,51.9868675631202
109,67.04801512953837,52.005710596129965
109,66.97709278479603,51.95618216016707
109,67.0010493677214,52.028079889464195
109,66.97397969922956,52.00601362478465
109,66.99353699152272,52.0047054890438
109,66.96272918339746,51.9846638888105
109,66.97148323056267,52.020110588657545
109,67.00888437446328,51.98697610584889
109,67.0147922820565,51.95609833875613
109,67.01235359115528,51.95498026611551
109,66.9731805836363,52.041454602733694
109,67.00073471137684,52.0036326204149
109,67.01820842664962,51.96032281133759
109,67.04450283565323,51.987392721868595
109,67.02260521938362,52.01606016190613
109,66.97039969491921,51.99774393170375
109,67.00724971914974,52.02934418883077
109,67.01478142781994,51.988763275974875
109,67.01382850423066,51.983421957915674
109,67.0342685880997,52.01645205995232
109,66.97849008360696,52.00862406741011
109,67.02746334832314,51.998369969223226
109,67.00682669177905,52.0467213826711
109,67.0273608753975,52.034178893385494
109,66.9945957168355,52.02792125072436
109,67.04159549465271,51.981724424039975
109,67.00621990084524,52.04400971583674
109,67.00273350396047,52.043270169762884
109,67.00092159535,52.03582449438169
109,66.95357328209995,51.9980978984697
109,67.01892643365453,52.0101315585022
109,67.0096610240285,51.97796260050599
109,66.98669703867591,51.9773147148588
109,67.03293655419061,51.99553827088212
109,67.02135267470514,52.027243036582064
109,66.98756608388588,51.97030621556583
109,67.01071011550606,52.015389007890505
109,66.99462921334157,52.00873417453409
110,66.98157169608596,51.96991613709814
110,66.98167398297359,51.9900439758976
110,66.97577428495678,51.994886540836475
110,66.97395141886852,52.02080263063298
110,67.0251468297272,52.039631611724474
110,66.99879114738498,51.99038009135826
110,67.00126050193055,51.96472449436481
110,67.03627722170903,52.026976214603266
110,66.98072632764807,52.019964984557454
110,67.03746778721582,51.98956632566686
110,66.99019507663257,52.02706473847334
110,66.99546727974526,52.00138784247967
110,67.01082833393151,51.97168031453979
110,67.0212379516741,52.00184292643073
110,67.00551494908507,52.000902797966475
110,67.03813139357909,51.98995696657969
110,67.00844556470976,52.005490200611
110,66.98236473370231,51.979975347601034
110,67.0245792594543,52.039088403330986
110,66.98978609218881,51.967541367919104
110,66.95855089680113,52.01052833368011
110,66.97999485336612,52.01272238306489
110,67.00688789552576,51.981561369782945
110,66.96143324366201,52.0061035310841
110,67.04009077627265,51.976531547870756
110,66.9802423660801,51.970348934123344
110,66.99419769319118,51.995915620238215
110,66.97957521973557,52.0151430437601
110,66.98770859406685,52.001174735048565
110,66.98554543298634,52.01025181792698
110,67.00328345930002,52.00600951013865
110,67.01447577586553,52.04659459370156
110,67.01121460643775,52.01544616281419
110,66.96550266443575,51.98224285035901
110,66.96587844945789,52.00093470342833
110,66.96518044624617,52.01757782136458
110,67.01384347810212,52.01641781128279
110,66.98105926093898,51.990762807237175
110,66.98302340596781,52.020509748650255
110,67.04942941825767,52.002164275487594
110,66.99975635774518,51.95428316999537
110,67.01013294348917,52.02889434326501
110,66.99960267999413,51.97892044570178
110,67.03805271812473,52.014966150910304
110,67.00098607646889,51.95560679097968
110,66.9898893506961,52.01402787730569
110,66.9760035220939,52.028537902219604
110,67.0410340602937,51.99424625101075
110,67.00511260173396,52.02817944441575
110,66.98113804809245,51.98074585424295
110,66.98516554642721,52.028555511555034
110,67.03260098893004,51.96278553590505
110,67.03783696794598,52.015337149055824
110,66.99999530171013,52.03190993930531
110,67.01035936938948,52.01828470762502
110,67.00092628824575,51.988071445645595
110,67.02973216439891,52.030847145333304
110,67.01825740383165,51.99557440428878
110,67.02398742933491,51.98363479806813
110,67.0027987935388,52.02910807071646
110,67.00521763124067,52.04794756420512
110,66.99902015046911,52.03000428971458
110,66.95139547380664,52.01164708374883
110,67.00601910579724,51.956505914781324
110,66.96209548901207,52.00914848792224
110,66.9944167348728,51.9677509887627
110,66.96641581382147,52.03538463561399
110,67.03383853465907,52.027640742186705
110,66.97741748734546,52.02114611057686
110,66.98532564785009,52.04302464544892
110,66.95992100143482,51.98466842025367
110,67.01150408468007,51.957326146331965
